1.100391237984100457e+02 1.668202645956699541e+02 -2.541554365115531411e+01
-4.369175727320588898e+00 -1.428243062370572858e+00 -1.160721211027071931e+00
-1.144327915213557745e+01 1.767105873803731697e+02 -2.490468990745344513e+01
1.273576266741393015e+00 7.234636388608626234e+00 2.906994663567088466e-01
2.698438867334235880e+00 -4.495562307579837880e-01 -2.073433143477908303e+00
1.760652275347939888e+00 5.485907886865977190e+00 -4.963931103500232922e+00
-6.001096520090314357e+00 1.488847943495566284e+01 -2.264219116259719833e+00
3.626391065234727762e+00 4.210808049943439713e+00 -4.094767765533942949e+00
-5.414368993266510444e+00 7.713768310162233632e+00 -3.215411258953201901e-01
5.046400680658368998e+01 4.092043782909915990e+02 1.776008668120855418e+02
-1.214378770317824916e+02 8.121801768430681534e+01 2.669986883086738771e+02
-5.032458677494320298e+00 1.181872248017889504e+01 1.395285827737589690e+00
4.239773486766287292e+00 2.501180518515388584e+00 -1.821915941252534665e+01
4.241706823419554850e-01 -2.874431092734106574e-01 -1.380251393286832595e+01
-7.288238652180154986e+00 1.303268774534179784e+02 -4.007466616707915108e+01
6.490176770570752041e+00 1.132442490453279493e+00 -5.668419328726133521e+00
8.425792611485761086e+01 2.938388300088774372e+02 7.978023121759014202e+01
2.344633901752354745e+02 1.801374376074891188e+02 -3.450405435142386068e+01
4.296107281226035912e-01 2.393283210795903670e+00 -2.903970374169282387e+00
-6.022925539638043091e+01 8.659710270190302595e+01 6.718861257057375269e+01
1.792906120077050858e+00 2.548092074986630928e-01 -6.547735111877573289e+00
5.280121450493831858e+00 1.162011540376818175e+01 4.543344812364566110e+00
7.510088023462445506e+01 2.013660153888989726e+02 2.146386045409310555e+02
-3.354223732557061055e+01 2.882112737062735732e+02 -1.685244628212293776e+02
-2.469320821795308873e+01 1.376190813578897689e+02 1.721716558917005386e+02
-1.026350002000528150e+01 9.367679618889210857e+00 4.491154522611839894e+00
-1.056043926639904242e+02 8.946392817468952785e+01 7.395057053105303169e+01
-9.610032018294280931e+01 1.081163836650102326e+02 4.252245427808504985e+01
2.070138802858139393e-01 -2.782678994476661671e+00 -6.127776903535548492e+00
6.343549550707956897e+00 1.224424276141901302e+00 -1.193150578810900697e+01
-8.323567037257012657e+01 3.106863500063885795e+02 1.786663355213942168e+02
-4.360356065762872646e+01 1.556595086542589002e+02 -9.548617224781713730e+01
-1.707539832471105523e+00 8.332844860552700794e+00 -3.902528488260539774e+00
1.092154805908174353e+01 2.257504826507006896e+02 1.652612505730577936e+02
-1.078843648837907132e+01 -4.574864025496240494e+00 -2.162840551907072584e-01
2.967923208317150063e+00 -1.066040411478491379e+00 3.081927479521733737e+00
1.653539103858628678e+00 1.594108094352290728e+00 -4.867244798266521677e+00
-5.530972734675710711e+00 1.865946173682080911e+01 -1.685867843983681524e+01
2.889924383033680044e+00 6.672846953866742581e+01 1.015095381557414385e+02
1.132965792263450339e+03 -1.237650325025676239e+03 1.099521908254048185e+03
1.348328884830626748e+02 2.332240295327034971e+02 1.776310303919731552e+02
5.818197118881730745e+00 1.541528729730818981e+01 3.233863523673891649e+01
8.102075112722051387e+00 -9.266470296676050822e+00 -2.583793810630308485e+01
5.453335743117012413e+01 2.270791393786004733e+02 2.064825510810986202e+02
-1.250682313562340369e+03 1.420185274259244352e+03 -1.050140917856368333e+03
-2.608220076745861427e+00 3.867473333958026949e+00 -3.345940690424762387e+00
-8.413878367596630881e+01 1.313386492539995345e+02 -2.866121713866415917e+02
4.833059195555822640e+00 -2.694826737080522339e-01 1.047678547043912278e+00
1.949466437903422111e+00 1.727125632309866266e+00 -7.726953970337083533e+00
4.490962653320795805e-02 2.443545478853054398e+00 -5.374694250679707963e+00
3.663304720551401772e+00 -5.922309494581067923e+00 -2.100393653807084871e+00
6.226291037529125560e+01 2.874132024342873137e+02 -4.333057996416756623e+02
-1.671133545550534194e+01 1.576730604511459433e+02 9.694245043756448865e+01
-1.492486955420750938e+00 -2.432353331190076906e-01 -7.346337091524993923e+00
-3.986310887084425758e+01 4.523355157636521540e+01 -6.368756181622088341e-01
9.794249267708059481e-01 2.156233004947719856e+00 -3.289093639085273857e+00
2.062454956552354801e+01 -1.042954050819961225e+02 1.717283266771121575e+01
-1.629879318650017783e+00 4.273876498656728806e+00 -1.882331005463052431e+00
-1.439980642663465460e+02 4.103754393494896249e+02 1.108430937971334060e+02
-5.692319805758979889e+00 6.960770186957185501e+01 1.022073581758779959e+01
-2.016440127467379284e+01 2.109978299969433237e+02 6.229403837958690104e+01
-4.620500633337385352e+02 3.766569280113523064e+02 4.220868701687898010e+02
-6.109321754967999851e+01 -4.172806084790826731e+01 -4.980177259573427762e+01
-2.466202320681575522e+00 -3.951928794949840729e+00 1.847196684658420196e+01
-3.448089071150496565e+00 -7.255417508623796863e+00 -2.011389893112435878e+00
5.311457488081632619e+02 -2.142446929869212511e+02 -4.449778765826163749e+02
7.700309591199285819e-01 5.292463224391129373e+00 -2.212676849189659123e+00
9.856806025979590657e+00 9.714172743042470870e+01 1.130226641802370047e+01
-1.062205471504113348e+02 -4.047871537402592139e+02 6.091166865638538184e+02
9.401409903889705788e+01 -7.239555877683557128e+01 -3.231937747602248834e+01
3.605031636636261396e+02 1.897867577893171074e+02 1.608742592969579448e+02
2.773718789256873762e-01 -1.175291000510724437e+00 -3.801463895057675124e+00
-1.028741769951095009e+00 1.415841701789213980e+00 -4.917542401017584552e+00
1.889624342971196924e+01 7.281650941174614644e+00 1.103701408682992380e+01
3.816127655661001938e+01 3.124887013119791845e+02 -4.812285384312125380e+00
-2.767356162890044935e+00 3.924839236396078235e+00 -4.428554588031381911e+00
4.646358350040488716e+01 -5.112588683207346207e+01 -1.845960246404001026e+01
-3.647076698132121209e+01 1.176370528690208488e+02 1.828233849996595097e+02
1.840052013412291299e+00 1.320094634730381244e+00 -3.185302070497425753e+00
2.843281576051544413e+00 8.812425178743104048e-01 -7.754757734944927705e+00
5.107973450027223361e-01 5.984258638747574466e+00 -3.304484305008530853e+00
-1.628907414603381085e+03 3.605107716013637287e+02 -2.000280045300376969e+03
-6.547032368385943268e-01 1.582325329173382400e+01 -1.486001083212235940e+01
8.080786778991383201e+00 3.090988952673519030e+00 1.591686342897435491e+00
-1.137389399315352101e+01 -8.245621466555249413e+00 5.879559716540102343e+00
1.208226578207539426e+00 1.309281175721329404e+01 1.065196090464595624e+00
-1.951730243362837030e+02 3.149269663430342234e+02 1.769761914403045466e+02
-1.183284804449878038e+02 2.641257766165777525e+02 1.597892321525971582e+01
-1.987554988392643107e+00 2.180790314945876673e+01 8.969969933336361834e+00
5.087171882200787643e+00 7.513565195201719504e+00 -3.054831057716157261e+00
-3.512551208904932309e+01 6.729162955063819140e+01 1.138163458686763221e+02
-5.522123369261100478e-02 5.274178462139206935e+00 -1.260183725992707116e+00
-3.260777413263784297e+01 1.512274809525783326e+02 -7.779169226781919022e+00
3.393249982588796065e+00 8.148762876948360656e+00 -1.595744139397878669e+01
-3.051532477096691309e+01 -5.698368323009746916e+01 -1.729799950481858559e+02
-8.477699091964471023e+00 -3.718302208967001476e+00 -1.599151700608334892e+01
-2.802677312432447915e-03 7.708345205994195481e+00 -4.965064466191128290e+00
2.201403491570482984e+00 1.519442942220812665e+00 -3.720090734214771544e+00
-1.275240531467714789e+02 3.137083584798774041e+02 7.472004725507989065e+01
9.961729856096152957e+01 1.074447760530222951e+02 1.181261390835661018e+02
3.758230501353264685e+01 -3.861492901800355204e-01 -2.559948605306057345e+01
2.573943756439144863e+02 -3.366362467776109213e+01 3.835042881310170060e+02
-8.679399987028494357e-01 4.319070025813783076e+00 -2.177097467775161554e+00
-1.164419974946848679e+00 2.396341157412894773e+00 -4.300987366360994102e+00
-4.541383848660719424e-01 -2.844845096839696552e+00 -9.854709023471194485e+00
-4.887296165764874445e+01 1.300523432890810227e+02 -8.689844086580879434e+01
4.803095181569579708e+00 -1.228197588312023925e+01 -1.215308029986559646e+01
-4.883615629110479972e+01 -2.116987887778469428e+02 3.036348211072818160e+01
-3.228983177546820116e+01 4.823032643117635132e+01 9.341113605705257328e+01
1.165396644508602719e+02 9.686699826481456910e+01 -1.297370947530542935e+02
3.281146765078045036e+00 1.106215615311946454e+00 -6.798429782578455871e+00
2.996768257287295114e+02 7.002778016472448996e+01 -1.231719771923943370e+02
1.055034616543981372e+02 -1.907679408843076772e+02 -1.335068299464396446e+01
2.539438367014427911e+01 8.195423126147959181e+01 -2.594940664506513173e+01
2.044092388869559684e+00 1.160025449834489519e+00 -4.542558399099272393e+00
-2.508144211543087749e+02 1.788022400427706771e+02 2.544005677431290735e+02
2.362591504726155165e+02 6.811092414484751600e+01 -2.409532942952080958e+01
5.668754417057192541e+01 1.854405266954022977e+02 1.884615114480867817e+02
2.308010104186774658e+00 3.401431900211715487e+00 -5.596513077908135791e+00
-1.236806812923999530e+02 -1.649919027338391970e+02 1.326972872454676917e+02
4.126790548543000092e-01 5.918566148089340118e+01 4.793990858418710843e+01
-1.270642811283169976e+03 -8.037081287184903431e+02 3.457289295099281389e+03
1.234931425231112598e+03 8.802238569747505608e+02 -3.398018003901624979e+03
7.411228202812871757e-01 4.100182117571225859e+00 -5.142726639875171202e+00
3.803481329514279707e+01 1.039938266760414187e+01 4.993352889029222297e+01
2.944649248619666260e+00 -7.170175685047521785e-01 -7.872263923016626030e+00
1.872983206878946705e+00 4.650609786467319040e+00 6.545650161082290364e-01
-9.944127830695514980e-02 6.769542549208467097e-01 -3.625909624625777816e+00
-1.407476007778024840e+00 2.925962256753020796e+00 -3.933714994094761330e+00
1.641266736983251633e+02 -8.847627247255195471e+01 -2.035932837439065679e+02
7.240340745799103139e-01 -1.011448736931597381e+01 -5.166124079020455895e+00
-1.036639665506604135e+00 4.157547213017745769e+00 9.777960276062098721e-01
2.435436018698304395e+00 7.381555207905566185e+00 -4.620469827533170815e+00
7.339361021042606126e+01 -3.577627565145297694e+01 -1.680651700299873141e+02
2.124157466159529939e+00 3.778807509627885697e+00 -2.372457231271170919e+00
-4.493467413671752553e+01 7.991789300410007968e+01 -2.953924043797649546e+01
5.881940163263190868e+01 1.518644736711725045e+02 2.370526471131751833e+01
2.584142566669059704e+01 -2.702162547275340643e+01 -2.799496107370480047e+01
-3.957974186500962777e+00 8.971502105576263375e+00 3.194596225841811243e+00
7.974040196685060200e-02 -1.009072323778265501e+00 -3.190535337523175280e-02
2.669565144871751841e+02 -2.191019531645455913e+02 -1.534081667835788721e+03
-2.519416353919889939e+00 1.483730092350775465e+02 9.597834487135551740e+01
2.335130403003142874e+02 1.662932435694824562e+02 3.077646547102879140e+02
-1.978361131550504410e+02 2.853919940811873630e+02 -5.002754767274190328e+01
-1.775564657404094362e+02 -4.592986983907542786e+00 -8.621992909974358099e+01
-1.043414628377695124e+02 8.169349846409451743e+01 3.734380764932575403e+01
3.505267869882747078e+00 3.173816616107416166e+00 -3.687160976864456430e-01
4.219044306640760169e+02 4.445981165352932862e+01 1.046876498621103124e+01
-1.332916310823704897e+01 2.547840637553952803e+01 4.173798780897052474e+00
1.897587825321520540e+02 -3.265882459363830037e+01 -1.687166546861941470e+02
-2.999896147554055688e+02 3.429315682744564242e+02 1.616763593836460586e+03
-3.371247463995037208e+01 6.782958344186488375e+01 -9.358869582262281028e+01
-1.150251555260552294e+01 5.122838965267869860e+00 6.995253329173384493e+00
-1.994939702460736225e+04 -5.014507010266172438e+04 -3.934507099812572415e+04
-2.778775949391514288e+00 1.468537929926019836e-01 -5.034027358955427189e+00
-4.906661167002096704e+02 3.645986618095440690e+02 -1.094635031541656417e+03
7.524515182966429165e+02 4.332978778578981860e+02 -1.836020734572432957e+03
-8.225951952272102972e+02 -3.767391768285527860e+02 1.798793478250059252e+03
3.399562910789319381e-01 8.927196347656540354e+00 -3.737979827967599977e+00
1.997324832279732800e+04 5.016585293294570874e+04 3.936552590838490869e+04
8.782583969729687396e+02 1.954616012492243271e+03 -2.202828252010275719e+03
2.850444084809856449e+00 1.352883622223218119e+00 -3.785907165666826391e+00
-8.166133322442864495e-01 7.272632364535943417e+00 1.082912150995956946e+00
-2.830970761508421418e+00 7.436798033755206205e+00 -7.339303310265638203e+00
3.083087942035188007e+02 -1.007180476650870844e+02 -3.020682843959386901e+02
-1.433273415221868277e+02 1.988089995647491719e+02 4.604398216214289050e+02
-1.479468502155890874e+00 8.074690528907492393e+00 -2.135532220650047996e+00
1.057627726922121347e+01 6.809124186109367827e+01 -3.582189741198425992e+01
1.080164374108160814e+02 -1.539218212292632586e+02 -1.364435749548997023e+02
-2.576463188103840452e+00 3.857069939996079277e+00 -1.543244003178610324e+00
5.590046780411180194e+00 2.835873310905906663e+00 -6.524876285703031797e+00
5.197155335198526238e+00 6.319912901775655456e+00 2.911356662269791062e+00
3.750482729442686569e+00 3.286945431474008217e+01 1.459471978057395036e+00
2.804283890412634861e+01 -7.701638683766319105e+01 -4.347909629863686831e+01
-1.303585311530209179e+00 4.640968622796638243e+00 2.180092384741835865e+00
5.553683623749818707e+02 -1.035087285348352424e+02 7.965617544568185622e+02
-9.431378290854027000e+02 -1.903411576358061211e+03 2.266955193648901968e+03
5.447486506513580196e+01 3.086644408406026940e+01 -6.834575541578015390e+00
-1.575188159099048635e+00 -5.644428295868775258e+00 1.133571773909045177e+01
-6.193308771463427576e+01 1.785964224419654442e+02 5.077903011288969282e+01
2.138591855577637979e+00 -4.018082087920868517e+00 -7.575406039042989370e+00
8.904854057261137878e-01 -3.475436999388890502e+00 -2.267383441560392399e+00
2.037494497637524660e+02 6.028549251823541510e+01 -2.100437431880904882e+01
2.300043717803889365e+01 -4.196553240346123204e+00 9.579022766424360213e+01
-6.619419543099565999e+02 2.930938030508006591e+02 -6.983238715051326153e+02
-5.104153828384910163e+00 9.102086153987617223e+00 1.084449018754979477e+01
-7.727542871886142528e+00 -1.556554686163215795e+00 -1.263315185820763986e+01
7.559017714899185947e+00 -2.081443801611695399e+00 -9.400725696664352427e+00
-3.711189300201474417e+00 7.564517295987933210e+00 1.577679594479745484e+00
3.018447167905693895e+00 9.748665809822727013e+00 -3.203722773642162736e+00
2.209725224666205801e-01 4.816334776680434970e+00 2.326449708253929938e+00
2.134215127146871964e+02 -5.175345368216464692e+01 -8.825314470969066178e+02
-2.167280821434191864e+02 2.841352809361956133e+02 2.266591169112795683e+02
2.034660214639750775e-01 -7.903525737068419765e-01 2.086798852864174769e+00
1.201314807760447856e+00 -5.797010003918749987e-01 -1.092522715596146909e+01
-8.196439590915548479e+01 1.336498458999003276e+02 -3.289305013141236600e+01
4.434677506925752510e+01 -8.562700787917655987e+01 1.191403782002220169e+03
2.386600680520677642e+00 -7.087899081868853202e+00 -1.095949142064325876e+01
-3.097419510795519138e+00 -2.852086855008704624e+00 -4.789789237279364009e+00
-1.127548516662266076e+00 8.045366064205727863e-01 4.865726681144416643e-01
1.460585383021562045e+00 5.078049432967786991e+00 -6.571987812001557572e+00
-6.225173485890477423e+02 4.551708015591655681e+02 -3.588274487293092534e+02
2.520862856091773665e+02 1.685424656064558917e+02 -1.687410145185404531e+02
1.692385784542455553e+02 1.098940237289194641e+02 1.898632650060379135e+01
-1.491652025616046151e+00 3.944944383528445342e-02 -1.273804146100701695e+00
-5.378097603797573356e+02 1.814804290074288247e+02 -1.578578729996315246e+02
9.167245162477858145e+00 -1.063330557265281939e+01 5.866817652160614571e+00
7.439653864027612826e+02 -3.264539375979310307e+02 4.029203107949892910e+02
7.617874085873834744e-01 5.020714079826625209e+00 2.914214067603624336e-01
-8.786055809155277529e+01 -1.042887811547927726e+02 2.690841785889362541e+02
3.253239036344435231e+00 1.944393396271089092e+00 -6.917861845297597068e-01
-2.077479918492384225e+00 2.461478283363097930e+00 -2.362621853231420488e+00
3.191377521150348784e+00 5.281897909931132062e+00 -9.625354964199750896e+00
-6.712060538369459550e+01 1.031915339425358127e+02 -3.687289372305606605e+01
1.762647058850695725e+00 2.628817043300068157e+00 -3.540618806569638899e+00
4.514940429255203469e+01 -3.476609710684800625e+00 -1.454025069673455448e+02
9.258868275789128299e-02 8.010705063909244750e-01 1.686864701995845817e+00
1.189363047691129882e+00 2.946554186660098829e+00 -4.286958201458411999e+00
1.099260936750085591e+02 3.054795675469550815e+02 1.092397684066169177e+02
-9.581144482163823639e-01 3.037548189513321062e-01 -6.700087917417907768e+00
1.905940116122799566e+01 2.072413523712071637e+01 1.007479496777904693e+01
5.221996147963327672e+00 4.217092708314755356e+00 -9.134531100346393373e+00
1.191223578745119305e+00 3.542619527142670810e-01 -5.183558615501758560e+00
-3.114776832343030044e+00 8.642112471209177471e+00 -7.733752202749277771e+00
5.708665987071812609e+00 1.065912471506042181e+01 8.961586888418258123e-01
-5.183247978812954848e+00 1.000194133142128550e+01 -5.850635429513986185e-01
1.710830741845361658e+00 5.721662150820425730e+00 8.170542446268371783e-01
1.618505719811457189e+00 -6.119384505245016648e+00 -3.866190655477951044e+00
8.717796638207033766e+01 3.441594120984844096e+01 1.103515206397595847e+02
-3.691473135855475540e+00 -1.853357121803885832e+01 -2.279608944064882792e+01
-8.453842018790139190e-03 4.919585903464376742e+00 -1.000352858015819552e-01
3.940310979792428503e-01 4.200515109498257793e+00 -2.757687883681753327e+00
1.357397968927204213e-02 1.599775025472682799e+00 -5.508517960546845060e+00
-1.501677024023596596e+00 1.307602681115695553e+00 -1.278454480979013930e+00
-6.317045090666228546e+00 -2.761135241455816125e+00 -5.802007887376833040e+00
2.511145537832698835e+02 6.539079835430331400e+01 -1.465037769922654576e+01
2.080465927040255458e+00 2.917973994593263676e+00 -7.367074653640289128e+00
1.017769080615618975e+02 1.130308040920020147e+02 2.405676805241848797e+02
-5.546678769083382576e+01 7.448728305630892521e+01 2.771966131137420675e+01
-2.405035112928267154e+02 4.257801594336067978e+02 4.031654843677065401e+02
-3.300013162786649690e-01 6.176240110386018500e+00 1.180101764368119976e+00
1.183224448334045675e+01 1.764640005407100087e+00 -4.545294855415985324e+00
1.582008516325053460e+00 2.859431273713113342e+00 -1.752606806423980146e+00
9.179421313443063557e-01 -4.345999661779552881e+00 -2.266638998765699853e+00
5.419178951331244320e+01 3.160216200474280157e+01 1.658521935236391869e+02
-2.845041405273923907e+00 4.220946972111407902e+00 -3.450197811570403950e+00
5.011387485488994820e+00 -4.503471154603801985e+00 -2.223187905131455366e+00
6.885253065723163424e+00 -7.149567419943064550e+00 -1.904079674986107307e+01
4.197414170634960442e+02 5.272491753213049748e+01 2.294019984108225003e+02
4.164869043728736564e+00 1.625002482928025405e+00 -4.242231333371212720e+00
2.520777187582078227e+01 -1.092532267831413328e+00 2.379585002928738291e+01
-5.547950428367022235e-01 -3.159847214471521726e-01 7.328364165272654995e-01
2.093739822454303123e+00 1.628590768387411902e+00 -6.314080827135381213e+00
5.255148170534390317e+00 5.675191517800902474e+00 -5.166949135020976414e+00
4.581215981893061340e+00 -6.439787352852811564e-01 -2.190362176681784234e+00
3.507654669206332176e+00 1.749331302304340241e+01 2.214939670979183983e+00
-2.610044871927033050e+00 1.913283892224811922e+01 -9.695452107916965878e-02
7.081950888467977379e+00 -8.000162485677100310e-01 -9.411070112252577502e+00
-1.606317334106954320e+01 4.581323583363955620e+00 -5.244257866921991251e+00
-2.348522773086100024e+00 7.586980387161752049e+01 8.665348656455017817e+01
5.394973985174727460e+01 3.144757027379940695e+01 -7.560661538238798052e+00
7.950673322836122381e+00 4.194745201672883894e+00 -4.029826936632407097e+00
4.576286780456613997e+03 1.207401169078859675e+04 -6.817113637117896360e+03
-4.489065245842563854e+03 -1.206565072719147975e+04 6.883146658684388058e+03
-6.934663711293816846e+01 5.712709307882930432e+01 -6.874829313115895957e+01
1.552538811037944981e+02 3.018918325709149144e+02 -8.266622409366976854e+01
-6.843021183607433500e+00 -1.818943559122574438e+00 -1.157121151726978070e+01
8.272233834622470638e+00 -4.253112505592406833e+00 5.451647136403090954e+00
7.550302034946907437e-01 2.277146486843081519e+00 -2.888099734549322672e+00
-2.953993123563643053e+02 1.757140367524798990e+02 2.055625008965295990e+02
-3.243718607416295807e+00 -4.756662689234640418e+00 -4.263749179460144534e-01
-5.888412623928350742e-01 5.469884911006176686e+00 2.714951570836000805e+00
1.999759350139398428e+00 3.971441064290917033e+00 -3.996711422944924763e+00
1.290050983272348262e+01 -1.676215710028159833e+01 -6.087416108512698543e+00
2.929414725724442281e+00 1.402616314104660589e+01 -7.794548938512666503e+00
2.433141503447942555e-01 4.202210464298421044e+00 -2.334903129507483133e+00
7.441061676085670484e+00 3.634203059450731299e+00 1.935446691387184615e+00
-1.020111928264485268e+00 3.126142194536945418e+00 -2.190431052455484640e+00
6.478197795308886509e-01 3.279035996543403719e+00 -4.161728498592619729e+00
1.596867520488239323e-01 -9.323068971376692105e+00 -1.615720866313627546e+00
9.616946986831031996e-01 8.379132409567711548e+00 -2.293876280849613813e+00
1.602258794399076702e+00 4.074383193324935704e+00 -2.946116787126284553e+00
2.833317721142404544e+00 1.768957758078550713e+00 -4.153833169410171777e+00
1.172626530841687220e+00 -4.178992656117598514e+00 -1.075445298642561909e+01
-1.943908850272387667e+01 3.468302047423662771e+01 1.129329327450415477e+01
-8.129713826344743266e-01 3.749710678866779112e+00 -6.289635414351493203e-01
5.313207917599378050e+00 4.381525111701634501e+00 -4.125305363750931598e+00
5.533473884291706391e+00 8.159336429856278272e+00 -3.404501881355385784e+00
-5.424894937150357421e-01 1.443679890832123114e+00 -4.110578151603990094e+00
1.202040824061143987e+01 3.808302181807468600e-01 -4.764699653502561638e+00
-3.657967377238522317e+02 -1.376520647658240932e+02 -1.184870787995886019e+02
1.087301012261098876e+01 6.772594213707888855e+01 -3.342772986327351248e+01
-1.926081933456704292e+02 -2.469666102147736524e+02 -3.149305909799122674e+02
3.494170481848745347e+00 -1.098718509477101701e+00 9.677206387578696223e-01
1.826768438005246509e+01 7.212312517733522554e+01 -3.314981077405418830e+01
-1.520003819030084857e+00 5.461807164091558420e+00 -1.793207090521553360e+00
-2.651179091886664896e+00 3.623741573512958780e+00 -1.555104259336740125e+00
-2.011818512845049867e+01 -5.749250477368880041e+01 -1.952039787538952709e+01
1.125828432269285528e+00 1.597252753057616825e+00 -5.193144927622669549e+00
-4.338697895080602507e+02 2.597973801210595184e+02 -5.554014359077646077e+02
5.288456561739933193e+01 1.175612552905264039e+02 9.686296877905377301e+01
2.667170571052154173e+03 -8.004542545056233394e+02 4.168700315249093364e+02
-7.230302670157917611e-01 1.317860175926215760e+01 2.411471136308667162e+00
-8.119789032420963171e-01 1.126985471118163851e+01 -1.492838290886423280e+01
6.639192091868310399e+02 2.167685798178131790e+03 -5.014989690995271303e+02
9.862511356938696849e+00 -7.475559384923926132e+00 -2.177924523967286419e+01
1.800453988144381956e+00 6.374028775843653349e+00 -3.896201065340555658e+00
-1.805675343200743299e+00 6.010669018119693341e+00 -3.848506406573499738e+00
-6.875250594704598872e-02 -8.735930645527803406e+00 -1.468732310157123688e+00
-3.666130495824500457e+00 1.043869302180917558e+01 -5.967701086681561407e+00
1.760159938749484621e+00 -5.384119311111827955e-01 -2.455650513015816827e+00
-6.486338099043507555e+00 2.419463744254428228e+00 -2.873147074405415502e+00
1.987071323204720841e+02 3.257479747035198159e+01 8.257415270120372952e+01
-3.261168953429528283e+00 -3.707979553353575763e+00 -2.864194289337931743e+00
-3.599359348549558746e+00 -1.028684693931085414e+00 -6.623689486658046022e+00
5.663010471352640707e+02 -2.794636346846057222e+02 2.663909632562833849e+02
6.154415670266627281e+00 -5.854569395093472295e+00 -5.434292913543738557e+00
3.424685764809928479e+00 1.859534166541618960e+00 -2.214278117621217845e+00
1.145752891555951436e+02 7.585876489373319487e+01 6.877892127815869117e+01
1.569574901082181952e+02 1.148915138428117757e+02 6.311361484663208188e+01
7.169530848896843622e+01 1.462053435809294122e+01 -2.347489104620909117e+01
5.024773528287428803e+02 -2.728378419845216740e+02 1.685041285679107546e+02
-7.072911649793833355e+00 -3.346511927235807704e+00 -1.133833966073953547e+01
3.179622387969545549e+00 2.986221985361179776e+00 -1.275926193786016238e+00
7.276251641741320331e-01 6.955874886471942631e+00 -2.043751526741008462e+00
7.878001284516629177e-01 1.164451754166534680e+00 -9.980058878859537908e-02
1.805930914348352401e+00 4.539708928998862802e+00 2.367195404167507533e+01
-1.379422277801258133e+03 -2.332750338587820352e+03 -3.254566874166947628e+02
9.642368616259116010e+00 3.442903342062735739e+00 4.485668232647872955e+00
6.303727647561672143e+00 4.636985947010844100e+00 -2.573522397985359866e+00
4.596459381885107387e-01 3.933104017562598642e+00 -7.060402381709625530e+00
1.278720337627658523e+02 -1.872765870853189085e+02 -5.766355176517527070e+02
2.882922249826070704e+00 7.002237293068692026e+00 6.648389628666615536e-01
1.041679055859963565e+00 2.647393581230799597e+00 -1.341556969151250556e+00
-2.345904618339640813e+00 3.217062024820085853e+00 3.840298685371440257e+00
3.837252849699916535e+00 5.031968894403012982e+00 -2.689773482132463922e+00
1.892628991146626447e+02 -1.724048894164658208e+01 -4.470853371745338478e+01
1.603883442776813695e+02 6.163854273496805547e+01 -3.786694607705464222e+01
1.664541433488760276e+03 8.827888139204244453e+02 6.692568985650307241e+02
2.309146613302970508e+01 -8.604609639592720072e+00 -7.516625584702092411e+00
-4.846200831190913760e+01 8.527344156413103349e+01 -1.272459964320068337e+01
2.134873374289882442e+00 1.012383534745374725e+01 1.505185486891899224e-02
-5.990810597604432530e+01 -2.596132542159199730e+01 -4.988584498993662919e+01
1.421465875240144896e+03 2.355130878463180125e+03 3.389083846604218593e+02
-1.215121338223470460e+00 2.907094061543242791e-01 -1.129322770533191900e+01
4.278448494287232506e+01 1.669178815510903178e+02 -6.272824405733925346e+01
-5.067175023022347791e-01 2.521647736182001331e+00 2.545195710950593604e+00
3.042699179115274788e+01 -4.491526376044345170e+01 1.186642140599651540e+01
6.185559488081971722e+02 -2.511810199820571142e+03 2.753705639423753382e+03
5.331230371399700907e+00 -3.376431162048210588e+00 -4.753728442230922724e+00
8.898280641635017973e-01 -1.928687823940956747e+01 -1.939963825473110504e+01
-1.401639841548640142e+01 -5.675030312381755948e+01 5.755395510783685609e+01
4.760538363373568131e+02 -6.298136632982192396e+02 -6.205051784788915370e+01
-4.516705642975760497e+02 5.721345068506561802e+02 1.274426584420178017e+02
-6.577706896754577883e+02 2.519179464404160626e+03 -2.740433269797688354e+03
-1.004779151551356108e+03 6.866678979706055088e+02 -1.200807114312426620e+03
-2.025143607219895170e+00 6.796004203498621443e+00 4.088979052343307607e+00
1.484150253510100299e+02 2.672740909991318503e+01 -8.520721499801306109e+00
-4.618709505450812713e+00 6.637877098267574993e+00 -5.045914583021721356e+00
-9.361700838955844262e-01 3.705886651183710079e+00 -1.891346476754816486e+00
9.745998715094516456e+02 -1.388999887851229289e+02 -1.889978590616403267e+02
-2.790476806591077093e+03 6.258453299143973254e+02 -5.854238976687386184e+02
2.731103855153204449e+02 2.529310490570752279e+02 -5.593044185765438669e+02
4.138037909759042066e+00 -1.228081950197559280e+01 5.412495872073831649e+00
4.505946066223144086e+00 -2.226656973862031208e+00 -1.003450943475759161e+01
3.864527851140341141e+00 5.027624963638835709e+00 2.128608174950438747e-01
-2.406083941002393978e+00 -2.840077778020583477e+00 -1.201526759093054153e+01
4.212726695443068436e+00 -3.424170813148592174e+00 -1.153007692306668730e+01
-4.902918808094853809e-01 5.236627230428958946e+00 -1.616285248729386392e+00
-8.661897645961986427e+02 1.850460234653444900e+02 2.652070608778351470e+02
1.550596347493370830e+00 5.429065738330535851e+00 -5.116431312803894293e+00
-3.974573579195818107e-01 1.780250893834042447e+00 -5.101363494841357316e+00
1.010713592330117535e+03 -6.535722012340182800e+02 1.064328537800774029e+03
-6.600407418138479088e+00 -4.850752540241609267e+01 1.610955680769597365e+01
-1.304360691648771109e+00 6.253328844487255012e+00 -1.452045247737245859e+00
1.726172868411935291e+00 1.904350377897162883e+00 -1.443292039636974611e+00
1.804140056011866555e+00 5.574494973463487213e+00 1.209591200921565690e+00
2.769740132948201428e+00 3.467674348397180140e+00 -3.266628117509628559e+00
1.816477936983779351e+00 1.027649428249696228e+01 9.085205084462085523e+00
4.685361678064547064e+00 6.322266219973198709e+00 -2.781702901297625097e+00
-5.356052966354331701e+00 5.474171776028128100e+00 -5.093278758485990654e-01
-7.406772821894722192e+00 1.576884668630608721e-01 -9.883020607346120201e+00
3.600223077578152520e+00 1.267546468819877835e-02 -6.987665315356696993e+00
-4.056708543305361445e+02 -6.938562833719403216e+02 -4.170847332829482070e+02
5.103370860995745062e+01 -1.088775410012478631e+02 -3.404592536358720944e-01
4.321365203908818842e+01 -2.212846028101696305e+01 1.659931438279237170e+01
-3.368330839172444030e+03 -7.217838833949841728e+02 -3.701053635511016182e+03
-9.342123558114838744e-01 4.805525405185761656e+00 -3.412791115786713014e+00
1.710194700099236798e-01 2.528197478145467691e+00 -4.483502487898702316e-01
-9.881563189885659071e+00 8.230630747519327883e+00 -8.361302427313420438e+00
4.026269709373346473e+01 8.126664044553726285e+01 4.493663409289840160e+01
2.931986080113068827e+00 -1.433369350329276415e+01 4.073525583007776341e+00
3.856729646439606363e+00 1.001118643697940627e+02 2.745166146121204065e+02
2.696115779806918411e+00 -1.769989464142869839e-01 -9.552035547108688185e-01
1.615432166678530379e+01 1.945385758053168601e+01 2.148293791615201087e+01
1.946559832383715216e+00 -5.484294292166148610e-01 -4.576507781270960251e+00
-1.388529265811846258e+01 -2.050658264254736451e+01 4.645686935597349576e-01
-1.104975409558023536e+01 -1.999885674099155608e+01 -6.203100274470481068e+00
-8.442201927954039320e+02 -3.513312340883311435e+02 -4.593643324030119857e+02
1.474657434283445534e+00 3.203009991620011654e+00 -4.405901116775054582e+00
1.378823715582374554e+01 3.453877051008514165e+00 9.666013187667068962e+00
9.965692777017922666e-01 -2.672125189851600080e+00 -4.355688379137170330e+00
4.349988106945368749e+00 1.471624635002418202e+01 -2.232418609194330550e+00
1.423736436526948257e+00 8.492052311455340341e-01 1.129549566858074616e-01
-5.264711368348626408e+00 7.230349768469620741e+00 -5.909052463282806755e+00
1.509496988749100865e+03 -1.677102770556302573e+02 1.494250951013608756e+03
-5.794981648935920715e-02 1.174531896398612441e+00 -2.978106744533053352e+00
2.850209349362426980e-01 4.794378032514043930e+00 -6.735203739381623311e-01
2.606040269997515146e+00 4.109428464829703920e+00 -5.923880666808371664e+00
-1.522967649440423177e+00 7.928201721424207093e+00 1.001204795466845432e-01
2.294311545976063904e+00 3.337892348656063213e+00 1.268629084463562595e+00
3.326239200209911928e+00 2.918205897849385888e+00 8.292464728085683356e-01
1.361136243011330862e+02 7.764802036697160759e+01 1.097832731526413319e+01
-1.368905975965240714e+03 -6.380874504191326650e+02 -5.970852997795009287e+02
4.041205151074935742e+01 1.394693659643023409e+02 -2.222036007639222248e+02
-2.406134266971086788e+00 2.390577110610300759e-01 -4.704986185724286951e-01
-1.661161602309047157e+04 7.775364909780351809e+03 8.054993687451339611e+03
1.664646454850319060e+04 -7.761653181441979541e+03 -8.043838623949539397e+03
-1.335475445726547861e+00 3.213835169776615430e+00 -5.071958941768063056e+00
1.464009347294746476e+03 -2.168342923716207906e+02 -1.156133377425225262e+03
6.158135852353859718e+01 -3.425527595567532302e+01 -2.384908053406359585e+01
-1.351645058432550339e+00 3.379708231836453081e+00 -5.100720717368301571e+00
1.711771150758530666e+02 4.257713720246891853e+01 -4.429196686476414158e+01
-4.792567946752512853e+00 -1.530487948753147620e+01 9.555321090003843221e-01
5.152102842476774924e+01 6.144281014596493833e+02 -4.940693622095323576e+02
7.190666265984842376e+00 3.234098535806152697e+00 3.783054754640546857e-01
-3.748612511019713267e+00 1.319657421329800684e+01 1.721564779635236797e-01
-8.461117746328594702e-01 3.512598778948806011e+00 -4.019292180394588243e+00
-1.117779151560056476e+02 9.078153994703665575e+00 -1.979724432687368108e+01
-1.508542658457577545e+03 2.452812711377780772e+02 1.270916719177477262e+03
1.313701710767535835e-01 2.980169187643026518e+00 -5.997794722486990970e-01
8.653715037260099052e+00 -3.079899359686130378e+00 3.223927020676860877e+00
6.972883063126483094e+00 5.385999735404123356e+00 -3.555772570698831458e+00
2.551967265294974041e+01 5.540156669599432426e+00 1.569490483620805854e+01
-2.448791179905480675e-01 1.033827026149473838e+01 -6.243914308687843473e+00
-2.823746903160360144e-01 3.130099056546241432e+00 -2.269668110259472418e-02
6.288031331717133909e+00 1.381384279524867509e+01 8.546962043943250364e+01
-1.683418525053928150e+01 3.009251201739905923e+01 -2.562617785870336462e+01
-1.807619621148116096e+01 -1.664348512642329325e+01 -4.748373009461731797e+00
8.340783794942441887e+01 7.640914237941547071e+01 -2.256589382734809703e+02
2.836605207590630506e+00 4.338523692587036296e-01 3.980501279702401973e+00
8.246677659784385384e+00 -2.327602346692628110e+00 -9.501044325449225170e+00
1.388288270888338616e+00 1.394099403255207648e+00 -1.557538018275398617e+00
-3.329635251356320769e+00 5.673038223862272744e+00 -3.276471826146966748e+00
-2.488552467007293600e+00 5.525508174638877001e+00 2.703168786286283876e+00
9.476919674486563139e+00 1.322829429127257583e+01 -2.466620285905423149e+00
4.883941246062425967e-02 -8.370145935896806666e-01 -1.790374218945234075e+00
3.477302423603185844e+01 1.295933800144369741e+01 1.313554158690076861e+02
6.937122918896406532e+01 1.043017787550235767e+02 2.343228215169831969e+02
-1.232837095980566922e+01 7.713074065475603902e+01 -5.896891053443052755e+01
-5.732755134668339281e+01 -1.295897531189563097e+02 5.451118234558332176e+01
3.367603128607719754e+01 -5.760809759197138114e+00 1.102206861977912951e+02
-6.895303521646234834e+00 -1.549210960266551584e+00 -5.751672063016444625e+00
1.058541017058884215e+01 1.450389370781993703e-01 -5.776536681341688961e+00
-4.570962161578886018e+00 1.181748336073001227e+00 -4.141529004102567413e+00
-1.355879591302538358e+02 -4.693282564507322263e+01 -1.017526191879590982e+02
-3.140397333705144689e+01 -2.243417413677070371e+01 -1.443053197385841635e+01
3.269905044708035291e+01 1.566693682439637314e+02 -1.849065215423217978e+02
-2.163491789862936887e-01 1.681848276191621139e+00 -1.580897388689039174e+00
9.939300251895522464e+00 8.089410737992427158e+00 -8.639885127729353798e+00
1.844260024353104654e+00 -1.098270747608207865e+00 -6.954256924362668180e+00
9.904833532658328110e-01 7.671877214202158513e+00 -4.634213703146274455e+00
-1.990818774985487316e+00 4.726396296230523930e+00 -2.609935411202798594e+00
1.297656741444677575e+00 1.749581502168264135e+00 -1.360223246222011184e+00
-1.537511648957366560e+03 -3.660616254220669248e+02 -3.436504087941024409e+03
3.704136319968359317e+02 -1.841487731060182114e+02 3.939942430127797479e+02
-3.267671137616236621e+00 -3.724901335152245530e+00 -6.336994308232116069e+00
-3.955952028062700854e-02 1.929415398127696690e+00 -4.263788168258632716e+00
-2.092575879689490250e+02 -2.958764033261188047e+02 8.921736977930918044e+01
3.066849871361382318e-04 9.156397882796449395e+00 -5.497236337704944020e+00
3.252953865557495661e+00 2.343802171925921662e+00 -3.889345545824427930e+00
3.808677573561260132e+00 5.766752613372096548e+00 1.219277230573189430e-01
3.613787918210815242e+00 5.813379604043728222e+00 5.304922956809352996e+00
5.745502438076987017e-01 6.138298951678716087e+00 -3.028455197905891350e+00
2.086067788837802084e+00 3.364413078254532508e+00 -9.004625100177975128e+00
1.447839773034969113e+01 5.537418299778511965e+00 -1.187862293504419853e+00
1.248850976743969099e+01 7.364521371867065014e+00 -2.267349699196848256e+00
6.480038862311920056e+00 2.453675490334126685e+00 -6.773395578987932097e+00
-4.760826417317035819e+00 -1.227353288621176874e+00 -8.550150133521153606e+00
8.292102821893426068e+00 8.576756967846495883e+00 -8.148328636408185943e+00
-2.934955542462367895e+00 5.117880461109695034e+01 -1.363873193827056696e+02
-1.356886599291237872e+01 3.486489530131084535e+00 7.192468239837072730e+00
-1.005226566313190695e+01 3.576237712086776099e+01 6.087754212740209558e-02
1.112056729666490753e+02 1.221254459251676749e+01 -9.279437625103365406e+01
5.369588223614226052e+00 8.256358919953395770e+00 3.637456830016457809e-01
-2.495692047974851668e+00 1.146249164833188594e+01 6.153381704645873640e+00
-1.922905282825529305e+00 1.479119588273622998e+00 -7.313562147501823318e+00
8.384565915381505530e-01 -4.436295673088096692e+00 -2.197655783396879059e+00
5.457470363993305540e+00 4.586576699249160782e+00 4.066504659445469017e+00
-8.280392748750797409e+02 -2.272475171473958198e+03 3.140615916964640633e+02
5.039833383622499809e+02 -4.834358812257214311e+01 7.723261256524727969e+01
1.117229289133531589e+00 1.721112557547112232e+00 -4.558948698658820575e+00
-1.611324453638134369e+00 1.154524214410516691e+01 -6.449534729018090218e+00
-2.208388395799555610e+02 1.828204166497963001e+02 -4.195115598834318007e+02
8.195266187989629358e-01 -7.699513795302967423e-03 -8.775145440613519865e-01
2.043166711748960154e+02 3.239987708176134902e+02 9.876079662479251908e+01
-9.960215639624951933e-01 2.037743418273362028e+00 -1.065909511023734879e+00
9.800033109263968090e-01 2.922309821054948742e+00 -6.068807852058675678e+00
-6.079523737150041143e+02 9.544870786312452537e+01 1.384660990697268232e+02
2.793711310008051729e+00 3.862986546825722400e-03 -4.070067359061551038e+00
1.217294103505273739e+01 -5.855915287065969643e+00 -3.480783406224153165e+00
1.081391170119996787e+04 -2.452530317979765823e+04 -2.437104663020195585e+04
-1.079435785849652893e+04 2.452572931400144444e+04 2.438366549476111686e+04
1.542189447927782453e+00 -4.640159849458954433e+00 -4.683839848863107225e-01
2.890939751433777349e+00 4.245427263164506471e+00 3.156099632886464890e-01
1.153673669483634612e+01 4.918395694598867607e+00 -4.898632560346001696e+00
-3.855697478278368351e+01 -9.358683594103814585e+01 6.096886852027682835e+01
3.224250740332844423e+00 -1.013057246577359738e+00 1.900120309028822785e+00
4.233564392452444647e-01 8.996021534402085518e-01 -4.242179088127237208e+00
6.485510583286377084e+00 -3.488903543789464212e+00 -1.313822658949482047e+01
7.447492912558034917e+00 1.509862828350334496e+01 -6.408557489256480721e+00
5.147284774263080180e+02 -8.613564658393405580e+02 -1.297100963969324425e+02
1.428904907888730147e+00 3.467138250053570125e+00 -7.603383819217740758e+00
1.907718910203211937e+00 2.500609851195418543e+01 -3.514057489210396845e+00
-1.458498114131381307e+00 5.608984227120797250e+00 -7.452046638201348827e+00
1.173422375153497121e+00 -2.116446483489709429e+00 -1.042447131491111101e+01
-1.758409316260879507e+01 2.813588144630353582e+01 -3.612288907302817620e+01
-3.891011020801341758e+00 1.141888727150507599e+00 -5.040285868428883376e+00
5.544994248120696412e+00 8.958273345924492315e-01 1.582830862486019896e+01
8.047102033671370336e+00 2.506095589610071173e+00 -5.205734833028705211e+00
8.390074438283429572e+02 4.176331320861253289e+02 2.637933014092994881e+02
3.320853206590099035e+03 5.999043150585143849e+02 3.772345922468119170e+03
1.463907083524097175e+01 -8.910619889719420428e+00 -1.639099983443772146e+01
-1.143361923419659032e+00 6.367399767097909802e+01 4.276960532152053673e+01
7.410914358362998655e+01 4.097980589274074248e+01 -1.255981254866993169e+01
-9.717020161047291715e-01 2.573369288574646419e+00 -2.190109647039105489e+00
2.684684584951846809e+00 1.187980642701808254e+00 3.273762148853121001e-01
-1.492081450301189438e+00 7.869885597437485281e+00 -9.147582522175639497e+00
3.399944780335618866e+00 1.242785138318336280e+01 -1.072233713519237597e+01
3.312343887525558195e+00 5.202047366281645324e+00 -4.301428297301852055e+00
6.266013797655070050e-01 -3.585006758623923151e-01 6.170091786378914200e+00
2.228299000879635727e+01 4.596164094896337815e+00 -1.481276964986552969e+01
1.168930926729311981e+00 -5.417103767450027751e-01 -2.203698615932728977e+00
1.144176323135614837e+01 -1.673024138808177241e+01 -2.980487575997819327e+00
8.325846932026299996e+00 9.684630733981163075e+01 -8.831310407263120510e+01
-3.494705593861785475e-01 -6.153059198829538445e+00 -2.293071769630413037e+00
8.379551508215514755e-01 1.120163403777137923e+01 -1.315522584063892175e+01
2.092816270684503479e+02 -2.141782583864211631e+01 1.650633361955275973e+02
1.883929962676893055e+01 -1.242369953642304381e+01 1.922521032795284555e+02
1.615175777645199151e+00 1.910080226647064561e-01 -3.137403677187738715e+00
8.459871959454286383e+00 5.711016318386416657e+00 -8.324952370305467753e+00
6.325681041092002133e+00 -9.300340248855243352e-01 -2.821901243609459708e+00
4.892354665692395521e-01 2.664426825954712807e+00 -1.537117827799440839e+00
-5.331636685172587153e-01 3.375421593146340626e+01 6.874017849862013918e+01
2.683027173062922710e+00 3.565917245619642628e+00 -2.325028340484793787e+00
1.206957806009151213e+01 6.608771482900974092e+01 -7.098669826896801283e+01
2.693198255779186479e+00 1.135228460528435068e+00 -4.033572398503596723e+00
-1.040611429133762655e+01 -2.992691526649105072e+01 1.393395333575522343e+01
-1.059064379887322957e+03 1.390227688650584696e+03 -9.920376522075859782e+01
-1.292987943490689418e+01 -1.726653665062368503e+01 6.352810938885903980e+00
8.078662607724009792e-01 7.298261135610219164e+00 4.541504561271562324e+00
-1.238014879358208375e+01 1.228754657806921102e+01 2.553253690313404434e+00
2.002430068285528275e+00 8.366493487160229225e-01 -1.537572382177966546e+00
-8.890315850390677621e-01 9.196745401531410735e+00 -2.618318340289601309e+00
2.882536632159871992e+00 1.431175843040296769e+00 -5.578972318025848587e+00
1.365918606265840829e+01 1.944792289220016102e+01 5.609873237673282631e+01
1.153095362128669649e+03 -1.361038837250167035e+03 -2.914494198525656898e+01
-1.364956577431592821e+00 2.395945648281380791e+00 -1.260790402184334980e+01
8.154688983524746959e+01 -3.896448036848318530e+00 2.562053949458604762e+01
-3.576908592980312385e-01 6.470414934190296119e-01 -2.672620813224440006e+00
2.843426839204665058e+01 2.720741484313905403e+02 -1.197751422650834172e+02
2.417353528150205193e+02 2.428846130713640719e+02 -6.204030484784405530e+01
4.943225851281603411e+00 -2.693472262186832999e+00 -1.040212965690623648e+01
-2.705413357808418073e+00 5.553165568292870446e+00 2.673850536505009146e+00
1.393797990866665515e+01 2.264820392272861227e+02 1.094312256072404921e+02
6.468084273549084173e+01 2.719833722350604077e+01 2.922118206746110047e+01
1.588343614292459165e+02 -4.150781867074149289e+01 8.378990342003666569e+01
-7.467124859557676686e-01 1.062149788419978425e+00 -4.430196450219007431e+00
-2.161304422986973783e-01 2.657326597228739651e+00 2.029422623767022316e+00
-1.604254698926620222e+02 -1.482465238447323657e+02 2.827535312689699367e+02
-1.941240731906757611e-01 4.788969991978039076e+00 -2.598579799702141369e+00
-2.215373454592156577e+03 -1.157086195558995769e+03 2.505426582911682999e+03
1.483069055245672985e+01 1.720328381825297868e+02 -1.577542944869639427e+02
4.394389490413201429e+02 7.747067039227928262e+02 5.037142019018240262e+02
2.224370404051646801e+03 1.167190002778206690e+03 -2.541142062928161522e+03
-4.871915661300745626e+01 -1.771665402068412618e+02 2.471709493439318521e+02
-3.255079405119163027e+01 -3.159036387336098173e+01 1.005109903880294837e+02
1.604534532219149323e+00 -4.803281425356274781e+00 1.973405678170430111e-01
2.548775737827374144e+01 -4.984349942874734296e+01 -4.699917437400539484e+02
8.608101331352501973e+01 -7.141201003293031135e+01 2.107133391102692599e+01
1.142080243841912868e+00 3.063883404735015414e+00 -7.524121940630312366e+00
2.705991127232814542e+00 1.446922937487551408e-01 -9.082737288000686249e+00
1.269309253355771006e+01 2.202251784849068272e+01 -1.560673628787480816e+01
7.488873999873527509e+01 -2.401133974910245286e+02 3.185175039772871060e+02
7.955239766185535188e+00 2.088989192991217436e+00 -1.058123898491835746e+01
-1.467300525836038538e+00 3.781702252270059184e+00 -2.251445862328805170e+00
1.219881720825218618e+00 4.610263703653442846e+00 -4.319283395181958696e+00
1.534304509922409299e+00 3.328550712710832471e+00 -9.184900282598725596e+00
4.439129360934262536e+01 -1.610669211055735843e+02 8.452969599985380000e+01
9.309976916162553096e+01 -1.208427138287481455e+02 7.494671271575397498e+01
3.940096147288874917e+00 -2.207311436434316931e+01 -2.228422769272667026e+01
3.596438615960291685e+00 -3.995854351836536367e-01 -9.965880090890631982e-01
-8.276135899402771656e+01 1.242085157772116304e+02 -2.098520977235235918e+01
-2.722076587508604373e+00 7.342183773954594095e+00 -2.513217995807733862e-01
-3.145271517298243324e+01 -8.230392473147219334e+01 7.074177649100856513e+01
7.373632544964549007e-01 8.945533044336761996e-01 -6.185957509652190822e+00
-4.983304736234184240e+00 3.811453020952866311e+00 -8.337801582450836690e+00
2.157816528357408004e+01 -1.217377110409055945e+02 -1.017401484688398909e+02
4.862694002249295977e+01 2.075024634655981259e+01 3.638374594580250232e+01
-3.983504605849127529e+02 2.434797782972471509e+02 -2.446526631375595073e+01
-3.643911871326361851e+00 -2.559260168679742820e-01 -1.547965830884035610e+00
-1.082279223825581660e+01 -3.043733693149270891e+00 4.848821949224752359e+01
4.516238465970880078e+00 2.730236801414438474e+00 -4.602620323072656561e+00
-2.848315828105151493e+00 -2.019118655255363493e+01 4.039144553652103298e+01
2.750900720476269434e+00 1.154145300076331093e+00 -2.252724207721556127e+00
6.998158924451119312e+00 5.155181356494423994e+00 -1.974730329632857995e+00
-1.205153823028470583e+01 -3.119299141641025841e+01 -2.160651560925923604e+02
-2.387455221381387105e-01 6.580792747260386655e+00 -2.621693931738223959e+00
3.018886281658846316e-01 8.398410778777833485e+00 -5.987411678325971209e+00
-8.421504602357666158e+01 1.703046476345164990e+02 1.391141322766875135e+02
2.366551233843355639e+00 3.465821960627031739e+00 -1.372184543828748549e+00
-2.019677578904801862e+02 3.680320453406578451e+01 4.082532361159958327e+02
1.554873047833738156e+02 -2.482480977626755703e+02 -1.552266787493341837e+02
-8.196381832844983339e-01 4.961113973970219249e+00 -1.462544677116347724e+00
6.603751213892778971e+00 2.478382326583584927e+01 -6.481142045646061334e+00
-9.298455130999037976e+00 -2.643121762348587112e+01 9.957959121847846262e+00
-1.193827849210962189e+00 5.864394080628891004e+00 -2.418041662900026978e+00
-6.499363408479256421e+00 1.741755724731278931e+00 -2.225266076830768824e+00
-7.431465268225600163e+00 1.919713584146121832e+01 -9.785103369326197509e+00
9.016622316613664978e+00 -7.232856286345703545e+00 2.015805095287678483e+00
-7.308532869001008736e-01 7.901352110736627132e+00 -2.603078450768946617e+00
1.600722497574388559e+00 2.578177851827532230e+00 -5.754058669122462888e+00
1.147645747876608446e+00 1.642168594443415941e+01 3.553447860234902222e+00
-2.549783058211110074e+02 -2.449424803075817181e+02 5.543607275428536241e+02
-4.697913795771878398e+01 -1.867357542657339593e+02 3.181515466507119072e+02
-6.490901502203747508e-01 2.162107634149523783e+00 9.176297165610620254e+00
2.585722067009971425e+01 -1.250815353584340528e+02 -1.152551829619045805e+02
-3.323541780594344019e-01 7.918592891531281097e+00 -2.993607490812875138e+00
-9.601852791247367236e+00 -2.930452274801611168e+01 -3.221620888848485720e+01
2.411594606038404365e+00 -5.292848593493781451e+00 -4.848091406998939590e+00
1.953028513472339356e-02 3.927473966936403826e+00 2.016929313527091594e+00
8.232499235736685961e+00 -1.193139474806079079e+02 -1.369288629277500036e+02
-4.686478295841087771e-01 8.263616294997765621e+00 6.329591418897045907e-01
3.918708197441324259e+00 -9.778902575811876829e+00 -2.354836579714183742e+01
3.044343924984092009e-01 1.261793655705202255e+01 1.404934228349291325e-01
-3.078947113620201890e+03 1.078478988747708172e+03 2.150920438567691235e+02
2.626249132595737024e+01 2.266967947112189563e+01 2.372708441011972536e+00
1.664666413637765743e+02 -9.163746472144944732e+01 -1.781143770866675311e+02
3.067767539112060682e+00 -7.658728753759134200e-01 -6.266780774459570935e+00
-6.705381139378105981e-01 4.891190958752844153e+00 1.922175454920913573e+00
1.198666676985495894e+00 -1.216231872316460016e+00 -1.842060124071343097e+01
3.006926669367967406e+03 -1.151713452795929470e+03 -2.460271282227473080e+02
1.254083681543063733e+02 -1.231600082048235549e+02 -1.219720040255441518e+02
-1.065137881047199642e+00 9.838917962818303664e+00 -6.621617721958000580e+00
1.487113781733580254e+03 8.723046315279305418e+03 -5.386276032885876702e+03
-1.902072682132938786e+00 -2.177247382853563451e+00 2.578900314018414797e+00
-5.845039246544329217e+02 6.620218706707821354e+01 3.248789370993711856e+01
-8.007993621872799395e+00 6.019453992621840221e+00 -2.043971696653021475e+00
1.536420124473736678e+03 6.274660911157634473e+02 3.320447986434144241e+03
5.970825747234130176e+00 4.039942347013282919e+00 -1.074998924113880783e+01
2.548526371754543440e+00 -3.183560513228586242e+00 -5.241554188913873702e+00
-3.972725557467769342e+00 6.395235385943001560e+00 -3.035947063210568508e+00
-4.370948612387536514e+00 2.964047973758852450e+01 1.224987184457073752e+01
5.640126687342692549e+02 -1.373086670385012212e+03 1.288091404719508091e+03
-5.446473273887361302e+02 8.652204571901257850e+02 1.935000204043963095e+02
1.061913841703727485e+03 -2.583585367271646760e+02 4.237317912318221715e+02
-5.050102469988731357e+00 -1.340571703093051426e+01 9.402815125290606701e+00
4.294377672839623727e+01 -3.626649199277875546e+00 3.942891232269101209e+01
1.498002556463707169e+00 5.125619965521769572e+00 6.133161140900836306e-02
-1.008279217229402391e+00 3.409497576410296382e+00 -3.065016045523944577e+00
-6.123029814221542466e+00 1.442376280558949375e+01 -8.846040202350789627e+01
2.980415117938753156e+01 1.300227785328273988e+01 -2.961708258170740038e+01
-1.207593816284659454e+02 -9.491170067756499407e+01 7.251377027879237858e+01
-5.901257204398431355e+01 -1.271847987048392241e+02 5.296003571646651409e+01
-1.440246481483080061e+03 -8.704526112568424651e+03 5.400523771856856911e+03
-1.029689419738352171e+03 2.278909782928546974e+02 -3.398048926230611642e+02
1.718148066925921569e+01 3.678206403416349524e+00 -2.110150530500328969e+01
5.365523407886811924e+00 -2.302062171855349959e+01 -2.372786826411041972e+01
-5.266707079710757355e+00 -2.609593367993043955e+01 2.106653686993920616e+01
6.980068832337737561e+00 3.360006339814822773e+00 1.685394327560873151e+00
3.643727872417602542e-01 4.725311376161119625e+00 1.168347347865251518e+00
-1.556535460560589001e+00 5.512894308846676417e+00 -1.648109486858602146e+00
-3.685865206919208603e+00 2.164286830047898036e+01 -1.757582768161556119e+00
8.671704245091411689e-01 -1.378724389998439825e+00 -3.615099794292075064e+00
-6.952969946883928998e+00 3.727341587991103822e+00 2.933963533334120299e+00
7.459049625105791392e+00 -1.302205552675893330e+02 6.510007504248910948e+01
-9.918588637791476259e+00 9.550360525248539290e+00 1.116547208278338843e+01
8.876289925359935751e+01 -5.307439064725641487e+01 7.972264131299633050e+01
2.892014127478248042e+01 -1.074416466222660205e+02 -9.978851762228624978e+01
4.114880560028667844e+01 -3.672894197313104314e+01 9.381741770239939626e+01
1.519057432480523460e+02 2.381903496463829129e+02 2.397308693879486441e+02
-2.091764278793694309e+00 1.730652534734069103e+00 -1.695847424359540057e+00
3.142875883936874004e+00 3.811189115647773740e+00 -3.641710488637964538e+00
-2.490716240330283071e+01 -1.352122164691511443e+02 5.310400108901599481e+01
-2.117536088216977141e+00 6.134353752717904840e+00 -1.078925295424507436e+00
-2.644883904693555365e+01 -5.084002046271562492e+00 -5.634993691861217258e+01
1.635562279771967553e+00 3.360641082680545288e+00 -2.518622462574374943e+00
1.216123256281855802e+00 1.191758198185204898e-01 -4.421155635864853828e+00
7.262659775021943487e-01 1.026423599729089364e+00 -9.124064443613679742e+00
1.298715609465151521e+00 2.159584341992935919e+00 -3.485904923853368143e+00
1.111652677144535240e+01 1.681069202618387237e+01 1.098442532379583625e+01
-4.814230263860118697e+01 -8.150607652798647962e+01 9.226408367613144890e+01
-2.616132495147464709e+00 1.313616815355732470e+01 -1.388026502518890837e+01
-8.974253223998857054e-01 8.917944023015870414e+00 3.162819328141329933e+00
-7.603107040211989442e+02 1.102259832144791062e+03 -1.643240043260090260e+03
-1.966462138878084787e+01 -2.256588297345205518e+01 6.818312485932890077e+00
1.533301250624598655e+00 2.205897689287344754e+00 -3.371669668537737863e+00
-2.075208143297301966e+00 3.982810221984020238e+00 2.567163078638790008e+00
6.897493219954938581e+00 5.373578170443454205e+00 -9.080269102140301030e+00
1.677585572539287972e-01 4.993111742594242841e+00 -3.193531688189533924e+00
1.404894056812477388e+01 2.918879905939231634e+01 1.072650316016700422e+01
-7.009127924305754277e+03 2.609102399448154301e+02 9.586875411976208852e+03
3.457171141502604073e-01 1.534199372266770389e+00 -1.852441103119523813e+00
-1.028344228723260585e+03 -1.477222293928495560e+02 6.167601140206643322e+02
-6.555693886942078663e+00 2.455196450973104572e+00 5.970431675886704870e-01
-3.196879851243545545e+01 -7.156373775867766085e+01 7.139261205183896664e+01
-7.150330880886875207e+01 -1.684795564269929855e+02 7.997517703853242210e+01
-2.000590824190206618e+00 3.002656146194666587e-01 -6.689643645578635667e-01
2.385043720584580917e+00 3.456355902938001989e+00 3.407467325568105387e-01
-2.016161014539516572e+01 2.902858361586308433e+01 -4.304153748870996310e+01
-1.921399103085123516e-01 3.334946740788431896e+00 -4.648478572130137820e+00
5.146495136064942244e+00 -8.946658266006670690e-01 2.740834626838974941e-01
5.361036710488181711e+01 -7.835017403733618835e+01 3.152081506219190388e+01
7.034133375876868740e+03 -2.644779204738520662e+02 -9.572904916672330728e+03
-1.403862247005375874e+00 7.583480066651659968e+00 -2.207961692085030680e+00
-2.923604503317217329e+00 1.246699890843146719e+01 -1.550894419436116323e+01
1.095537357548718774e+03 1.031471074933197798e+02 -5.232593310327736162e+02
-4.882255325008504343e+01 1.178594894883539581e+02 -1.965348657383569275e+02
2.962059445868105989e+00 -2.173980243516663524e+00 -2.443334111712152534e+00
-9.746368114196253263e-01 4.125499352914142825e+00 -2.161346442859525485e+00
2.297323289575335714e+00 -4.907697820656227172e-01 -9.016009546067664360e+00
1.012129800100449160e+02 -1.569641314119212154e+02 -1.326424221302800390e+02
1.563054073766906971e+00 7.176059767028092118e+00 -3.001986834265384818e+00
2.794778456285978407e+01 3.917566638328106876e+01 3.535164449576782886e+01
-5.257611489888490297e+01 9.453049949227516890e+01 -8.782504592069307137e+01
8.983678634009189423e+00 -1.528111267619446423e+01 -3.878705853630487699e+00
1.569625549311540191e-01 2.200525208552668310e+00 -1.461039895785842369e+00
-8.919959482999539091e+01 -8.335089336935260462e+01 7.249639395145550225e+01
2.536744986407130309e+00 5.499918620694423943e-01 -3.133190814910785882e+00
1.252741631375787357e+01 -1.854957172716592027e+02 4.488658231846044799e+01
-2.793987684925777870e+00 9.113563738163787953e-01 -1.226552624691145077e+01
-1.238748855141712966e+03 -1.067422844447929947e+03 2.304649154753513358e+03
2.800700789276083569e+00 1.149519108267547551e+01 -2.582922904684449072e+00
6.963836456557311294e+01 -1.175038528459875380e+02 -1.636584980735612760e+02
2.821565972280269534e+02 -1.991624582028171346e+02 -1.285742542806126494e+02
1.736682857835832294e+01 -1.159177754239309905e+02 -9.147327681431528390e+01
1.015851542521933055e+02 -1.559779013064336652e+02 -1.322396933766771951e+02
-5.621872378199782583e-01 4.368867782308324621e+00 -6.966093067533094541e+00
5.147219957825577286e-01 1.341471153259240445e+01 4.504067754775400445e+00
1.556751218747252707e+01 -9.244616554396660035e+01 1.383681166208694435e+02
1.245544573351102372e+03 1.048832283190263524e+03 -2.311413642552059173e+03
-3.715570761335511065e+02 -5.778824444129550386e+01 -2.590369071356313952e+02
-1.187891601208313830e+01 -7.342101180358001500e+01 4.789325104720087012e+01
6.468563368446683626e+01 -1.031671112478620103e+02 1.282352084312810518e+02
6.635504837905761288e-01 1.884720693302095018e+00 -4.405671050175088865e+00
2.379642426929913768e+01 -1.201933254287296933e+02 -1.022252733788961336e+02
2.693843390745628952e+01 -5.874561713897018222e+01 9.318090699232607221e+01
1.349567451966823040e+00 1.512451175581896567e+00 -1.334257304040623815e+00
1.489644701997758336e+00 4.521721397422068023e+00 -2.325583766781595507e+00
-1.780051309450882968e+01 -1.822966936238088635e+02 3.049466341012834505e+02
2.283911890865360661e+01 -6.608725388502615772e+01 1.319230188513317898e+02
-6.800402051399800030e+00 -8.978872307378733097e+00 3.816416787095723961e+00
2.911213366970106335e+02 -3.646895507374121337e+01 1.508913167591928186e+02
-2.228956457629664101e+01 -2.586182591680440055e+02 2.677282608822968086e+02
2.012887985542548108e+01 -2.453602009736670553e+01 6.908035583171068694e+00
1.845685703109203546e+00 4.856816968508024246e+00 -3.679410043616146986e+00
8.966520133379882740e-01 7.307843904230272969e+00 -2.832165532133434915e+00
3.170648493514463873e+00 -1.059603398399035967e+01 -4.899479741113095699e+00
2.735565881244198394e+01 -2.199696590328444756e+01 6.593499357737348987e+01
-6.313085088183269633e+00 -3.407285794437535742e+01 1.425771888352820405e+01
5.368613770197095292e+00 4.552615337259535266e+00 -4.048159477270767859e+00
5.618034670463627833e+01 -1.250191164455672492e+02 -1.157999462245536506e+02
-3.335396841801270829e-01 -2.592482992951590792e-01 -7.509356394597289430e+00
1.240235966355159292e+01 9.839676707215044615e+00 5.514439291640410801e+00
2.154903999812660231e+00 2.254193276745578345e+00 -9.313003950810410103e+00
6.326277210138937790e-02 5.504791796804158643e+00 2.700842881839436771e+00
2.018735211773603737e+02 3.472479159138861178e+02 -1.344198678990287306e+02
1.647144867888139075e+00 -2.665586867946385610e+02 -2.508436479272588713e+02
1.209408866186704330e+02 2.227875926679361100e+02 1.741348601828333358e+02
9.677548225100576218e-01 4.295900008164954542e+00 -3.723151364487832460e+00
-5.949164341832950953e+00 4.014819573887800086e-01 1.002247515970271508e+00
1.592646563478095301e+00 2.874922490242958872e+00 8.370512540314183347e-01
-7.715363791994646192e+01 -4.492972239382377211e+02 -6.556845882959029836e+01
1.451036450172775361e+01 -5.469962510784333176e+01 1.041224546459995963e+02
1.894380377485696840e+02 -6.809357563311959893e+01 1.126820120066441291e+02
-1.007630030220295936e+02 -7.177500420253956293e+01 9.081028710858768704e+01
8.212774869130615940e+00 1.593536620210917576e+00 2.061387322989083337e+00
3.711086503960262739e+00 -1.125510557192908045e+00 -1.388842697210869659e+01
-3.878084887352260424e+00 7.530611789135621681e-01 -9.685987451672406934e+00
3.190414773399407267e+00 -4.570485787237204889e+00 -1.725502064497489840e+01
9.388790546081649779e+01 -1.177778473444356990e+02 4.577083154969788836e+01
1.706431743682991709e+01 7.602404274181691068e-01 -1.510489887580402701e+00
-9.043983939448484932e+01 -4.217403856788337890e+01 -1.878195101988389126e+02
1.603043581936413830e+03 2.173005589343782447e+02 6.726453640332254054e+02
6.614840381548117154e-01 8.480337871362529256e+00 5.138852412231118549e+00
3.672349940724626549e+01 -1.370268168784976126e+02 9.413983283355557319e+01
1.465261742097636954e+01 -5.498640096463864069e+01 1.042828477313472320e+02
2.450162644063827999e-01 -4.939440786339553968e-01 -4.689530046640561167e+00
-7.022293824259699591e+01 -2.288787076649681467e+02 7.309586752189142089e+01
1.062240322602795914e+03 -2.259158934278063680e+04 -9.611982833272303424e+02
-1.324058747081359622e+00 4.743170202987796458e+00 -6.536052873665867402e-01
1.439367374817689615e+00 3.949412413672339639e+00 -3.721118168856786923e+00
7.744605394975094814e-01 2.778655640152736694e+00 -7.275656373041084812e+00
1.500335870061421328e+00 6.999889550305730346e+00 -2.867457496059822475e+00
-3.438620854427600460e+00 6.639958976815767855e+00 2.265557793413043974e+00
2.543048415320375177e+00 -1.544535862428674022e+00 -4.804675711194864363e+00
-2.368026788189484577e+01 -4.800260625204683151e+01 3.898330119754888301e+01
5.554887259192118343e-01 3.264385514032872138e+00 -3.579126962176342630e+00
3.092146181885811362e+00 6.597480920406173510e-01 -3.408225015674334557e+00
-2.235362344910199539e+01 -1.369956177301652644e+02 2.834930431478891251e+02
1.968416195774939537e+00 5.221200102279906829e+00 -1.913755865137820589e+00
-3.069399565252130202e+01 -6.130942012593975932e+01 6.752723547442050744e+01
5.295071692784363648e+01 -1.037273293842126378e+02 1.334815743974139934e+02
-5.573503417048963371e+01 5.089109952001435744e+01 1.106508970003423720e+01
4.729701945379360950e+00 -1.509365321046204755e+01 -6.435626594493578878e+00
-1.528940028063045247e+03 -2.743098360132941025e+02 -5.270053446980937224e+02
-8.600565657127324570e+00 -1.168711995923862901e+01 7.272860781581028888e+00
-7.958025277146733245e+00 -7.381208374329196431e+01 -4.331137940434599898e+01
-1.984022982658844914e+00 8.123511160598376080e+00 -2.818280270187498715e+00
3.055592163041064424e+01 -1.897978108192301647e+02 2.281465638228935688e+02
-1.130058243437329111e+03 2.256014508057901548e+04 9.811832032865902420e+02
4.867580874843963734e+00 1.668508121701831115e+01 2.985783846030607336e+01
-2.158468761913633216e+01 -1.306746724797837800e+01 2.068416281159606740e+01
2.871817452373992552e+00 1.733583838098339491e+00 -3.952448263799837491e+00
1.432164876232886463e+00 -1.006898980814403544e+00 -2.183951742876114044e-01
-2.084109795097276729e-01 5.059571028662825043e+00 -7.262623834313759019e+00
2.883302670160652781e+00 6.603885505334882389e+00 -6.963708542457089479e+00
1.696136917297637048e+00 5.505792297231060672e+00 -5.885854836103338039e-01
-2.531790339935218270e+01 -6.898836945188693903e+01 -4.609337059854578911e+01
2.967734823795743182e+01 3.854598003440010956e+01 -1.019476945582210092e+01
5.195300743467770488e+00 -4.553606820559236823e+00 -2.761564745805888066e+00
-1.091028962518438448e+02 -1.676397818166024081e+02 -2.078565924808561931e+02
-4.452269360098079432e+01 -1.124575834044238007e+02 6.822737570379672434e+01
-5.889266425444950048e-01 1.076520677987436514e+01 -1.174473455104622843e+01
2.085503784534219918e+00 2.720238353689897970e+00 -3.483642755358384413e+00
-2.391682729570249819e+02 1.951028249523323836e+02 6.300869596228473313e-01
9.670825175820233710e+00 3.732966105439088800e+00 1.106096173754495027e+01
-5.090533605807438633e+00 -1.624006311528632196e+01 8.539396030187873521e+00
-6.291609278341493905e+01 -8.597733861176703840e+01 -1.107384375404925265e+02
4.033357801637523110e+00 1.488243150954500038e+01 1.941665810715477614e+00
-3.227294570190029077e+01 -3.280178557150223639e+01 5.313516342688134131e+01
-5.190082842902201321e+01 -7.423430002383926762e+01 7.686344518975977280e+01
-1.992904026569574660e-01 7.816046671661974088e+00 2.776072771794848570e+00
-8.277669293260439889e-03 1.325260629500055920e+01 -8.387384928381093729e+00
1.754454456469396684e+00 -4.686793689270315255e+00 -2.420547359111590779e+01
-1.331815915103797181e+02 1.449351041490021998e+02 9.372819736298790758e+02
9.886670910460294692e+01 6.280469027695356488e+01 4.147721501813890654e+02
2.722547901769088341e+01 1.487713674915305972e+01 9.483097094740638511e+01
-5.935900174391405670e+01 -1.282755619895664267e+02 5.430909103458917997e+01
2.085140447844414524e+01 -4.962076047607165208e+01 3.014987431944559759e+00
-7.291050323676361700e+01 -9.069969359174035617e+01 9.341007528459047649e+01
-8.035075443173517878e-03 5.295968991096052569e+00 -9.378000312735299104e+00
1.982872579575312244e+01 -4.106774929528303346e+02 -9.800523819620210020e+01
-6.772952338033071840e+00 3.443770112719398924e+01 -3.803307233924687836e+01
2.718537019655256870e+01 5.545851988553298639e+00 3.639410967747436843e+01
2.377071008612970715e+00 6.731481834853138224e+00 -8.839121285797913785e+00
-7.322412038529762413e+01 -9.150343769064559751e+01 9.372992122502665779e+01
1.281268706046456707e-01 -2.051979110111944067e+02 -1.043615274990115012e+02
1.857636072167002439e+01 -8.630969478086095137e+01 -3.912179436484885287e+01
9.768914809291008794e+01 -3.222099862230728604e+02 -1.918597408863324176e+02
-7.085072398308015496e-01 -6.896810285523404360e+00 -2.355913524934844183e+00
-7.009970383921963588e+00 9.412947833892387095e+00 -1.186633080916198235e+00
4.362727436839499546e+02 -4.453491172354093663e+01 2.112973600448106026e+02
5.849076310845385152e+00 -9.186723066472525900e+00 1.691259773344543760e+01
-7.847102267277517029e-01 9.456896119395485911e-01 9.792246580074450701e-01
-1.110709565827695258e+02 -1.109856812179747294e+02 -6.219257640509967189e+01
-3.332159980030357627e+00 -6.137616256798638092e-01 -4.664371138394875160e+00
5.950348253672211740e+01 -4.374083873506604903e+01 1.199075765547370338e+02
-3.858101992227420283e+02 -1.498994454081079937e+02 -3.686623592859478435e+02
-1.637656501074057473e+02 -6.667528903539391649e+01 5.498681296837034438e+01
9.708914517533426647e+01 -2.657046354915585340e+01 1.007590342804206927e+02
2.922740951073264171e+01 -1.522542777505118465e+02 1.185701698049461470e+02
-2.977899295303974441e+02 -2.028380729259306918e+03 -1.235502368602546994e+03
-3.910423570830596329e+00 8.917799790336188082e+00 2.479855653241281654e+00
6.963834483436066876e+02 -1.254297601724568807e+02 -1.088256852656355989e+01
-8.372321680063434712e+01 -9.511272906281908490e+01 1.039272283812133395e+02
-4.783000612993568978e+01 -1.806394531649087298e+02 2.201386565491119427e+02
1.860106844580867858e+01 -6.132476607589075712e+01 1.042971591323764358e+02
1.010282813062096352e+01 1.740296909811638670e+01 1.426610953819391980e+01
3.305119585129034920e+00 4.107905069344277571e+00 3.255926982844193240e+00
-1.873091872295018057e+00 3.761733996293219029e+00 -8.740263383290054477e+00
-3.797680252461219652e+00 3.097405521343537416e+00 -3.428382261059161884e+00
5.953385442804658645e+00 2.542832247545213775e+01 2.993002960714155591e+01
-3.850808106181737411e+00 4.899662060327464985e+00 6.505859555460369315e+00
4.884457180382648289e+01 -1.281097929307159120e+02 1.119831913917283686e+02
-1.310851860225357512e+01 1.449977415303600559e+01 -5.712589742447580221e+00
-6.445124410361989931e+01 -6.858117224898219888e+01 -1.171607715317716867e+02
6.713746090408237421e+01 -7.877621148961912922e+01 -9.150362164169997925e+00
1.955890096254891830e+01 -1.933491438708906571e+02 -1.153103769681191437e+02
2.304433619493424068e+00 3.734807786417322806e+00 5.080860999733634031e-01
-4.946671718027560161e+01 -2.620820081765339182e+02 2.438985444064868204e+02
1.097303737398571233e+00 6.501544846563561686e-02 -3.091316719681245218e+00
-1.036115488233807014e+01 -6.747620486143975249e+00 -1.180594661242426611e+02
3.417455923823968078e+02 -1.948822255427254788e+02 3.809165061278385451e+02
-5.516238187297390283e+01 -8.212612103364064353e+01 7.705741065259502420e+01
6.651374957343922745e+01 -2.169639366644426843e+02 2.562019600626973670e+02
-6.400927996274258902e+00 -7.287368161641562381e+01 9.907467183004118283e+01
-9.041122195662728700e+01 -4.346548744786967688e+01 5.291854001323383727e+01
5.647848210878366970e+00 3.273616725123688287e+00 2.789671178018242603e-01
3.658288332313341940e+00 6.669983115891755077e+00 -2.066489774990278860e+00
3.173710066479574152e+02 2.199692374634535099e+02 4.523145182736507195e+02
2.186378668442767292e+01 -3.175730102175904221e+02 -1.500553391380011021e+02
3.997422508856463992e+02 1.835953651867436292e+03 1.276916956472924994e+03
2.621105093812235776e+00 8.277458800929998972e+00 -5.854793512639707487e+00
5.096541192990128977e+00 -7.487786368219845556e+00 -1.330041825362294095e+00
-8.890038201928305739e+01 1.359393005931226242e+02 -1.931203087255611592e+02
-3.731328523413270787e-02 5.450787999461149447e+00 -2.005604846852266920e+00
-9.601253697135391008e+00 2.091629011402686444e+01 -9.889242476441292951e+00
-1.631550808772979622e+02 -3.157082588059491854e+02 -4.475980374263803583e+02
8.435268686223075463e+01 -1.879972139283129309e+02 -1.685065533599363334e+02
-9.218934594764978119e-01 5.891828707265040599e+00 2.552483620942648870e-02
-1.473969789844345790e+00 6.363757124245450925e+00 3.716306807818977043e-01
-1.841217324416686840e-01 1.103774902705400507e+01 -1.192710619824314300e+01
1.015583637540778028e+01 -9.980743493077630646e+00 2.865784196765749314e+01
1.366437885662407723e+02 -2.372989745736868485e+02 1.630543515527935483e+02
-3.005705301426887743e+00 2.778747926006558622e+00 5.481686742222891873e+00
-3.438259696308933577e+00 1.990570707563521946e+00 -3.556436653090347733e+00
-2.905489134949289287e+00 -8.408469171835764033e-01 8.603230134155777975e+00
