2.120614835987259195e+00 3.241505521529297607e-02 7.231779061478293080e+00
3.070338179209946006e+00 2.483211152025210922e-02 5.114089207846382656e+00
5.836618488557840045e+00 4.824143532645193411e-02 7.848588064490882310e-01
5.807124291379620828e+00 7.015108024221039518e-02 2.183086223446751628e+00
5.930116708132409542e+00 9.391644817595826145e-02 3.868294226306404626e-01
7.537738807318122625e+00 4.368276805658230511e-02 4.151039447231481994e+00
7.737446215379157444e+00 9.329190596438408090e-02 3.577442585713713985e+00
4.132577229009836373e+00 1.502939085162701138e-01 7.449968120638571278e+00
4.206933006778113437e+00 1.472738680966046432e-01 8.831864744122871258e+00
5.092727147195979853e+00 1.312006451595026102e-01 4.964444910991114845e+00
6.095521694008796842e+00 1.598082858829253383e-01 1.107441262666428727e+00
6.245841250893320762e+00 1.402701167354980794e-01 2.020056059861503162e+00
7.466814043266532863e+00 1.348112619217793073e-01 3.279091881624881744e+00
8.547571266375893373e+00 1.387596046743202749e-01 5.214390070749018946e+00
9.312977246409200660e+00 1.383340099516868760e-01 6.594469712261288308e+00
9.328665235742851891e+00 1.499644771557077649e-01 7.642099626427279802e+00
2.882895420921434138e+00 1.948329199974113135e-01 4.028298691295173484e+00
3.264204308362437246e+00 2.248377400084714539e-01 6.793936859712932375e+00
4.775438576175250915e+00 2.312355750216631978e-01 4.305543485658670733e+00
5.397370039825947430e+00 2.175141341476179435e-01 9.743531178693836114e-01
5.368471310534064678e+00 2.123135954835291828e-01 6.597145880771575932e+00
5.967658520060740379e+00 2.103758273680937374e-01 5.797118144646992377e+00
6.656130739308017574e+00 1.779314721372317609e-01 2.604498570181371098e-02
6.687882738086394774e+00 2.133181625387175484e-01 7.419547194860735218e+00
7.901053335392070665e+00 2.132825798647837723e-01 2.342203864921081458e+00
8.143399178885527334e+00 1.946013328849595658e-01 2.139103273185862797e+00
3.828255349824318365e+00 3.080010511915877158e-01 9.375231200788094466e-01
5.878681783939512684e+00 2.516495752614097414e-01 2.123835728413411505e+00
6.297176033680441876e+00 3.311725180422374626e-01 4.452172107446498828e+00
7.097335128214320221e+00 3.242596728458048139e-01 2.229868176033222404e+00
7.846430187249291421e+00 2.935885581783609366e-01 2.100824528934585267e+00
8.002466255322033817e+00 2.833437263649484228e-01 1.927957760933464382e+00
7.959212020900294782e+00 3.012467171570555324e-01 5.304453261379344475e+00
9.539040304874891518e+00 2.833828335822901057e-01 1.327874529928758651e+00
3.543137878503382687e+00 3.846850444177521977e-01 6.086599895616540579e+00
5.600516416262427910e+00 3.541768775092097865e-01 2.916649674245036739e+00
5.770804551854515907e+00 3.547690170450172875e-01 2.330353518279327130e+00
6.475188359957336104e+00 3.709754277214734053e-01 2.667567209802554906e+00
7.637445731900744050e+00 3.656330118608668300e-01 2.327265299289519085e+00
9.030356268263860287e+00 4.087799921966415173e-01 5.572998323192283721e+00
5.901071670257025670e-02 4.117465285838418643e-01 2.663596781080256548e+00
5.592406431633216712e+00 4.147969799054068707e-01 2.519966399181598593e+00
5.931753514341663092e+00 4.269722964957173295e-01 9.402219661454862987e+00
7.045071300561580152e+00 4.844055262940045736e-01 1.701980533610573776e+00
9.400617672312565176e+00 4.583134318853793188e-01 5.605742338898463295e+00
4.873844038648689203e-01 5.082633776798547443e-01 2.710772983068544750e+00
5.642044229437505720e+00 5.063577998787165413e-01 9.832279115296422844e+00
5.881481339658904517e+00 5.218355453135957722e-01 6.890068774688648645e+00
6.173863887093499869e+00 5.608499286007030404e-01 4.052986521364991823e+00
6.254778585077482411e+00 4.909291544805205465e-01 1.496130649444985083e+00
8.830103872564997403e+00 5.438358667300955407e-01 8.127199583936382865e+00
3.320057577718785513e+00 6.428863751102795732e-01 7.328125885884786861e+00
4.383342625869342868e+00 6.299771675378182945e-01 7.281844575841015521e-01
4.699839795541919329e+00 6.588827286545454465e-01 5.266716449486924745e+00
5.148622142052321493e+00 5.661028963195412489e-01 9.369470942186653772e+00
5.241336104255869266e+00 6.318086065478123459e-01 3.144115001447433944e+00
5.362005427049138184e+00 6.098808934127953885e-01 6.682306927855059975e+00
5.461986873491595951e+00 5.864112020525888980e-01 7.630877983001967735e+00
7.820208842293793872e+00 5.942010486518034540e-01 5.800897153215402113e+00
8.148268946473001151e+00 5.971249508679410400e-01 1.841214855990695565e+00
3.844626375870423107e+00 6.688648708672195742e-01 8.209232933143699729e-01
4.910495079495456494e+00 1.024855331155390070e+00 5.585005700327020151e+00
6.226606658862645638e+00 6.659321790641647976e-01 4.555743679469466123e+00
9.326763519595495211e+00 6.562321279309931699e-01 6.852393004703147383e+00
9.941113683331591844e+00 7.119403268639948879e-01 2.569080435544321084e+00
6.428538265299713395e+00 4.152111342862542243e-01 4.534724004536680120e+00
6.348723448505025679e+00 7.419932823328114768e-01 2.836316494922503928e+00
6.833001471953119577e+00 7.456541218825003536e-01 9.602071255711329911e+00
8.302713864818052514e+00 8.350100038664853841e-01 7.746953899408101307e+00
9.206089990131999912e+00 7.660308671780415857e-01 3.303057145976761699e+00
1.165632231047111222e+00 8.743617725545730357e-01 5.909797684824765085e+00
4.580751539738695755e+00 8.661285013366206709e-01 3.694142271875583194e+00
4.622124803131614890e+00 8.949209507978920231e-01 6.276103100522208322e+00
4.860047485849313453e+00 8.609946936482191227e-01 5.705092600740596431e+00
4.913908247986602085e+00 8.564858746981148796e-01 5.797763278623472516e+00
6.079382583519891803e+00 8.322584391191564235e-01 4.854523767693931013e+00
6.168134153930877162e+00 8.413431606215453495e-01 5.165579911897206777e+00
6.285124409920234356e+00 7.941407399199770234e-01 2.900303098159650261e+00
6.352201736599687010e+00 8.554466199753990585e-01 9.746098283509088134e+00
9.895400944915177632e+00 8.597850840499809966e-01 7.318645953216182498e+00
4.672068658946414210e+00 9.170197121502797755e-01 5.759972668556437192e+00
5.577375580766469554e+00 9.145214496535292170e-01 6.767235041960659281e+00
5.797934441044210629e+00 9.031701750271592388e-01 7.018220864846906437e+00
6.679995904438308152e+00 8.960030489087115191e-01 4.033729358692790257e+00
8.326579771870678215e+00 8.893696816831554441e-01 7.724077708050822721e+00
8.524223530769205581e+00 9.229312165916725430e-01 3.153222998429167312e+00
9.138046483773912598e+00 9.383871494414015579e-01 4.797629643761199603e+00
9.751819940982469959e+00 9.422474258578011908e-01 4.713862258169577046e+00
4.456411699035427887e+00 9.761607160167953268e-01 6.026273207965894052e+00
4.792023167034454190e+00 1.026481343190608353e+00 6.409578729097296090e+00
8.177139551095626402e+00 9.702084480947724687e-01 3.344187949817344352e-01
8.254068146353853663e+00 9.810743580191798596e-01 7.365307238038545812e+00
9.296863068208221392e+00 1.038537160920159241e+00 8.167389599888306151e+00
3.728894939231290007e+00 1.051376255698249329e+00 5.910211530444796857e+00
4.545949364454830111e+00 1.111232229888468703e+00 6.952355330922058485e+00
4.852186483587489718e+00 1.093199944586652261e+00 5.266548598301755924e+00
7.478417570135709624e+00 1.078272678840882293e+00 5.906093508760339006e+00
4.053143216330186149e+00 1.138001131777115038e+00 1.888960910946337446e+00
4.767602129684004986e+00 1.134114368959597829e+00 3.575636271535416633e+00
4.763617275403427165e+00 1.127545136745737420e+00 5.153506013048431811e+00
5.484052391297733031e+00 1.162738461934522238e+00 6.833340999277567995e+00
5.484632471306197132e+00 1.132058055843291999e+00 3.399434820535858215e+00
6.301681680660564666e+00 1.174138099925985834e+00 1.273409502312177644e+00
6.283428819792915121e+00 1.170888709244558790e+00 7.702689344607190236e+00
7.573163374718220986e+00 1.182873012876455077e+00 7.019510750484530881e+00
8.890812310761546655e+00 1.118108361411074503e+00 1.606999415921533281e+00
9.840217696946705672e+00 1.138146512115282949e+00 3.607656845260604594e+00
5.658825561803872972e+00 1.246861534504935198e+00 5.062446019569604161e+00
8.073502709886232864e+00 1.246382172073912109e+00 1.620950347380798462e-01
1.754081134223979932e+00 1.337660172327786112e+00 9.366650910098478278e+00
5.109280614628625372e+00 1.304074023900778423e+00 5.233495703991291492e+00
6.266419041578211946e+00 1.305210962806712338e+00 5.418314308132887724e+00
9.257593469392274343e+00 1.286170691347404471e+00 4.922727064828579913e+00
9.813588321422532346e+00 1.345679948521224301e+00 8.011555984755489135e+00
5.843403409958664696e+00 1.352839198569632639e+00 4.639512224960930631e+00
8.689570494162083492e+00 1.347937608019610378e+00 1.787505075507154761e-01
7.044669394800891216e-02 1.491247274334691841e+00 3.871668336059947535e+00
4.446072135913812673e+00 1.758993363293272383e+00 3.784134777337596400e+00
6.219011502854357332e+00 1.436580306004971330e+00 6.057648221056768367e-01
6.202809869889931882e+00 1.490111756270592114e+00 6.335608450779378842e+00
6.908730400207335975e+00 1.498532686275638515e+00 5.939427200036465848e+00
7.008507366774678005e+00 1.462874997079850248e+00 3.200990641296476813e+00
7.145038038790509916e+00 1.457630035351361375e+00 3.017706496610212064e+00
7.621798119634462410e+00 1.443133606425388127e+00 6.102080494784666520e+00
8.419993008679846014e+00 1.487029690614062094e+00 7.252080113956060003e+00
8.812655300459995900e+00 1.493542770374354900e+00 7.175755031746273715e+00
9.747986796846094038e+00 1.486709057556992342e+00 7.233670139494664753e+00
4.253405789367254108e+00 1.568059638546288603e+00 7.136753217781464542e+00
4.629224327079579204e+00 1.571307949823999683e+00 2.544535948031631190e+00
4.963695191531993345e+00 1.252437808805592301e+00 2.425927372713822194e+00
5.333328898793831208e+00 1.525132569063054611e+00 7.172860347011502213e+00
5.660800107402767622e+00 1.586338926988873466e+00 8.062086796139041667e+00
6.068056425943463950e+00 1.526281563789267937e+00 7.053435226809430247e+00
6.334420320795363324e+00 1.515296217060681849e+00 7.997509898009521834e+00
7.473200784270694008e+00 1.573129595540438963e+00 8.228668384307862738e+00
8.175641879981110804e+00 1.535241070753341042e+00 6.556398475509970680e+00
9.359324770934607685e+00 1.530484693523840978e+00 4.235036381246666259e+00
4.685647121307027874e+00 1.646691020761412494e+00 4.490888812778630168e+00
5.100163744567693058e+00 1.632079675211520975e+00 2.910149055649929650e+00
5.744875925248702053e+00 1.638534795885082662e+00 5.802519649691872949e+00
5.902734342554598612e+00 1.620787714804044377e+00 3.452927603254047462e+00
8.362526076236280304e+00 1.633846394089033982e+00 1.006864062787090397e+00
4.693734621794856565e+00 1.698048243740415852e+00 5.706504161209439374e+00
5.184446302382844429e+00 1.727488375178734659e+00 2.423724176335597669e+00
6.231780946273634214e+00 1.658964946130834450e+00 5.406669493903828894e+00
8.389644266236178538e+00 1.666590963426124894e+00 6.431919777951761397e+00
8.480261028323281991e+00 1.708444243928278317e+00 5.714287594593411512e+00
7.913119720733389206e-01 1.756464761837593924e+00 5.127845472110601932e+00
4.678391166949818825e+00 1.789945545564948670e+00 6.714099171381850084e+00
5.333711766566482382e+00 1.789744453481714626e+00 2.644769704725748127e+00
6.141336985107122892e+00 1.733775838353299292e+00 3.105564450894889639e+00
4.463159885772073565e+00 1.871850443444910361e+00 4.216852115212980756e+00
5.283828869604970002e+00 1.864075259743949831e+00 2.617531354783268149e+00
5.330502994966359154e+00 1.981250681003662528e+00 3.562117243379194775e+00
6.518289323820287251e+00 1.869197580731692288e+00 6.439503110606114689e+00
9.445908177104453074e+00 1.829393257051671551e+00 5.489530289173515598e+00
9.571650219749303190e+00 1.827050009967899680e+00 8.795330099612435504e+00
9.685347969409960456e+00 1.863483408803655372e+00 8.740220125350212754e+00
5.233984461962085000e+00 1.842373634337128863e+00 2.645764955337089663e+00
5.251391806773636262e+00 1.792242562976206433e+00 3.831769500279510687e+00
9.391054444644547416e+00 1.933580337371424651e+00 3.025559125267311078e+00
9.618360983300316747e+00 1.906913123388324083e+00 8.208290243847452317e+00
9.909005908112312966e+00 1.922805722739115986e+00 5.022304415694622826e+00
3.864737322175172629e+00 2.049630372692366365e+00 5.866537153307334940e+00
4.915974642778257575e+00 1.999278958660489991e+00 1.982929036595978634e+00
4.875866216484621596e+00 1.995460815482803074e+00 2.173020780082768333e+00
5.768645995078342636e+00 1.980060600625638045e+00 4.377004765738139014e+00
6.439983798570304785e+00 2.018546006101642476e+00 7.139030399872536847e+00
7.676192068997957918e+00 1.979092579914244698e+00 3.363400939830695435e+00
7.925976885489971480e+00 2.039850754332708682e+00 6.810590107739162846e+00
8.255457810375220973e+00 2.075707594221039454e+00 7.958988298431904695e+00
1.350590728766575044e+00 2.062315122625432817e+00 6.501623470613536071e+00
4.383560727147449043e+00 2.078129539387337577e+00 2.311614748568551203e+00
4.419309837581013589e+00 2.067825911033461139e+00 4.728421395742531175e+00
6.395378062416710918e+00 2.056893930202528864e+00 1.504457564763373334e+00
7.902471820462904972e+00 2.110956934942720409e+00 5.583005960808821833e+00
9.454208552326013759e+00 2.075766450648582229e+00 2.900443237978149735e+00
5.696196086165215833e-02 2.156211040321461603e+00 5.484721155236605306e+00
4.832775196888787761e-01 2.125217636092678664e+00 4.665078630505618662e+00
5.461477826572237682e+00 2.165587510982106778e+00 1.280132398159140317e-01
6.309492556731104429e+00 2.161779854579892746e+00 6.974165908174249751e+00
7.710837527048349571e+00 2.197618964667817920e+00 5.001675639049114608e+00
1.248951635983083008e+00 2.251992399152373370e+00 4.846176984170334379e+00
8.021416817040117664e+00 2.228281409684043979e+00 4.893619433550028042e+00
8.151786970611651029e+00 2.226760598798223967e+00 5.809269724364590104e+00
1.392287703994047776e+00 2.343057463904002269e+00 2.230261209207369255e+00
4.898694078289548948e+00 2.299111678448255702e+00 7.915099658964178886e+00
5.144268843786633738e+00 2.296048275489196655e+00 5.498121280123963395e+00
5.215426263409298713e+00 2.309356208848506231e+00 2.861059556394458081e+00
5.391246208290358055e+00 2.320118325050722685e+00 5.837652114008717419e+00
6.236157604567109658e+00 2.321124837607039915e+00 8.092796271731154789e+00
6.504267302538368156e+00 2.298985244511581261e+00 5.967022784673991609e+00
7.629873268093122718e+00 2.340538721968961067e+00 7.691533666074680475e+00
7.886379852580876815e+00 2.281422611817622403e+00 4.651278595772689428e+00
8.260863870352432414e+00 2.385270642304354372e+00 7.789229536429764345e+00
9.151456484853454754e+00 2.345682780284493951e+00 4.412656792913214332e+00
9.388438225231789502e+00 2.335910355332242894e+00 5.475049894928671890e+00
1.356232457799160795e-01 2.380703106398808888e+00 6.857671573034684442e+00
6.460381534622609223e+00 2.432494066184874626e+00 4.855440622570275977e+00
7.046997727544304979e+00 2.416626590022771026e+00 1.088170067189140333e+00
8.553249014427866115e+00 2.362793131818881509e+00 5.512540088905373281e+00
3.859297988348227015e-01 2.508561917753671100e+00 3.786502783041700404e+00
1.522917568804892818e+00 2.487843460845379440e+00 6.757925910257994495e+00
1.630686903236414409e+00 2.494313965015931611e+00 1.881842837340684138e+00
3.588806536440686479e+00 2.460627360299039168e+00 2.283706489955935837e+00
3.887901512201129783e+00 2.443792939541401310e+00 5.557358219120440701e+00
6.117538324375198400e+00 2.466095461276464285e+00 1.636553432273206710e+00
2.676536326032923352e-01 2.571564200831716995e+00 3.705295789777926174e+00
1.471016714409274506e+00 2.491139431176507379e+00 2.320990974237944648e+00
1.578581183819814937e+00 2.545230897144145743e+00 6.634152444113800229e+00
2.234770886786152211e+00 2.582658680565790732e+00 3.700899678623973621e+00
3.601440183878313661e+00 2.519893846083295585e+00 2.844165930738662418e+00
4.782984129645451610e+00 2.537253738101539202e+00 6.193395701493903616e+00
7.219159939764534073e+00 2.596955992168282545e+00 6.717652461003619457e+00
7.569717056537760946e+00 2.558844625751829582e+00 6.796856281946227263e+00
8.152910903833324952e+00 2.534118144795848515e+00 7.669739893841649447e+00
4.478681581198994621e+00 2.632372497797185851e+00 5.880436652197909453e+00
5.979483549212808668e+00 2.637642334931456389e+00 5.925905784155336420e+00
7.124457203626867852e+00 2.632396811671244841e+00 6.480941018919614827e+00
7.316880712282745947e+00 2.689884115328784020e+00 8.536505583659190322e+00
8.554794421260966786e+00 2.647089592773791189e+00 8.160462012455351299e+00
5.788666580231321745e+00 2.732765887717207853e+00 4.449740292114356954e+00
5.985715292355981987e+00 2.711174271980251849e+00 2.277817224532583840e+00
6.278247588003559088e+00 2.704907854763402675e+00 4.731434828500024281e+00
6.468640249378591278e+00 2.691667688460818830e+00 7.897583706256206426e+00
6.837097158001579800e+00 2.736863559693657244e+00 5.966352086809161293e-01
7.020300170517560723e+00 2.745517725052939451e+00 6.861976489572962024e+00
8.814358280092239539e+00 2.746876804229199998e+00 8.322719580836231756e+00
9.704109169763465159e-01 2.793568957427341459e+00 6.374728629584471007e-02
6.125844967269493679e+00 2.771409548449899063e+00 2.522267052697471534e+00
6.604236167656265977e+00 2.818110361390551155e+00 7.063057727033463351e+00
8.089297631924816656e+00 2.772291853076418011e+00 7.935263020038801685e+00
8.471165112981637435e+00 2.828008148360931617e+00 8.348524937483723818e+00
9.603590877428045403e+00 2.776453930370593959e+00 5.332668820733914572e+00
1.590273000792913893e-01 2.826717148344876307e+00 4.689439429314608887e+00
1.153555518938333968e+00 2.885029217946333269e+00 7.075734577052561924e+00
3.249243462904152668e+00 2.854337729536251977e+00 3.726974204455943518e+00
5.039110384080122351e+00 2.823677486445653084e+00 5.054940881589878643e+00
5.218881600770703955e+00 3.092586934121131836e+00 1.687581309992689960e+00
7.573030821096882192e+00 2.873115709977185794e+00 7.965845130167082289e+00
8.754011961615645987e+00 2.880527110413427128e+00 7.840669784442915180e+00
1.222804952302489312e+00 2.980188943954984460e+00 4.806208979355628408e+00
3.178446778446217813e+00 2.949270419751249150e+00 6.882047425386181416e+00
4.273657954637977596e+00 2.962268364757040473e+00 6.345200285654883032e+00
5.908195708813880564e+00 2.738801666914861599e+00 2.100147978816429895e+00
7.504131954013127270e+00 2.938540198637704659e+00 5.038230500385861177e+00
8.935237270458104675e+00 2.910990096608480293e+00 4.808522065892207209e+00
9.033186740602904052e+00 2.907241704586358999e+00 5.099303846423476116e+00
1.054301295390492221e+00 3.022510028031785367e+00 6.650156360534436040e+00
3.789305050069234682e+00 2.990517172731582018e+00 6.159903451346785630e+00
4.515397825902006446e+00 3.050250454117525489e+00 2.841774954607593440e+00
5.463973401751512249e+00 2.990570824495709878e+00 6.222420498397843502e+00
6.701542626513543155e+00 3.028948025307245384e+00 5.648577342236503540e+00
6.972855828253644361e+00 3.044747766495685681e+00 7.559977678503978282e+00
7.088752337807592063e+00 3.080792054193548957e+00 9.068435413787394594e+00
7.248111435820554505e+00 2.985203398690369436e+00 6.814297661665745132e+00
7.641244118853617096e+00 3.044121381823028827e+00 5.311046212474400008e+00
7.724910084937599564e+00 3.001270691985626904e+00 7.104618435872575688e+00
8.537727262994419419e+00 3.056407011283541753e+00 8.451849672298632044e+00
8.848302762764930662e+00 3.044982460131867352e+00 5.542191886476215412e-01
8.103960677725809136e-02 3.055797773329385514e+00 6.827818483775534020e+00
3.270235962011010411e+00 3.087260124017856100e+00 4.545881579139862794e+00
3.835031871829372108e+00 3.057289368402106078e+00 2.791627458640037585e+00
4.020414692751256069e+00 3.065586094463870204e+00 2.854167409810501876e+00
5.083488337229522536e+00 3.062591863578582263e+00 4.434824928429243585e+00
6.300373800149798420e+00 3.103640896679865868e+00 7.709221102603092568e+00
8.499365551105812600e+00 3.118722495575929621e+00 9.300418444636784798e+00
9.310318737534778677e+00 3.124391465898178843e+00 8.710716276468041031e+00
9.585448544868318876e+00 3.110777019380309483e+00 3.782097638563949538e+00
9.721958473257773292e+00 3.064066989872516800e+00 5.330767412192454202e+00
9.767494436695907112e+00 3.052469196262906248e+00 5.228516646832948922e+00
2.790621401379628219e-01 3.140437020838406923e+00 7.329715315069426751e+00
1.510996839074600917e+00 3.209446498087068278e+00 6.307487253397065174e+00
2.433877485564209131e+00 3.148968294347409547e+00 6.484809472419964749e+00
4.590264284127668404e+00 3.168719312700182034e+00 4.135561402231547667e+00
6.557776537565076502e+00 3.170364573136588593e+00 7.154051487083799010e+00
6.777853346879918028e+00 3.196456357223111056e+00 8.506444262262057521e+00
7.768217387799376539e+00 3.177551063799892717e+00 7.946713773680325943e+00
8.065935164658906587e+00 3.250307197650244007e+00 8.532083625030484342e+00
8.457975215724747642e+00 3.187098967500030966e+00 6.093112794304433422e+00
8.791994688975080408e+00 3.218075974881044132e+00 7.114059233308069885e+00
9.754767498317860941e+00 3.188344817830883748e+00 7.933947622432540925e+00
1.318406187898566229e+00 3.220704233817264672e+00 4.860193542957214063e+00
5.155446984167241453e+00 3.208933182293312925e+00 9.549640283281841668e-01
5.399135214046996367e+00 3.257039929866652805e+00 6.424803501291165730e+00
8.920385902466078321e+00 3.224015519883802749e+00 4.598893029590009007e+00
6.723284544528887352e+00 3.347772062700054452e+00 2.422497890770415996e+00
6.983177337142103980e+00 3.339536018897496739e+00 7.024645577860697543e+00
7.203302765424965060e+00 3.320122566380855567e+00 7.538225935927719945e+00
7.437321468634179311e+00 3.377566417669803922e+00 7.676356712973614549e+00
7.969756433766128190e+00 3.342603080593346654e+00 7.037167060588950918e+00
8.247999354022404361e+00 3.326807980145486177e+00 7.224391367909928086e+00
8.294103741944146790e+00 3.344985062849305635e+00 8.403512879561871429e+00
8.679026347870230751e+00 3.311593849065049167e+00 6.553920324162220368e+00
1.511525689500912595e+00 3.442862677419821882e+00 4.191045480763119002e+00
4.718110015643512511e+00 3.405509588035945612e+00 3.698210637140498136e+00
6.694734405673823829e+00 3.426278106522887779e+00 8.802028495044826428e+00
7.577835098498725941e+00 3.430063155842840050e+00 8.100851861340199633e+00
7.680119910216120616e+00 3.430077021905725054e+00 5.986796761050323212e+00
8.490708456316038877e+00 3.382239323733072123e+00 7.193970398370566954e+00
8.843416778656294497e+00 3.419518067720459520e+00 5.225622038948586123e+00
9.566997732451191894e+00 3.430994704301353782e+00 4.709302218711324706e+00
9.574223234743660882e+00 3.367959186309890995e+00 8.184779395394137680e+00
9.865040031540466714e+00 3.451499282975945881e+00 7.316938285094419570e+00
6.371534309826615505e+00 3.500224083339918302e+00 7.896131910150901767e+00
6.690796849861612827e+00 3.517667893883105634e+00 2.848468788647567251e+00
7.992179476636469104e+00 3.467140410637462367e+00 8.643981693762977869e+00
8.376887443251849419e+00 3.461792614322933836e+00 6.180777975059472240e+00
8.852076658641133022e+00 3.439264719106820856e+00 5.076869872800108041e+00
9.184001794599343071e+00 3.497437796290928880e+00 8.400107535705350514e+00
9.607850857757537000e+00 3.483852188152604334e+00 6.164217803273906782e+00
1.202088512446674251e+00 3.564693925072810465e+00 4.953425665673207412e+00
1.391458797287911775e+00 3.562038922319492151e+00 4.078783575231089031e+00
2.267426800252632990e+00 3.579039660002037326e+00 5.035803310280935641e+00
5.006976985025756832e+00 3.519001698744460782e+00 2.121236671687988462e+00
5.725866840607332087e+00 3.602933227063035648e+00 3.633236931145254811e+00
8.163182767546263818e+00 3.563735475699452149e+00 9.081400167815857571e+00
9.706394435439911206e+00 3.560379430519355015e+00 7.389855679958735379e+00
3.934401747760850609e-01 3.640798419560629107e+00 4.983978623293505272e+00
8.865343584213407624e-01 3.622595953662940182e+00 2.036401204860613934e+00
1.510414176714694801e+00 3.651950823281737701e+00 5.660822620807680394e+00
1.991094312061116645e+00 3.639803977567543036e+00 5.800275492525903687e+00
4.130077592049237190e+00 3.672558810420119890e+00 4.620001311871819283e+00
5.118291576846092816e+00 3.663738210673603390e+00 6.222769207133527658e+00
5.545963012922999091e+00 3.664817028962319867e+00 4.612972539133388672e+00
6.665148638915264101e+00 3.641903043387941352e+00 7.360377938504733208e+00
6.750460145853138805e+00 3.598665677475358926e+00 2.855666533924615891e+00
6.763613406545105455e+00 3.690598915005260938e+00 6.969926153478841258e+00
7.103675664543539270e+00 3.651775138340132454e+00 6.799561442178162274e+00
7.222104551789605864e+00 3.676167190106789384e+00 9.007659970125160953e+00
7.417795315026113556e+00 3.680335494396247409e+00 8.676236638277867286e+00
7.739493025743607646e+00 3.655853455800521790e+00 7.984791194177596196e+00
5.298846340886568917e+00 3.703347587872365843e+00 6.935368018786645550e+00
5.653416580657308010e+00 3.696997137245081166e+00 3.046046973298802030e+00
6.332619749097968764e+00 3.737070767349521816e+00 6.408753316713911019e+00
8.129465907524556556e+00 3.740100375078006856e+00 5.203123719133394331e+00
3.266421805021889613e-01 3.772251047080811048e+00 5.329086570280432866e+00
3.616081771527047684e-01 3.781900182546439559e+00 3.553971273472834813e+00
1.971917780863867264e+00 3.828318413489872007e+00 6.731275580061527819e+00
4.273999998140259216e+00 3.781241909252572420e+00 4.076432175719176598e+00
4.734154023456036420e+00 3.784010249065413056e+00 2.369180252668720676e+00
5.111635150488931245e+00 3.811593355334010447e+00 3.376030497673434994e+00
5.829532660337719108e+00 3.755049145842992875e+00 3.758805849408427324e+00
6.779945543087316118e+00 3.765084872900775537e+00 6.931611457713328761e+00
6.847360435355500208e+00 3.810014656248151610e+00 9.602461993483714764e+00
7.052755196073170474e+00 3.789030434229816002e+00 6.671391329087310584e-01
7.728060309768899572e+00 3.792007169016448742e+00 1.363727280287266197e+00
7.810868330599531006e+00 3.804731871653781461e+00 6.717747272121568081e+00
8.070291231251115249e+00 3.595009297972273643e+00 7.362620091849095161e+00
9.601219427779261295e+00 3.795857024133769464e+00 5.012246698757224728e+00
7.694135349788933098e-01 3.872097568798197997e+00 6.610220106735212653e+00
8.790090461278663447e-01 3.854692566859695191e+00 7.203785253844867675e+00
7.522992558132012064e+00 3.893328204443221807e+00 7.529178526158665896e+00
7.496445571635097949e+00 3.914540561626802528e+00 7.569825014374206518e+00
7.850275245391234336e+00 4.026225713933865080e+00 7.107433473688931969e+00
7.960239266510410694e+00 3.911130133297948230e+00 9.920497079693076259e+00
8.151399720501924406e+00 3.887768939357843845e+00 8.080973091951317855e+00
1.089985392869264214e+00 3.917033585823312958e+00 7.011524401682025953e+00
1.755821926363780872e+00 3.941499859109562465e+00 2.481401236187726678e+00
4.978091112411882513e+00 3.950335036504883490e+00 3.441301191422466932e+00
4.968197947187922736e+00 3.971342820266461349e+00 5.351047020275341737e+00
5.754878852840459302e+00 3.956863311508030279e+00 4.671839903232418933e+00
6.858106989929604325e+00 3.982856071411841725e+00 6.567141277264316734e+00
7.509307279735355500e+00 3.906777939926668441e+00 7.540988123033461221e+00
7.884196777216783580e+00 3.911152677603259242e+00 8.371013403913542206e+00
8.004084215999689889e+00 3.914513380417990795e+00 6.989448884899363890e+00
8.330138067288073600e+00 3.919624391081432790e+00 8.208476249054122320e+00
4.680806647845114910e-01 4.030275420425722288e+00 7.552449208774146605e+00
3.785614176195818636e+00 4.063198806863884904e+00 6.127850148260881369e+00
4.792443462057951464e+00 4.049566339127566472e+00 5.498217456016240234e+00
6.463445447310878222e+00 4.068977134457379741e+00 7.552952463050276677e+00
7.298317238797626061e+00 4.039720680835894306e+00 9.533190855879933423e+00
7.860108692819046006e+00 3.987913281080164296e+00 9.854216414850684558e+00
8.354931031362841765e+00 3.995375595128654922e+00 8.881319687602967861e+00
5.422190869638441768e+00 4.133272187308856260e+00 1.115608819518620454e+00
7.058166226706996227e+00 4.120418112768985175e+00 8.239690830073545413e+00
7.209961346226635648e+00 4.145829195994837235e+00 1.998707767228442012e-01
5.592885289349364797e+00 4.320293240635430188e+00 7.201878990571472627e+00
8.914200430917443185e+00 3.924358841214368177e+00 9.980416158326086418e+00
7.609850479120829903e+00 4.131980714954198497e+00 2.490062004412874952e+00
7.988978909028796593e+00 4.112253518749787951e+00 8.954397777712392426e+00
8.161801992097696967e+00 4.096035140711149047e+00 1.322488717494350874e-01
8.522225740447355591e+00 4.058772365583636521e+00 8.066442235240508296e+00
8.709460330232852598e+00 4.096851651109296277e+00 8.117211926821429557e+00
9.018290401758960684e+00 4.107783925347291643e+00 9.053269022438481528e+00
3.010736703131695169e+00 4.192892698778827310e+00 8.140877285522320150e+00
4.508985037492608150e+00 4.190822712884307855e+00 3.078056308614349756e+00
5.039848971937018973e+00 4.184172159406179148e+00 5.850645930712216725e+00
5.670649634513089232e+00 4.155806277707057461e+00 5.108943977251640511e+00
6.310531935011716165e+00 4.162392326541334953e+00 4.489761886476541619e+00
6.696758634376207553e+00 4.168194926406887824e+00 6.445648756340442986e+00
6.859083197727825265e+00 4.172524538202077693e+00 6.464591737308860608e+00
7.064841051691709950e+00 4.215571660402956944e+00 8.351854175181556705e-01
7.186489369645054914e+00 4.168397268137759681e+00 9.390611668868398709e+00
7.598877429309611742e+00 4.162604994801254676e+00 8.862899653595370353e+00
8.755204572455696166e+00 4.206499431118598586e+00 9.669462991507973726e+00
9.250923403888410945e+00 4.198783120905061672e+00 9.749609521789755817e+00
9.438767349219304492e+00 4.160392254494251318e+00 9.104860814374607259e+00
5.578533175022307056e+00 4.210512209454464916e+00 5.000894720699031737e+00
6.681867638585456959e+00 4.249670783043524303e+00 3.170933724639148021e+00
7.056317385307531609e+00 4.241799997092181584e+00 9.496301615720780021e+00
7.111535060923866780e+00 4.209692237911741408e+00 8.233435147640882690e+00
8.011965632051829544e+00 4.240119284665669674e+00 1.985533810554934497e+00
8.942655344478126267e+00 4.268209253087321464e+00 8.751576461462716949e+00
4.277418754492499531e+00 4.342275222876006424e+00 4.289254955076357234e+00
4.311834149861022425e+00 4.345450917512184041e+00 5.653406555198226435e+00
4.958522423147799785e+00 4.356772532151929056e+00 4.403406018968301083e+00
5.029516695011249539e+00 4.298648300795180788e+00 3.489999266067876693e+00
7.116642691396202203e+00 4.329605837210753094e+00 7.378409844849567634e+00
7.262392440566909357e+00 4.322801232874198263e+00 7.608398637456879499e+00
7.565394791849017864e+00 4.357414495746325223e+00 2.134663821523046678e+00
8.729161496120687147e+00 4.325157167717327056e+00 7.716494404422212128e+00
4.719073634275008367e-01 4.407496725493102119e+00 8.385391315659305178e+00
1.100625229985171316e+00 4.427540810432142315e+00 7.571705021622753051e+00
5.628518180553035322e+00 4.407098325371781478e+00 7.896709701184097874e+00
5.641719020900833215e+00 4.455587006559203367e+00 6.333168512623390534e+00
7.295387188239070397e+00 3.696849788953090687e+00 6.334637151399095778e+00
4.402977683148757926e+00 5.163623634191340628e+00 7.361155481582009052e+00
8.064903787831404713e+00 4.393665468726430490e+00 8.505415650021889817e+00
8.499423061784190381e+00 4.424730344289264927e+00 4.974413113327336156e-01
8.891971136284954724e+00 4.477938084845777489e+00 6.716387289449349929e+00
9.286283316986297720e+00 4.393399385586652883e+00 8.598265418000407223e+00
2.153309512410174431e+00 4.528932280877586258e+00 7.040619932463835440e+00
4.837663967234694162e+00 4.524791356359323835e+00 8.016768875742760203e-01
5.519631380487109773e+00 4.496691968547377627e+00 8.086398823294288718e+00
5.814350731294489094e+00 4.468057848938244092e+00 7.370231124200611106e+00
5.972761744467546485e+00 4.487013593747679607e+00 4.134519749155130874e+00
6.394231053269010978e+00 4.519014309362935577e+00 7.005828014056392661e+00
8.484015812075499596e+00 4.467330352163769724e+00 9.040427675096035287e+00
8.592023658924009766e+00 4.469831991997266663e+00 2.426884618539738026e-01
8.887159249398180805e+00 4.480539497820193340e+00 6.722479614295990835e+00
9.483682251550336062e+00 4.514636400643784242e+00 6.775549282596387002e+00
9.893653963675616225e+00 4.483585860804299550e+00 7.356348105117152869e+00
9.945307476048467210e-01 4.570525654768345269e+00 5.114925130746943438e+00
6.784507439424868558e+00 4.596110938429933235e+00 7.549129579457440897e+00
7.680092849610506534e+00 4.531735338520429757e+00 9.574564329865706824e+00
8.204804314414227306e+00 4.575646180215829695e+00 1.314829631177346414e+00
8.682689501148939115e+00 4.572439463211541266e+00 9.889433468606929623e+00
2.227080620078476958e+00 4.677055175131369147e+00 7.176163725001493354e+00
3.623470676040246197e+00 4.603342711191731773e+00 3.776206227053595210e+00
3.852898514054836632e+00 4.682589865446010968e+00 6.411789199175700560e+00
7.131145663315409777e+00 4.662819842566690021e+00 7.467373855411331363e+00
7.755398114699616485e+00 4.607611847194438504e+00 2.128029356758100565e+00
9.571029679601238627e+00 4.664541095308217145e+00 6.400032753213388048e+00
2.773201505154314184e+00 4.757958197855488791e+00 8.172197014124225944e+00
6.004697857215880674e+00 4.730010907466842163e+00 9.436611873074571832e+00
6.605820373218285191e+00 4.704855657682534442e+00 8.400395822057628692e+00
7.735553862779736889e+00 4.743458858534918221e+00 8.651318212037613975e+00
7.805338775349770941e+00 4.685859160476731233e+00 3.007520021787691622e+00
7.860075554983665391e+00 4.703788942893717184e+00 9.655325000128700097e+00
8.256809324115971904e+00 4.688600457855820913e+00 5.330998599986401132e+00
9.262528644299756309e+00 4.711682870168874437e+00 4.811980265679236535e-01
9.454687522190990734e+00 4.727858032540092736e+00 6.962765192561904293e+00
9.612551780743658014e+00 4.722416540747590652e+00 7.837343773201229880e+00
5.415487705608105884e+00 4.795272913006964899e+00 6.226633134523951618e+00
6.767198521910414932e+00 4.804133144277511036e+00 8.486080432153768172e+00
6.993175122757893547e+00 4.813428183557122431e+00 8.114335256130597029e-01
7.210522900436116878e+00 4.808674291214625640e+00 1.166205795962508507e+00
7.211584048751429776e+00 4.817477540807607816e+00 6.468688839724793915e+00
7.530181048072936534e+00 4.774207886045924276e+00 8.017848458578196613e+00
8.003446916508881515e+00 4.790999730850077576e+00 3.883583855151576891e+00
8.556616972480288297e+00 4.766932278827706426e+00 8.817108118198238031e+00
8.597918702844001615e+00 4.774872691774286970e+00 7.852648040233936477e+00
2.000210378198100436e+00 4.904863867605793182e+00 8.384028835579462324e+00
5.128802737269408496e+00 4.887298360110423623e+00 4.876852247139256136e+00
5.745388917808696760e+00 4.895207522055126326e+00 5.234760923618157591e+00
6.292033209573268948e+00 4.905555080957118896e+00 9.686982034040646283e+00
6.818398601812311277e+00 4.872058931721984010e+00 9.087450552527107206e+00
6.895378492320026531e+00 4.921271074147683500e+00 1.715715994932216049e+00
7.516777274172750545e+00 4.839923464544818366e+00 8.634654290175722835e+00
7.886318538489693886e+00 4.866740877529052156e+00 8.406560609558898278e+00
8.674990409559311999e+00 4.845545522704698627e+00 8.479398258545661093e+00
9.041586599309091810e+00 4.901785369963993944e+00 6.457511918686078545e+00
6.578035896246733572e+00 4.991872873648603104e+00 4.024605106088090523e-01
6.785561075931701325e+00 4.916631901569845198e+00 8.567748283840888490e+00
9.051062985971428887e+00 4.925216790195812600e+00 6.515305625588204919e+00
1.524331634318793816e+00 5.001740086476869962e+00 3.941500911365136695e+00
2.572409772715279708e+00 5.050257183115795634e+00 9.080565130991843148e+00
4.303971084764550703e+00 5.002489905295582240e+00 5.426421991274905210e+00
5.384835573436552281e+00 5.003316177162968614e+00 1.717396395671788589e-01
5.734587645920012022e+00 5.001978741726567534e+00 7.787957214353974145e+00
8.769063979642436335e-01 5.139164094437333574e+00 5.105343818361207653e+00
2.395998588311290867e+00 5.150011088938381221e+00 7.192106415917894680e+00
4.688085437997686178e+00 5.091503568738451335e+00 6.133008029676070727e+00
5.164171818341127818e+00 5.125452727569373756e+00 5.351036139819266957e+00
5.246868292620871621e+00 5.070037356274092133e+00 3.455275038127941123e+00
6.125395208252492729e+00 5.135891630770539784e+00 6.618462091365364230e+00
6.945881085466968585e+00 5.063954321121762803e+00 8.863239528895780595e+00
7.155168009938114082e+00 5.121354671133437009e+00 7.966876645704023652e+00
7.176867473967728728e+00 5.088907247272914880e+00 9.073427975139603419e+00
7.584546410235410541e+00 5.178313022114386044e+00 1.772061522345088347e-01
7.887869255357638387e+00 5.091254077975539971e+00 6.353597560454819160e+00
4.603850920129214153e+00 5.207470079006298214e+00 9.756028059747659853e+00
5.622980710296551443e+00 5.179006873301770675e+00 5.100813875615097359e+00
5.789961541074353235e+00 5.232124356755464945e+00 9.933983210419762955e+00
6.858384495261211633e+00 5.152668569192148773e+00 1.948247407289197541e+00
6.872806958269524813e+00 5.178737793590167726e+00 9.896104220693265674e+00
7.820429621843722146e+00 5.163019364364522801e+00 4.579249631107018104e+00
7.915140968885642891e+00 5.200515799227209968e+00 3.719503033281156279e-01
8.302583639355200162e+00 5.177356127016431664e+00 8.007674498184304213e+00
4.958057518559504828e+00 5.268069161539935763e+00 5.534455403895686132e+00
7.134076049807375419e+00 3.724208310079615281e+00 6.221825322611401532e+00
6.129583005304033883e+00 6.809344302529747317e+00 8.639607508742651376e+00
6.751127886189966176e+00 5.296843794578579789e+00 9.683583731158529773e+00
6.834290403945272985e+00 5.238919834609919945e+00 7.849733554469294994e+00
7.281852913183676002e+00 5.238647339313180495e+00 6.193699354692018488e+00
7.428478957493968693e+00 5.294290441077896148e+00 1.293563475344860381e+00
7.496077031740187913e+00 5.240710733216528361e+00 8.729257547562548680e+00
7.695578694107356732e+00 5.235633543848829952e+00 2.612678018624077225e-01
4.609785877064600079e+00 5.382582066569712609e+00 7.926949599260121992e+00
4.931960301261055335e+00 5.385309171088866975e+00 8.105397678372094461e+00
5.790601439733071842e+00 5.383306049502857960e+00 4.002877246109181719e+00
7.247071779555994908e+00 5.325020040130104881e+00 8.477553367804578244e+00
4.902174426503193239e+00 5.400882176591815131e+00 9.878697088048546959e+00
5.069433276631537311e+00 5.418101261898941701e+00 5.979480370742533246e+00
6.290769932665229547e+00 5.444622573281998612e+00 6.922959258074644850e+00
6.829191577839319294e+00 5.420627872131115410e+00 9.773537441989716967e+00
7.228137971577153209e+00 5.403333744733595623e+00 8.977064151428233718e-02
7.196857037164783755e+00 5.427316531229044116e+00 1.253120946986169271e+00
7.252826383941972210e+00 5.403489228066202799e+00 7.427459988332848262e+00
7.541723683540548784e+00 5.388321284895765118e+00 6.516105552648985721e+00
8.029211174780844118e+00 5.384665354147479377e+00 7.498111785196682533e+00
8.635858050787282636e+00 5.391342498998399790e+00 7.149434670925000290e+00
8.976525809200889938e+00 5.444463063595693875e+00 9.414108674195942328e+00
7.798939216442544176e-01 5.499899281741457813e+00 5.749415875894865025e+00
2.684322738616206294e+00 5.485906291198777041e+00 7.398129858729803665e+00
4.856417284071219420e+00 5.522446165289593090e+00 8.409378260359110513e+00
5.395319117075402460e+00 5.528189464578701973e+00 4.234900385640131049e+00
7.134908166236457738e+00 5.489943320201126298e+00 7.128361315952861155e+00
7.374472673905465570e+00 5.509555592269099300e+00 7.088062580654961309e-01
8.012606694342210290e+00 5.502377792475928509e+00 8.326569042000907250e-02
8.905025467448829390e-01 5.597549732525612498e+00 6.662690987041255397e+00
5.029712184334122149e+00 5.563555375216181709e+00 2.813906380427980025e+00
5.067146517896892632e+00 5.599917451362850684e+00 9.418267435574865232e+00
5.121493191013767543e+00 5.622043461486901705e+00 8.390487923046887175e+00
6.604263922935547093e+00 5.653881781419631380e+00 7.974224292707063899e-01
6.843442963887785169e+00 5.521127561267739736e+00 9.595251428627252110e+00
6.908056050555840599e+00 5.576849780086583941e+00 1.836770302899103369e-01
7.705124125034291893e+00 5.566432220356047011e+00 1.156195538757056163e+00
8.361415356134548560e+00 5.522211068476084783e+00 8.223311855263599313e+00
3.276475670340920576e+00 5.630387901756555458e+00 8.245814664118105597e+00
3.607508761423964927e+00 5.645916219273905412e+00 6.235736313332580494e+00
6.212502378249782353e+00 5.693503713290441581e+00 7.522000387761824669e+00
6.643255254570727075e+00 5.679905978360991092e+00 8.625492502569941378e-01
6.722074221532055915e+00 5.612610683856937399e+00 8.223045048062662232e+00
7.572634254353651784e+00 5.704288553817906227e+00 5.829599107123843993e+00
8.094098201575100404e+00 5.621041004366563953e+00 7.161112281278413372e-01
8.094128177242321698e+00 5.697412900161678451e+00 5.082498904415144736e+00
4.857001933393848780e+00 5.778291925904721182e+00 9.278792739391391819e+00
7.762326861234695841e+00 5.760751965928927909e+00 4.885162903828604186e+00
2.106992710668824209e+00 5.779227834760659377e+00 7.470070473278047629e+00
4.715151654399786452e+00 5.833825479435878592e+00 8.495414209289123164e+00
5.988099333144520919e+00 5.787271931177450313e+00 5.466891180955975926e+00
6.399727222061959431e+00 5.820636433089115158e+00 5.658024618482755841e+00
6.670162079848771519e+00 5.794943292359326037e+00 5.008238868102978358e+00
9.173814778119048441e+00 5.815283999288155314e+00 5.473334237390509172e-01
4.827319307551468874e+00 5.879322793488330312e+00 9.337236920538243723e+00
5.812166047621271758e+00 5.885328685913266966e+00 4.256163995472944661e-01
6.354202798763426863e+00 5.885429412098352131e+00 7.144241692979998781e+00
6.656637368561789891e+00 5.856186327252784984e+00 5.364514002516561630e-01
6.725588185356910387e+00 5.913305207539012009e+00 1.609429531859561058e+00
6.903721983275606711e+00 5.905732067254297668e+00 7.443247058386645021e-01
7.585511372277887077e+00 5.876081992415933541e+00 4.163451590175126782e+00
8.405519371476955826e+00 5.839709388397167800e+00 7.667623737439197562e+00
8.712005955231221677e+00 5.851028171388649390e+00 8.007123008770165029e+00
3.446382161271599465e-01 5.958489214511747178e+00 6.711890321291896555e+00
2.776258516011186117e+00 6.013496304151143335e+00 9.405807602603685424e+00
4.659173517157916500e+00 5.964372186057264713e+00 8.914210396269883319e+00
5.826631549348466166e+00 5.949741222061990520e+00 9.529942420357745192e+00
6.995465487127431103e+00 5.963862363989090198e+00 6.887032897504848927e-01
7.961461969710281750e+00 5.993938491833994853e+00 4.330080177554828325e+00
5.553427121751171036e+00 6.191792910066829414e+00 8.791735803161378371e+00
6.459750917152658367e+00 6.083180217197186934e+00 4.364736194559647231e+00
8.178574707437816116e+00 6.049187372427647702e+00 3.106059356973301266e+00
5.282918488039138438e+00 5.978087393792961279e+00 9.070540419810278365e+00
6.804442112266485765e+00 6.082303139571060058e+00 1.527849036447688658e+00
7.069330485944300690e+00 6.125944000203904949e+00 3.958680847038361428e+00
5.739629262906398743e+00 6.197590038705675042e+00 5.013964115771399221e+00
5.747589434100341066e+00 6.223741507634288794e+00 9.790507952545112857e+00
6.854100791937138837e+00 6.209787166394801439e+00 8.660176232122294593e+00
6.882639019707718298e+00 6.203608921938726262e+00 4.603996576460653856e-01
7.868013385210191224e+00 6.219956902872447735e+00 5.026327981997306793e+00
4.698618763961578404e-01 6.315587099584471176e+00 1.292863715999804652e-01
6.085731024612253570e+00 6.248953698275016677e+00 4.148838777121331312e+00
7.098240514969838877e+00 6.248884124838401277e+00 4.366080603639787228e+00
7.544870364313748468e+00 6.302071677604205391e+00 8.117791128133976741e+00
8.525892791038909735e+00 6.298383538985010688e+00 7.157843538063126232e+00
9.024941804458885386e+00 6.317571357375554975e+00 1.894698828809826097e+00
6.362245775040809903e+00 6.351838740783979809e+00 5.051653434238146945e-01
6.339256839338366589e+00 6.362409400655002933e+00 7.028082138385615352e+00
6.459747797896558730e+00 6.373214502323718555e+00 9.534757849026547660e+00
6.966295373721008488e+00 6.381088803161294010e+00 9.505107276809784622e+00
7.230994546338392226e+00 6.391952036624513944e+00 5.300701416099303565e+00
8.088659376924553612e+00 6.364560414279500478e+00 4.693045656828938483e+00
3.400693659844752581e+00 6.428751605359016352e+00 1.679287814101652065e-01
6.109850739258874341e+00 6.423259700247629489e+00 6.050012735190684943e+00
7.042260992600734681e+00 8.784522453639427297e+00 5.799982802919128488e+00
3.899453575926408178e-01 6.494037810549681211e+00 8.281460590689947665e+00
4.730471784667390267e+00 6.516948860842608049e+00 8.799268693170349209e+00
5.417576542303039311e+00 6.526859429307816818e+00 8.043272061721769006e+00
5.666621261710074187e+00 6.479904397811923289e+00 5.044936972909898287e+00
6.428313592982659586e+00 6.555088031139190363e+00 6.902372175385465880e+00
6.559773595807320667e+00 6.515099969711087624e+00 5.671127067934728316e+00
6.912610495663146892e+00 4.163532589509268966e+00 6.388026268493009141e+00
7.896837040721768730e+00 6.514710295562624154e+00 4.220220571403405785e+00
8.271091504708554254e+00 6.477312044710059169e+00 6.691871923185088278e+00
4.440992958465951546e+00 6.618907394259474941e+00 6.158878260362698143e+00
6.304047730558177243e+00 6.555505378877334977e+00 6.497557286357046991e+00
6.657651204444277937e+00 6.563598011823748912e+00 8.213314571746849424e+00
5.874841181663499334e+00 6.647700848432207543e+00 6.952567810604154630e+00
6.046357129896666294e+00 6.745315301521904061e+00 8.049284862779945371e+00
6.440712794316550749e+00 6.705240433754956264e+00 7.841225816088126521e-02
6.503274416416594761e+00 6.679989310530364932e+00 6.941613939521221077e+00
7.695737485994222915e+00 6.679954756834533214e+00 4.573926063472670833e+00
4.581377394936435365e+00 6.748700774735896246e+00 7.474944702339938019e+00
5.549163478161161400e+00 6.737308114265914583e+00 4.197367749831580619e-02
5.558502707663569353e+00 6.769161390808843493e+00 8.566678153286865438e+00
5.746606676250333834e+00 6.792417690153849108e+00 8.404667553193418073e+00
6.310676633406994362e+00 6.737307796243555913e+00 6.612713991993762752e-01
6.278050038465655902e+00 6.757110940484649220e+00 4.902773057580366967e+00
4.774911664564171154e+00 6.859742746542564440e+00 8.004743821373038415e+00
5.739659835395851673e+00 6.821408621688112461e+00 7.187906263372468851e-01
5.781261879662603853e+00 6.800662611402607638e+00 5.673870963240238652e+00
6.383002610817538169e+00 6.823386131917002828e+00 3.957425420470608746e+00
6.464340729940616370e+00 6.846844881433701957e+00 4.437366249263300588e+00
9.608336808871705159e+00 6.865717872944898659e+00 1.003410043359815651e+00
7.317222651114009269e-01 6.899654128421929933e+00 6.209596288800426578e+00
3.742038819378787018e+00 6.922270307932254063e+00 7.519172838751465804e+00
5.255509257957112546e+00 6.886157836117945408e+00 5.835804423748662373e+00
5.368893738208027067e+00 6.889949861722226565e+00 8.747135942837877209e+00
6.038373424247178711e+00 6.922099591665827667e+00 3.866046684282185453e+00
6.088422317966511343e+00 6.876886432214166511e+00 8.051039468162956680e+00
6.205760443513570479e+00 6.901930324649279136e+00 8.294733299523052494e+00
6.698891036788628739e+00 6.948355881359849384e+00 8.601383848765603801e+00
7.151257456570869309e+00 6.922825456112154718e+00 5.298652350435316905e+00
7.602700204331730660e+00 6.918428149899312984e+00 8.011861788166060094e+00
1.126291879273477736e+00 7.007693018247016958e+00 7.667975348915518907e+00
1.464241133185249844e+00 6.996119858194920660e+00 9.302948174653156599e+00
4.105419309259599636e+00 6.990241754269453267e+00 6.517507607793946001e+00
6.690320669553992516e+00 6.948250504462455623e+00 8.566354476652326966e+00
7.473129361221851674e+00 6.978759341211882905e+00 3.554954904273999183e+00
7.445908648294834009e+00 6.948567111193244550e+00 7.975044880379414280e+00
2.108355096601619572e-01 7.103502118274633403e+00 9.213128425193445992e+00
4.262734632892963837e+00 7.061137623019088316e+00 8.693485251753838128e+00
5.166739365714198229e+00 7.117097734894683114e+00 7.038084123158816041e+00
5.261060944413062046e+00 7.036878222744190836e+00 8.990017139359872900e+00
5.403907690637987038e+00 7.081569083152505328e+00 5.276833601516804251e+00
5.327251092143574951e+00 7.052305897283173586e+00 9.079870294240084405e+00
5.509335078766016025e+00 7.046216473684964399e+00 9.721776758924834283e+00
5.981108668139721196e+00 7.025955830857661510e+00 8.168797613876744634e+00
6.571904027482941224e+00 7.027892242162462999e+00 5.218633075489718109e+00
6.553983708301165834e+00 7.041857302409513686e+00 6.793600088882720378e+00
9.421392335895461656e+00 7.093781685910209411e+00 1.938275077889357600e+00
3.567233142993463169e+00 7.179158204475935001e+00 7.730773174067650189e+00
4.624952943396298366e+00 7.150869286844939055e+00 3.942203703922443125e+00
5.503205656432646364e+00 7.161302626086033740e+00 8.583295406072046774e-01
5.891844174914302457e+00 7.107280129205754804e+00 9.076821477000327931e+00
6.260058173100075507e+00 7.108964596268295466e+00 7.735659326561140636e-01
6.862162145515759093e+00 7.161884462213356173e+00 6.496431738223590102e+00
6.846359644848400094e+00 7.119096341116038396e+00 8.694844177704215582e+00
1.437603175882955941e+00 7.245262227024914736e+00 8.995826744357005467e+00
3.884053052332568701e+00 7.211824809467135111e+00 7.548802495999780149e+00
4.366610720458274919e+00 7.246016140229393443e+00 1.249189517517490078e+00
4.686599616726473627e+00 7.213978869524709125e+00 1.931294120914025525e-01
5.051345694818442311e+00 7.249739908470710148e+00 7.075321247791896084e+00
5.358815780688942709e+00 7.226998452324675526e+00 8.580076184721346921e-01
5.820053057711860767e+00 7.210419413299856473e+00 3.700906253557482151e-01
5.897654421310414286e+00 7.252946160611310589e+00 9.596979597712280707e+00
7.016293074496328330e+00 7.187386619645519836e+00 4.851956776094471735e+00
6.718052451694625837e+00 7.237290756570960326e+00 6.918342013552805092e+00
3.360135741788516484e+00 7.342864000370135535e+00 7.741949416541265450e+00
3.730938443379912428e+00 7.327366307516864907e+00 7.702062026334637324e+00
4.731077219738019757e+00 7.404205920597624058e+00 8.029746824894445467e+00
5.606712187474108156e+00 7.373450334374868298e+00 4.697052390074425432e+00
5.608056315337040409e+00 7.389494621411708764e+00 7.561361706536409599e+00
5.888690646530147177e+00 7.325901665655801587e+00 9.603782547274107628e+00
6.920415944274623143e+00 8.726026466071353127e+00 -9.583723263347208032e-01
2.132803791328359844e-01 7.482733153756331745e+00 2.566802538599444738e-01
1.834263802214353145e+00 7.461832074373155876e+00 8.759860002997839956e+00
3.990660474444986505e+00 7.433585591655964997e+00 7.272173943122870021e+00
4.769786056516141848e+00 7.482515535136259999e+00 8.533235420531344317e+00
6.186868254100632569e+00 6.127116177901700489e+00 1.600642138750637322e+00
6.567744730493701333e+00 7.413553208122321436e+00 6.130201902653774626e-01
6.829811512305721699e+00 7.453748856012349044e+00 6.701904381211218897e-01
7.901708281437119119e+00 7.429928854661208781e+00 6.234552887218601569e+00
4.514287698946063188e+00 7.572642460844798862e+00 8.923108034580355508e+00
4.484495449743985951e+00 7.555393088744886576e+00 9.895666044112413573e+00
5.861832024468764502e+00 7.538725726552229389e+00 2.877877957942041931e+00
5.802383179349035025e+00 7.544639222954852897e+00 5.192585938561507852e+00
6.099070543324613070e+00 7.547243157562332883e+00 4.238385215615521950e+00
1.066722374226344083e+00 7.619384242208762537e+00 8.223158550796656030e+00
3.762997909715685374e+00 7.623872946591967903e+00 1.180343694448951597e+00
4.831366114307445336e+00 7.632380670273441581e+00 6.719570449755302377e+00
5.937046229605282832e+00 7.625505459452047496e+00 6.825365574159538262e+00
4.179728068892451631e+00 7.665095415859014771e+00 6.470968812868147957e+00
4.447954513654714503e+00 7.685506065562952571e+00 9.648996122026220590e+00
6.353549371410800006e+00 7.704386896365802428e+00 6.201393111995937346e+00
6.439259495364327179e+00 7.642564630272440596e+00 8.341697717718218996e+00
7.338512167521807683e+00 7.701557538930061675e+00 4.060583190844401891e+00
4.036979673559854653e+00 7.849781066598026769e+00 8.188478042616182506e+00
5.186211556598876449e+00 7.795798388165104953e+00 7.298891401349775876e+00
4.603078928834847261e+00 8.252403052794836213e+00 7.040211252845203660e+00
4.557933833912144905e+00 7.863108499775371740e+00 7.290809051667261897e+00
4.849623374428073674e+00 7.881109278574730759e+00 5.834005605669437600e+00
4.931078304608918828e+00 7.844378167081417885e+00 8.917291223430927616e+00
5.052899424584042620e+00 7.862873395777744356e+00 8.299802435494423036e-02
5.092026325022883881e+00 7.862522851476359875e+00 1.607302036588142080e+00
5.397379365283288877e+00 7.822330118616417138e+00 5.124820192843618116e+00
5.430040613817849859e+00 7.838100215871912191e+00 8.415715174468619608e+00
6.593187040371272900e+00 7.790194639587239678e+00 5.987170219794868409e+00
6.584666402951678599e+00 7.811710709714740020e+00 9.578778188617883771e+00
6.980826826927708950e+00 7.859377342411831613e+00 8.349405155307287885e+00
2.741881825843098808e-01 7.949477890420667769e+00 2.114212123412687383e+00
3.487161282457154066e+00 7.507714217600293338e+00 9.250410121180362211e+00
4.591859813880071250e+00 7.940011452099953182e+00 6.493676084571525564e+00
4.723178513615578389e+00 7.902614197701588239e+00 9.100473396207036103e+00
4.923987565601359861e+00 7.914055512653490609e+00 5.859856553062806839e+00
5.284480382763110384e+00 7.892507518326223881e+00 8.871624213689548455e+00
5.272235334383377214e+00 7.901416649783879365e+00 9.193831195305564918e+00
6.101107468623461649e+00 7.867633654927622899e+00 9.492645883334095203e+00
7.850677543767980104e+00 7.874629457154769696e+00 6.452025756890099828e+00
2.006304600298904006e+00 8.021832835715590804e+00 9.956127561816479954e+00
4.034654606667505305e+00 7.941822204668186558e+00 8.094987313513655636e+00
4.012796734777996477e+00 8.028549597164198914e+00 8.001947382796495978e-01
4.980771491777423954e+00 8.006854328932707432e+00 6.123815041980824603e+00
5.542681301744646127e+00 8.018807002452263077e+00 6.519285575648646081e+00
3.210152746000746404e+00 8.066598831930438251e+00 8.757049106782819337e+00
3.522179918848804991e+00 8.111329132330766356e+00 1.049341186697053452e+00
3.877925102629991905e+00 8.066371087631537762e+00 9.128515519922167698e+00
4.995858149886531763e+00 8.032000906978094434e+00 7.236086257800284471e+00
5.302576747322934381e+00 8.102411613051868855e+00 7.996729092158219032e+00
5.481254870254022471e+00 7.535457030657020994e+00 7.696597467726865816e+00
6.976597727083600375e+00 8.054443167853865049e+00 8.225453482130417271e+00
8.723451399046090737e-02 8.159906051935706728e+00 6.434972382588380668e+00
6.021644716366174599e-01 8.146598220245321542e+00 6.549577721039508305e+00
1.093124796892216644e+00 8.118246198517578449e+00 6.738546561590267103e+00
1.306682210005055689e+00 8.180377316444495506e+00 6.247340433599391396e+00
4.959614789744454022e+00 8.168591967997322456e+00 6.402888747456037422e+00
5.751601311215765122e+00 8.165018139104390116e+00 9.126769397735554179e+00
6.011914411619887488e+00 8.176037677822877825e+00 1.811505486619768845e+00
6.707840239657249626e+00 8.659596182797178798e+00 5.300656816489313528e+00
6.235099608643897895e+00 8.157916907308438326e+00 6.327325408266495366e+00
6.620142663758832313e+00 8.160124480317854534e+00 3.332210756409673458e+00
6.706981287390761715e+00 8.130240863176137367e+00 2.340083613640663529e+00
9.636302688313895359e+00 8.131186784275438839e+00 7.538184023675859713e+00
1.832267242169145494e+00 8.203501431217121720e+00 9.960417602264596937e+00
2.791687856130210754e+00 8.218153247870766620e+00 1.449213194190920873e-01
2.869354249152928915e+00 8.203125027315579132e+00 9.515540620142703077e+00
4.786497694445873918e+00 8.187120446636869886e+00 7.146104711804433407e+00
5.561380454734862866e+00 8.214625427258749113e+00 2.272455552550039837e+00
6.063287675076935557e+00 8.242956888601749910e+00 6.662381365039943271e-01
6.801286093006797984e+00 8.216425088543898525e+00 9.323713936876172781e+00
1.820828043529393869e-01 8.336920718310498302e+00 6.906436924121800658e+00
2.263827434801711114e+00 8.302901603417616627e+00 6.449071369219419592e-02
4.550309803851205537e+00 8.267961410361380103e+00 6.698453155685819560e+00
4.862464850607077338e+00 8.275244136613281398e+00 7.982737965965373661e+00
5.489916079467100474e+00 8.316120426264337340e+00 6.421271334093974659e+00
5.491064837086709005e+00 8.266784562534166270e+00 7.043471151577401557e+00
9.847513159175994346e+00 8.306777603906084551e+00 2.923100907718989561e+00
4.993070425746842567e+00 8.394269170758882126e+00 6.209243919281756341e+00
9.265871331982365788e+00 8.397486965457602537e+00 7.112466792382855729e+00
8.237720662885084089e-01 8.489892936031536053e+00 8.939716174650502722e+00
5.109659323154682298e+00 8.488876631183108756e+00 5.076406495098718885e+00
2.402620577606821017e-01 8.559450299626112368e+00 2.846251566475662909e+00
4.099298016968865532e+00 8.534608600528047262e+00 9.601239222267604845e+00
4.221708009407566742e+00 8.524949771869486881e+00 5.993384490634379169e+00
5.232164955854685218e+00 8.524462019493533660e+00 8.575252567709190643e+00
5.327901909527724911e+00 8.541676264575187361e+00 9.211151062828179192e+00
6.531046708478109863e+00 8.548096291086444865e+00 1.575365521238806021e+00
4.317278697918835562e+00 8.603450670404036771e+00 8.726297629868087213e+00
4.745030094467932891e+00 8.629579135333834472e+00 7.112557424272724305e+00
5.220735756772698188e+00 8.586829134633438443e+00 5.909525980362062114e+00
5.251774487282149906e+00 8.631487699357135668e+00 8.388812319247932692e+00
7.793626303339239669e+00 8.646653028691812182e+00 2.522628510111019295e+00
2.964868830903326646e-01 8.711888035420123799e+00 2.374640822461526302e+00
3.740084524133310051e+00 8.716281310316698949e+00 2.302814144339334845e+00
3.959766084080698967e+00 8.714515723985009288e+00 3.784284997986966825e+00
4.524570526839576168e+00 8.702211064531230278e+00 6.958385744551444319e+00
4.682303275983616508e+00 8.705778107251799014e+00 7.311795573278942584e+00
7.842037364313330094e+00 8.676450296287724129e+00 4.000564034058560203e+00
7.927394458327111870e+00 8.697137787631021411e+00 1.482813671584673809e+00
8.369503222923921015e+00 8.707978805445684145e+00 3.711592418352390066e+00
2.392594983665623509e+00 8.753923436062791552e+00 6.111505706994953435e+00
4.403588342551850054e+00 8.766883830819821810e+00 6.780478130839975304e-01
4.543232620276060452e+00 8.787112926386392076e+00 8.517336733680105354e+00
5.516681002871321127e+00 8.809892566434459837e+00 1.608233462635812572e+00
6.033186888035954709e+00 8.792692643419576015e+00 2.665113665707602220e+00
6.558549195110949803e+00 8.760392842407766167e+00 3.355612584535289766e+00
6.672651005088587439e+00 8.748453413880298513e+00 1.617355434117523361e+00
9.770598539500717550e+00 8.787274279501017915e+00 3.565355862620956273e+00
5.289825254364780349e+00 8.857611573079966050e+00 6.627216698826465802e+00
5.934173440345326789e+00 8.827798935453699869e+00 4.762357144216276872e+00
6.268837315867573423e+00 8.806174493824723726e+00 7.206463569143743086e+00
6.835799304896001516e+00 8.843561850184586959e+00 7.939358446127544156e+00
7.797423710452651591e+00 8.876076941417972321e+00 2.170089574836105761e+00
4.157363750113538536e+00 8.956027119643083623e+00 7.648873177543295654e+00
5.160300072125966864e+00 8.927191206480976859e+00 9.133554343296421685e-01
5.454985503083648268e+00 8.885457722491716837e+00 8.470195845767795717e+00
5.505636713534786786e+00 8.913845015653047099e+00 9.781613735227294271e+00
6.428220930138614619e+00 8.944519962220905285e+00 1.368052615284030660e+00
7.513089568808212881e+00 8.934145683481089506e+00 2.133207041863194764e+00
7.892271973458462320e+00 8.972362293617695883e+00 1.947551029584463134e+00
1.003902661737530455e-01 9.013682519608062549e+00 3.427845912285743868e+00
4.339449908439346748e-01 9.025806256032620212e+00 3.303880229426397808e+00
4.000655910794092662e+00 8.980827532434949134e+00 8.556502485056135754e+00
4.560353497319827198e+00 9.000239016400097825e+00 7.345455689269395627e-01
5.939994957228289962e+00 8.961599116974257484e+00 8.093053537519484308e+00
6.298859372997473116e+00 9.003207650263089334e+00 1.135903715199647834e+00
8.058028002250422261e+00 8.991531119761464907e+00 7.645002669027285869e+00
9.468676376572746634e+00 9.016475032259691602e+00 1.254136296909682091e+00
9.600251033940923051e+00 8.976411269561037187e+00 3.592866596284300051e+00
2.731230097702165516e+00 9.087492608150325779e+00 3.320237304034578507e+00
3.657745510136603428e+00 9.060967763727338919e+00 3.864719372255328800e+00
3.995199691018125776e+00 9.100291242062697350e+00 6.791027594833887626e+00
4.594318246209839529e+00 9.058202702461096933e+00 7.762623333176264850e+00
5.360736535571738237e+00 9.126275137820277550e+00 1.110431884937822744e+00
5.906185809186771607e+00 9.065444142286876783e+00 6.237754987822951236e+00
6.155117947293469172e+00 9.037608652614910199e+00 8.854576275714663325e+00
6.241601519947207244e+00 9.058950343208998390e+00 9.893956766228415134e+00
6.409349615339584361e+00 9.088372850418734217e+00 2.319059736494985202e+00
6.445595485344581377e+00 9.100083711992168034e+00 7.584870958264236407e+00
6.971880749674927991e+00 9.135525532968310713e+00 2.337353958009595445e+00
7.856410889479728432e+00 9.007215722500955479e+00 1.825065029768941915e+00
4.070678207479835109e+00 9.181496033814269708e+00 5.973700047788683243e+00
5.739960379783238587e+00 9.119317882376764217e+00 7.008093003960828682e+00
5.688681408982168897e+00 9.170941702947875029e+00 8.246313484356425860e+00
5.988270495938769145e+00 9.169150764329268455e+00 9.762767833719427912e+00
6.622571984515592369e+00 9.197990625466369252e+00 4.677762632889816530e+00
7.607043135967446190e+00 9.237720855417567378e+00 2.423230628879108117e+00
8.906379244609626156e+00 9.137795591820360386e+00 7.688153726536647525e+00
3.612870812560670775e+00 9.265797455335036403e+00 5.893408178567913325e+00
4.333939005651531673e+00 9.241756522308056887e+00 2.175722863285144193e+00
5.628201116174940566e+00 9.232097812134119508e+00 3.850770150292803784e-01
5.829234562891005389e+00 9.224231604736482737e+00 1.895548479837950051e+00
5.765879367672292588e+00 9.182433556064868441e+00 6.787752185273810746e+00
5.993733336939049750e+00 9.246114325378229637e+00 6.504760253520723623e+00
6.920193167584427485e+00 9.249172567029937397e+00 2.209719761651938619e+00
7.627159998038570698e+00 9.195342931071868620e+00 2.063333238526470659e+00
8.156641293406320159e+00 9.220916147468766866e+00 4.372093943022830942e+00
1.645780332646110677e-01 9.315997160977344649e+00 2.105473587644298927e+00
3.969196992312652661e+00 9.351622339504485737e+00 6.480141464572947152e-01
5.461877141251340717e+00 9.292020205491176910e+00 1.307592685083074580e+00
5.522957772844325319e+00 9.308424153914295118e+00 8.254641943639139612e+00
5.506348030495286316e+00 9.479704880075585649e+00 5.554934392386671860e+00
6.218874636929610844e+00 9.343002897334569568e+00 4.164711248338376137e+00
6.589342366135694462e+00 9.279138148406921971e+00 7.670257091939044258e+00
7.034666300364873948e+00 9.325450303506450211e+00 2.484961591071238374e+00
9.759824792845703811e+00 9.327940316311410740e+00 6.371347975471878478e+00
7.391665065464911866e-01 9.433055265559509905e+00 3.150362258411544492e+00
3.207938541321954773e+00 9.425629108392119093e+00 9.686747788906348688e+00
3.448074590138519468e+00 9.405094280339858059e+00 4.759375583942287768e+00
3.701916804171260011e+00 9.364660288971805358e+00 7.428012831319914966e+00
4.042732257280064800e+00 9.414994489952178469e+00 7.674782336684177864e+00
5.250814223087187926e+00 9.375786702724532518e+00 7.272715913388072551e-01
5.638311481711597573e+00 9.170017717938023338e+00 5.741240907498417201e+00
6.242389418039391735e+00 9.405923800173457749e+00 2.012655131866738500e+00
6.746579611784361497e+00 9.333442434376607366e+00 4.637275415781116017e+00
6.901187979378685000e+00 9.345262369145306280e+00 2.478152357198413203e+00
4.078651521630317411e+00 9.434374422878390121e+00 7.704200232596758902e+00
7.295909406953015264e+00 9.478844454717004098e+00 1.845348680810821929e+00
7.911208712879374438e+00 9.485255421678102650e+00 2.566831069235482765e+00
8.206567880952938765e+00 9.508376590226152558e+00 3.072886135358430248e+00
4.522711350913246164e+00 9.563795663988019058e+00 7.297939296733215286e+00
4.714415233764127855e+00 9.541580382598478849e+00 8.612825662050745956e-01
5.044706941032552017e+00 9.517137363297644370e+00 4.057756532198538935e+00
5.375950905858654316e+00 9.492997817904861080e+00 1.387769532283858354e+00
5.940359983388352916e+00 9.543943003782302981e+00 1.295811056452216725e+00
7.209689068288337666e+00 9.519892217881713137e+00 2.317954708649363926e+00
8.438014441517160957e-01 9.635805881243237891e+00 2.912563487464496781e+00
4.104367414077847442e+00 9.600697403582064027e+00 8.377076834332097377e+00
4.141899094488489474e+00 9.589099983401482064e+00 9.752480774443240463e+00
5.036039194643463723e+00 9.620944056560990276e+00 4.840949199007061665e+00
6.909324156553084961e+00 9.634195962407680724e+00 7.442660235722460271e+00
7.073505968519302023e+00 9.585575310699445239e+00 3.617910724041845327e+00
7.430906224905727164e+00 9.605263168180584898e+00 2.546435888786385160e+00
7.732691662917615893e+00 9.615481202605131728e+00 1.857632987287318960e+00
3.012198652537667609e+00 9.710196965820534487e+00 7.106868910320052635e+00
4.596774762277792803e+00 9.682222667958729545e+00 7.989878160064868950e+00
4.871180820372770448e+00 9.718296886880796848e+00 8.059032983979333764e+00
5.437380346823706745e+00 9.698888165933745142e+00 6.268924913091614926e+00
6.203937715735972525e+00 9.677634750421976406e+00 1.781928391939040512e-01
6.540667193683928460e+00 9.679511683679407952e+00 5.569000611399292922e+00
8.749965643654764591e+00 9.691337265488192187e+00 3.567734777046676520e+00
8.020182616599133563e-02 9.810124152958840327e+00 2.412834473124421120e+00
4.473752808013400362e+00 9.741015974911391595e+00 1.665806975217328123e+00
6.071960501437438040e+00 9.756957176778003671e+00 2.022117623571887624e+00
6.363178862697552951e+00 9.790640484330552340e+00 2.549185410952141240e+00
7.550729172160496105e+00 9.749223332946119314e+00 1.808461111724324777e+00
8.223140328984570147e+00 9.803631060691888166e+00 3.261140076728837656e+00
8.680777283468286143e+00 9.784904704313373003e+00 8.590463428016423819e+00
2.034267552897800480e-01 9.854585216633315881e+00 6.357790914233700796e+00
2.636395599782110022e+00 9.853283043845594946e+00 4.800916565542837411e+00
4.577261125991062940e+00 9.810623424302088225e+00 7.456791622675495113e+00
5.202019925405863887e+00 9.839768802881588172e+00 3.673828398463180989e+00
6.815612524725533028e+00 9.838734939863174489e+00 7.765277679172235104e+00
7.771402956747278878e+00 9.867756666712502067e+00 1.045997405380896472e+00
7.716236531746274885e+00 9.841335490984503664e+00 1.963093038131380030e+00
8.901453495803130167e+00 9.867534969293860314e+00 2.456669593782583760e+00
2.996530438514701800e-01 9.963318919703201715e+00 6.539522785365382340e+00
1.955212872488968134e+00 9.937068617746826149e+00 9.502634943923936817e+00
3.561091995501779017e+00 9.954902560756034191e+00 7.248492912462989324e+00
4.229233200380798863e+00 9.933345997009672246e+00 6.611052299871359672e+00
4.279975127287344527e+00 9.899427296790783259e+00 5.027089616059961408e+00
4.795041767718770664e+00 9.932440145658752328e+00 4.549952420116427199e+00
5.221987606486139022e+00 9.911480293258218666e+00 5.162410867279795035e+00
5.333561710426231173e+00 9.951861232167058091e+00 7.369533067006813098e+00
5.964647521818201348e+00 9.886093874147835692e+00 8.403989848048478706e+00
8.227289649491352108e+00 9.933634061123246539e+00 1.758134257067056172e+00
