2.110518116140648548e+00 2.151099577783575911e-02 7.236705533335306306e+00
3.058822387796528375e+00 1.010790149456274566e-02 5.112636991385644869e+00
5.833208375839761040e+00 3.346083964981053094e-02 7.714544082604490871e-01
5.797614572079472950e+00 3.213732659401989655e-02 2.173766857122437113e+00
5.929501029903397225e+00 8.371683757262590730e-02 3.677122559069877505e-01
7.544289701662993508e+00 2.495687810682954005e-02 4.149422365713829386e+00
7.748809913252117987e+00 7.611481571095268794e-02 3.574773847595001275e+00
4.123821499071649299e+00 1.334701561026978567e-01 7.459352860903441851e+00
4.199696376837458445e+00 1.351539582699376463e-01 8.841747508162406177e+00
5.086419504177104756e+00 1.047193222189231609e-01 4.961429444946205969e+00
6.097996203300388274e+00 1.463612071786549174e-01 1.095291638921006783e+00
6.254068066998511810e+00 1.205072686583154862e-01 2.006219904345708738e+00
7.470721071988416284e+00 1.181757069133264892e-01 3.271168533856527283e+00
8.557025671939122446e+00 1.185292619164533268e-01 5.210608574106393220e+00
9.324586133165880142e+00 1.187631308279415432e-01 6.595564147838947733e+00
9.339885961878723108e+00 1.312473098193476240e-01 7.648582608671210536e+00
2.871947342265589675e+00 1.821277458086992818e-01 4.023841300669118937e+00
3.252076733166913591e+00 2.092954231961124401e-01 6.798870512951705081e+00
4.765807471547216068e+00 2.095646913387769206e-01 4.299475236303406334e+00
5.388664655438914153e+00 2.068878452909344023e-01 9.623606677230989170e-01
5.363379748668894997e+00 1.811361614959889343e-01 6.602019089266429219e+00
5.969505419214699238e+00 1.842070906418991072e-01 5.799791130129793970e+00
6.658964274703042641e+00 1.690453705370586479e-01 1.212604275253805451e-02
6.690656957753625456e+00 1.909208862756424097e-01 7.428304964710681801e+00
7.912518388398046554e+00 1.919318965938350829e-01 2.351133833246741300e+00
8.169776208381481553e+00 1.739031133248390981e-01 2.134444499678737728e+00
3.819389961044324266e+00 2.930671166944192052e-01 9.294042130790400869e-01
5.881325080347547640e+00 2.432953670553018033e-01 2.098623781471878669e+00
6.302941845207822524e+00 3.000542774101944143e-01 4.447268591079335920e+00
7.100088513930648659e+00 3.094156076292122748e-01 2.221032759121529310e+00
7.842636758233769712e+00 2.831242420556830952e-01 2.086305761277574611e+00
8.014575262769522368e+00 2.681437559597318332e-01 1.898471923535664629e+00
7.965291533301429361e+00 2.806930339414480668e-01 5.300710848373209494e+00
9.548743611369960860e+00 2.747629505561202112e-01 1.319349764013999504e+00
3.529331981976907784e+00 3.672594426090242115e-01 6.088606149851852223e+00
5.596320953594110748e+00 3.318052493582309692e-01 2.915203548253186394e+00
5.767683984865710656e+00 3.458580075246928676e-01 2.322391548815444740e+00
6.482226601295975499e+00 3.493961933324101210e-01 2.659674168523116222e+00
7.634244664490049459e+00 3.585890360926268228e-01 2.324984379711420246e+00
9.038367563188051790e+00 3.906865276956803523e-01 5.572342682569251693e+00
4.697151070789440386e-02 4.046223433826070526e-01 2.659031218648471473e+00
5.576990325477360955e+00 4.020370212342400107e-01 2.514940013711958411e+00
5.930534523184933349e+00 4.118679939435619941e-01 9.411805108105356865e+00
7.049678526279715918e+00 4.742024418142778419e-01 1.685828375392832701e+00
9.419889626664483373e+00 4.426270338558383477e-01 5.605495711287541205e+00
4.827366575437795904e-01 5.021256541372786097e-01 2.706577491065877528e+00
5.637481979140675392e+00 4.949217791121558463e-01 9.848303899497452107e+00
5.886275310428064955e+00 4.923090279730113483e-01 6.898165964496120850e+00
6.174053426593365757e+00 5.405344161428470295e-01 4.041531363464025084e+00
6.256805375333470032e+00 4.816580467055726622e-01 1.481532794076645621e+00
8.839140207842021368e+00 5.239365052869937589e-01 8.139850543287797890e+00
3.307851558007927739e+00 6.315284862899070983e-01 7.337535625777738879e+00
4.379943152891454972e+00 6.220074740124739154e-01 7.147437117143694563e-01
4.684107731313533307e+00 6.296087497126831023e-01 5.259561879611029056e+00
5.141251379891839335e+00 5.545615575751433601e-01 9.380836537571150657e+00
5.231740439218934391e+00 6.120864798189959988e-01 3.137651225408582878e+00
5.352244861060044379e+00 5.848449300668180362e-01 6.688906835433519937e+00
5.455585005377352026e+00 5.658266690803623877e-01 7.646436230960281577e+00
7.827788745444441254e+00 5.719509803723610286e-01 5.801502961110315937e+00
8.162106195992846480e+00 5.969607663421234722e-01 1.825144293868363743e+00
3.834748157947183156e+00 6.656771768576204007e-01 8.083898491555052690e-01
5.679853326341767428e+00 6.839901113228765706e-01 5.043994754423319904e+00
6.232949385526374009e+00 6.479824249786105828e-01 4.547574585428079352e+00
9.340456818788990034e+00 6.407342174434823567e-01 6.854423609260667405e+00
9.953602168802008876e+00 7.032785585522566274e-01 2.561575236305561276e+00
5.648388437689468411e+00 7.041084062221882878e-01 5.072757473294163155e+00
6.370407371986215317e+00 7.186733580700923607e-01 2.812294833822305939e+00
6.837319029701955486e+00 7.317681610894222199e-01 9.615379283809666333e+00
8.293308786849181047e+00 7.802782510419616901e-01 7.772098587349075771e+00
9.218121620176194853e+00 7.538084309482162571e-01 3.296296907091724737e+00
1.154695730036824131e+00 8.636895473182911731e-01 5.911196622945745105e+00
4.564198471502246335e+00 8.436921663337024757e-01 3.690258028183989847e+00
4.604307929253939058e+00 8.683555085828135178e-01 6.287306926279395469e+00
4.851751991433052247e+00 8.350059845074795373e-01 5.681066138084267969e+00
4.928480766423388282e+00 8.321494747148806548e-01 5.825869970422186128e+00
6.083938184402941651e+00 8.155638367627414675e-01 4.846604324819227649e+00
6.178392405777522356e+00 8.193663320180906151e-01 5.171935705873747402e+00
6.271118688516999384e+00 7.959246671082834679e-01 2.910693275509766309e+00
6.350402754113140702e+00 8.450967761096349617e-01 9.762015336426202339e+00
9.913448130711060458e+00 8.449017167410224349e-01 7.322474816813620002e+00
4.641876240782559115e+00 9.024658875113761303e-01 5.760891832520631972e+00
5.574905671019505959e+00 8.921272288482500201e-01 6.769037159274065907e+00
5.801967120913813503e+00 8.835837737144911497e-01 7.035490978142252771e+00
6.689105194017433753e+00 8.821972741125242434e-01 4.026500162926518911e+00
8.349987232171470097e+00 8.994531512500415493e-01 7.727167846423780517e+00
8.534162678741189723e+00 9.128938856748187725e-01 3.145918537696950068e+00
9.147764893420536225e+00 9.193065044795358798e-01 4.790552593654322067e+00
9.770865530707061097e+00 9.279251614349551813e-01 4.708754451446415246e+00
4.429296888721752978e+00 9.627139695491733207e-01 6.030691975148660511e+00
4.788145696841592525e+00 1.015724137984131303e+00 6.424679950414569518e+00
8.183714921766272354e+00 9.569286208734976151e-01 3.248941667106935993e-01
8.259760107416918018e+00 9.586882689446696304e-01 7.364952680309193589e+00
9.309411029765183088e+00 1.022223459156431868e+00 8.179098792509531535e+00
3.710202349421892531e+00 1.038516258019296812e+00 5.911702473549435233e+00
4.531626740931746333e+00 1.094877461969008481e+00 6.966494770048699436e+00
4.849425187375258517e+00 1.073111914295652003e+00 5.273421551392689643e+00
7.483087893435444116e+00 1.054933420254810184e+00 5.903449877639985743e+00
4.041311438393575983e+00 1.127082384061159903e+00 1.876442526524677135e+00
4.757831492321311195e+00 1.120139586170083135e+00 3.570018700433942094e+00
4.734504671127804265e+00 1.118260927210254163e+00 5.128754096478196800e+00
5.473360748287270816e+00 1.155986787474370558e+00 6.842848021903987110e+00
5.482739343683318722e+00 1.115237762737216975e+00 3.393944714698874598e+00
6.303185710389143992e+00 1.167352873189813511e+00 1.258244444519841299e+00
6.283012485592966101e+00 1.148108652504168159e+00 7.715691011672667798e+00
7.576053088270012559e+00 1.159506002631591981e+00 7.025549941246086227e+00
8.902218363255197886e+00 1.112038782955644622e+00 1.597106058228976444e+00
9.855883146668524830e+00 1.128826318223884684e+00 3.600745071114323625e+00
5.655238614848791201e+00 1.236572832821894119e+00 5.059461199227003547e+00
8.075270381911950679e+00 1.244719828011943363e+00 1.455145254751762374e-01
1.745986260849891503e+00 1.331095024235735336e+00 9.374651874453888922e+00
5.107843415792380881e+00 1.298324903408957232e+00 5.228765825033878656e+00
6.273010629187320220e+00 1.285397341697092966e+00 5.418302038839390100e+00
9.272293699060634609e+00 1.276281732413053760e+00 4.919357422314789119e+00
9.832876047576746714e+00 1.331848939951099542e+00 8.019218368157545740e+00
5.843828049146653214e+00 1.342633276726472591e+00 4.628351807962952869e+00
8.700068359940352991e+00 1.343321886805740162e+00 1.660840701018241328e-01
5.866236088777465607e-02 1.483329529396640201e+00 3.867776023470172575e+00
4.694626454316409792e+00 1.480062143921543116e+00 3.077837020417709457e+00
6.219109285061778181e+00 1.430636169988504847e+00 5.881841534616205625e-01
6.201998334056642470e+00 1.469894860968100403e+00 6.338290482742255705e+00
6.913807233910599592e+00 1.479765462416262611e+00 5.937476165739930423e+00
7.010266885243408908e+00 1.454349476207400516e+00 3.201578143384566477e+00
7.160778243963816792e+00 1.449275009591429519e+00 2.998074244924763931e+00
7.629051753333742525e+00 1.425645065770917430e+00 6.101910694452590711e+00
8.429856897271832850e+00 1.469729925254711578e+00 7.258461583092456593e+00
8.833619732021114501e+00 1.477224044466868724e+00 7.179008886352962193e+00
9.767527663389893533e+00 1.476233648698422662e+00 7.235615892577310859e+00
4.236477941695842908e+00 1.558276877832836416e+00 7.150396250009002586e+00
4.610547856643639086e+00 1.556354556135659761e+00 2.528818013952005561e+00
4.679527341142119212e+00 1.504537458443444997e+00 3.119548719861958475e+00
5.322252401245440190e+00 1.514678368000883069e+00 7.188000611730551270e+00
5.650879839080140243e+00 1.571704566562241334e+00 8.079723833083257034e+00
6.065302212629040568e+00 1.508653710481089538e+00 7.063699325023467424e+00
6.332901164591950405e+00 1.498293118563125192e+00 8.016080498655314912e+00
7.475305387013494673e+00 1.550864800804105492e+00 8.245542604045663637e+00
8.181652393209382979e+00 1.510918112696087334e+00 6.560005804059640511e+00
9.373822494770267966e+00 1.520982517258908651e+00 4.225213673768108968e+00
4.675160068230136190e+00 1.632732507949459455e+00 4.485986528021911113e+00
5.092800267570444461e+00 1.615767595747230612e+00 2.907896574704018633e+00
5.740428879092912773e+00 1.625653317939906639e+00 5.804638588738321836e+00
5.906516662982975063e+00 1.610476214174262122e+00 3.447962356725758681e+00
8.370678838790675869e+00 1.629730207118571528e+00 9.959761632841428458e-01
4.679374970829918823e+00 1.690146337757935324e+00 5.707999829749178744e+00
5.175878385574631757e+00 1.705204250905117958e+00 2.388206568331252555e+00
6.235215119234229775e+00 1.651879940304185057e+00 5.402021431448385869e+00
8.411273329511974595e+00 1.652484216957078367e+00 6.428209401721402649e+00
8.495458343487319652e+00 1.689881725638611831e+00 5.709771757970370842e+00
7.796129923248081850e-01 1.745024292132609345e+00 5.128073251753795248e+00
4.665080834337036464e+00 1.781985255354195719e+00 6.723733688101031447e+00
5.370524279587577610e+00 1.745328906554779014e+00 2.643480965439725772e+00
6.149491795667247906e+00 1.727536998585550876e+00 3.093147526121179602e+00
4.445988628177991231e+00 1.864111834891216457e+00 4.206646740475696866e+00
5.290271842903346844e+00 1.859719823583456000e+00 2.606372756142630642e+00
5.270394735499531080e+00 1.843104575676670631e+00 3.728937186848780172e+00
6.520181123900819387e+00 1.852291631217637846e+00 6.441407577052975952e+00
9.465081703574742988e+00 1.814562363982925586e+00 5.489051848523452293e+00
9.616917945756854991e+00 1.820652595581555566e+00 8.830550103487393443e+00
9.672526792189927392e+00 1.845417722569739905e+00 8.737361982665252214e+00
5.201340613093544896e+00 1.879554821380550855e+00 2.626879247431551878e+00
5.300876920011175386e+00 1.916817536169223235e+00 3.654545836051994456e+00
9.399664760045750356e+00 1.918194410085714452e+00 3.024623097461480281e+00
9.637115160347253351e+00 1.896311041408761389e+00 8.214831228831792842e+00
9.931519418396838716e+00 1.913145035975924113e+00 5.016610152910817355e+00
3.845415072480209417e+00 2.037868565811156607e+00 5.869857145365453555e+00
4.910526963335744455e+00 1.994123380060420114e+00 1.945089044059750361e+00
4.861549970971775103e+00 1.992206764444460987e+00 2.163707275559134224e+00
5.768295373404411563e+00 1.971882614596320860e+00 4.369240025454077525e+00
6.441855572004099528e+00 1.995070202686492600e+00 7.155133060502645748e+00
7.686993821068620392e+00 1.973088011745504744e+00 3.353456572238335376e+00
7.936464368476087827e+00 2.020924844999636427e+00 6.812433998933039803e+00
8.267319978682666104e+00 2.044552173492411473e+00 7.976194827822135736e+00
1.337199226390638707e+00 2.047532838824147827e+00 6.503330953501938794e+00
4.365254714062530184e+00 2.073785387882399522e+00 2.296629475510158169e+00
4.402805250980494911e+00 2.061518791513941906e+00 4.725326801877903549e+00
6.399760854156840040e+00 2.048688967602709354e+00 1.488430489313281146e+00
7.906771798790074968e+00 2.095152776308813358e+00 5.575032837742821989e+00
9.472235759576742353e+00 2.081711193628681400e+00 2.881376743523236694e+00
4.172912822823056367e-02 2.149340217075186743e+00 5.485946985317505131e+00
4.693045353845672896e-01 2.116961882006854534e+00 4.661578489305231443e+00
5.457942628486814662e+00 2.160922090354715941e+00 1.117268125300248105e-01
6.297469446109479563e+00 2.151176782053913161e+00 6.975924265753191023e+00
7.710463771403794908e+00 2.183606753159816449e+00 4.994825569090016515e+00
1.239171510642798957e+00 2.242436473602668290e+00 4.843331419725899423e+00
8.040802749784765169e+00 2.215564154847152523e+00 4.885875181224952790e+00
8.165544919161627391e+00 2.216180873047443711e+00 5.809095505205871035e+00
1.373761413691635846e+00 2.324810869507057731e+00 2.217380674245148953e+00
4.885456014528105406e+00 2.289257195292540459e+00 7.930210135091407153e+00
5.133749189904657229e+00 2.287655076600334070e+00 5.492638631604841670e+00
5.210345772199124426e+00 2.314231143943163982e+00 2.853720720401566435e+00
5.385267285352229649e+00 2.310579770847036141e+00 5.840496665097791862e+00
6.225299511056549662e+00 2.302184923919809556e+00 8.112556504990754647e+00
6.505263894006789727e+00 2.286991068913726277e+00 5.962014324022135270e+00
7.630703582667340612e+00 2.313070393773590805e+00 7.701918244240617106e+00
7.893126032205019627e+00 2.273725189034604632e+00 4.627817089509045800e+00
8.282439368424322268e+00 2.354646617738288317e+00 7.800199263812669592e+00
9.166908116895079672e+00 2.336816032278725253e+00 4.399504741200846780e+00
9.407699634767370256e+00 2.324791898915891331e+00 5.473967740777903046e+00
1.208845259915562742e-01 2.371528457026585546e+00 6.861626226698680497e+00
6.467863311256374814e+00 2.419983505702496096e+00 4.848209500426417407e+00
7.053573165456066718e+00 2.410686258019535622e+00 1.074170730623138059e+00
8.570415683126348938e+00 2.352889614380839323e+00 5.505978269407028947e+00
3.878016797070892308e-01 2.495881280686600423e+00 3.789644419212716109e+00
1.506086558701289713e+00 2.470296705921902536e+00 6.781842582229621108e+00
1.624007200864856060e+00 2.491276670586176412e+00 1.866716796841611625e+00
3.573744566687439672e+00 2.455002546098124405e+00 2.267751253385656973e+00
3.869355992408618050e+00 2.437675696607502829e+00 5.553934396596582168e+00
6.119079241978484518e+00 2.461723917872356004e+00 1.618440241144257108e+00
2.396977647552177015e-01 2.575347473958411015e+00 3.688595692865486164e+00
1.465874061802614481e+00 2.498508329254328864e+00 2.322817615057370055e+00
1.577087484297296838e+00 2.543831641961558532e+00 6.621308767946574747e+00
2.222413613212373740e+00 2.576294748475880247e+00 3.693786402276504788e+00
3.584512042117030894e+00 2.511905421926365456e+00 2.835792675916771088e+00
4.771171016775158868e+00 2.528102417293017989e+00 6.201587814063374893e+00
7.226746188603071275e+00 2.568715073361737655e+00 6.717023158472231081e+00
7.585976381712577599e+00 2.536573812215014101e+00 6.795122555271814413e+00
8.162070590477172871e+00 2.517831757032188200e+00 7.663755398742271296e+00
4.462242169320028040e+00 2.626066241037690041e+00 5.879303995756695045e+00
5.975526960819491862e+00 2.629506651996200262e+00 5.922988089296790548e+00
7.123511378410949391e+00 2.616086071278020064e+00 6.460361484731325099e+00
7.314886737077532786e+00 2.664528393030740183e+00 8.560845192717218666e+00
8.574615740835126232e+00 2.616811422905942486e+00 8.169406954037366830e+00
5.787121132293213677e+00 2.727195581649526801e+00 4.439912468535411882e+00
5.985992684412629217e+00 2.705284245312967517e+00 2.259364572899198453e+00
6.280132524719151732e+00 2.702911722032205866e+00 4.721014876504913360e+00
6.459372866214915021e+00 2.671800942662301281e+00 7.915040642148678529e+00
6.839317511156282947e+00 2.732349241002021145e+00 5.790780236931540870e-01
7.010950062945130234e+00 2.726082601552217266e+00 6.866641234661276627e+00
8.848625520372557673e+00 2.727039733772119057e+00 8.342050969796158455e+00
9.633575021593748788e-01 2.791324442193699795e+00 5.578948022313796884e-02
6.133601801041097090e+00 2.768778550414345396e+00 2.517413016077147070e+00
6.591503598661560659e+00 2.796031816869325226e+00 7.066682315823298310e+00
8.099347621311773437e+00 2.754540469744216846e+00 7.949037726761623901e+00
8.480484641588599715e+00 2.804089509500999444e+00 8.372413375110777878e+00
9.624137138040380179e+00 2.761108516435235138e+00 5.330282228406852951e+00
1.423299909139379427e-01 2.823332168477328707e+00 4.686804192801949043e+00
1.140646345501251435e+00 2.877796108447221890e+00 7.088091831820020339e+00
3.233867506665897285e+00 2.849486418026982548e+00 3.719559386947395740e+00
5.028893674840088757e+00 2.818072000510677189e+00 5.050302297296457965e+00
5.595312541899529535e+00 2.898518382006605609e+00 1.895200110562717200e+00
7.570758631408020634e+00 2.845035207861731585e+00 7.982748347180180559e+00
8.782797950584622981e+00 2.867118042612961215e+00 7.841310360077648589e+00
1.206847518278274745e+00 2.965084403640394939e+00 4.800855014755449623e+00
3.164533026661305648e+00 2.941958812061837847e+00 6.890378083529162367e+00
4.258114926506975095e+00 2.957411676397418532e+00 6.353937119891519103e+00
5.522723498301457035e+00 2.930895025744992388e+00 1.855826231054762854e+00
7.507841768637035784e+00 2.932363308020461634e+00 5.020289094350307124e+00
8.947138737883792103e+00 2.900607835543541846e+00 4.791103711193636983e+00
9.051041188510314583e+00 2.898384164592630263e+00 5.097673611451112308e+00
1.037553488556535619e+00 3.017624316977467025e+00 6.651403639818600944e+00
3.769475340048536793e+00 2.985623156311905557e+00 6.163063364489898888e+00
4.507527012471513217e+00 3.047938399226011175e+00 2.829364259782947588e+00
5.455382370135454018e+00 2.978363389955622331e+00 6.221801088961091963e+00
6.703003800042221627e+00 3.022816319049790312e+00 5.638712919457924855e+00
6.965189708173276983e+00 3.021031494929212968e+00 7.574011847990604451e+00
7.084433482768422330e+00 3.058918036036171628e+00 9.098456199406168565e+00
7.256563165017306360e+00 2.977291792994455566e+00 6.807041747487205363e+00
7.651273819673601650e+00 3.041669019275002661e+00 5.304643261251227315e+00
7.736726861520457632e+00 2.981582546859619320e+00 7.103740931009106419e+00
8.564133393182380871e+00 3.047350351976533478e+00 8.478335478128681046e+00
8.858276668765558526e+00 3.040314735513937716e+00 5.427257044735469549e-01
6.321857185782973898e-02 3.051972265354616631e+00 6.829177720630715598e+00
3.254340414445526353e+00 3.082692823976111107e+00 4.541678375213953345e+00
3.805757280019328448e+00 3.057218116468217950e+00 2.774749135062071215e+00
4.018117722145442272e+00 3.065316165590131980e+00 2.847386368949016866e+00
5.075914646174443767e+00 3.056404289427093524e+00 4.427570647096997547e+00
6.281111841331385115e+00 3.088032775570075827e+00 7.723159476572491577e+00
8.514478478884788260e+00 3.102204308232543895e+00 9.329284523096978532e+00
9.336567025577508616e+00 3.112071158395563586e+00 8.731653736167963586e+00
9.602635426391993079e+00 3.108949283938236441e+00 3.769909734152773417e+00
9.739494705226748650e+00 3.069919103079129741e+00 5.351699715501325727e+00
9.806173333727260299e+00 3.049666611404770133e+00 5.198647324918788115e+00
2.638521912771046862e-01 3.135599717828150723e+00 7.338947139458948499e+00
1.499188173195559415e+00 3.205283486504441726e+00 6.307887290088643795e+00
2.422813656079905620e+00 3.142527931733940072e+00 6.488509752988077750e+00
4.575810481597729407e+00 3.161884613680697509e+00 4.129022554341784890e+00
6.539842043712748243e+00 3.157085956658047809e+00 7.158725171152014788e+00
6.766344120559099728e+00 3.176387939937955096e+00 8.525593301978268812e+00
7.780961443185224979e+00 3.158450192045054727e+00 7.957562541558013791e+00
8.072300322987363330e+00 3.221043553190327202e+00 8.557183183924852443e+00
8.477242764679619569e+00 3.173146411610991535e+00 6.081798431740965682e+00
8.825390436989909659e+00 3.205026533697778568e+00 7.111950238130506641e+00
9.785828443616871652e+00 3.177118210185346570e+00 7.938148893274329154e+00
1.310993667725178335e+00 3.220643238881734760e+00 4.858255117576979032e+00
5.148900249515806493e+00 3.206003708704827204e+00 9.369844369587456701e-01
5.387096039538564085e+00 3.251481935598360629e+00 6.432545111657525183e+00
8.933644387780342200e+00 3.226044768762916792e+00 4.578284468480742220e+00
6.729675733108889446e+00 3.342002217864596947e+00 2.404443202597779550e+00
6.983184245187329608e+00 3.323776364261470384e+00 7.023189918547457111e+00
7.196742803280674394e+00 3.305396085078930568e+00 7.544482983375878860e+00
7.443484472057802392e+00 3.361615079654766358e+00 7.686543847437551591e+00
7.982710476166457347e+00 3.329886746513671447e+00 7.025790288236798631e+00
8.266011963551257224e+00 3.311232944881260742e+00 7.227268118776071226e+00
8.318830952971955739e+00 3.336148598202055560e+00 8.417755562382835066e+00
8.704992953530478417e+00 3.304274710797231673e+00 6.548206321676653729e+00
1.508851666235784261e+00 3.433666594230338820e+00 4.189600018068388110e+00
4.706356480215255544e+00 3.401093314178698535e+00 3.687003998246857428e+00
6.678080201514223546e+00 3.413724118109997985e+00 8.829197908294585062e+00
7.573883317394757952e+00 3.413421599652996630e+00 8.123931290658980231e+00
7.688909006531858381e+00 3.426612674920706425e+00 5.973863356708687178e+00
8.523901081459257512e+00 3.378919861151558290e+00 7.192780503597573372e+00
8.857695872579313345e+00 3.419322530914051583e+00 5.238402831537575466e+00
9.589568383476070323e+00 3.431900758303696453e+00 4.694838335078665104e+00
9.603383699091954995e+00 3.364009367225953895e+00 8.196544265146116004e+00
9.903678427765992609e+00 3.439388704059759938e+00 7.312498231302088314e+00
6.353714002509657455e+00 3.490677155812617727e+00 7.915404360701558950e+00
6.679360760267449848e+00 3.492281643401566882e+00 2.838372549099104525e+00
7.998237289533985717e+00 3.458202571177891649e+00 8.675450764036988005e+00
8.392321248447942139e+00 3.465895977608811407e+00 6.171056599292226608e+00
8.866944727688627736e+00 3.446559969097950038e+00 5.048806246277418808e+00
9.210579176780179012e+00 3.493068541511931357e+00 8.414054187870041446e+00
9.633394332664298787e+00 3.481280675178028083e+00 6.161533729579685925e+00
1.187133557303352571e+00 3.569774189140471954e+00 4.951687994597945952e+00
1.371187966060408492e+00 3.570328812973214028e+00 4.062276698827973931e+00
2.256696156396234887e+00 3.577409495327830147e+00 5.031551865670569335e+00
5.000581716632639839e+00 3.518553078745522811e+00 2.103316587277521243e+00
5.721820662334530461e+00 3.591048591735007900e+00 3.616422546159044682e+00
8.177038013136034067e+00 3.548729808873858804e+00 9.115617700164204251e+00
9.724408948787775842e+00 3.564088585114725038e+00 7.395535623736586572e+00
3.768700199679314577e-01 3.639219937005895744e+00 4.977019880422202114e+00
8.752120139780732444e-01 3.622194191892958770e+00 2.027902516479473061e+00
1.495325744874669294e+00 3.651596303651043929e+00 5.659784054435649026e+00
1.982093557774680770e+00 3.638379603471520340e+00 5.800158090299722957e+00
4.112160712267008300e+00 3.669570444059835346e+00 4.616808799288254050e+00
5.103351976493008202e+00 3.658850078461096444e+00 6.224787852383125042e+00
5.539647564847123284e+00 3.655396949826408282e+00 4.603476777294294386e+00
6.650687849345514380e+00 3.633487722906329154e+00 7.373627123277852746e+00
6.774142274723117474e+00 3.619560407481893449e+00 2.847890665712141889e+00
6.744703181957677707e+00 3.657378526891850168e+00 6.979920574820145163e+00
7.115677727834341937e+00 3.644817942167125846e+00 6.786247114236684475e+00
7.215478331880079921e+00 3.660051568628010621e+00 9.039702148961602290e+00
7.416725932546693656e+00 3.663235770739951658e+00 8.699078986257998025e+00
7.751925361517209012e+00 3.651088896638774894e+00 7.995416901836671641e+00
5.281435690435189123e+00 3.695696224883167069e+00 6.945193882489144599e+00
5.653051410989490044e+00 3.696831011769501796e+00 3.029153764380267511e+00
6.321216604034061604e+00 3.727855995300020986e+00 6.398922993537619064e+00
8.140371380678521618e+00 3.742113503245118267e+00 5.190478647554296998e+00
3.085243786010223310e-01 3.773920889012635449e+00 5.332791312457354493e+00
3.478506622497724576e-01 3.782533791556785374e+00 3.546997286527076465e+00
1.960390976942183006e+00 3.825788940215641531e+00 6.735562644922767461e+00
4.257065959758860707e+00 3.780606147863932343e+00 4.066675968003155006e+00
4.722556908654158114e+00 3.787939560923202720e+00 2.354106210722706649e+00
5.113882552376983526e+00 3.801241328715776469e+00 3.357547290917623606e+00
5.837423089414979671e+00 3.761121380737949327e+00 3.754287843509313216e+00
6.777362483958845552e+00 3.789630664651949310e+00 6.918528915216501929e+00
6.835171350049047412e+00 3.794725835492897659e+00 9.635091249479110331e+00
7.054250502898242736e+00 3.777860397966918526e+00 6.510776141987901777e-01
7.737509237001068740e+00 3.783883327733979840e+00 1.351505157373574129e+00
7.821667130749967001e+00 3.804612513126896189e+00 6.697788554349895840e+00
7.979560126664975606e+00 3.801983853906947708e+00 7.252865240569596139e+00
9.624073325777109389e+00 3.803381127652301963e+00 5.005236375313001140e+00
7.515334097281958226e-01 3.872429008633806902e+00 6.608471058745481130e+00
8.603137138582555021e-01 3.850478309529924204e+00 7.215365278196268939e+00
7.507159226005109431e+00 3.895657764748081675e+00 7.621854062538214514e+00
7.559109316395490552e+00 3.866356772466314595e+00 7.499091843625153686e+00
7.980688347362958623e+00 3.819475758115458142e+00 7.222768624626793255e+00
7.984586136260248601e+00 3.890812348946582677e+00 9.963456772482269130e+00
8.163154645756510064e+00 3.884711156939127275e+00 8.080250406099466431e+00
1.083317414886076691e+00 3.917973443927989852e+00 7.012563392330045886e+00
1.745375984009675197e+00 3.942251688354112993e+00 2.472471716643015238e+00
4.959712868907748096e+00 3.956677215817077098e+00 3.432352130002016555e+00
4.962308810425437144e+00 3.962913033086910009e+00 5.339402619166643049e+00
5.758105208249379103e+00 3.954689686407127702e+00 4.660129490848675005e+00
6.864081686834930807e+00 3.970638241708742910e+00 6.559837131281731182e+00
7.482318476786040229e+00 3.951119542784498062e+00 7.529061649436078696e+00
7.891967353778077232e+00 3.909237267391023174e+00 8.390144639861718545e+00
8.029085512271656455e+00 3.927336546223529012e+00 6.968759370619006077e+00
8.357259442357831247e+00 3.914565315880949470e+00 8.231038529986722807e+00
4.500878732349709033e-01 4.029644103498043251e+00 7.561073615800789405e+00
3.767309327497102345e+00 4.059589803213792258e+00 6.129838460438309156e+00
4.768871588844403320e+00 4.047748316645194855e+00 5.499022163664688989e+00
6.447111642134045084e+00 4.064453903161074244e+00 7.564043064027424990e+00
7.307095186550345289e+00 4.021692660062611502e+00 9.575014597529833082e+00
7.854179069979468686e+00 3.991305459273824852e+00 9.879531674933870633e+00
8.378552565449986389e+00 3.989442312298491444e+00 8.906215867243947315e+00
5.416835131821532201e+00 4.131919434485819664e+00 1.100848661393409422e+00
7.035789955840490606e+00 4.089687558677957746e+00 8.254036046527755133e+00
7.212839089057765385e+00 4.139166809266171754e+00 1.787778016674499981e-01
6.556633321512164159e+00 4.197013400542069839e+00 8.041152936754871305e+00
7.936911635483841820e+00 4.031686381868743396e+00 9.194714437821520647e+00
7.619443883766589209e+00 4.125272685756306679e+00 2.485486663628540871e+00
8.002887979824038212e+00 4.111265689599908235e+00 8.984239924693172341e+00
8.168709335189205945e+00 4.088046409294283201e+00 1.147552246177185598e-01
8.542807752414015354e+00 4.062531503080031747e+00 8.064798515892281472e+00
8.754962877767210827e+00 4.100337391208827675e+00 8.129685916493883724e+00
9.042809607233692759e+00 4.102159917262982347e+00 9.079174965453372437e+00
2.998800504901913744e+00 4.185085913662009105e+00 8.151576243711248893e+00
4.493995457268723293e+00 4.195518767156058537e+00 3.062461039647237815e+00
5.028173634539646386e+00 4.183110826572727703e+00 5.853554101552623123e+00
5.680797625568852816e+00 4.146470059234577121e+00 5.118419839333685495e+00
6.319056175664555575e+00 4.161068238018089005e+00 4.479199950712365208e+00
6.674174348130334167e+00 4.174155710793816532e+00 6.426783674919059663e+00
6.879256560651105801e+00 4.186397355424100297e+00 6.445780734362263509e+00
7.066096035873021819e+00 4.208905540441368665e+00 8.223372679243441397e-01
7.188268577394913983e+00 4.163922231737140933e+00 9.405307869268661136e+00
7.603781893570136674e+00 4.166930686396177919e+00 8.890175028248325617e+00
8.772492556722223611e+00 4.202789351247663951e+00 9.696716627207550232e+00
9.274498552617284730e+00 4.197518547269745604e+00 9.774473458002086446e+00
9.471142096082015627e+00 4.160071479743129075e+00 9.124726368986298297e+00
5.562174754414749067e+00 4.217249408452633297e+00 4.981793404801029723e+00
6.686645203410234828e+00 4.251937797969689292e+00 3.160567357489251439e+00
7.036736579999871566e+00 4.246697540266685778e+00 9.537113125395952906e+00
7.119807920365442300e+00 4.230193135375569291e+00 8.244204878229069777e+00
8.029796779838903831e+00 4.233917092393977732e+00 1.974725184255634147e+00
8.968091200407950936e+00 4.271387355900967187e+00 8.765811491719139426e+00
4.260469239571191835e+00 4.347139864063102266e+00 4.281067541211848848e+00
4.291868198409249047e+00 4.344689504678556524e+00 5.651533066346087431e+00
4.947369525647317801e+00 4.358983156022404160e+00 4.392785644006766077e+00
5.022403806133025839e+00 4.310369434124931232e+00 3.478036061495407782e+00
7.114199967211315645e+00 4.329986400528749613e+00 7.368938840770496768e+00
7.270003495451513587e+00 4.328840496670631310e+00 7.620168111020474200e+00
7.567224531390705167e+00 4.352034807807686256e+00 2.123442142905531682e+00
8.758286026992861295e+00 4.330956098145721356e+00 7.713372901424447647e+00
4.583851521207948920e-01 4.406453850839037401e+00 8.394816014826709250e+00
1.087488686932064130e+00 4.429234831246467330e+00 7.580328045333104114e+00
5.614863514308860104e+00 4.394447284804559040e+00 7.903075584447596391e+00
5.632360059266336094e+00 4.451385780821211391e+00 6.329487824551883968e+00
6.088139845175540188e+00 4.296926685853999395e+00 6.756856218592795393e+00
5.578723801947531591e+00 4.555764481193600446e+00 6.938353579825514039e+00
8.083337980175507198e+00 4.400819907911275308e+00 8.520808044460308039e+00
8.509850827311813859e+00 4.419587842133663180e+00 4.934643779938232555e-01
8.940334063499243200e+00 4.455051469363948691e+00 6.669995244269220969e+00
9.321019368815155914e+00 4.400658869296746545e+00 8.608355236024005208e+00
2.135297557032848292e+00 4.518168432922331057e+00 7.035646488431709145e+00
4.828222349032368577e+00 4.524375794197387002e+00 7.872574355520983724e-01
5.496786732848705448e+00 4.492440982298848695e+00 8.111191925468222763e+00
5.796865251525831653e+00 4.464967501243616965e+00 7.378490662716270521e+00
5.974361547658111782e+00 4.490377270647959662e+00 4.120589874821013687e+00
6.386429769905565657e+00 4.521803138762026109e+00 7.005156620421441716e+00
8.503897693737561880e+00 4.473398274934782926e+00 9.069492892514245952e+00
8.607871676370507430e+00 4.468516195474019348e+00 2.202075734290581122e-01
8.876912756044319508e+00 4.505251797663713198e+00 6.760621147786031848e+00
9.514540370714017925e+00 4.509923628601914203e+00 6.771656049973582725e+00
9.924352325586800916e+00 4.486711345588218158e+00 7.360172551105449656e+00
9.809865601543193980e-01 4.572059760746840062e+00 5.111610509471372410e+00
6.772260721142576934e+00 4.599564640205266564e+00 7.556190032566854953e+00
7.683520903354329690e+00 4.531493919955182470e+00 9.605051005275980103e+00
8.219704363921474410e+00 4.573048946764518341e+00 1.305167739554682793e+00
8.698353010575573308e+00 4.579898394603272749e+00 9.919049861700850457e+00
2.216980894856841910e+00 4.682188136838321135e+00 7.188894570859065247e+00
3.607080966646407205e+00 4.607465218341697089e+00 3.766383514031202306e+00
3.835230001256541676e+00 4.682328223618346108e+00 6.415446461428642166e+00
7.138918779213366150e+00 4.678146821065619854e+00 7.466058355153435855e+00
7.769563579314270996e+00 4.615800533194140520e+00 2.120133133547472237e+00
9.601886643714312441e+00 4.670066422988669252e+00 6.388346639584828068e+00
2.759924149943441485e+00 4.754925377591751712e+00 8.182468026982807174e+00
5.990679277077271436e+00 4.721030240831114888e+00 9.457800095719264277e+00
6.577036842505731506e+00 4.694532354000941154e+00 8.409971540586674621e+00
7.755414853903948469e+00 4.747710498338818752e+00 8.678066463932372798e+00
7.816875184220052120e+00 4.687085834516105720e+00 2.999542361264717183e+00
7.877856067322595912e+00 4.717458884203849401e+00 9.689765935414749620e+00
8.273118509296830680e+00 4.691191695793023975e+00 5.320652731750580955e+00
9.277764486828992574e+00 4.710961281956124402e+00 4.706141166859469926e-01
9.482822805528545729e+00 4.741756579766040147e+00 6.970241223129996833e+00
9.640774875859470683e+00 4.730586728137811114e+00 7.845297670350136698e+00
5.402559692793788670e+00 4.798733640253507460e+00 6.225425147214260768e+00
6.766692560479371288e+00 4.791538921271271789e+00 8.494492250866622740e+00
6.991230397460702406e+00 4.806411295638111092e+00 7.947492553377749624e-01
7.216262333013818697e+00 4.800405825570077667e+00 1.157717706031502480e+00
7.221052394977142797e+00 4.820699395606088622e+00 6.460163493546162705e+00
7.542626384555001451e+00 4.783050821156424881e+00 8.022770204015237994e+00
8.016836906526208395e+00 4.790545066000169605e+00 3.872206709701082161e+00
8.578997091478875348e+00 4.783207350125490365e+00 8.840065133143585996e+00
8.623439298088889871e+00 4.787032727823926415e+00 7.855273418082320269e+00
1.984914407097123856e+00 4.902928880193793582e+00 8.394649902334775149e+00
5.115594567091676481e+00 4.890079886418084776e+00 4.863847575576913940e+00
5.747425684248764099e+00 4.892224582906426811e+00 5.229384299621859356e+00
6.285067913344397184e+00 4.900882115744763290e+00 9.716083335008814714e+00
6.808170653337165312e+00 4.867481878226881165e+00 9.119081800850603159e+00
6.894672253675046214e+00 4.914789439629696055e+00 1.705587915871148219e+00
7.516576924710222762e+00 4.849195424517101394e+00 8.654163376799305141e+00
7.907789808619090088e+00 4.883431364957885989e+00 8.414917755884058437e+00
8.703476635512513937e+00 4.860655217267447981e+00 8.490034822881241894e+00
9.057103445810309239e+00 4.900352717856335971e+00 6.413533469627493488e+00
6.570974996781439259e+00 4.984680437919633889e+00 3.824810826192837077e-01
6.777515177483367736e+00 4.939968868337095032e+00 8.595713619547765916e+00
9.078974439135327756e+00 4.953801893789308686e+00 6.541379985531506236e+00
1.512076029800660804e+00 5.005135535547189818e+00 3.934485609808781703e+00
2.559398789829081089e+00 5.047239277421559756e+00 9.094478216299101803e+00
4.284395394761170373e+00 5.006147626923346472e+00 5.419836617463117179e+00
5.377611325237092288e+00 5.001436800394047921e+00 1.551105197050063889e-01
5.720228036189421772e+00 5.003183831284912841e+00 7.797666254583034195e+00
8.625873298225151808e-01 5.144118495720432449e+00 5.100918229244049584e+00
2.381321419044938992e+00 5.151487046130160508e+00 7.193814593284635350e+00
4.669499115122497379e+00 5.092522827653519712e+00 6.135708686006416279e+00
5.154973661408408958e+00 5.127100048141369548e+00 5.342041313748494780e+00
5.239622081311149593e+00 5.075074998844831597e+00 3.441112174732436024e+00
6.117864310298835484e+00 5.138973310334281841e+00 6.611815939363911099e+00
6.943349874628557572e+00 5.076336525909789898e+00 8.884667067909022720e+00
7.164046578787530706e+00 5.132664489149366460e+00 7.974965930738336262e+00
7.188605019790447415e+00 5.099128870939073188e+00 9.106143116976030072e+00
7.576813093670792476e+00 5.163318718285397679e+00 1.426291149022511362e-01
7.907713842640125002e+00 5.097049311169110197e+00 6.344541051233596463e+00
4.585975240247752716e+00 5.197540991416434331e+00 9.776814362698829086e+00
5.618804251747911316e+00 5.187369395334981981e+00 5.088141326750955429e+00
5.782129020799102292e+00 5.229138293624426836e+00 9.962290105930735606e+00
6.857991593681114217e+00 5.157611337134212270e+00 1.947215536736665920e+00
6.880947089977963671e+00 5.169592125261159410e+00 9.938980385748743984e+00
7.833285534541822415e+00 5.161375559389737688e+00 4.567934665833616847e+00
7.940246479200588681e+00 5.194412414673148959e+00 3.630202430487899923e-01
8.322758368746699276e+00 5.190303018486839726e+00 8.013611619208798942e+00
4.938527688484860789e+00 5.276297037485813135e+00 5.530703030109947349e+00
6.712127765521711531e+00 5.020446507542803971e+00 7.233948498138303762e+00
6.546864970087621138e+00 5.527058660744894603e+00 7.631750716251454847e+00
6.738397776742136358e+00 5.287110615465087093e+00 9.700871652758094044e+00
6.830236722877616629e+00 5.250087693758272778e+00 7.859507408749103696e+00
7.291194878216876951e+00 5.245218505661775055e+00 6.180508715390709895e+00
7.444676133439390497e+00 5.289281317946841199e+00 1.290987164514460384e+00
7.513024712160665253e+00 5.261190672846642435e+00 8.753340063899694101e+00
7.710739136190059462e+00 5.242346218418487247e+00 2.495286771323134700e-01
4.586187589091990979e+00 5.376644709817961498e+00 7.928798599295052263e+00
4.920583186519584373e+00 5.374979416021595569e+00 8.107725451157461904e+00
5.789818451793017573e+00 5.386083955861309391e+00 3.987635810616417587e+00
7.254110441657074304e+00 5.344417006933892544e+00 8.490160142543711430e+00
4.893966199858488686e+00 5.397025906556094377e+00 9.907691849556751862e+00
5.057595929407940005e+00 5.425056924126225866e+00 5.980214075923353967e+00
6.285324656699136980e+00 5.449876190928360842e+00 6.919285987935651860e+00
6.838334726533993546e+00 5.439145088428686492e+00 9.820362573154060470e+00
7.231247933556096186e+00 5.402520310097957079e+00 6.209415694815526021e-02
7.195140676236687405e+00 5.432436925053576005e+00 1.247828845880768034e+00
7.268090466114827564e+00 5.416915987679967515e+00 7.431965884147753165e+00
7.557313033537757185e+00 5.401224139505886868e+00 6.512603408452456222e+00
8.045870316973285696e+00 5.398087316057990748e+00 7.497710357908067280e+00
8.659028541270979318e+00 5.404353776265431009e+00 7.147469525141669777e+00
8.995838782492594277e+00 5.456079120999006271e+00 9.432800919470659906e+00
7.654007312864206103e-01 5.503587999001860354e+00 5.747882545720257141e+00
2.672205515925658581e+00 5.488509632656027648e+00 7.403050520109636601e+00
4.834865933184734565e+00 5.510097634296790226e+00 8.425400920735066634e+00
5.384314452602362522e+00 5.534433624443597211e+00 4.222850160900360805e+00
7.144065211843645180e+00 5.504448328090445486e+00 7.120499431946879731e+00
7.384511931400437490e+00 5.511461857102974982e+00 6.949546353585878133e-01
8.029213394687577221e+00 5.510470220906277028e+00 5.969944272124180773e-02
8.769983722898632150e-01 5.599390150634038221e+00 6.664360998692432148e+00
5.021019228305097393e+00 5.568277218785527616e+00 2.800794758010228591e+00
5.064504954348590715e+00 5.588122429753237697e+00 9.444176188939295002e+00
5.120823852069126048e+00 5.620066058252424668e+00 8.401717980453316414e+00
6.576981904827188252e+00 5.634798309354904333e+00 7.636920118680015079e-01
6.851438888548280204e+00 5.543428890591746594e+00 9.607112557199920744e+00
6.905149655224898098e+00 5.576562874440498696e+00 1.566311111429812275e-01
7.723406586939617569e+00 5.573978670978629424e+00 1.150558817863862604e+00
8.382088033754017786e+00 5.541442690814244010e+00 8.239304355646332567e+00
3.260936829750793020e+00 5.628839113900318658e+00 8.255709645702902222e+00
3.589587497026139218e+00 5.648144451106354325e+00 6.233919447237852296e+00
6.202754486344597140e+00 5.699181876108005085e+00 7.530762308563764051e+00
6.648163864435531423e+00 5.685366185500929426e+00 8.845492450206872137e-01
6.720890252883188865e+00 5.624820126061102599e+00 8.237385596337002625e+00
7.653714071187728507e+00 5.711149809246653497e+00 5.378407882705735332e+00
8.112424751768418929e+00 5.627985667421230076e+00 7.058180692639045573e-01
8.118112534095093480e+00 5.699443923045590665e+00 5.073994038430379661e+00
4.843721428632563608e+00 5.756314967627290002e+00 9.286910975541577073e+00
7.706255105679131745e+00 5.760123935460728539e+00 5.327432116723505473e+00
2.089679681597251815e+00 5.783185790401635273e+00 7.474840745535392017e+00
4.692897980051689899e+00 5.835201790499386476e+00 8.505025321039713759e+00
5.982679070747249916e+00 5.788715993895799272e+00 5.459414898281034212e+00
6.404125114560765830e+00 5.821906296299534489e+00 5.653204370546424329e+00
6.675219653034644374e+00 5.794703708133875253e+00 4.998072181257626312e+00
9.187223048916710155e+00 5.818294072212138346e+00 5.362972753430216288e-01
4.805214525576350759e+00 5.900422422873380590e+00 9.374788808863071310e+00
5.801643896656182520e+00 5.882988530871125832e+00 4.095616794113925430e-01
6.353387901169560870e+00 5.892640135703983262e+00 7.144340543972625746e+00
6.646191285773631385e+00 5.858962511505528603e+00 5.080554809947991357e-01
6.719480469778915221e+00 5.907458448537229678e+00 1.611924571253638083e+00
6.897466194573754983e+00 5.904814580466385188e+00 7.474998649832330644e-01
7.595358841833137475e+00 5.875110554902216009e+00 4.148089016789425543e+00
8.425388814415232019e+00 5.857462731094603470e+00 7.670575428638298554e+00
8.739255636256961779e+00 5.868683981130314642e+00 8.017859264511368877e+00
3.283515373393702808e-01 5.961638233935010689e+00 6.713649932677416388e+00
2.762816890560395144e+00 6.013276025475303044e+00 9.419869692497419678e+00
4.636686156084121713e+00 5.963500598012609899e+00 8.930225380591217288e+00
5.825670055142579074e+00 5.947350024052552975e+00 9.553302738922081261e+00
7.027425802495312013e+00 5.983053781822601280e+00 6.672348519444567527e-01
7.981922550028654584e+00 5.995505594038987418e+00 4.317733239076208207e+00
5.389732808311431533e+00 6.066688933646386950e+00 8.975314677479195424e+00
6.462204768500103391e+00 6.083437721339686632e+00 4.352256136049048152e+00
8.192256685444698761e+00 6.053242183112786279e+00 3.095552555788938509e+00
5.438289407874915327e+00 6.099248017717208370e+00 8.923099166025213691e+00
6.811964136925988456e+00 6.100748057565423821e+00 1.519636998710222286e+00
7.074891271984460772e+00 6.128516830353833100e+00 3.939339639021345540e+00
5.732960263569075288e+00 6.194716305826002412e+00 5.001817686118849693e+00
5.744334891830478185e+00 6.229014586298314171e+00 9.822482521861285676e+00
6.863908298080758641e+00 6.216908677073484490e+00 8.679504623875997638e+00
6.890074841586748100e+00 6.219549559322934407e+00 4.357578428666964987e-01
7.885208452205511698e+00 6.229538265668408847e+00 5.023455386573848713e+00
4.627736729728204601e-01 6.316242644452218613e+00 1.226046472549403299e-01
6.079315333911295305e+00 6.252463711070831209e+00 4.132772344170750678e+00
7.105867970574270664e+00 6.254963676830548991e+00 4.356638517617099637e+00
7.562388070886623126e+00 6.314806905759287048e+00 8.128692451157064625e+00
8.548015642675135695e+00 6.313651772345147961e+00 7.159818674994816945e+00
9.038012121509039432e+00 6.320380704104649361e+00 1.887026922596132472e+00
6.356583811076063739e+00 6.352728714401400190e+00 4.880410101479955021e-01
6.336307382272719835e+00 6.358191144419795826e+00 7.037379166734151426e+00
6.464337401010980422e+00 6.380411407513268962e+00 9.560616425414536934e+00
6.979609922199067285e+00 6.391385691778673106e+00 9.529453492599909481e+00
7.242986221091062049e+00 6.399027164011759972e+00 5.295775163740493063e+00
8.113621427325664826e+00 6.374912830318166357e+00 4.686005404918426542e+00
3.392080900974880464e+00 6.429350662015878015e+00 1.566149263033140282e-01
6.106219776255386478e+00 6.426971950008488754e+00 6.044502460643923492e+00
7.030462479847180646e+00 7.881272819640496863e+00 5.911234890048193691e+00
3.758488138029114634e-01 6.495001729397305468e+00 8.286872045418112620e+00
4.712301250717896295e+00 6.518258189516859424e+00 8.815763131465109481e+00
5.406998403707587109e+00 6.524095530022493428e+00 8.046373820912325669e+00
5.655007198722969086e+00 6.491242915465296193e+00 5.034212332502947973e+00
6.428742667287979273e+00 6.552518616321366451e+00 6.893237228332957045e+00
6.566091267220870442e+00 6.522765385268785465e+00 5.664905219040866413e+00
6.946941851951919489e+00 5.088388949157562458e+00 6.264054305802044809e+00
7.914691421203178479e+00 6.525342220127486215e+00 4.204532837431171899e+00
8.290129579723281239e+00 6.491255364024716812e+00 6.689314516413480405e+00
4.424612741054984255e+00 6.618642583226380438e+00 6.152012318086152121e+00
6.305048095105342476e+00 6.561749656503735650e+00 6.488582066601919607e+00
6.669925333595317696e+00 6.568210937287827456e+00 8.220734387353374473e+00
5.864922509577698229e+00 6.652834643318699115e+00 6.953072437881127499e+00
6.041326517775283733e+00 6.723315585028792896e+00 8.049330023438653114e+00
6.442476375554561763e+00 6.709627222971778160e+00 5.263261119286533063e-02
6.524548617467331724e+00 6.704387999956518129e+00 6.953037023110419490e+00
7.709051266252386903e+00 6.695020288156655397e+00 4.567384584404857506e+00
4.566126792995106598e+00 6.743880663449489887e+00 7.476065471365508586e+00
5.540709566092091087e+00 6.737478493430151261e+00 2.085238573995978548e-02
5.551357448624109736e+00 6.766135043909596192e+00 8.582890311609155276e+00
5.748579304377507526e+00 6.795031991775987379e+00 8.414484731214477264e+00
6.310297928192576400e+00 6.738723514820748051e+00 6.493978311171789697e-01
6.277367978699581741e+00 6.765032315614233127e+00 4.892817418506668403e+00
4.761185211933537609e+00 6.857036757968036689e+00 8.012276444094263539e+00
5.732104430870803569e+00 6.818020510713981963e+00 7.082394529258192462e-01
5.777315249018371013e+00 6.807781180596334636e+00 5.667845561023099776e+00
6.388124587449219405e+00 6.830522810421181035e+00 3.940823891766501941e+00
6.468389289435057421e+00 6.857276419396177047e+00 4.425961525303209854e+00
9.620432653516356680e+00 6.869698596174051985e+00 9.937295444228686492e-01
7.181974227094255481e-01 6.903220162915677527e+00 6.208056783834638992e+00
3.720302549857351870e+00 6.907441633130310343e+00 7.517300691013110381e+00
5.242805299497114824e+00 6.889556268051510557e+00 5.830299498786979839e+00
5.358378618530932336e+00 6.892613636492243678e+00 8.761134964995479280e+00
6.029718433442279313e+00 6.930897044674607876e+00 3.849454938778358759e+00
6.104056661817455876e+00 6.897926277134293294e+00 8.040155613027222259e+00
6.221637845663050115e+00 6.911450559645477831e+00 8.317423891618112464e+00
6.713170270228028258e+00 6.946712158243109947e+00 8.663269732849101956e+00
7.166474195162033212e+00 6.936895319649315717e+00 5.294647272837886831e+00
7.639973298792323675e+00 6.931358905183133245e+00 8.024566602909713353e+00
1.112457925568865136e+00 7.010553021410582453e+00 7.670756930748632740e+00
1.451926993401067012e+00 6.994375887909536793e+00 9.317053204590621363e+00
4.084816117303589955e+00 6.990085806038033311e+00 6.512133240758754660e+00
6.696085405681063918e+00 6.963017333521847263e+00 8.536235347413457575e+00
7.483384340269503276e+00 6.986429581596746097e+00 3.542499243761317196e+00
7.447410288277769297e+00 6.967569595151435813e+00 7.978009825089518614e+00
1.981183877700504192e-01 7.105853852649225644e+00 9.220590874590357089e+00
4.241905162275704022e+00 7.059736632886354890e+00 8.710353059295048439e+00
5.169425009455585140e+00 7.104216324681852157e+00 7.032975268526380219e+00
5.232613605640127119e+00 7.041935591429391295e+00 8.997878092521824911e+00
5.392415676635548216e+00 7.088104329643197588e+00 5.266149164892969026e+00
5.335480485442928966e+00 7.061433691626475273e+00 9.127132852973016242e+00
5.502140685000252773e+00 7.048896330312903302e+00 9.754499235739187313e+00
5.973861550014160748e+00 7.054055536222277212e+00 8.180083519272461245e+00
6.577403928274436318e+00 7.042253172477560774e+00 5.212284329150579154e+00
6.559296801901735918e+00 7.054769295742530311e+00 6.790791724266463270e+00
9.434574442982444964e+00 7.098635996853572827e+00 1.931358897528046459e+00
3.536447401191698425e+00 7.167269148320131400e+00 7.742185859031488704e+00
4.612779577769659412e+00 7.156999066612208082e+00 3.931679716383236212e+00
5.510178680218926317e+00 7.159494364590152315e+00 8.514506250155533529e-01
5.899607158145954600e+00 7.115316730134498613e+00 9.097669866556350016e+00
6.257048558298771823e+00 7.117967207559965814e+00 7.683760522661634562e-01
6.880831469529011812e+00 7.175979153638236241e+00 6.491188742409402579e+00
6.873465077256206257e+00 7.144690609100879719e+00 8.720162406267849775e+00
1.422548632944706348e+00 7.249779155228759819e+00 9.002361154588280456e+00
3.875627353154210031e+00 7.209552109585448676e+00 7.545801331170000736e+00
4.357013149232163762e+00 7.246537906646899785e+00 1.240702663580516951e+00
4.676693911054790931e+00 7.215437592236641606e+00 1.777252530566612032e-01
5.032250737757477665e+00 7.259516127882708503e+00 7.078411300537348794e+00
5.331246672064093417e+00 7.239041361446524547e+00 8.482774656689516801e-01
5.814833517195013179e+00 7.218870926663919718e+00 3.490519259868253288e-01
5.909087071375124900e+00 7.227439880993168586e+00 9.623344609988944143e+00
7.027842905745101731e+00 7.203698608598426922e+00 4.841871521504499398e+00
6.736938052111535846e+00 7.259433231986697876e+00 6.927619856566717083e+00
3.324137115751947924e+00 7.351670052954562884e+00 7.748981679268704070e+00
3.713118544165672219e+00 7.344318748829115506e+00 7.712753516884507832e+00
4.719975635001808278e+00 7.408173149643641153e+00 8.036176208901853357e+00
5.598914749960616000e+00 7.383048224075046129e+00 4.682299309855629588e+00
5.610412030483295176e+00 7.396632244451909699e+00 7.567087868902396153e+00
5.888489377893826315e+00 7.369724570194979840e+00 9.636000495947286026e+00
6.697489982262130326e+00 7.928444508605724472e+00 -1.884036170503667340e-01
2.061523690866302050e-01 7.485201867667420572e+00 2.505069893371457135e-01
1.823629719547614325e+00 7.467700575240897365e+00 8.766035931931149605e+00
3.972538207984185554e+00 7.441874546238849142e+00 7.264164894171291742e+00
4.758894068339048822e+00 7.486607704790237960e+00 8.545325649533040746e+00
6.418789079598038683e+00 6.939525890022580690e+00 7.863217895785050704e-01
6.567839082108737792e+00 7.424700805864299369e+00 6.058144407885129867e-01
6.850144104719254834e+00 7.463541808717939041e+00 6.611049150809076291e-01
7.920674723212379753e+00 7.441837493717996743e+00 6.232297203478264436e+00
4.494774444318768047e+00 7.575456686471952139e+00 8.943979417559596357e+00
4.475209992734057174e+00 7.556801069237423896e+00 9.929003630668258751e+00
5.857628292239738244e+00 7.542742533659477999e+00 2.869433945614465742e+00
5.803974874478565305e+00 7.557360222695884033e+00 5.183879197474655420e+00
6.098593133238386699e+00 7.560973760159617640e+00 4.226657846951801467e+00
1.052720174768428052e+00 7.625523739379601373e+00 8.227547481684732489e+00
3.751479636235146131e+00 7.624194168104986957e+00 1.173185704109207306e+00
4.820381687309873264e+00 7.631477078606344833e+00 6.714943688648730813e+00
5.943983357327386585e+00 7.632761326060054863e+00 6.825788458466942821e+00
4.154506400108983755e+00 7.668659219461123833e+00 6.462749179953102718e+00
4.434524455415738586e+00 7.695542173211688208e+00 9.668756914227246924e+00
6.359328329252750933e+00 7.713630284384169755e+00 6.198049520337846729e+00
6.449117648173009698e+00 7.660650396492727054e+00 8.352734840160984220e+00
7.348963916823970877e+00 7.712816491867145352e+00 4.053591009955682445e+00
4.020119178946086613e+00 7.811438450808051215e+00 8.243134265814820338e+00
5.188258719940335162e+00 7.799110666554756932e+00 7.305890244944352574e+00
4.062323843884856345e+00 7.912254003126633073e+00 8.085516430757484940e+00
4.537914548915523483e+00 7.867137103865154302e+00 7.295272543071165572e+00
4.805325520763522817e+00 7.873601745506138450e+00 5.807748840504926235e+00
4.923307598472444369e+00 7.854875052499872723e+00 8.932207746405113724e+00
5.047047373335590947e+00 7.869060588898375563e+00 6.578938280128072968e-02
5.083170456089877831e+00 7.865876798641908252e+00 1.599786529874651198e+00
5.389451380365571254e+00 7.835599594370314946e+00 5.112168553761275547e+00
5.434477179615520015e+00 7.849047735336465159e+00 8.426068315824569055e+00
6.609239720144598706e+00 7.806801515894607135e+00 5.976230632119869490e+00
6.598333416940570295e+00 7.822599347943064885e+00 9.602794859971330865e+00
6.999164976683326600e+00 7.867805044450705942e+00 8.366677827678230983e+00
2.655177781857175345e-01 7.950120729094183325e+00 2.107941008423557250e+00
3.996559148672052864e+00 7.869153415253768102e+00 8.214983137210456476e+00
4.570417628632642781e+00 7.944111384881913374e+00 6.484719709541700183e+00
4.706101191172286313e+00 7.918474998966697598e+00 9.129571907256433860e+00
4.941027416850518605e+00 7.929282087187386807e+00 5.842802548187554734e+00
5.288248017268632140e+00 7.905423416645075640e+00 8.885520995689971002e+00
5.271668239852327353e+00 7.913821101798555802e+00 9.226645651066052167e+00
6.107918410390934305e+00 7.882865123054354939e+00 9.516861554253473798e+00
7.868017364717933226e+00 7.892447885619615633e+00 6.453547713713870593e+00
2.002576961429581637e+00 8.019650543139361432e+00 9.968310542107708727e+00
4.001860368996171147e+00 7.998023232150451634e+00 8.071322269051275811e+00
4.004858144982080148e+00 8.033197493191158500e+00 7.874228501821342041e-01
4.975632574150808729e+00 8.012425266907229116e+00 6.116112288933775787e+00
5.546651245308816591e+00 8.023260301670998018e+00 6.515508746148184649e+00
3.190084046106346882e+00 8.075019916881057469e+00 8.768645519029508506e+00
3.508482245347762873e+00 8.118007933454670422e+00 1.041295896350916017e+00
3.860016763099390680e+00 8.075339790698471631e+00 9.147645766928299338e+00
4.994610014132106812e+00 8.043731152103866577e+00 7.242745025687529647e+00
5.306360878151171079e+00 8.115923351162281918e+00 8.003589149250917245e+00
5.751528040937839314e+00 7.798224577643654953e+00 7.177785613665758291e+00
6.993225096756606973e+00 8.081747079834368463e+00 8.228731574915068236e+00
7.081529262143120007e-02 8.164175165006533064e+00 6.431661936750899144e+00
5.901080206908235759e-01 8.151901285588118995e+00 6.548404789052634456e+00
1.082989076002596196e+00 8.124188410721551179e+00 6.742402583173728203e+00
1.296275452631567182e+00 8.187183139422980815e+00 6.243275282434210816e+00
4.951872596055099329e+00 8.180792547057784247e+00 6.403543142831896517e+00
5.760038494425060662e+00 8.182159362462019914e+00 9.146803056227508222e+00
6.008968377643741476e+00 8.176788300795790221e+00 1.802908919037183200e+00
6.445293344500614197e+00 8.436949015312992017e+00 5.816245094303955199e+00
6.259497975301037798e+00 8.173331279122530546e+00 6.324556033240756214e+00
6.623049041999674813e+00 8.165842954663840914e+00 3.326737358031671477e+00
6.710420389405892472e+00 8.130374791394618939e+00 2.333564848169061179e+00
9.652561184469663047e+00 8.139763206146884755e+00 7.543685791026015330e+00
1.814381770976231323e+00 8.217086182849479670e+00 9.971832123552546889e+00
2.785719834414805085e+00 8.222101462202473954e+00 1.352606420392863384e-01
2.856357003622949975e+00 8.210600948936363608e+00 9.529417419080038698e+00
4.771682975111907865e+00 8.203148253736413764e+00 7.146918783070248082e+00
5.552730100643509914e+00 8.218860801701413976e+00 2.267754662731336079e+00
6.063283639061134878e+00 8.250165797999944317e+00 6.497956735177198295e-01
6.815968807406340702e+00 8.233192610755869723e+00 9.340965549014741853e+00
1.678159202718211840e-01 8.344450522625720623e+00 6.911972345251385264e+00
2.253688586629002621e+00 8.307465354659662182e+00 5.548450382050562624e-02
4.528518406862745316e+00 8.284045319911953698e+00 6.693512390265541789e+00
4.853337115653920009e+00 8.290309824159351137e+00 7.991821004903201242e+00
5.495068332956575929e+00 8.337660323801831197e+00 6.413466826934929088e+00
5.497967154772872789e+00 8.285073693181164600e+00 7.048659422360053384e+00
9.861523888751422717e+00 8.311443801052245561e+00 2.917274605943878996e+00
4.983481498890065531e+00 8.420767276364028220e+00 6.196402167032840858e+00
9.279849812166228062e+00 8.408709363394841318e+00 7.113843799574677718e+00
8.118024521949525063e-01 8.497287492799236119e+00 8.945892022053516968e+00
5.101673063012887255e+00 8.502823978228322588e+00 5.063532347859610816e+00
2.303541372152468347e-01 8.559533613420439835e+00 2.844014375124401806e+00
4.088541174828042024e+00 8.548245196512004540e+00 9.622736723415023619e+00
4.202830890990914448e+00 8.538014472681094702e+00 5.982607247120847127e+00
5.228641956560700521e+00 8.536294952616440668e+00 8.602009773987370878e+00
5.326044860980799101e+00 8.562086745977786961e+00 9.234813416016553589e+00
6.529456725927568428e+00 8.539933088301367548e+00 1.561841202018231733e+00
4.301856149055289791e+00 8.617349789603863996e+00 8.746785983027352884e+00
4.745922409693380750e+00 8.648055508747017228e+00 7.107123711926135456e+00
5.218833855391079801e+00 8.608102745036882553e+00 5.894088207864447426e+00
5.248954786471479395e+00 8.652909181515370918e+00 8.389644645436465709e+00
7.807513177713991226e+00 8.641917244512008267e+00 2.525987584107068251e+00
2.886138433051852470e-01 8.715057645394555408e+00 2.366465171928644917e+00
3.728852273665750783e+00 8.723190030375690185e+00 2.296745321602037038e+00
3.951488196420399390e+00 8.720839240393523539e+00 3.776360157102609083e+00
4.502051916739730153e+00 8.725740382519607152e+00 6.949248577388505765e+00
4.670990825672080682e+00 8.729755525836090158e+00 7.328122179561862737e+00
7.851388976717271539e+00 8.685901408348149388e+00 3.999466588416253465e+00
7.941192522004718590e+00 8.697802992561463498e+00 1.462727480018561899e+00
8.384272927000282039e+00 8.715382077538698979e+00 3.708956151148849134e+00
2.378282964801138988e+00 8.763056887174126786e+00 6.109293957499564165e+00
4.389786381656292313e+00 8.765988092341498117e+00 6.634882311630341256e-01
4.536215289959883101e+00 8.808742349360912272e+00 8.530715235617220671e+00
5.508266821559253401e+00 8.812947485771616130e+00 1.602350099124852711e+00
6.025964502951703494e+00 8.800149549920407210e+00 2.664139660988881442e+00
6.559394195215246803e+00 8.771529732004248459e+00 3.353865228851971469e+00
6.684711669510001286e+00 8.757850856360668956e+00 1.606754346131411326e+00
9.791123610928359255e+00 8.787563388106116591e+00 3.562336948456982455e+00
5.286944168258141730e+00 8.882249936175101723e+00 6.624685342888374961e+00
5.934744063287552329e+00 8.841690410614187812e+00 4.754524792658751942e+00
6.281463871562319667e+00 8.822452297377253672e+00 7.208097853919657183e+00
6.852676640085622495e+00 8.859301185272160595e+00 7.949622110408327558e+00
7.820729398236009544e+00 8.855535888970615943e+00 2.171240381173038969e+00
4.137839184139601834e+00 8.966732265326529117e+00 7.654237678257716837e+00
5.150514718571789885e+00 8.926947189020214779e+00 8.968529270490728234e-01
5.459308393992227337e+00 8.909850169999119274e+00 8.488563050722989445e+00
5.503283759235945816e+00 8.929788842110101044e+00 9.803864335728080803e+00
6.432691271776388220e+00 8.954837024035757764e+00 1.355760094349838907e+00
7.503819638502682743e+00 8.921172370706374366e+00 2.124789760132502980e+00
7.926108501275908047e+00 8.967782348968544426e+00 1.918006393948154642e+00
8.427945146152038269e-02 9.018299259359610076e+00 3.429801285974595881e+00
4.292648705881287885e-01 9.029408258431253387e+00 3.302340259415655677e+00
3.982280072140311322e+00 8.999409719437695188e+00 8.570848800065501649e+00
4.553715932847707037e+00 9.013055401814010992e+00 7.225675206505175474e-01
5.953064802835955405e+00 8.977793588000620773e+00 8.099262572590969711e+00
6.297747893875181191e+00 9.014748672242422600e+00 1.109550054363025673e+00
8.071451982493256239e+00 9.006063661610163251e+00 7.650059641371423247e+00
9.480302709256895000e+00 9.022877661345827249e+00 1.245176964490413152e+00
9.607451510392172267e+00 8.992287692568794455e+00 3.591973740505220114e+00
2.720648666120778714e+00 9.095784440271676985e+00 3.314335185694838870e+00
3.645496702508412845e+00 9.073363925274870567e+00 3.858445011721821416e+00
3.977317472286944877e+00 9.117572727926956944e+00 6.786363597842806961e+00
4.589807463769480123e+00 9.077674939749082128e+00 7.772094949056477020e+00
5.354912659199984937e+00 9.130667448340590298e+00 1.095284752312550403e+00
5.915521912773002100e+00 9.084899344288126954e+00 6.227065300100198542e+00
6.165809006697406502e+00 9.057760327962888880e+00 8.871197675380162906e+00
6.254440926541925627e+00 9.071923010496110606e+00 9.915862316116568209e+00
6.402476696887875462e+00 9.094847823238518814e+00 2.317037449270430649e+00
6.451192949697427181e+00 9.113601704992779773e+00 7.586893162645361954e+00
6.974292008371711482e+00 9.118732547585326031e+00 2.337157813469620038e+00
7.757879913337725419e+00 9.129500134465178718e+00 2.099840720913209502e+00
4.059592380571164227e+00 9.199062717426976121e+00 5.966824710122369702e+00
5.742415593289844189e+00 9.142265060246360875e+00 7.018443460549560697e+00
5.701699514449365402e+00 9.191506132794376782e+00 8.256679829223569911e+00
5.988357986221949147e+00 9.190118010550213157e+00 9.778312589860119530e+00
6.619904518445268060e+00 9.202873186377308556e+00 4.678102090381573319e+00
7.759616619345321098e+00 9.138233625384671655e+00 2.151707530247665368e+00
8.919502799365746526e+00 9.150592774669021878e+00 7.693023550986030301e+00
3.594805800614659486e+00 9.281283416485006654e+00 5.887342010961033267e+00
4.324423842214622837e+00 9.252126554176525630e+00 2.171327055761404168e+00
5.628742179580072502e+00 9.241730158398754114e+00 3.645182778722306782e-01
5.819949324640634636e+00 9.235495636164630540e+00 1.891275062931683681e+00
5.885519580799206452e+00 9.240193627391715125e+00 6.648685799671203434e+00
5.892417773163996841e+00 9.242019446811237771e+00 6.640748478257005871e+00
6.911544932908944006e+00 9.265661196051276249e+00 2.181697437126328687e+00
7.612847587005162175e+00 9.223659634490209314e+00 2.036994499224060284e+00
8.168246512732412867e+00 9.234853766562824973e+00 4.373820390706633532e+00
1.562716878789009445e-01 9.321230765981391997e+00 2.097258399296547449e+00
3.957404447006331871e+00 9.362703241837492030e+00 6.367770775293820629e-01
5.462527072662485494e+00 9.301475701713030730e+00 1.300872653662231704e+00
5.514857659268706414e+00 9.344151326744714936e+00 8.265258449326822188e+00
5.573336215391461401e+00 9.345130575584006394e+00 5.640573416159426756e+00
6.218635103976829726e+00 9.359939354634606801e+00 4.158188099825764539e+00
6.606023203088751572e+00 9.307055626456310904e+00 7.680167246524151281e+00
7.055630596212651540e+00 9.337550420787945171e+00 2.502111879249562243e+00
9.771877723681610561e+00 9.338451773687756585e+00 6.372022830402205962e+00
7.322313340857746766e-01 9.438604011152737172e+00 3.151953982161713963e+00
3.198070659827497941e+00 9.437722848107885198e+00 9.699043149647067708e+00
3.436554317176608642e+00 9.417140009404571188e+00 4.754008005428484118e+00
3.677163895381775127e+00 9.380459219621830158e+00 7.427391177626711638e+00
3.998846919972073533e+00 9.439032657557657302e+00 7.666188347195177499e+00
5.245614149262754822e+00 9.392575140562797742e+00 7.076948861987244488e-01
5.572619885562196451e+00 9.346812308713172257e+00 5.639561196255955977e+00
6.240447082552882385e+00 9.421553127417073625e+00 2.003971660571716384e+00
6.764632769708774696e+00 9.361793049777073605e+00 4.631846068484409606e+00
6.874235368556792736e+00 9.370313329465393082e+00 2.488153646545541609e+00
4.091247620109505156e+00 9.456181585949449797e+00 7.729361788433497971e+00
7.292158596815223603e+00 9.493968635518760024e+00 1.822835829869810631e+00
7.929343840183052272e+00 9.501925392833806328e+00 2.570068372929632083e+00
8.219934518520208400e+00 9.516788454488121829e+00 3.071441747037802816e+00
4.516407580605832806e+00 9.583986505578858228e+00 7.291909069353232908e+00
4.704442788596387537e+00 9.558253589277715179e+00 8.498174923252285184e-01
5.038667781434686965e+00 9.529512441824019575e+00 4.050585306689173493e+00
5.363442309446770473e+00 9.522083362065828283e+00 1.385540883646629418e+00
5.942340778538774515e+00 9.564064393163057787e+00 1.281641275754458409e+00
7.214025740862082259e+00 9.549249262626533508e+00 2.310006191155947963e+00
8.403986507702569941e-01 9.648300630536597922e+00 2.904118859978962242e+00
4.091724071657354855e+00 9.623788336684206968e+00 8.392506621972259495e+00
4.136233361719637180e+00 9.604411746732193222e+00 9.767623802254265186e+00
5.031483593862156489e+00 9.635234068948069108e+00 4.834154160731742422e+00
6.924415481670035177e+00 9.655478490631228539e+00 7.441117080662706940e+00
7.078261170271976432e+00 9.602696911688321180e+00 3.618228776961699644e+00
7.441536942142515265e+00 9.631072849556975513e+00 2.555913607206557803e+00
7.755859693210880756e+00 9.625085607141972588e+00 1.838417714835604455e+00
2.994611749644753740e+00 9.725115582996854968e+00 7.107516972373986164e+00
4.585912573436669248e+00 9.708162639369970037e+00 8.000684839939474102e+00
4.877175562891427951e+00 9.746013238984446048e+00 8.072243671601787796e+00
5.435589571837256884e+00 9.726983540559356101e+00 6.266537814960619457e+00
6.206494200441853515e+00 9.689975390322594251e+00 1.622982801446217205e-01
6.549432312158154801e+00 9.700492896797385356e+00 5.566880296950285967e+00
8.764518150195403479e+00 9.704637828218627860e+00 3.568614905534313486e+00
7.113800511940296389e-02 9.819445262230606986e+00 2.408665758764370945e+00
4.464207419651061493e+00 9.756045636287012712e+00 1.659991889394842879e+00
6.065315339343321455e+00 9.783024383258601020e+00 2.015475811139728624e+00
6.358869793449293262e+00 9.813747000288866928e+00 2.549924515560061167e+00
7.545584215017942853e+00 9.778021861969119044e+00 1.783882923650706331e+00
8.233186576579047511e+00 9.824739402547294276e+00 3.264048677528156084e+00
8.690602060213963753e+00 9.797237081781339896e+00 8.597717894843832198e+00
1.889804760350156654e-01 9.856899378914315335e+00 6.348816953231753324e+00
2.625339013537355104e+00 9.865232016282456939e+00 4.797409266813180473e+00
4.573914320929270971e+00 9.845163668512347144e+00 7.460570818663287973e+00
5.198034119017574284e+00 9.857464166719070775e+00 3.665794581738253122e+00
6.825681936084548873e+00 9.864743908879232137e+00 7.775104230843603581e+00
7.779012701475860325e+00 9.881575165271033967e+00 1.028507884416508089e+00
7.731931111850777860e+00 9.878062919591828361e+00 1.963064479506519966e+00
8.916272984691522296e+00 9.880273837139714743e+00 2.451384500555333190e+00
2.951536623543544735e-01 9.976967865855073114e+00 6.549459922863507977e+00
1.946257976153077163e+00 9.946757034128358654e+00 9.509678283937248011e+00
3.547261415201712786e+00 9.977781873718376104e+00 7.249919225350312857e+00
4.220516355877075299e+00 9.957257848129797750e+00 6.607092966281531865e+00
4.269943003508983814e+00 9.917457168673255552e+00 5.022911195975740206e+00
4.787601597529927311e+00 9.952911058655796950e+00 4.542166790877900873e+00
5.220773952717720157e+00 9.935193931329958872e+00 5.159754610358002758e+00
5.335826081713170410e+00 9.979159553957835271e+00 7.372378268881757180e+00
5.969804788939675255e+00 9.911820732988939398e+00 8.414982377471716291e+00
8.244893613677314548e+00 9.951770660021221460e+00 1.746469856872059356e+00
