2.112526295390786846e+00 2.367995177421367003e-02 7.235722417409358620e+00
3.061111310794935925e+00 1.303130128940434458e-02 5.112925954081274149e+00
5.833893668637881724e+00 3.640295220356520867e-02 7.741165140818837553e-01
5.799471058162065873e+00 3.957717895136131370e-02 2.175622766625594284e+00
5.929629621976225451e+00 8.574657839802496406e-02 3.715127417116271813e-01
7.542995329821362560e+00 2.868030086098096593e-02 4.149746156193351077e+00
7.746561156399391912e+00 7.952883348889566717e-02 3.575311486509597625e+00
4.125560512595034979e+00 1.368101909980382613e-01 7.457492808864660816e+00
4.201139163069376181e+00 1.375661004856147396e-01 8.839790067845779475e+00
5.087673887229714254e+00 1.099723157245509064e-01 4.962020797214566237e+00
6.097515648922033904e+00 1.490344874695196942e-01 1.097705397105756209e+00
6.252448033594836474e+00 1.244329196333182064e-01 2.008956440940324217e+00
7.469946673421643979e+00 1.214828174417641737e-01 3.272747988491371274e+00
8.555148680381439164e+00 1.225567233852329352e-01 5.211360718263057024e+00
9.322276606405377919e+00 1.226613436922137368e-01 6.595346794725621464e+00
9.337657576207240240e+00 1.349754119498736138e-01 7.647291057710400963e+00
2.874125521841894404e+00 1.846540774298469079e-01 4.024718542249281938e+00
3.254484202617856425e+00 2.123848980762939598e-01 6.797888506862260982e+00
4.767725596357870188e+00 2.138741052272202237e-01 4.300673938492357351e+00
5.390399295752695608e+00 2.090036559838612251e-01 9.647381808158645988e-01
5.364393699933040160e+00 1.873259804169664089e-01 6.601054962557540762e+00
5.969130923820984869e+00 1.894043585936188157e-01 5.799259804439131472e+00
6.658400393687345264e+00 1.708146156222569712e-01 1.489796869227925057e-02
6.690107089923672312e+00 1.953679776627741393e-01 7.426566334827157334e+00
7.910246905482823720e+00 1.961524109641439306e-01 2.349428566030486554e+00
8.164614327504953195e+00 1.779836157519975037e-01 2.135391133176595346e+00
3.821153981448006220e+00 2.960316634532585978e-01 9.310204753780639830e-01
5.880856340530900894e+00 2.450240984118189913e-01 2.103585406599826069e+00
6.301800103395896357e+00 3.061996053308293497e-01 4.448186652772415428e+00
7.099546038028039519e+00 3.123705233854640051e-01 2.222788427589137861e+00
7.843329575461142511e+00 2.852232276562028934e-01 2.089181947068160738e+00
8.012197244545706809e+00 2.711772095301437924e-01 1.904240489536038528e+00
7.964088125645379712e+00 2.847849523238481506e-01 5.301459959648862075e+00
9.546815838099966811e+00 2.764764071208578589e-01 1.321042687948858596e+00
3.532072433239510367e+00 3.707222897700430675e-01 6.088207356345655796e+00
5.597151604004359626e+00 3.362556186758587362e-01 2.915492560432818347e+00
5.768287973488163800e+00 3.476558503765726504e-01 2.323995827858766017e+00
6.480832303526169014e+00 3.536852749462460199e-01 2.661229051424415459e+00
7.634793628362340101e+00 3.600226082668038785e-01 2.325500227590479696e+00
9.036767306940005184e+00 3.942881919079262998e-01 5.572471730832960546e+00
4.936753372138756590e-02 4.060371181505143534e-01 2.659937125239644651e+00
5.580051569688762925e+00 4.045800847207137174e-01 2.515952249485664982e+00
5.930779332968510786e+00 4.148724969615738001e-01 9.409901203684361448e+00
7.048770720657020483e+00 4.762268582303192943e-01 1.689045070902073675e+00
9.416063624259729536e+00 4.457490402968663501e-01 5.605547515107558887e+00
4.836695019417821539e-01 5.033466948909145477e-01 2.707411537635908250e+00
5.638389739333943496e+00 4.971976271849722906e-01 9.845121411078956442e+00
5.885330358794282901e+00 4.981668692445992974e-01 6.896555341105260695e+00
6.174008294092304894e+00 5.445781797458096873e-01 4.043791918485148962e+00
6.256409605127623230e+00 4.834934239135881828e-01 1.484433008959025857e+00
8.837349715643782133e+00 5.278970110619765066e-01 8.137327924106829258e+00
3.310274253558421531e+00 6.337883174091056837e-01 7.335663889205261690e+00
4.380625438220711487e+00 6.235936004526199117e-01 7.174143661223707502e-01
4.687213544566137813e+00 6.354001117273585519e-01 5.260964020628460247e+00
5.142719113911207174e+00 5.568563855262366191e-01 9.378579406378937833e+00
5.233654311933643832e+00 6.160005811309836599e-01 3.138935041882622290e+00
5.354181813098906950e+00 5.898172863213265726e-01 6.687592693403851207e+00
5.456855772531921112e+00 5.699057216352283461e-01 7.643354226577601551e+00
7.826282319188920589e+00 5.763728558249217038e-01 5.801379246356209052e+00
8.159369994907384793e+00 5.970140307383082767e-01 1.828315266934398942e+00
3.836714875287466686e+00 6.663207570170157634e-01 8.108793207203859321e-01
5.626112040986159357e+00 7.149141291392553388e-01 5.085804133468345256e+00
6.231700774463372561e+00 6.516284865089247980e-01 4.549129798505533451e+00
9.337734089861811526e+00 6.438171055841651613e-01 6.854018752924050162e+00
9.951121059057333795e+00 7.050030931918985777e-01 2.563073251602608238e+00
5.704416530176225741e+00 6.833627649748525990e-01 5.031587507670537640e+00
6.366440689943023479e+00 7.230178349392413217e-01 2.816726088719823551e+00
6.836463886583574734e+00 7.345340725246776170e-01 9.612745349651106608e+00
8.294732059395617085e+00 7.901251957605612830e-01 7.767535236162945722e+00
9.215735242775551228e+00 7.562413912170611319e-01 3.297637904413113663e+00
1.156872782057906335e+00 8.658081892976895455e-01 5.910916993530051400e+00
4.567482373825793474e+00 8.481288008143317292e-01 3.691030751206448191e+00
4.607824169067273878e+00 8.736221706279608812e-01 6.285082696045982686e+00
4.853207270822019304e+00 8.401571299281864746e-01 5.685388855428770150e+00
4.925917207174632217e+00 8.369270978336965650e-01 5.820773012473328123e+00
6.083007524357403106e+00 8.189771347818587399e-01 4.848206692309559251e+00
6.176311969589352913e+00 8.237387942877445468e-01 5.170701630790163428e+00
6.273569419291030513e+00 7.958600959509022355e-01 2.908977365941019855e+00
6.350758555180901155e+00 8.471539887209676989e-01 9.758859748004915957e+00
9.909863347619971563e+00 8.478628758236148588e-01 7.321711822073280196e+00
4.647689676402465331e+00 9.053958046186038056e-01 5.760721081091452866e+00
5.575387531531843521e+00 8.965522415431224079e-01 6.768670484726759362e+00
5.801183559945908286e+00 8.874772565745718822e-01 7.032074924354223100e+00
6.687298434303856176e+00 8.849429755268493070e-01 4.027930718709663793e+00
8.345788350101004838e+00 8.984650820823324446e-01 7.726126980786132137e+00
8.532197323911404396e+00 9.148944664277676164e-01 3.147370111389167668e+00
9.145830478922786000e+00 9.230973465143084145e-01 4.791954889243037030e+00
9.767079277708878848e+00 9.307700850858776631e-01 4.709769619587756750e+00
4.434663289968574063e+00 9.653858372749126726e-01 6.029806373252557528e+00
4.788937163101783412e+00 1.017884886148784584e+00 6.421727522622228790e+00
8.182409469183626882e+00 9.595595595688074519e-01 3.267965938811855375e-01
8.258642121149881277e+00 9.631572113164057480e-01 7.365010186465684505e+00
9.306918831746479270e+00 1.025472581652844717e+00 8.176766106358240194e+00
3.713911463835099180e+00 1.041070885300687587e+00 5.911406265458453824e+00
4.534472569398709574e+00 1.098129086337172433e+00 6.963690829005299676e+00
4.850074580701614124e+00 1.077056025555227947e+00 5.272221877692156333e+00
7.482161541890684830e+00 1.059563226086282839e+00 5.903971057630839070e+00
4.043648347797772047e+00 1.129240232202904703e+00 1.878931113148110565e+00
4.759779203085758859e+00 1.122912337118937121e+00 3.571108977907339721e+00
4.740116087306913251e+00 1.120162773688586633e+00 5.133455614701428971e+00
5.475470348378217444e+00 1.157362985673898059e+00 6.840964426979220470e+00
5.483126803956954731e+00 1.118574626027770691e+00 3.395028693105876627e+00
6.302897430302296655e+00 1.168702949209699860e+00 1.261253331533319422e+00
6.283088446291937856e+00 1.152630586457476181e+00 7.713114299404049135e+00
7.575487111650393679e+00 1.164142417150509035e+00 7.024360383865322355e+00
8.899951119249834619e+00 1.113249117174049951e+00 1.599071307825774113e+00
9.852765896094556552e+00 1.130678250219718795e+00 3.602121617204203208e+00
5.655970358037981427e+00 1.238563479867092587e+00 5.060035564384323337e+00
8.074915871189533689e+00 1.245062205664270838e+00 1.488064914461372790e-01
1.747596541341069232e+00 1.332400661441886180e+00 9.373059772778820076e+00
5.108156156160493566e+00 1.299494469370860328e+00 5.229682006870969957e+00
6.271706941673674152e+00 1.289317500623263335e+00 5.418297214871341971e+00
9.269371759819941659e+00 1.278267506590447411e+00 4.920037613908245788e+00
9.829040577831591463e+00 1.334606874112548525e+00 8.017692243306854039e+00
5.843746810988632134e+00 1.344646559714703926e+00 4.630563861312462670e+00
8.697982564383920590e+00 1.344244837946268811e+00 1.686024996995365011e-01
6.100930833791848307e-02 1.484902515955047519e+00 3.868550513761680243e+00
4.685010181969069265e+00 1.500487425996086310e+00 3.114709938271670975e+00
6.219097049146141032e+00 1.431815382964622518e+00 5.916746021079499762e-01
6.202153907986089898e+00 1.473907102825790183e+00 6.337757137164974353e+00
6.912801430556889670e+00 1.483482810547763542e+00 5.937850046574757457e+00
7.009881354738865866e+00 1.456046980438719052e+00 3.201502814578152556e+00
7.157694379009088337e+00 1.450929430950361532e+00 3.001924791276258553e+00
7.627614741345887239e+00 1.429107566068738233e+00 6.101934985994799554e+00
8.427896971782111279e+00 1.473164208695012523e+00 7.257181882671881468e+00
8.829461846864740338e+00 1.480466064214447153e+00 7.178354243298462833e+00
9.763636393536641478e+00 1.478322140561581843e+00 7.235226975813288774e+00
4.239838994110800563e+00 1.560232517003643071e+00 7.147692835805710132e+00
4.614212209628512973e+00 1.559357052440989877e+00 2.531947861812610778e+00
4.696274063659554798e+00 1.489340973331664042e+00 3.085139767189568616e+00
5.324455682372799536e+00 1.516762314262417810e+00 7.184993432039792793e+00
5.652843043543015256e+00 1.574617449841709815e+00 8.076222684238349103e+00
6.065840373577451317e+00 1.512167032547524270e+00 7.061661121433692401e+00
6.333197223259711350e+00 1.501669014283194992e+00 8.012398655528075508e+00
7.474889945919696466e+00 1.555286748012329134e+00 8.242194151022214754e+00
8.180445082240613175e+00 1.515738431867228009e+00 6.559303868462643905e+00
9.370937732951086119e+00 1.522870955197433762e+00 4.227165667717517117e+00
4.677241783791215468e+00 1.635494509438248700e+00 4.486965781578172496e+00
5.094208222854557988e+00 1.619001110755323491e+00 2.908440079139502643e+00
5.741322136470077275e+00 1.628204386172598106e+00 5.804214118524293475e+00
5.905770271649188885e+00 1.612525334823038392e+00 3.448939523964198450e+00
8.369058228604737693e+00 1.630551306420148894e+00 9.981397941818292985e-01
4.682230059626837360e+00 1.691728729776023066e+00 5.707703222117800124e+00
5.177519398095729919e+00 1.709566206027101964e+00 2.395082711836804990e+00
6.234546127048361086e+00 1.653283433589260332e+00 5.402944133173100738e+00
8.407003314994053511e+00 1.655300089869981228e+00 6.428928641829130264e+00
8.492452818958687644e+00 1.693561271473310148e+00 5.710658204824563100e+00
7.819396990413715054e-01 1.747299215466094902e+00 5.128027121907539509e+00
4.667730051864333873e+00 1.783577996614230887e+00 6.721821121548936517e+00
5.364223476492544052e+00 1.753478479047483773e+00 2.643883252280231133e+00
6.147877913795762872e+00 1.728769844590319238e+00 3.095605499945649264e+00
4.449392653809040254e+00 1.865649666064621570e+00 4.208679059430417091e+00
5.282098296239465363e+00 1.857007187020238481e+00 2.612817289886534944e+00
5.273990869685063032e+00 1.850576620713232145e+00 3.724007205647655638e+00
6.519799862382182454e+00 1.855648827041286086e+00 6.441033964741111006e+00
9.461273996409968134e+00 1.817511322222780557e+00 5.489141640917896581e+00
9.618146862702618094e+00 1.825036790000353015e+00 8.820187499825440369e+00
9.664849381575297826e+00 1.845902074350268318e+00 8.741289562423158799e+00
5.213827028980438705e+00 1.876520886520540721e+00 2.626405684731398349e+00
5.299414775843011682e+00 1.912045352253729735e+00 3.661528138412642797e+00
9.397923829464902568e+00 1.921179953356227266e+00 3.024874015517849291e+00
9.633389302233997142e+00 1.898421707365190558e+00 8.213527990475460783e+00
9.927052363163294757e+00 1.915070948118531291e+00 5.017742393435219661e+00
3.849259462924274899e+00 2.040207231237505248e+00 5.869198234833443273e+00
4.911623198170358862e+00 1.995159278059742469e+00 1.952494968295787281e+00
4.864372352377226427e+00 1.992846158447421079e+00 2.165655028731263698e+00
5.768377479050277756e+00 1.973495838375555866e+00 4.370772276070171714e+00
6.441492413487663882e+00 1.999720013675574837e+00 7.151967449030200541e+00
7.684849767493552974e+00 1.974280414568521991e+00 3.355435413535293954e+00
7.934372277736674306e+00 2.024695250844021466e+00 6.812074559078101998e+00
8.264965887574168946e+00 2.050717419814151565e+00 7.972774226725656277e+00
1.339859017006285846e+00 2.050463646786503613e+00 6.502994978979552698e+00
4.368889782033162916e+00 2.074649597267226309e+00 2.299609086092726518e+00
4.406074981345180497e+00 2.062770962953102583e+00 4.725942839246762617e+00
6.398894845376128515e+00 2.050320518624727306e+00 1.491606393570591216e+00
7.905921199615001171e+00 2.098291216372816237e+00 5.576595864927866408e+00
9.468685808452582009e+00 2.080597331792533922e+00 2.885105315523897485e+00
4.475886917860921743e-02 2.150704551219575933e+00 5.485700658464867097e+00
4.720868689235383497e-01 2.118602144076461524e+00 4.662272953457641478e+00
5.458645908150045578e+00 2.161851529451015885e+00 1.149619411215127285e-01
6.299832488587684409e+00 2.153320730617886536e+00 6.975553435052695761e+00
7.710528458481007874e+00 2.186390237464206798e+00 4.996201187368026098e+00
1.241120582659571259e+00 2.244339869711551305e+00 4.843896827050086173e+00
8.036982216465149875e+00 2.218092473283244992e+00 4.887429890444022540e+00
8.162825240845213770e+00 2.218288137454488940e+00 5.809123211512194018e+00
1.377398174812382914e+00 2.328343959838836241e+00 2.219893523870258178e+00
4.888085338310221850e+00 2.291214356962541387e+00 7.927206148982051559e+00
5.135832103427093287e+00 2.289324979615787292e+00 5.493733304028681097e+00
5.211342676233467586e+00 2.313259893464891359e+00 2.855178101674189062e+00
5.386460930189011620e+00 2.312478583719640657e+00 5.839943678408936023e+00
6.227450782141399799e+00 2.305945956935143926e+00 8.108635298577960171e+00
6.505064633582504641e+00 2.289375321351255099e+00 5.962999284674868505e+00
7.630524442025388154e+00 2.318523664383227878e+00 7.699852164337650073e+00
7.891784917788474019e+00 2.275254483815347228e+00 4.632447155133627703e+00
8.278175323510696515e+00 2.360673855669032317e+00 7.798055891194985101e+00
9.163835668671218571e+00 2.338585857323060679e+00 4.402128951548709423e+00
9.403877173655848409e+00 2.327015732846605012e+00 5.474175811562822958e+00
1.238143560002828436e-01 2.373354547281123939e+00 6.860839490016745756e+00
6.466390984460653968e+00 2.422454340583144017e+00 4.849654901063077617e+00
7.052273907691157362e+00 2.411870112878580663e+00 1.076950319434123671e+00
8.567006149694762485e+00 2.354858440406463860e+00 5.507269919329090158e+00
3.875958835872040931e-01 2.498317571861188302e+00 3.789136871259554340e+00
1.509335843777424246e+00 2.473682958707266621e+00 6.777299316680527319e+00
1.625341721910175341e+00 2.491880165121461044e+00 1.869722678046798148e+00
3.576737594322032976e+00 2.456117116071864004e+00 2.270925290932208185e+00
3.873037509777581988e+00 2.438890672915108304e+00 5.554610183131038603e+00
6.118774656102658582e+00 2.462596371114138982e+00 1.622040219298785946e+00
2.451010387218242048e-01 2.574676569781648716e+00 3.691806672608175077e+00
1.466945469016995407e+00 2.497132208411083631e+00 2.322522403657027112e+00
1.577481623627559282e+00 2.544206608242485679e+00 6.623654286656364576e+00
2.224866606579446682e+00 2.577558614245386792e+00 3.695199766622129900e+00
3.587869982664848578e+00 2.513489901615049149e+00 2.837455654282474704e+00
4.773524957146322301e+00 2.529924375168871808e+00 6.199967468926207204e+00
7.225269245349105418e+00 2.574299248824729158e+00 6.717166723582573162e+00
7.582767971823980879e+00 2.540977079841975517e+00 6.795474147818972632e+00
8.160214803711665965e+00 2.521099498812538364e+00 7.664911996089832869e+00
4.465499967430272221e+00 2.627324366368211983e+00 5.879526158052444273e+00
5.976309845415439526e+00 2.631131527920627100e+00 5.923575732027416052e+00
7.123684740423632533e+00 2.619302234676756491e+00 6.464393771912699371e+00
7.315285090066613094e+00 2.669591024048923344e+00 8.556008748865552960e+00
8.570676924079970505e+00 2.622780658642473561e+00 8.167615476684868980e+00
5.787435416525390508e+00 2.728297603088931211e+00 4.441863774571737089e+00
5.985927570202873582e+00 2.706448066518515549e+00 2.263016447548584775e+00
6.279766081468418193e+00 2.703308356859992934e+00 4.723080307519582632e+00
6.461199451033333929e+00 2.675750970402009266e+00 7.911580059097342854e+00
6.838878555458729025e+00 2.733248197335714558e+00 5.825582827108506390e-01
7.012786265721344670e+00 2.729942355681149291e+00 6.865742754505602008e+00
8.841855479288998509e+00 2.730963714055095970e+00 8.338236393915906319e+00
9.647635055555515704e-01 2.791769189379261995e+00 5.737478116240718462e-02
6.132071194305710904e+00 2.769305712394537267e+00 2.518388901026687776e+00
6.594028130080202388e+00 2.800385554034639846e+00 7.065959349423492242e+00
8.097358535786797873e+00 2.758072787026181860e+00 7.946310592235125370e+00
8.478622324436884128e+00 2.808835532499434517e+00 8.367670684049823393e+00
9.620030253582575241e+00 2.764126906021081354e+00 5.330768573711880620e+00
1.456528989022560228e-01 2.823999724691733881e+00 4.687324666101936543e+00
1.143213660113352237e+00 2.879233057719488897e+00 7.085644847186116202e+00
3.236920185855131304e+00 2.850449781038057573e+00 3.721030942763107863e+00
5.030921142129426649e+00 2.819181674776434665e+00 5.051229701520462356e+00
5.586764018318534752e+00 2.902861857171093352e+00 1.893774510302725478e+00
7.571195683368843632e+00 2.850598015032744570e+00 7.979389258513885252e+00
8.777096690471918095e+00 2.869797386384090654e+00 7.841167446590296741e+00
1.210012086345764626e+00 2.968055422905803375e+00 4.801916109876658290e+00
3.167298379047817747e+00 2.943406654250749988e+00 6.888713489056906170e+00
4.261204637491093905e+00 2.958380788692867469e+00 6.352195380160262417e+00
5.533054741031105728e+00 2.926945868084219526e+00 1.864533639064647641e+00
7.507104852014647278e+00 2.933584187111248465e+00 5.023839267373062967e+00
8.944778060288014032e+00 2.902666471140912030e+00 4.794551771214754510e+00
9.047503003752115802e+00 2.900140741894356999e+00 5.098010574806036033e+00
1.040879886955947242e+00 3.018598083897115814e+00 6.651149572371356733e+00
3.773418570667451455e+00 2.986595553238857281e+00 6.162432782288343347e+00
4.509085765764742959e+00 3.048396352828852240e+00 2.831827071926570571e+00
5.457090410467716701e+00 2.980790428970362171e+00 6.221922705480505300e+00
6.702717623162323335e+00 3.024029669714444868e+00 5.640656823274609266e+00
6.966680333720034923e+00 3.025671849854606243e+00 7.571259427780384854e+00
7.085298682067924680e+00 3.063286186003319145e+00 9.092482332797853672e+00
7.254898035015846958e+00 2.978856794369987515e+00 6.808500746521114699e+00
7.649291428627595479e+00 3.042160237380754140e+00 5.305916961556444988e+00
7.734369661850443833e+00 2.985489621215922540e+00 7.103915774855275700e+00
8.558886013658721481e+00 3.049182097282038040e+00 8.473092891566871288e+00
8.856296289445246828e+00 3.041244951900945015e+00 5.450116094970547387e-01
6.676700324833469147e-02 3.052734347374215673e+00 6.828907695926842436e+00
3.257492953955543502e+00 3.083600848498454283e+00 4.542511701897167242e+00
3.811477470908643639e+00 3.057224739749495157e+00 2.778068951960119382e+00
4.018676576789102839e+00 3.065378946502777424e+00 2.848759599388750008e+00
5.077425360585599456e+00 3.057633103651665962e+00 4.429005747982731833e+00
6.284930993830077917e+00 3.091115157160817972e+00 7.720395250147322308e+00
8.511485635369121283e+00 3.105451382590246112e+00 9.323547741013088697e+00
9.331363591382373812e+00 3.114497289943400027e+00 8.727487837884201127e+00
9.599219221992724371e+00 3.109315924113335683e+00 3.772337175049744751e+00
9.735827321409066926e+00 3.068822680688049864e+00 5.347957593938199139e+00
9.798696047289057631e+00 3.050195512630273331e+00 5.204146690232812844e+00
2.668908344638947217e-01 3.136567171003796339e+00 7.337111678893428746e+00
1.501533443430853598e+00 3.206110491858859213e+00 6.307807499993437261e+00
2.425015380641015739e+00 3.143804502631087239e+00 6.487773034760710544e+00
4.578684172386221718e+00 3.163234046076321082e+00 4.130315561160753823e+00
6.543375110448594434e+00 3.159687032926135952e+00 7.157808260758282692e+00
6.768638662035335152e+00 3.180395346265468604e+00 8.521806227984423998e+00
7.778442415207521776e+00 3.162226435236662248e+00 7.955432139083452370e+00
8.071008356323606137e+00 3.226834670049114173e+00 8.552180964633510740e+00
8.473441444880357665e+00 3.175911465398527866e+00 6.084032071056192592e+00
8.818759721530781803e+00 3.207627008676927183e+00 7.112358783988875111e+00
9.779666104056840226e+00 3.179336702145367788e+00 7.937311142173648193e+00
1.312477162351219695e+00 3.220677376403300762e+00 4.858647778068998946e+00
5.150200486381677933e+00 3.206588415594811003e+00 9.405633465374043656e-01
5.389480927656570941e+00 3.252603160392695258e+00 6.431008288214675517e+00
8.931012745962229715e+00 3.225650052900614906e+00 4.582374903586874382e+00
6.728405690421700669e+00 3.343145177823978020e+00 2.408020249382049283e+00
6.983187877805120181e+00 3.326852389570867707e+00 7.023480354281032234e+00
7.198017809612803575e+00 3.308299313172271994e+00 7.543241923662565185e+00
7.442257976238916939e+00 3.364793216404490028e+00 7.684565862714448414e+00
7.980152832325937418e+00 3.332395121422117690e+00 7.028049207631934081e+00
8.262434676424405211e+00 3.314312287144090874e+00 7.226705990853031558e+00
8.313942286957528793e+00 3.337907960697415355e+00 8.414896993269715963e+00
8.699851049847946882e+00 3.305736543396859961e+00 6.549344218948053964e+00
1.509440270988995358e+00 3.435440444525771131e+00 4.189940088726114453e+00
4.708698465662484622e+00 3.401960486886142832e+00 3.689209553638770345e+00
6.681410686645429919e+00 3.416250006651424531e+00 8.823803838363723173e+00
7.574639206565365157e+00 3.416741088072110077e+00 8.119433568908203114e+00
7.687189088517948576e+00 3.427308940535705339e+00 5.976426631901416542e+00
8.517352828176754542e+00 3.379578144318580168e+00 7.193010362068802621e+00
8.854840801491850044e+00 3.419342745874048184e+00 5.236099450622980100e+00
9.585083031815628374e+00 3.431721278908482997e+00 4.697714797666882269e+00
9.597595243452962777e+00 3.364785081674251721e+00 8.194209703173680026e+00
9.896080619344445495e+00 3.441745938180456044e+00 7.313351107799793027e+00
6.357253807318762107e+00 3.492557332339195852e+00 7.911605760111002361e+00
6.681286728502785266e+00 3.496847651626503684e+00 2.840331653988847904e+00
7.996987262455382606e+00 3.460025515707758181e+00 8.669194400718641447e+00
8.389261703348154242e+00 3.465108833686665335e+00 6.172985856011832695e+00
8.864013682753595802e+00 3.445148230608436890e+00 5.054155079234048387e+00
9.205314153776154029e+00 3.493922889786625241e+00 8.411272757382741716e+00
9.628324979073955348e+00 3.481800594912145996e+00 6.162079206606970061e+00
1.190106421508613455e+00 3.568766584068572278e+00 4.952041014412247755e+00
1.375163520070558754e+00 3.568736849004920941e+00 4.065503923457608693e+00
2.258833101547689015e+00 3.577734162407055774e+00 5.032397235836200799e+00
5.001853659765741256e+00 3.518639274628780456e+00 2.106877583121982589e+00
5.722597012614595080e+00 3.593371001954022592e+00 3.619706693295113187e+00
8.174254818840275050e+00 3.551686373101172745e+00 9.108777065791219485e+00
9.720761637402780764e+00 3.563389734572655509e+00 7.394433840090915311e+00
3.801690608640111435e-01 3.639528934038342101e+00 4.978399983601938139e+00
8.774673324389230533e-01 3.622275787195435193e+00 2.029594925112717885e+00
1.498321648464393085e+00 3.651667841772348932e+00 5.659991278941989279e+00
1.983880760926786335e+00 3.638665642848498472e+00 5.800182069235965798e+00
4.115716084597068836e+00 3.670161522365672724e+00 4.617450745466920026e+00
5.106319232192404023e+00 3.659824878145997218e+00 6.224397976078847705e+00
5.540899290373304531e+00 3.657269265758007037e+00 4.605358453954283782e+00
6.653536881230277089e+00 3.635131734301017659e+00 7.371038337826970377e+00
6.769787522978497840e+00 3.615883741633953541e+00 2.849481784134097140e+00
6.748269004426830087e+00 3.663230632201390780e+00 6.978342142319764463e+00
7.113352865131790992e+00 3.646146860588042937e+00 6.788908436946877067e+00
7.216808548558880432e+00 3.663321428549713765e+00 9.033271851075316050e+00
7.416896700349685290e+00 3.666777554875580325e+00 8.694532899894110045e+00
7.749452319889206464e+00 3.652097942819540588e+00 7.993364646181859712e+00
5.284914438417968263e+00 3.697243882502053047e+00 6.943218764132517151e+00
5.653122601356412424e+00 3.696857908942515980e+00 3.032505710314230107e+00
6.323369633635270048e+00 3.729643637536776524e+00 6.400844751308763847e+00
8.138213177218114325e+00 3.741718479726138469e+00 5.192993180561460420e+00
3.121316740007550328e-01 3.773591948499896098e+00 5.332061917060743284e+00
3.505876814025464805e-01 3.782402949779703150e+00 3.548385791116173582e+00
1.962683220993810984e+00 3.826297747675718064e+00 6.734714469059751352e+00
4.260424282249455352e+00 3.780730773820124568e+00 4.068611893968730797e+00
4.724857707421826980e+00 3.787161813532415877e+00 2.357104454330689158e+00
5.113488184621399313e+00 3.803231752700931168e+00 3.361178085546504768e+00
5.835894785786308603e+00 3.759969830954177805e+00 3.755210875688461680e+00
6.777981328176694298e+00 3.785383275065571596e+00 6.920825384038250760e+00
6.837576576508692661e+00 3.797747717872538509e+00 9.628599731596906963e+00
7.053958188472685187e+00 3.780082659469026218e+00 6.542665090196289057e-01
7.735625381035463377e+00 3.785495815460054203e+00 1.353934466659143521e+00
7.819549946987267575e+00 3.804634964966381538e+00 6.701736302459248229e+00
7.991980460110977624e+00 3.779929602247016796e+00 7.255348483075723109e+00
9.619525939687155969e+00 3.801896677439777328e+00 5.006634528325737854e+00
7.550865889216085147e-01 3.872361632269258891e+00 6.608815102004454545e+00
8.640158213946254051e-01 3.851310258228386907e+00 7.213083099505710472e+00
7.506304581243995244e+00 3.898697268855087827e+00 7.609215701510675167e+00
7.551014361266165764e+00 3.872827796633837139e+00 7.505382850060893674e+00
7.960282826955637603e+00 3.841625155225432131e+00 7.219283820917661743e+00
7.979889662783677728e+00 3.894696524229207757e+00 9.955092397709664809e+00
8.160721628179778975e+00 3.885296286273786759e+00 8.080354465519246077e+00
1.084662292708483466e+00 3.917789961441774604e+00 7.012345025037275192e+00
1.747450944446838239e+00 3.942098773210692464e+00 2.474246810649444850e+00
4.963305193941558890e+00 3.955476559191961172e+00 3.434145093479619160e+00
4.963508431126633980e+00 3.964566905940416941e+00 5.341689437203747559e+00
5.757466344789360591e+00 3.955131629209970967e+00 4.662446929128474693e+00
6.863139940498651725e+00 3.973028182299911393e+00 6.561670530180543359e+00
7.487407158567250143e+00 3.941997436883891925e+00 7.533568466404815922e+00
7.890340963514723249e+00 3.909628388008351330e+00 8.386388575088618680e+00
8.024243234557062010e+00 3.924730791650269168e+00 6.972803814659176425e+00
8.351882240292189508e+00 3.915562316961587186e+00 8.226572092237027789e+00
4.536711594850976192e-01 4.029764973200357758e+00 7.559361335692227790e+00
3.770938809756317234e+00 4.060303195600570625e+00 6.129441538683332524e+00
4.773514342129830723e+00 4.048125981163386733e+00 5.498897528566358162e+00
6.450414861153520363e+00 4.065318516712884467e+00 7.561797804388032063e+00
7.305393322208304951e+00 4.025220242400680881e+00 9.566726532806502092e+00
7.855109749782253736e+00 3.990777126774450956e+00 9.874399149078415761e+00
8.373862106397766070e+00 3.990630543237595695e+00 8.901226417631015408e+00
5.417895491362161309e+00 4.132185321175013470e+00 1.103781835189875160e+00
7.039986244698338780e+00 4.095404748460008015e+00 8.251507002284249381e+00
7.212269379786978796e+00 4.140496253440327123e+00 1.829687986965151669e-01
6.323262133912292526e+00 4.226449341797510861e+00 7.839212951262670259e+00
8.173427864746926730e+00 4.005420106144176984e+00 9.385757483504661991e+00
7.617539299278865528e+00 4.126598042883764528e+00 2.486401425278129462e+00
7.999976278121852857e+00 4.111456536577361653e+00 8.978262268203961227e+00
8.167330578434622623e+00 4.089645410684311422e+00 1.182285230551559929e-01
8.538643227118095425e+00 4.061761456436815187e+00 8.065099896662889734e+00
8.746017292788051734e+00 4.099680953832105068e+00 8.127229910052008677e+00
9.037975329887228071e+00 4.103278570013037196e+00 9.074022448511733785e+00
3.001172004544832905e+00 4.186637544408700506e+00 8.149455112724377059e+00
4.496977631897727257e+00 4.194589892441388024e+00 3.065562543230951231e+00
5.030504940834141792e+00 4.183309621382797161e+00 5.852984064279382892e+00
5.678918157120814492e+00 4.148251637580457896e+00 5.116695453906864977e+00
6.317365729574853539e+00 4.161334826770950457e+00 4.481295260053098417e+00
6.678341675255557774e+00 4.173133548042870622e+00 6.430299700483207204e+00
6.875324810018325294e+00 4.183714913415968795e+00 6.449411110990939555e+00
7.065846119753416588e+00 4.210230467560665879e+00 8.248878794729024300e-01
7.187966869410359116e+00 4.164797123759356623e+00 9.402223412150615189e+00
7.602615128488761087e+00 4.165810598116870267e+00 8.884683993255976020e+00
8.769137387597414346e+00 4.203611603537495078e+00 9.691299593335354956e+00
9.269846173239535858e+00 4.197781337801983703e+00 9.769538122898707044e+00
9.464730466286219723e+00 4.160140001024929646e+00 9.120779386295627233e+00
5.565292950743169875e+00 4.215995561977579520e+00 4.985416664574378487e+00
6.685696717181039972e+00 4.251485064634347388e+00 3.162624210933339786e+00
7.040501668449435257e+00 4.245813958263607191e+00 9.529044509697980558e+00
7.118464428916318809e+00 4.226528131763413576e+00 8.242291314477480313e+00
8.026267117585742739e+00 4.235142521978020547e+00 1.976870439857820294e+00
8.963053121647789112e+00 4.270764341895715965e+00 8.762969701769739217e+00
4.263833151512873343e+00 4.346177408942464737e+00 4.282698066962472794e+00
4.295816848828401646e+00 4.344841296388719520e+00 5.651909052956434643e+00
4.949586814157790116e+00 4.358562205801627343e+00 4.394900151382664433e+00
5.023804895135791426e+00 4.308050987137955090e+00 3.480409916538580450e+00
7.114699737289048365e+00 4.329948620311830254e+00 7.370852105344789962e+00
7.268527205858424267e+00 4.327662204093089215e+00 7.617925145923445385e+00
7.566855082149354317e+00 4.353086390278668283e+00 2.125676827089785448e+00
8.752498356161913406e+00 4.329817471443204724e+00 7.713988718818141521e+00
4.610770606695103746e-01 4.406657154233920792e+00 8.392939358616938961e+00
1.090103694875739215e+00 4.428897782354074941e+00 7.578612750752279581e+00
5.617574293570593014e+00 4.396959693980622141e+00 7.901792216978114958e+00
5.634245808551648693e+00 4.452227718747777452e+00 6.330353832416549587e+00
6.378700461587296644e+00 4.151338918855658200e+00 6.654331853287254184e+00
5.294149377114433896e+00 4.702408021174145247e+00 7.040611162677326895e+00
8.079633540718251794e+00 4.399377851614445945e+00 8.517737940458827595e+00
8.507764410406695177e+00 4.420609554944905817e+00 4.942769154438767520e-01
8.932583427137810617e+00 4.458260054322370713e+00 6.676633650769367101e+00
9.314137634676400879e+00 4.399226398535095228e+00 8.606338572229505601e+00
2.138846516016587262e+00 4.520251842622669436e+00 7.036588599392045396e+00
4.830095927886620011e+00 4.524453314294611950e+00 7.901248921480058529e-01
5.501298385234691501e+00 4.493313023691325014e+00 8.106323498518928972e+00
5.800340893638944451e+00 4.465722077467900064e+00 7.376650724306125895e+00
5.974045817167046302e+00 4.489714514364047560e+00 4.123353877364647424e+00
6.387788792152192308e+00 4.521320175593631419e+00 7.005327885340724592e+00
8.499938995668030017e+00 4.472228009325562859e+00 9.063706122949819033e+00
8.604727882060029032e+00 4.468787764794426742e+00 2.246439410248586843e-01
8.877058065943995047e+00 4.501677776395992758e+00 6.755633797544594366e+00
9.508413543574965487e+00 4.510855809915938153e+00 6.772417353248384231e+00
9.918258354372150976e+00 4.486091410870776564e+00 7.359402736019749369e+00
9.836811056195530201e-01 4.571748983037026370e+00 5.112266384506371608e+00
6.774672391221014500e+00 4.599016387750521240e+00 7.554815358989269924e+00
7.682794550701602887e+00 4.531539232249401472e+00 9.598965803547349296e+00
8.216750584526907986e+00 4.573572195743541791e+00 1.307082110499965477e+00
8.695244713363798894e+00 4.578453026540724835e+00 9.913180660410676026e+00
2.219011434215107048e+00 4.681224122702119850e+00 7.186406734467715829e+00
3.610345051356236290e+00 4.606638539420512934e+00 3.768328012698737073e+00
3.838732789900001663e+00 4.682379926283222638e+00 6.414718653084833022e+00
7.137386019773902746e+00 4.675198550494712002e+00 7.466378774362480542e+00
7.766764057885591654e+00 4.614187842662924588e+00 2.121703732716511137e+00
9.595764012683826394e+00 4.668981180480682447e+00 6.390655117908268679e+00
2.762561597726723051e+00 4.755530670184354491e+00 8.180430814980720555e+00
5.993479675924529460e+00 4.722816418329768062e+00 9.453574757688262054e+00
6.582725822736457566e+00 4.696498529757656470e+00 8.408019519797612418e+00
7.751453700816558268e+00 4.746795935857948123e+00 8.672758773153860901e+00
7.814596007625493002e+00 4.686847048329939369e+00 3.001125661540283485e+00
7.874321078146039987e+00 4.714789751510141791e+00 9.682931618139528851e+00
8.269887031054109272e+00 4.690694885872699338e+00 5.322710278209365597e+00
9.274737945407760975e+00 4.711107309514026120e+00 4.727176656595863946e-01
9.477229626113899741e+00 4.739022430654086904e+00 6.968775697782262135e+00
9.635175212062822681e+00 4.728974302703970345e+00 7.843714350971502824e+00
5.405151299142124444e+00 4.798038332116385973e+00 6.225689517073957013e+00
6.766803992824807601e+00 4.793836210046157120e+00 8.492689133792614697e+00
6.991609754884064998e+00 4.807804340206520699e+00 7.980595615152566991e-01
7.215121745749409676e+00 4.802055401968853943e+00 1.159421408622292926e+00
7.219317904078129899e+00 4.820178370680291202e+00 6.461924109930069271e+00
7.540146921759980359e+00 4.781286094716238999e+00 8.021814667734510351e+00
8.014186513762382447e+00 4.790644178801335862e+00 3.874475065181974820e+00
8.574547743767666930e+00 4.779999140878084418e+00 8.835500589348214362e+00
8.618369967516180452e+00 4.784628691389513300e+00 7.854747406153006928e+00
1.987953875353227318e+00 4.903314534965576676e+00 8.392536312781873065e+00
5.118218404544471412e+00 4.889540939387676310e+00 4.866432553444404618e+00
5.747022787248983633e+00 4.892829379026074399e+00 5.230456256446318619e+00
6.286452107818316648e+00 4.901808071517268495e+00 9.710288865111945000e+00
6.810189249891986485e+00 4.868371427319427625e+00 9.112805172360824102e+00
6.894811977446388518e+00 4.916063605665605074e+00 1.707594457259667298e+00
7.516549313880283911e+00 4.847330684392205491e+00 8.650289369422997865e+00
7.903519829297491306e+00 4.880109077349494839e+00 8.413248960929514908e+00
8.697800996151125119e+00 4.857668391840606503e+00 8.487911225624088729e+00
9.053830517403092415e+00 4.900215971895901745e+00 6.421160600476648384e+00
6.572369636405580806e+00 4.986109953872889022e+00 3.864549065076646750e-01
6.779198602200731116e+00 4.935535462831701636e+00 8.590341357977393955e+00
9.073587913767317659e+00 4.948594420144073247e+00 6.537269890991916910e+00
1.514511553146792755e+00 5.004460828482004686e+00 3.935878122987324090e+00
2.561984267251921743e+00 5.047839343409758150e+00 9.091712794930849384e+00
4.288257974768417746e+00 5.005440601491796038e+00 5.421157764402472878e+00
5.379042161428840174e+00 5.001805207836481415e+00 1.584166567351403265e-01
5.723114859728115178e+00 5.002970733894914090e+00 7.795714163695845578e+00
8.654374468594193681e-01 5.143131408366514279e+00 5.101795367991643460e+00
2.384235212222900913e+00 5.151195485784297645e+00 7.193477251106628501e+00
4.673189080042454258e+00 5.092327236464056384e+00 6.135178334601383732e+00
5.156806828754900707e+00 5.126786420573794523e+00 5.343824322407521699e+00
5.241057709167354695e+00 5.074078389989630011e+00 3.443919115386828267e+00
6.119340166145952331e+00 5.138364169950436100e+00 6.613184142715885727e+00
6.943829678259929139e+00 5.073882660164672487e+00 8.880389202420731820e+00
7.162292898938730445e+00 5.130412576381093714e+00 7.973335467416712952e+00
7.186272928476880040e+00 5.097109514310139922e+00 9.099663033267825440e+00
7.578159207082538096e+00 5.166216752668237433e+00 1.493595684623344744e-01
7.903780785125584352e+00 5.095931257141812054e+00 6.346350307637031563e+00
4.589520008158747721e+00 5.199501162107060814e+00 9.772683406875746215e+00
5.619636504710270763e+00 5.185742924675596832e+00 5.090659905212104874e+00
5.783686110726247165e+00 5.229729549047876347e+00 9.956662077456487125e+00
6.858063077129522789e+00 5.156630960069612080e+00 1.947434058179717598e+00
6.879351728178981773e+00 5.171344737886764520e+00 9.930516743102890231e+00
7.830746190703697707e+00 5.161711455428767081e+00 4.570186772757969251e+00
7.935306249671223000e+00 5.195624717458546371e+00 3.648234571383361935e-01
8.318745459811710319e+00 5.187740667624052726e+00 8.012438366664000000e+00
4.942399227994366484e+00 5.274683348314212594e+00 5.531464735115864784e+00
6.814358187230378228e+00 4.708099058112724222e+00 6.989528220105366785e+00
6.446166983592747535e+00 5.836704372270356878e+00 7.875505394160430939e+00
6.740821293510686374e+00 5.288874505024674377e+00 9.697322861035763353e+00
6.830977434847257612e+00 5.247851326820725859e+00 7.857336134614427259e+00
7.289303113785881472e+00 5.244025273034825574e+00 6.183135261261853088e+00
7.441482586307913039e+00 5.290265220935319590e+00 1.291516010112571555e+00
7.509666018818234257e+00 5.257124974885123869e+00 8.748558010785187022e+00
7.707878592008911234e+00 5.241077206521954857e+00 2.519692856817552506e-01
4.590863646960614552e+00 5.377828572594092194e+00 7.928442878803678262e+00
4.922851781060293419e+00 5.377027759856739308e+00 8.107264646193057089e+00
5.789975414590776026e+00 5.385535164834712063e+00 3.990654514753921411e+00
7.252711278900973113e+00 5.340571194454860837e+00 8.487639537798568057e+00
4.895603369041732655e+00 5.397783272925319231e+00 9.901935242594230857e+00
5.059951516611485900e+00 5.423693090617442536e+00 5.980080125511247680e+00
6.286455947042666637e+00 5.448813078922214004e+00 6.920093178127435962e+00
6.836572178970717673e+00 5.435557543158806126e+00 9.811199778280975892e+00
7.230636732926480903e+00 5.402684790789695768e+00 6.758146072118990932e-02
7.195456091516274633e+00 5.431441277598896278e+00 1.248878185711706168e+00
7.264976058428885608e+00 5.414236954645440747e+00 7.431084295501139358e+00
7.554188002649079969e+00 5.398721024242712829e+00 6.513318701747969897e+00
8.042539633274895294e+00 5.395437134043559624e+00 7.497795265958469457e+00
8.654415583289759795e+00 5.401780928604567933e+00 7.147855083109456942e+00
8.992002385814043208e+00 5.453779309644571249e+00 9.429091953208905252e+00
7.682809402343628857e-01 5.502853482088793768e+00 5.748188420560282452e+00
2.674612511661806913e+00 5.488000823804377148e+00 7.402076380572981229e+00
4.839123283823250965e+00 5.512544337875932676e+00 8.422225728586399285e+00
5.386494336652594583e+00 5.533194210247025069e+00 4.225247902489213558e+00
7.142160129744532959e+00 5.501560329005934946e+00 7.122102390313117759e+00
7.382524641969753887e+00 5.511094436892190807e+00 6.976994492060426545e-01
8.025932360967495072e+00 5.508880762593851621e+00 6.436102098739258925e-02
8.796862373057695583e-01 5.599018566791977847e+00 6.664031826622647259e+00
5.022740133033587462e+00 5.567333330723822193e+00 2.803395028824680502e+00
5.065044899649668864e+00 5.590433858152337621e+00 9.439042432488793821e+00
5.120994779678117226e+00 5.620459654423797247e+00 8.399492758317563812e+00
6.581973213400291733e+00 5.638285142307188025e+00 7.697131815227316043e-01
6.849872512470708941e+00 5.539109236294667227e+00 9.604636909599362227e+00
6.905719990523973451e+00 5.576634459434752777e+00 1.619856570462524514e-01
7.719787593354501709e+00 5.572490255727764463e+00 1.151671268206996945e+00
8.377969922427125127e+00 5.537630191810360536e+00 8.236131518852765510e+00
3.264020127786159353e+00 5.629151188159201347e+00 8.253743183189287791e+00
3.593146108711684938e+00 5.647701991878230743e+00 6.234281905034253057e+00
6.204757814609433098e+00 5.697954369400751062e+00 7.528935332548643444e+00
6.647610582653003419e+00 5.684529905217917012e+00 8.808956870622733915e-01
6.721152842848086451e+00 5.622359262777012034e+00 8.234509285600008610e+00
7.658146369582880197e+00 5.717048472733172737e+00 5.372769907045363169e+00
8.108792533385766887e+00 5.626612503402274257e+00 7.078694214870707713e-01
8.113353535800570171e+00 5.699044096238873536e+00 5.075706326595968321e+00
4.846456296018497589e+00 5.760348825569062470e+00 9.285109729825038016e+00
7.696817370847044870e+00 5.753032803076185253e+00 5.334878734122126431e+00
2.093119924611076321e+00 5.782403873078894918e+00 7.473894074652521979e+00
4.697304167114403128e+00 5.834933314776259650e+00 8.503128122500516639e+00
5.983756498856979356e+00 5.788448028067696427e+00 5.460920911155104918e+00
6.403277687022554510e+00 5.821670563170988189e+00 5.654183254286904159e+00
6.674229928134509215e+00 5.794771422741076705e+00 5.000116345910397442e+00
9.184556520318604811e+00 5.817699239114295651e+00 5.384927114622505284e-01
4.809484806369296983e+00 5.896579799267649413e+00 9.367523853830197922e+00
5.803722875667162384e+00 5.883448586499527622e+00 4.127313396555380987e-01
6.353593362475195683e+00 5.891146708794634534e+00 7.144318274103441446e+00
6.648232413525145823e+00 5.858420295447269943e+00 5.136447367329045610e-01
6.720674595350450531e+00 5.908534441781939428e+00 1.611472429517314842e+00
6.898465544123644655e+00 5.904814139335917922e+00 7.470508361041284795e-01
7.593401136403729268e+00 5.875307508850999838e+00 4.151143630405261575e+00
8.421433663563341554e+00 5.853945737463485344e+00 7.669984783797940686e+00
8.733833957496338840e+00 5.865187502537318132e+00 8.015723920402603397e+00
3.315886232978733084e-01 5.961008902802724663e+00 6.713299255722274594e+00
2.765483202679990704e+00 6.013315178612067768e+00 9.417072206995756645e+00
4.641139112364352393e+00 5.963677023302468072e+00 8.927042689144972343e+00
5.825865591108017938e+00 5.947825969879604990e+00 9.548654556413133321e+00
7.021398480827709676e+00 5.979454237750784884e+00 6.713186206590576743e-01
7.977859232145272372e+00 5.995179177320307140e+00 4.320195002511944438e+00
5.398877266314713985e+00 6.072530519019266215e+00 8.962738842572781195e+00
6.461725320366576319e+00 6.083386026607124464e+00 4.354742373515589904e+00
8.189542023015350836e+00 6.052441877085616539e+00 3.097644814019444137e+00
5.430803266017639075e+00 6.094200932815821758e+00 8.928506568778363572e+00
6.810522250927393273e+00 6.097160119749119644e+00 1.521238676569421688e+00
7.073790902317941942e+00 6.128000122512688108e+00 3.943183302128178802e+00
5.734288463203070840e+00 6.195268498482274566e+00 5.004237557897148747e+00
5.744984042607439889e+00 6.227975491878739334e+00 9.816132067796985439e+00
6.861988766473229973e+00 6.215481525994392520e+00 8.675673045925419657e+00
6.888613117847923739e+00 6.216435223171296265e+00 4.406337809061028343e-01
7.881786330326966628e+00 6.227636649157850535e+00 5.024049134874850608e+00
4.641841971439101266e-01 6.316110012705109966e+00 1.239345122966180324e-01
6.080590415047102404e+00 6.251765146229974590e+00 4.135963428243328188e+00
7.104350634258101316e+00 6.253756761512500262e+00 4.358535220036266367e+00
7.558907426058368628e+00 6.312258732547791240e+00 8.126515027582172479e+00
8.543609774804394874e+00 6.310617206399436796e+00 7.159423750600655723e+00
9.035416421085139760e+00 6.319826219337953965e+00 1.888553747993348075e+00
6.357726428829719723e+00 6.352574186355036012e+00 4.913929525861746583e-01
6.336906066226809742e+00 6.358949291442811180e+00 7.035527732434170289e+00
6.463425229447723019e+00 6.378975908362680691e+00 9.555484450994811141e+00
6.976967056497286990e+00 6.389333332853427194e+00 9.524623987958346305e+00
7.240587374162432255e+00 6.397631803643078818e+00 5.296789753301390569e+00
8.108660083196600254e+00 6.372850513915231829e+00 4.687414099880284901e+00
3.393794707483319684e+00 6.429228630219899543e+00 1.588683420263147239e-01
6.106968694535073183e+00 6.426242756574553461e+00 6.045606319949816232e+00
7.034030964406678521e+00 8.100042217868219652e+00 5.884233483835119571e+00
3.786509452565615108e-01 6.494809195354054765e+00 8.285796278393620540e+00
4.715905109117533911e+00 6.517998028339207828e+00 8.812489148263425776e+00
5.409100839936679783e+00 6.524622376496185261e+00 8.045731626136898740e+00
5.657311191854067722e+00 6.489018787306708447e+00 5.036354380058430280e+00
6.428589234716682199e+00 6.552849964622541989e+00 6.894989441544714381e+00
6.564888488860538551e+00 6.521238269110329000e+00 5.666191307551244449e+00
6.938733503906178157e+00 4.865636373215829202e+00 6.293196663674050839e+00
7.911144573844584471e+00 6.523236344250735286e+00 4.207648875145064693e+00
8.286326934340085160e+00 6.488481868634845995e+00 6.689819795289325910e+00
4.427874661376002052e+00 6.618697705066400871e+00 6.153376370757841940e+00
6.304873890118018132e+00 6.560496514597819129e+00 6.490328390425531779e+00
6.667562975066058328e+00 6.567298910064732986e+00 8.219254486129994319e+00
5.866910338125015834e+00 6.651806714430731127e+00 6.952956763748399993e+00
6.042243299108990939e+00 6.727361690768288938e+00 8.049230134168048778e+00
6.442151047189272894e+00 6.708830220204275996e+00 5.776712200314369772e-02
6.520456047149620460e+00 6.699753605544159996e+00 6.950773844355221165e+00
7.706389973755325862e+00 6.692030467111448999e+00 4.568696008369807160e+00
4.569159664100034490e+00 6.744843264150691908e+00 7.475841276850438533e+00
5.542406527786346793e+00 6.737455318901940160e+00 2.504617884352660154e-02
5.552749983928391586e+00 6.766735781460459620e+00 8.579690467367772300e+00
5.748163374137648773e+00 6.794508915666810367e+00 8.412544101339966218e+00
6.310393763875262074e+00 6.738539826362963225e+00 6.516024186440584343e-01
6.277510328577724508e+00 6.763453311533140777e+00 4.894810289420286509e+00
4.763899723787521800e+00 6.857576227803586555e+00 8.010782259235552871e+00
5.733577902844880114e+00 6.818725838695355534e+00 7.103024099909412969e-01
5.778110319441549514e+00 6.806366606907634065e+00 5.669049360098300738e+00
6.387117267070886228e+00 6.829106005129371937e+00 3.944127371117794656e+00
6.467592869805475431e+00 6.855199099650368666e+00 4.428228750216520737e+00
9.618027140587727786e+00 6.868910931900749972e+00 9.956536565317555265e-01
7.208832894384434864e-01 6.902510935796848379e+00 6.208359064443618180e+00
3.724621087322472768e+00 6.910357082292295949e+00 7.517664561242256127e+00
5.245334933950156930e+00 6.888883391838879433e+00 5.831389230116398537e+00
5.360447164045877066e+00 6.892075665387928929e+00 8.758348647619749627e+00
6.031425866819398074e+00 6.929152424534398058e+00 3.852740712243217125e+00
6.101058055476942243e+00 6.893962857508529218e+00 8.042240035382912211e+00
6.218572036332075115e+00 6.909587473896427134e+00 8.312982298278853932e+00
6.710696993156220813e+00 6.946916576266013443e+00 8.652917356206526023e+00
7.163438704083050723e+00 6.934078225639191295e+00 5.295471618253504431e+00
7.632746140844487215e+00 6.928743456670641621e+00 8.022069444416116468e+00
1.115208631210048207e+00 7.009985025525135249e+00 7.670205959939094598e+00
1.454373774807375952e+00 6.994717047704601676e+00 9.314253930750673760e+00
4.088918922919742904e+00 6.990120734085024878e+00 6.513197862458354415e+00
6.694532653644598597e+00 6.960178679123519174e+00 8.540223572829523491e+00
7.481351757064639507e+00 6.984911123304052616e+00 3.544976646568424705e+00
7.446933722113358911e+00 6.963819610239649016e+00 7.977375305261055871e+00
2.006446084116227935e-01 7.105386347299718963e+00 9.219105980119888244e+00
4.246039148130880569e+00 7.059997350377586578e+00 8.706975049678188583e+00
5.168975763709088511e+00 7.106640459955343658e+00 7.033946823648351554e+00
5.237993089236114841e+00 7.040873324904017849e+00 8.995943290249050150e+00
5.394698862724594868e+00 7.086816421359101170e+00 5.268266472436430092e+00
5.334103717830169344e+00 7.059703511995278014e+00 9.118138014039903538e+00
5.503563989350173102e+00 7.048366992236518414e+00 9.747991998374073930e+00
5.975243343251743333e+00 7.048593090080244039e+00 8.177868552911721878e+00
6.576323450963676542e+00 7.039387976187817308e+00 5.213571626938854564e+00
6.558249244214522378e+00 7.052190179005074278e+00 6.791315998854261515e+00
9.431953092400441108e+00 7.097673597036419757e+00 1.932732901177312890e+00
3.542515037614689888e+00 7.169598290929360296e+00 7.739939051732450892e+00
4.615197673641961984e+00 7.155781357846489499e+00 3.933771396696971401e+00
5.508970829317632933e+00 7.159788523283378225e+00 8.527899968567869138e-01
5.898049120516580146e+00 7.113723357763202415e+00 9.093526668061391760e+00
6.257749688074534689e+00 7.116278024649526301e+00 7.692535741654141779e-01
6.877134545803301080e+00 7.173158188956623604e+00 6.492164521984120640e+00
6.868161165149402336e+00 7.139686154562586928e+00 8.715226734674672571e+00
1.425541567353395322e+00 7.248883323176654514e+00 9.001058587720583759e+00
3.877358489334536973e+00 7.210012316625059370e+00 7.546376024218330869e+00
4.358922365444414915e+00 7.246433916061050695e+00 1.242388893969461172e+00
4.678671885538424391e+00 7.215149407444727103e+00 1.807855146800063650e-01
5.035942801073531427e+00 7.257654306258020327e+00 7.077788825779762760e+00
5.336544465993698694e+00 7.236748869126326866e+00 8.502041345129117689e-01
5.815940257492941079e+00 7.217214482847360557e+00 3.532248053492481610e-01
5.906940924545406979e+00 7.231544869024338240e+00 9.618009622201952880e+00
7.025545423418813940e+00 7.200437047735246843e+00 4.843885576115807723e+00
6.733202699485336673e+00 7.255051450130773461e+00 6.925760258111330891e+00
3.331141885963937455e+00 7.350031634731300834e+00 7.747563417854873791e+00
3.716706077395325991e+00 7.341039551741369351e+00 7.710681711046841968e+00
4.722139758898291184e+00 7.407399740872421035e+00 8.034914118383586157e+00
5.600466604627189149e+00 7.381135623365985943e+00 4.685226235423638030e+00
5.609975411154041858e+00 7.394989560115933003e+00 7.565990061980800263e+00
5.888423790338380925e+00 7.362000811697558156e+00 9.629688464789943225e+00
6.751449817166001566e+00 8.121242627881805731e+00 -3.749415669655730698e-01
2.075702030207239868e-01 7.484709751715120873e+00 2.517352819211911563e-01
1.825741838290327212e+00 7.466533406382481530e+00 8.764802700010257297e+00
3.976136033279031423e+00 7.440210610750477294e+00 7.265763239960459252e+00
4.761029988839021065e+00 7.485799360921232548e+00 8.542905115794784621e+00
6.362785413865552187e+00 6.743603948453801955e+00 9.828400611887366800e-01
6.567760811705585233e+00 7.422428680727698236e+00 6.068053239050877901e-01
6.846010683536397856e+00 7.461587327512327228e+00 6.627798701664935344e-01
7.916892998720896024e+00 7.439451911688020225e+00 6.232746868867284462e+00
4.498644518280540794e+00 7.574892010646280482e+00 8.939810794495478774e+00
4.477059991629302793e+00 7.556515210048613262e+00 9.922402599249544153e+00
5.858467269005007694e+00 7.541945001239747981e+00 2.871111691144108136e+00
5.803655965241765635e+00 7.554837493133302218e+00 5.185619482874334274e+00
6.098680254197182293e+00 7.558235242646460961e+00 4.228994319516805156e+00
1.055501580303114473e+00 7.624297437254058174e+00 8.226681140864505082e+00
3.753768657681066934e+00 7.624126423138259057e+00 1.174607490738973636e+00
4.822565771001522172e+00 7.631622518930342380e+00 6.715831065571455483e+00
5.942639881467295382e+00 7.631450286766864544e+00 6.825647449004908829e+00
4.159515400036273292e+00 7.667948087972956905e+00 6.464367475800599117e+00
4.437198385079682339e+00 7.693559841372875852e+00 9.664808189320746479e+00
6.358134722662684979e+00 7.711831551101974824e+00 6.198772172627441179e+00
6.447166215604436701e+00 7.657065488733469039e+00 8.350537775847090671e+00
7.346887498079924583e+00 7.710576670477228056e+00 4.054982955852032056e+00
4.023664669612442957e+00 7.820340154390839515e+00 8.230756163840922568e+00
5.187812317646595339e+00 7.798445641610880941e+00 7.304470312080107774e+00
4.192136343457354641e+00 7.994872677114600812e+00 7.833249017675456116e+00
4.541892317530775713e+00 7.866250759049567165e+00 7.294354323146301056e+00
4.813447730478790376e+00 7.874769205542658135e+00 5.812692639980008735e+00
4.924856118922333437e+00 7.852780774639290584e+00 8.929222363618178449e+00
5.048218391798364735e+00 7.867829572003629757e+00 6.921377083548972686e-02
5.084930196837794014e+00 7.865213610120568077e+00 1.601271044151839629e+00
5.391027805762931280e+00 7.832963507162578054e+00 5.114689337181026474e+00
5.433588432029710091e+00 7.846874356372397052e+00 8.424016606507848337e+00
6.606016565224180681e+00 7.803438925319911235e+00 5.978448822788485550e+00
6.595617162057094696e+00 7.820440158594411884e+00 9.598023002294864270e+00
6.995523027678487438e+00 7.866081519784812848e+00 8.363276027993819639e+00
2.672439081245914227e-01 7.949990641700281024e+00 2.109186323209617520e+00
3.872370128786712939e+00 7.782172538435805365e+00 8.465914877580104303e+00
4.574662700492484468e+00 7.943294762766268668e+00 6.486483571617531751e+00
4.709474398362833547e+00 7.915319485837029490e+00 9.123794091429402897e+00
4.938319057883020946e+00 7.926542337016229567e+00 5.846415547730773099e+00
5.287503101388782767e+00 7.902852258887960168e+00 8.882741564260273393e+00
5.271782920000267048e+00 7.911352856110857701e+00 9.220139548503579974e+00
6.106567853976765825e+00 7.879841043362093345e+00 9.512048223551822446e+00
7.864572259324428494e+00 7.888895078795668425e+00 6.453250466675134689e+00
2.003345693320270016e+00 8.020051781094275967e+00 9.965882805123495558e+00
4.008693293903696997e+00 7.985635685397625139e+00 8.076960983138508965e+00
4.006438865435821839e+00 8.032273883543728843e+00 7.899594211686890022e-01
4.976685648440780874e+00 8.011322161068601844e+00 6.117638107591055530e+00
5.545986385949766451e+00 8.022373344485764335e+00 6.516256683149109996e+00
3.194061490740891074e+00 8.073365973456272826e+00 8.766326018431804812e+00
3.511200842883981377e+00 8.116680667609987410e+00 1.042892917069579983e+00
3.863593013886243099e+00 8.073596544395808650e+00 9.143850572198893190e+00
4.994879157345568643e+00 8.041393327894169829e+00 7.241406635963381078e+00
5.305592446930786465e+00 8.113258591371200978e+00 8.002238011863525458e+00
5.686593677852038731e+00 7.735495137115274034e+00 7.303203907198726696e+00
6.989924794283975729e+00 8.076368362885304464e+00 8.228053813699178320e+00
7.407670485083510392e-02 8.163324353192059846e+00 6.432316856697351426e+00
5.925045129211072847e-01 8.150844501518411889e+00 6.548636905757804882e+00
1.085004471273347093e+00 8.123006322638396171e+00 6.741635564354034216e+00
1.298350301205133617e+00 8.185829843210679968e+00 6.244076460411593921e+00
4.953417134384856091e+00 8.178356323179784226e+00 6.403412722990930561e+00
5.758365038522754276e+00 8.178748369889646597e+00 9.142828379237858627e+00
6.009558918907405456e+00 8.176630736670768229e+00 1.804600832204047656e+00
6.509066253467816310e+00 8.491454306641747607e+00 5.691487903712456387e+00
6.254037205408495836e+00 8.170429591829561744e+00 6.325123202468662775e+00
6.622470835163856151e+00 8.164702755729251749e+00 3.327833969356465360e+00
6.709749170924310668e+00 8.130331064658751217e+00 2.334855226530717864e+00
9.649327032665562243e+00 8.138058426278380608e+00 7.542591993944063766e+00
1.817905771179956886e+00 8.214412005178092002e+00 9.969562328895216652e+00
2.786907152179763258e+00 8.221314950984140779e+00 1.371860006744848315e-01
2.858933717130027752e+00 8.209118672652184756e+00 9.526662611914387568e+00
4.774666547367797165e+00 8.199985526744479003e+00 7.146712979348018635e+00
5.554454738004277914e+00 8.218018635128686356e+00 2.268693469822870679e+00
6.063291797932365057e+00 8.248692147209734316e+00 6.530491376961523597e-01
6.813048750985528201e+00 8.229868032519219057e+00 9.337536034637379245e+00
1.706500032658350707e-01 8.342953102216355887e+00 6.910873152184768387e+00
2.255704321203137575e+00 8.306556053899932124e+00 5.727744968268221049e-02
4.532846915981637359e+00 8.280864338802803815e+00 6.694484336127804802e+00
4.855124108573740216e+00 8.287330188614969728e+00 7.990030657962462257e+00
5.494111967243975769e+00 8.333373815727309619e+00 6.415013183926154383e+00
5.496644710110766496e+00 8.281447367834548601e+00 7.047588311661103333e+00
9.858732164062038450e+00 8.310517906436032831e+00 2.918431957092685103e+00
4.985397260675056508e+00 8.415532248708768037e+00 6.198932986398950185e+00
9.277068281311359854e+00 8.406478516272542834e+00 7.113569056469829732e+00
8.141803029485406018e-01 8.495812632205931081e+00 8.944664388849275838e+00
5.103256713335561301e+00 8.500057806518773518e+00 5.066093992387025402e+00
2.323255119175403616e-01 8.559514862121682555e+00 2.844461051124820283e+00
4.090675140362566076e+00 8.545537140751656935e+00 9.618457337215335912e+00
4.206576921376263378e+00 8.535426636297174241e+00 5.984739719142742054e+00
5.229324754654209428e+00 8.533897459371342364e+00 8.596755684815940768e+00
5.326411714200908420e+00 8.558039231214500830e+00 9.230121591122728120e+00
6.529749301210141965e+00 8.541501554299653520e+00 1.564503950019604073e+00
4.304910373994955464e+00 8.614569141571355004e+00 8.742705309149974013e+00
4.745768291172923092e+00 8.644345338852428284e+00 7.108159154122610346e+00
5.219217865894505870e+00 8.603879276885992411e+00 5.897148950743908102e+00
5.249511709668270854e+00 8.648682342723715166e+00 8.389424908759604449e+00
7.804768766772737010e+00 8.642821984318697304e+00 2.525351260109391482e+00
2.901775896646120456e-01 8.714424277427347931e+00 2.368088647261944235e+00
3.731082012129827152e+00 8.721819576570631227e+00 2.297952175530222796e+00
3.953135679697645344e+00 8.719575668515627598e+00 3.777933109132257439e+00
4.506495535115431217e+00 8.721085898305080519e+00 6.951024330427712172e+00
4.673229499382524743e+00 8.725042958348463884e+00 7.324949432144595818e+00
7.849534334685535519e+00 8.684024069007330482e+00 3.999681280062389988e+00
7.938447320241881933e+00 8.697650958000156862e+00 1.466716960353217303e+00
8.381333783031433171e+00 8.713914697163446021e+00 3.709475347533502276e+00
2.381124072675143921e+00 8.761241302273770515e+00 6.109729556350255386e+00
4.392511847136568726e+00 8.766145225676179820e+00 6.663827606303460716e-01
4.537606672869146429e+00 8.804445060235000398e+00 8.528041348122046728e+00
5.509937969068012364e+00 8.812331816619817459e+00 1.603521035142946971e+00
6.027399237291259482e+00 8.798672468455530193e+00 2.664338775303218387e+00
6.559224080166230486e+00 8.769316804879059291e+00 3.354217765268536322e+00
6.682344716971163834e+00 8.756012746245218636e+00 1.608863719491275601e+00
9.787067761724024706e+00 8.787477929067000204e+00 3.562933014710606194e+00
5.287529936070386682e+00 8.877349733114078489e+00 6.625174391587457023e+00
5.934612883244976267e+00 8.838930049882851137e+00 4.756071336137911665e+00
6.278951475432036133e+00 8.819202050458830655e+00 7.207763427441571835e+00
6.849322553819570558e+00 8.856166315263608979e+00 7.947579765388686823e+00
7.816126229770777201e+00 8.859588155206735038e+00 2.171120733553133064e+00
4.141721425180318938e+00 8.964590424020675741e+00 7.653180642746413298e+00
5.152452531068052011e+00 8.926981524633632148e+00 9.001342667018565891e-01
5.458445332789944260e+00 8.905031930121962702e+00 8.484912128713466117e+00
5.503746375511361144e+00 8.926631111360199711e+00 9.799440661629555294e+00
6.431803110586873373e+00 8.952777824803952456e+00 1.358203959071211164e+00
7.505580728900382859e+00 8.923695833593709992e+00 2.126470842710310283e+00
7.919757560387162165e+00 8.968389205384998064e+00 1.923893386285786100e+00
8.747651641506082321e-02 9.017377941587499279e+00 3.429415965687026446e+00
4.302066036549728745e-01 9.028693042134445790e+00 3.302644069728340792e+00
3.985928639643300020e+00 8.995711939018159242e+00 8.568000353146015158e+00
4.555049519374628986e+00 9.010518818316107570e+00 7.249601337988642591e-01
5.950480336907570944e+00 8.974577068021121207e+00 8.098025079403708304e+00
6.297954040750280313e+00 9.012450219739037038e+00 1.114759005754239141e+00
8.068780933536531919e+00 9.003177813583018718e+00 7.649050869639739680e+00
9.477987324000869407e+00 9.021608339306521174e+00 1.246965407746658538e+00
9.605990244041896275e+00 8.989159530961256195e+00 3.592154005119360782e+00
2.722754152004417172e+00 9.094134532410725669e+00 3.315508778249099286e+00
3.647928636147886650e+00 9.070895455694850895e+00 3.859689653282859290e+00
3.980847752097650627e+00 9.114149028514370698e+00 6.787278159483881801e+00
4.590712339913942230e+00 9.073810386944240136e+00 7.770211852231616589e+00
5.356060566220176788e+00 9.129773568220302948e+00 1.098288744013639739e+00
5.913649149783779535e+00 9.081003776844385200e+00 6.229194912126354566e+00
6.163686029618627771e+00 9.053763368990907168e+00 8.867893397334025707e+00
6.251898457448517910e+00 9.069340089178062669e+00 9.911515697877524289e+00
6.403831242117112410e+00 9.093563680134090887e+00 2.317441782165404085e+00
6.450052019046012219e+00 9.110881811247265816e+00 7.586476907324335883e+00
6.973845058607575531e+00 9.121876301907247964e+00 2.337233248857661039e+00
7.753988855015919945e+00 9.131122217840367483e+00 2.124063821308925348e+00
4.061790635888154810e+00 9.195572130535449418e+00 5.968181943115815180e+00
5.741929917312828202e+00 9.137677677823786482e+00 7.016428353487782488e+00
5.699174724505620127e+00 9.187379281829525013e+00 8.254617710444732026e+00
5.988321227783210077e+00 9.185954802680688758e+00 9.775216259321650725e+00
6.620345562734816447e+00 9.201824103503296826e+00 4.678047184496422872e+00
7.752454774136293025e+00 9.132355053533348865e+00 2.126787474748060625e+00
8.916892255579488946e+00 9.148051409299352343e+00 7.692055220911367286e+00
3.598392477133435019e+00 9.278202676666349902e+00 5.888547900656810441e+00
4.326313457914073624e+00 9.250069559103712535e+00 2.172203753277171856e+00
5.628629547418791290e+00 9.239807027447900722e+00 3.686026965685320622e-01
5.821794804639719878e+00 9.233243647964767931e+00 1.892138248812178958e+00
5.854929891077809145e+00 9.226834727718980389e+00 6.684601723469337564e+00
5.919391358243892398e+00 9.244724023751622610e+00 6.605393821125542075e+00
6.913180769087171385e+00 9.262442034317945883e+00 2.187063912250552633e+00
7.615702735219072927e+00 9.218124778868785896e+00 2.042133034841994821e+00
8.165943522610945138e+00 9.232085762320856759e+00 4.373471549897569588e+00
1.579238720191972756e-01 9.320187511516285994e+00 2.098890308483174483e+00
3.959755314720747599e+00 9.360492453721205308e+00 6.390186854756240153e-01
5.462413702184397479e+00 9.299561888154329381e+00 1.302206165570830576e+00
5.516417609475992023e+00 9.337108409785731311e+00 8.263156970879428798e+00
5.555275475939271068e+00 9.382888905068542229e+00 5.617018203203967275e+00
6.218676063654568154e+00 9.356567889950090589e+00 4.159485190118145326e+00
6.602728988314334302e+00 9.301538323748911097e+00 7.678208508813749944e+00
7.051774272995430692e+00 9.335168278373267015e+00 2.498791053748085744e+00
9.769479094457457435e+00 9.336361812926890380e+00 6.371889552945362745e+00
7.336098180736092544e-01 9.437489595325001090e+00 3.151646839605044992e+00
3.200031866520450130e+00 9.435319648738513365e+00 9.696598471098628380e+00
3.438840280666581428e+00 9.414741956867993977e+00 4.755070653222461807e+00
3.682072493495984311e+00 9.377327551802167704e+00 7.427513451764429675e+00
4.008707015559618725e+00 9.435824085367034542e+00 7.669196421782082496e+00
5.246641944068709762e+00 9.389237207771650162e+00 7.115793872691922317e-01
5.590403341415369987e+00 9.300659795984131506e+00 5.666314941318198350e+00
6.240822501321072302e+00 9.418445427961522398e+00 2.005695591284800905e+00
6.761117224228374134e+00 9.356247615056986433e+00 4.632882903164817101e+00
6.879224248864787228e+00 9.365433247294944863e+00 2.486244587797093342e+00
4.087576599073833528e+00 9.450291404951601137e+00 7.723056020142048617e+00
7.292875659490428930e+00 9.490963517358695256e+00 1.827293285934595168e+00
7.925745156901231603e+00 9.498623062985481980e+00 2.569435367928257108e+00
8.217268430964374204e+00 9.515114602823818046e+00 3.071724192145907306e+00
4.517652965462650272e+00 9.579975548388910411e+00 7.293088631061902305e+00
4.706415250035646203e+00 9.554943447637992193e+00 8.521006940215444247e-01
5.039867362503838599e+00 9.527052149673229664e+00 4.052014313671724821e+00
5.365904100912076480e+00 9.516354250609786902e+00 1.386017821049176924e+00
5.941951396123538842e+00 9.560076002401906692e+00 1.284459398357715276e+00
7.213185394154942642e+00 9.543451428255261604e+00 2.311578099995910573e+00
8.410819639589355301e-01 9.645824043916549684e+00 2.905790617227664185e+00
4.094229315312986728e+00 9.619207530343508949e+00 8.389439014422663377e+00
4.137359376028569180e+00 9.601363731349565001e+00 9.764611226222713825e+00
5.032384308521574035e+00 9.632384922256548521e+00 4.835510826210127178e+00
6.921411380473648123e+00 9.651243609280946600e+00 7.441419210973499787e+00
7.077316526234235461e+00 9.599292459904097186e+00 3.618158657218247143e+00
7.439427726137751939e+00 9.625969577381919606e+00 2.554060052129955682e+00
7.751311760613673663e+00 9.623084798922853622e+00 1.842247575921532432e+00
2.998109883473071502e+00 9.722150267452624561e+00 7.107387120102920619e+00
4.588042119707045785e+00 9.703010273460918711e+00 7.998535039669421920e+00
4.876000237048612185e+00 9.740518793262140207e+00 8.069632990098073222e+00
5.435948037306745917e+00 9.721399833442450955e+00 6.267010077381613087e+00
6.205975997207668904e+00 9.687521873582781495e+00 1.654554789703868711e-01
6.547681420595610646e+00 9.696338346876085978e+00 5.567298807974143671e+00
8.761616698966687267e+00 9.701994508082867341e+00 3.568431843566216344e+00
7.294334477314851073e-02 9.817589390826951146e+00 2.409493608825977962e+00
4.466106993558281779e+00 9.753054665503981369e+00 1.661153791775167754e+00
6.066615683118115498e+00 9.777848027291595301e+00 2.016794414912530531e+00
6.359720084206181845e+00 9.809155444313169880e+00 2.549784562293549328e+00
7.546516484993103902e+00 9.772325976576976103e+00 1.788713102171120006e+00
8.231190380961599828e+00 9.820551457004064844e+00 3.263473534089667893e+00
8.688648817202762942e+00 9.794785485555337345e+00 8.596276307983774956e+00
1.918276869132666262e-01 9.856409785811903745e+00 6.350554452108917225e+00
2.627536760463149879e+00 9.862852217418934586e+00 4.798105513805929867e+00
4.574578442982858206e+00 9.838333255097913010e+00 7.459827902358987295e+00
5.198830151696327562e+00 9.853942843973277022e+00 3.667381729765858189e+00
6.823676547893458455e+00 9.859576895738422664e+00 7.773155920288357557e+00
7.777499590664140428e+00 9.878830948346500662e+00 1.031984595117075854e+00
7.728854985312966441e+00 9.870846405184243721e+00 1.963123164882310423e+00
8.913321947886048591e+00 9.877742482695069270e+00 2.452434342357805441e+00
2.960715859197473598e-01 9.974277280052056938e+00 6.547527289684142993e+00
1.948036635851650544e+00 9.944829082796475817e+00 9.508280685260036336e+00
3.550012342812381760e+00 9.973236020081040820e+00 7.249635000132254703e+00
4.222248766724110425e+00 9.952509647233858558e+00 6.607882814144439898e+00
4.271930590462425847e+00 9.913869661412388012e+00 5.023739852205962642e+00
4.789073311440477987e+00 9.948838285524818303e+00 4.543704602863948061e+00
5.221014690795315438e+00 9.930477657372268396e+00 5.160282698225105769e+00
5.335373224882292931e+00 9.973742821588139407e+00 7.371806927589325653e+00
5.968793436137945996e+00 9.906707081527468262e+00 8.412808024571802434e+00
8.241406444925827302e+00 9.948177161420506565e+00 1.748782549722147195e+00
