2.105974299138221095e+00 1.661414328569742194e-02 7.238927952180254088e+00
3.053642204715028896e+00 3.512382647453301567e-03 5.111982412133792231e+00
5.831647371271878377e+00 2.680843254039874668e-02 7.654394041035188501e-01
5.793474100180219466e+00 1.551813971069794865e-02 2.169566702800128422e+00
5.929196615986535690e+00 7.913220942196375063e-02 3.591199242970734007e-01
7.547199232042888895e+00 1.653900020610089144e-02 4.148688725675650169e+00
7.753870253111689870e+00 6.840338655681649227e-02 3.573550481426627901e+00
4.119885851614508709e+00 1.259299505495115601e-01 7.463549313826911558e+00
4.196424548254189091e+00 1.297025334553523757e-01 8.846158033919582664e+00
5.083593695094775100e+00 9.285628573300394595e-02 4.960081245990939358e+00
6.099056390830421392e+00 1.403167592112614104e-01 1.089837642817519381e+00
6.257714797192818423e+00 1.116372533759404928e-01 2.000067945562730376e+00
7.472462051025219765e+00 1.107034774274695266e-01 3.267593772205615643e+00
8.561253428531305332e+00 1.094275562096879706e-01 5.208913623877711174e+00
9.329798256669292300e+00 1.099441108872583617e-01 6.596057148823096128e+00
9.344909540125390990e+00 1.228164011530310795e-01 7.651503313668561290e+00
2.867017557438557240e+00 1.764197164964313447e-01 4.021877927475467018e+00
3.246634271151700446e+00 2.023218948792606109e-01 6.801086793423641197e+00
4.761461864387936060e+00 1.998454580314982243e-01 4.296770591031876307e+00
5.384737776955040189e+00 2.020993763423120648e-01 9.569925225166504568e-01
5.361081496769972254e+00 1.671698930649357928e-01 6.604189381910142487e+00
5.970348131791136659e+00 1.724842964666650214e-01 5.800974002609875058e+00
6.660235922206552139e+00 1.650418421193339258e-01 5.850313335429591435e-03
6.691883616099107535e+00 1.808724468009039743e-01 7.432229163374429959e+00
7.917627609068826899e+00 1.824359674311458734e-01 2.354863648894550021e+00
8.181326519022643851e+00 1.647303424017062534e-01 2.132304301734996521e+00
3.815398390871484580e+00 2.863822304699955579e-01 9.257477168571830450e-01
5.882293420922790617e+00 2.392820643156551852e-01 2.087507526768743293e+00
6.305502100396823906e+00 2.861665973163355359e-01 4.445220650417748942e+00
7.101315672083156727e+00 3.027350001874319352e-01 2.217069088339735927e+00
7.841165378730490687e+00 2.783475684717263698e-01 2.079824772244862174e+00
8.019902504477830263e+00 2.612658836587424815e-01 1.885584380105931768e+00
7.967994118799741621e+00 2.714407934758442664e-01 5.299016559509118984e+00
9.553083233411822306e+00 2.708879429689849960e-01 1.315526673402616087e+00
3.523140298239537671e+00 3.594449521824230054e-01 6.089505143995808112e+00
5.594448830334883382e+00 3.217478492425128733e-01 2.914561270952495509e+00
5.766344404892514319e+00 3.417541054905497422e-01 2.318740705717714956e+00
6.485355940574381250e+00 3.396773141896892723e-01 2.656182278094425087e+00
7.633149794820516476e+00 3.552861803085041181e-01 2.323703741949702639e+00
9.041985156192646755e+00 3.825426331846238925e-01 5.572054077839997177e+00
4.155001403425014062e-02 4.014324461208260697e-01 2.656988731519287938e+00
5.570088779016764136e+00 3.962864374416673607e-01 2.512631009862981823e+00
5.929972329835653255e+00 4.050761556294915078e-01 9.416107158590156345e+00
7.051726821721342908e+00 4.696280796724132678e-01 1.678554534642309637e+00
9.428510868135182577e+00 4.355650636630893358e-01 5.605373660843210537e+00
4.806099606362840282e-01 4.993706112492488636e-01 2.704693836099722137e+00
5.635423018456004129e+00 4.897774061353379338e-01 9.855488348196104198e+00
5.888372201063880595e+00 4.791014379388757183e-01 6.901795969128668773e+00
6.174142824558954246e+00 5.313851823411036568e-01 4.036433792881333638e+00
6.257687291731278911e+00 4.775151091566482986e-01 1.474988579073751582e+00
8.843172281250279099e+00 5.149792074275514331e-01 8.145557939929345181e+00
3.302375587664644119e+00 6.264250020089625615e-01 7.341760626803087497e+00
4.378387977302962142e+00 6.184209103102755734e-01 7.087101445655873411e-01
4.677079573978472737e+00 6.165417287362821019e-01 5.256433151299917839e+00
5.137925085381423784e+00 5.493746029388665297e-01 9.385935490465000086e+00
5.227399404098282965e+00 6.032584803255085504e-01 3.134762431564797058e+00
5.347859683006920939e+00 5.736220861476742927e-01 6.691879030114365356e+00
5.452702751058269293e+00 5.566272350109926492e-01 7.653384314939579269e+00
7.831182673469686328e+00 5.619607780993083335e-01 5.801789469916400321e+00
8.168254330404119301e+00 5.968177894988173637e-01 1.818020022056272555e+00
3.830296846893254337e+00 6.642086397388120567e-01 8.027669993385979641e-01
5.697285181375988827e+00 6.589306980131224289e-01 5.024236125116505747e+00
6.235771182824389136e+00 6.397558570017098933e-01 4.544072810033639165e+00
9.346603690501996908e+00 6.337644519295145829e-01 6.855343468506699622e+00
9.959194869728618116e+00 6.993693193300055677e-01 2.558183864717975098e+00
5.625746108708697513e+00 7.062128967933765100e-01 5.091077840150886935e+00
6.378912286988641434e+00 7.092192360566260678e-01 2.802731299039235680e+00
6.839238645570144826e+00 7.255135005119663916e-01 9.621324780731320914e+00
8.290526979759885506e+00 7.590699966923128983e-01 7.781966655898179042e+00
9.223504745082916401e+00 7.483047081665010758e-01 3.293270682552337458e+00
1.149772051945002982e+00 8.589165879089445399e-01 5.911828487367378315e+00
4.556789165443428047e+00 8.337069982680855862e-01 3.688501631671872172e+00
4.596396432104485008e+00 8.564958211066581173e-01 6.292320130932029798e+00
4.848630245011109174e+00 8.234151714967476998e-01 5.671921502849927244e+00
4.933819946187337102e+00 8.214393137229570874e-01 5.836786864174674960e+00
6.086012661110628663e+00 8.078851110740014052e-01 4.843027411387747172e+00
6.183056532992129206e+00 8.094898979971696384e-01 5.174711115048578058e+00
6.265977711557773944e+00 7.956978500746744176e-01 2.914136842344028366e+00
6.349592656256547230e+00 8.404451170340631050e-01 9.769142190314163088e+00
9.921530177999080991e+00 8.382098082598581357e-01 7.324203144239732843e+00
4.629017888362610300e+00 8.958011083359352922e-01 5.761278157509273079e+00
5.573811488697002048e+00 8.821736249493732362e-01 6.769882466202969518e+00
5.803692158566883919e+00 8.747754975763499807e-01 7.043193671779295784e+00
6.693178249853686701e+00 8.759890288853652285e-01 4.023276139814752739e+00
8.359003628549201537e+00 9.006728889800200699e-01 7.729927067548398867e+00
8.538585861421385204e+00 9.083686215741948455e-01 3.142640072532715934e+00
9.152136223019457617e+00 9.107410039675267743e-01 4.787395033417123358e+00
9.779409986879224803e+00 9.214979619008035749e-01 4.706463941507557536e+00
4.417206910875339787e+00 9.566870797430473417e-01 6.032708590325193576e+00
4.786306075265434501e+00 1.010819549626640335e+00 6.431274605868601668e+00
8.186653965752812567e+00 9.510031566076803111e-01 3.205822971209304484e-01
8.262269989852603302e+00 9.485610759928793101e-01 7.364851833303650785e+00
9.315028975650278653e+00 1.014876423953768647e+00 8.184370807099881517e+00
3.701832106253476251e+00 1.032752311581282667e+00 5.912362631291286696e+00
4.525195474323141731e+00 1.087538992233535895e+00 6.972810083549509486e+00
4.847737688032626835e+00 1.064314887604136395e+00 5.275878520309203346e+00
7.485175996476794325e+00 1.044482317821741724e+00 5.902278744504203090e+00
4.036044426231091720e+00 1.122234345931663935e+00 1.870824333188353616e+00
4.753420323734203201e+00 1.113877163771073597e+00 3.567552461616651627e+00
4.722040198117125165e+00 1.113906199316332835e+00 5.118441734134815846e+00
5.468604511637601640e+00 1.152820091031793392e+00 6.847092612985883342e+00
5.481832202968524470e+00 1.107718984686847374e+00 3.391505855944279446e+00
6.303819840627598481e+00 1.164294772934646893e+00 1.251455963813237648e+00
6.282847097552421545e+00 1.137905220689959140e+00 7.721508102994276257e+00
7.577322559303447669e+00 1.149036084934386581e+00 7.028236365864770185e+00
8.907331193616517595e+00 1.109293364707940599e+00 1.592668413221790313e+00
9.862919320326337669e+00 1.124635161492433255e+00 3.597635285047544595e+00
5.653583814166912802e+00 1.232059303017822183e+00 5.058159991558531132e+00
8.076074387856257530e+00 1.243924222701767057e+00 1.380900158617608953e-01
1.742341967883566545e+00 1.328149304728243996e+00 9.378250870888059865e+00
5.107079044466996010e+00 1.295688217800262221e+00 5.226705204238790259e+00
6.275941476801328633e+00 1.276561838077720612e+00 5.418320208666586701e+00
9.278891452855317468e+00 1.271758458103207090e+00 4.917808102725691910e+00
9.841534212675622229e+00 1.325605622434114839e+00 8.022669022917011006e+00
5.843995926110784112e+00 1.338075552353619635e+00 4.623376873811454679e+00
8.704774491699492245e+00 1.341227002731542273e+00 1.603965557228532179e-01
5.335033710778794291e-02 1.479790466429922180e+00 3.866024835977281526e+00
4.695244051540555574e+00 1.458780896765312418e+00 3.050830208682167477e+00
6.219122824976659913e+00 1.427968728026582035e+00 5.802982552081858980e-01
6.201634852863915803e+00 1.460835173644110530e+00 6.339492352809285691e+00
6.916087443629592713e+00 1.471361178722204954e+00 5.936645964283366439e+00
7.011191164448502988e+00 1.450498489368303501e+00 3.201687679358963035e+00
7.167649382083979503e+00 1.445537550016375850e+00 2.989474710823509795e+00
7.632293026839461092e+00 1.417826156909695268e+00 6.101874662161921314e+00
8.434279224484349413e+00 1.461971426965253062e+00 7.261359623541181918e+00
8.842981082191917253e+00 1.469900582295380564e+00 7.180488834711329815e+00
9.776312486574957106e+00 1.471501264188351588e+00 7.236496929501575082e+00
4.228890219942859297e+00 1.553854074052702927e+00 7.156493624139104170e+00
4.602282535187343093e+00 1.549592405810305218e+00 2.521753889410850658e+00
4.662829686255722805e+00 1.514003678099084205e+00 3.140952516974000908e+00
5.317259726150671106e+00 1.509962818790633765e+00 7.194789106702945247e+00
5.646448327397667555e+00 1.565130204651677071e+00 8.087627329860758607e+00
6.064076237049729201e+00 1.500699446511301050e+00 7.068310264864168246e+00
6.332224743604653483e+00 1.490669511791623103e+00 8.024393138323196339e+00
7.476233845114918175e+00 1.540885280981051153e+00 8.253104810321872264e+00
8.184403652501487159e+00 1.500047679849078275e+00 6.561576928651252416e+00
9.380332164219092661e+00 1.516710275729950652e+00 4.220811640650731000e+00
4.670443889914206892e+00 1.626524122612093892e+00 4.483757806158614301e+00
5.089653203350774646e+00 1.608497603873690007e+00 2.906619863487645006e+00
5.738383291097785666e+00 1.619894276073178929e+00 5.805582537467171456e+00
5.908211058115316661e+00 1.605872332252632262e+00 3.445754929608065176e+00
8.374334145927656792e+00 1.627864338679593903e+00 9.910886686110573773e-01
4.672919607374186768e+00 1.686570535947971461e+00 5.708667209449364677e+00
5.172225710126350684e+00 1.695501959167558637e+00 2.372976276246560268e+00
6.236697498385831651e+00 1.648709036686413443e+00 5.399936400183966256e+00
8.420875053134807331e+00 1.646095272892552419e+00 6.426628269189168741e+00
8.502233792630052633e+00 1.681572512437813804e+00 5.707784444453029238e+00
7.743554793975194750e-01 1.739895809753853273e+00 5.128179580702921569e+00
4.659097597267686908e+00 1.778388351246279697e+00 6.728049351017435953e+00
5.383533894866332048e+00 1.727853138288355517e+00 2.642333362272848873e+00
6.153131088485650046e+00 1.724755306053252557e+00 3.087597763886595459e+00
4.438296991524346424e+00 1.860641374578817064e+00 4.202065591775785869e+00
5.305271252890565670e+00 1.866346608818861386e+00 2.592712580811384449e+00
5.262988776944192537e+00 1.828057658879714609e+00 3.738179689122267391e+00
6.521038675268899354e+00 1.844703779415736378e+00 6.442249485489226046e+00
9.473678753008098141e+00 1.807888528526678140e+00 5.488856166233883727e+00
9.615386713528609519e+00 1.811307945794238705e+00 8.851794283208750613e+00
9.688609098516156592e+00 1.843753507550562443e+00 8.730662935047519113e+00
5.177572618809036520e+00 1.884808373972215012e+00 2.627119241421820295e+00
5.303400215662794182e+00 1.925779646772700193e+00 3.640677227323093845e+00
9.403643810900282674e+00 1.911550953981814516e+00 3.023953710613975776e+00
9.645519332693769599e+00 1.891527111088570967e+00 8.217778940411255562e+00
9.941597116141906554e+00 1.908783070772559043e+00 5.014049608938459635e+00
3.836722537755198559e+00 2.032591881399483213e+00 5.871339208431606060e+00
4.908018741058263856e+00 1.991766323462277555e+00 1.928548556754503096e+00
4.855202480059818804e+00 1.990770066726109011e+00 2.159159771904741731e+00
5.768097713198690357e+00 1.968244967172075199e+00 4.365815606861705334e+00
6.442639790610620310e+00 1.984603543936423797e+00 7.162232242371931790e+00
7.691825686411492669e+00 1.970386019864586835e+00 3.348982109019507547e+00
7.941179429476701301e+00 2.012404630498833669e+00 6.813242374476750740e+00
8.272622335466428112e+00 2.030675966562616619e+00 7.983926034078551837e+00
1.331195754556763422e+00 2.040930985869682690e+00 6.504088817034762826e+00
4.357058977330149574e+00 2.071827383330688388e+00 2.289922915613332943e+00
4.395417787091672857e+00 2.058686014070082670e+00 4.723942087771041187e+00
6.401702755178924065e+00 2.044995485772850508e+00 1.481263640682485061e+00
7.908687813150340418e+00 2.088061738435528447e+00 5.571528727997303143e+00
9.480196232554606084e+00 2.084107667413237053e+00 2.873056139010725207e+00
3.487837787193676098e-02 2.146266102063147940e+00 5.486504120886540825e+00
4.630095497127337811e-01 2.113265352310638168e+00 4.660015349869562229e+00
5.456343306269324067e+00 2.158825821428830949e+00 1.044198352240222616e-01
6.292150975759305709e+00 2.146288046903455093e+00 6.976801429397971432e+00
7.710339082297759106e+00 2.177312463112117236e+00 4.991681247468248372e+00
1.234762236132576518e+00 2.238145040830131105e+00 4.842058409734688595e+00
8.049375239619836364e+00 2.209845841251032006e+00 4.882329745501357898e+00
8.171673051179903169e+00 2.211412859234823003e+00 5.809032093403406094e+00
1.365613864065090555e+00 2.316984066083122684e+00 2.211778401560671625e+00
4.879514533618686478e+00 2.284850119555471792e+00 7.936990674151088498e+00
5.129047138347292645e+00 2.283874703789932070e+00 5.490171074717092203e+00
5.208092683473713791e+00 2.316389320675743324e+00 2.850420928347639826e+00
5.382544291636618183e+00 2.306271914057382855e+00 5.841720793413172075e+00
6.220435351785551958e+00 2.293696464982342142e+00 8.121411486923060252e+00
6.505704138671729808e+00 2.281620705990247355e+00 5.959799772579941646e+00
7.631108707932801494e+00 2.300763722622839236e+00 7.706594639078512721e+00
7.896151788891756951e+00 2.270258182899860699e+00 4.617414753292855778e+00
8.292030088276069577e+00 2.341134537877231470e+00 7.804992987808964777e+00
9.173840769567338072e+00 2.332803156631606534e+00 4.393559064851853435e+00
9.416319379773684162e+00 2.319738373171703394e+00 5.473515342415881335e+00
1.142620709801348278e-01 2.367411569392090964e+00 6.863409620686635293e+00
6.471150800421824556e+00 2.414416583037570341e+00 4.844927682011233472e+00
7.056498724901135944e+00 2.408002603038652545e+00 1.067891608530092462e+00
8.578125966205625730e+00 2.348439478219956467e+00 5.503081338540514622e+00
3.880195235609958937e-01 2.490512010580389290e+00 3.790628428327637245e+00
1.498880544195397180e+00 2.462798226436732740e+00 6.791804352287964086e+00
1.620967487522003037e+00 2.489920091406897296e+00 1.859952139920743708e+00
3.566978909054225433e+00 2.452491578274965889e+00 2.260574526668354345e+00
3.861052505896374498e+00 2.434941006088592097e+00 5.552412752910567129e+00
6.119753464964569289e+00 2.459742539683954732e+00 1.610305215796370426e+00
2.277197274847636566e-01 2.576750342594320564e+00 3.681509576474699230e+00
1.463367354101774431e+00 2.501487680361116794e+00 2.323379727460167743e+00
1.576055226845894941e+00 2.542846544623278859e+00 6.616309373363019830e+00
2.216869065186894083e+00 2.573451588418366853e+00 3.690603246670493220e+00
3.576938384755546707e+00 2.508337659268912390e+00 2.832042928979073615e+00
4.765838496389441126e+00 2.523993457525393946e+00 6.205227767184378962e+00
7.230027686228064354e+00 2.556137638562709480e+00 6.716678451003137873e+00
7.593210839092543019e+00 2.526644731247874809e+00 6.794317083115575251e+00
8.166319135495262671e+00 2.510396581055368337e+00 7.661212266342497301e+00
4.454894113297941161e+00 2.623222609894282797e+00 5.878806242683232597e+00
5.973745606649933038e+00 2.625834495306964556e+00 5.921643183780052055e+00
7.123147595739480309e+00 2.608848179613057816e+00 6.451354474739548372e+00
7.313992963586537499e+00 2.653073638640514709e+00 8.571790238319801247e+00
8.583507745663171207e+00 2.603421627096703439e+00 8.173493574019296659e+00
5.786387655050120316e+00 2.724707185730578907e+00 4.435504385216401779e+00
5.986154098730768425e+00 2.702647050065885903e+00 2.251166962921870240e+00
6.280943895200248761e+00 2.702002398400276562e+00 4.716357291917004702e+00
6.455249614380086598e+00 2.662888669751744430e+00 7.922839515850066405e+00
6.840311114913507851e+00 2.730320649894405705e+00 5.712315207822136198e-01
7.006832499581816087e+00 2.717349198072224414e+00 6.868630040074982901e+00
8.863814859205557894e+00 2.718227520638130557e+00 8.350636764216016417e+00
9.601728693385057634e-01 2.790326402688812379e+00 5.220470021967001106e-02
6.137031927679977628e+00 2.767572444766573270e+00 2.515196108188315627e+00
6.585830254358921110e+00 2.786241985897622619e+00 7.068323877644242970e+00
8.103819399555684200e+00 2.746539114387283487e+00 7.955175404091924918e+00
8.484708239796241003e+00 2.793388532046226391e+00 8.383128588487082311e+00
9.633447393156286509e+00 2.754349234092809517e+00 5.329163545100300325e+00
1.348151996939543351e-01 2.821834032188961672e+00 4.685632074127378033e+00
1.134846973261807612e+00 2.874562530941083160e+00 7.093612491362317307e+00
3.226977265162030317e+00 2.847327248149040813e+00 3.716248190525987649e+00
5.024313825784042287e+00 2.815569373254822150e+00 5.048209046088143026e+00
5.610422570707264356e+00 2.890584078937357138e+00 1.896134959780580775e+00
7.569781635033598022e+00 2.832490567151890737e+00 7.990328634530351692e+00
8.795640868800834511e+00 2.861030871561688560e+00 7.841661269585107341e+00
1.199711488880283117e+00 2.958437920513406816e+00 4.798468343634421096e+00
3.158289772710471510e+00 2.938702668209337787e+00 6.894144638066523001e+00
4.251139387454113461e+00 2.955221493756098994e+00 6.357875804728260860e+00
5.503567508764546368e+00 2.937924619566467221e+00 1.838452100501178688e+00
7.509506073586411645e+00 2.929600438442463872e+00 5.012288264656390879e+00
8.952466585028885149e+00 2.895960799952212561e+00 4.783344736935738695e+00
9.059016905411322540e+00 2.894411796441304752e+00 5.096894487336291135e+00
1.030047071829479854e+00 3.015430204613281262e+00 6.651993027120179924e+00
3.760576126666634877e+00 2.983428785885423817e+00 6.164487184489054528e+00
4.504025405146609984e+00 3.046908950534155114e+00 2.823794842402564509e+00
5.451507350121768347e+00 2.972883650590163462e+00 6.221535238196384654e+00
6.703629376417950425e+00 3.020086643495507150e+00 5.634327898022467807e+00
6.961834474462339273e+00 3.010666265179628098e+00 7.580159247582042070e+00
7.082493965567123517e+00 3.049032451023012236e+00 9.111955456072969639e+00
7.260275639689519167e+00 2.973704892647261122e+00 6.803711442632956796e+00
7.655730664512141459e+00 3.040531627836660533e+00 5.301757447415015534e+00
7.742055933453967143e+00 2.972721999388062919e+00 7.103298493768990696e+00
8.575969363943627854e+00 3.043160991347729993e+00 8.490145273646525936e+00
8.862744861813816044e+00 3.038208723583920357e+00 5.375567747497584925e-01
5.519977296816817869e-02 3.050262643783002936e+00 6.829798029690424599e+00
3.247222101514519732e+00 3.080645040965179327e+00 4.539813062727072079e+00
3.792987461043249908e+00 3.057217967792177582e+00 2.767308466724039295e+00
4.016683527971890655e+00 3.065168573176262790e+00 2.844247369050199925e+00
5.072487771599456075e+00 3.053615955567103413e+00 4.424334635494012957e+00
6.272498762044627973e+00 3.081115218483505558e+00 7.729388727741565823e+00
8.521207162782770794e+00 3.094907000082972814e+00 9.342226101072006017e+00
9.348290594924158370e+00 3.106601547724768153e+00 8.741041836121844710e+00
9.610348723627518908e+00 3.108110031172310883e+00 3.764427899224880747e+00
9.747991179372933246e+00 3.072290829700344617e+00 5.359618375257797496e+00
9.822780475587590487e+00 3.048501060474585689e+00 5.186789212535364513e+00
2.569822748481568331e-01 3.133423904032479612e+00 7.343093789965019269e+00
1.493894634679662659e+00 3.203422849783771120e+00 6.308076747914519444e+00
2.417844822593658627e+00 3.139656992654727752e+00 6.490173044266645874e+00
4.569311796205621334e+00 3.158840044298285132e+00 4.126122200500920378e+00
6.531894277343909927e+00 3.151246276799085866e+00 7.160808484154899567e+00
6.761119241793264401e+00 3.167293837327529893e+00 8.534109346207092273e+00
7.786616395067195384e+00 3.149951756836299133e+00 7.962347453660902019e+00
8.075269066551488351e+00 3.208018565866390226e+00 8.568518115670062940e+00
8.485797030755090731e+00 3.166916890500288240e+00 6.076776201940953470e+00
8.840339465020075949e+00 3.199158031098975563e+00 7.111047386111217783e+00
9.799720626307909299e+00 3.172113155421474318e+00 7.940045275599821650e+00
1.307624889026483439e+00 3.220543022055422533e+00 4.857357469161934560e+00
5.145957895563331164e+00 3.204676043296650789e+00 9.288950232236987681e-01
5.381709389008127786e+00 3.248932978427471419e+00 6.436019512498146966e+00
8.939584403873263696e+00 3.226904650806173169e+00 4.569066411726218746e+00
6.732540075779105848e+00 3.339417565499856355e+00 2.396378654339702319e+00
6.983138813047974125e+00 3.316881968498899269e+00 7.022556337932151393e+00
7.193867955119612745e+00 3.298930678793662530e+00 7.547266757836879947e+00
7.446215700717903729e+00 3.354438838915452248e+00 7.690919255444372382e+00
7.988472545725030294e+00 3.324263646395058558e+00 7.020699464784428301e+00
8.274117162014530180e+00 3.304272670084608343e+00 7.228522150095558096e+00
8.329811938564732898e+00 3.332154929774333141e+00 8.424278279069172370e+00
8.716577148844180556e+00 3.300971103266917783e+00 6.545631054634696966e+00
1.507429852022398098e+00 3.429751729652060543e+00 4.188750420449016687e+00
4.701049435125714382e+00 3.399139911665029601e+00 3.682047835478448050e+00
6.670487825941510351e+00 3.407936909043304485e+00 8.841361207191308580e+00
7.572241581217399542e+00 3.405858799644477575e+00 8.133921992678839530e+00
7.692769378945081726e+00 3.425021626497800398e+00 5.968072340980143053e+00
8.538623936752106403e+00 3.377436531760352079e+00 7.192276262733988901e+00
8.864172532556562345e+00 3.419288124168156529e+00 5.243253960703246008e+00
9.599689805405045462e+00 3.432297223420327281e+00 4.688344634763255137e+00
9.616432320298700986e+00 3.362253826610587026e+00 8.201808963433574462e+00
9.920709049967193494e+00 3.434143097089510377e+00 7.310618824624821599e+00
6.345745105166652245e+00 3.486526785579170173e+00 7.923949594583112876e+00
6.675435817803547778e+00 3.482545060091747580e+00 2.833996648567103982e+00
8.001156791665321677e+00 3.454049115563889494e+00 8.689624071655899229e+00
8.399226041062707537e+00 3.467638564070178120e+00 6.166705114787262687e+00
8.873537804696630005e+00 3.449662263987098854e+00 5.037054184938540402e+00
9.222439077132811747e+00 3.491141974066066744e+00 8.420346562958458847e+00
9.644827716342479818e+00 3.480098149516848594e+00 6.160290550588788605e+00
1.180417320418360116e+00 3.572052468858080587e+00 4.950880216231699826e+00
1.362290270519895152e+00 3.573838103798047783e+00 4.055073178367413433e+00
2.251867823142447822e+00 3.576683657485324463e+00 5.029646389674186757e+00
4.997698530045330045e+00 3.518358013730448874e+00 2.095280288107872479e+00
5.720116622197660483e+00 3.585855021727778702e+00 3.609085538270169646e+00
8.183253024041857060e+00 3.542218864002950607e+00 9.131086647332850248e+00
9.732746632618077598e+00 3.565598460238640133e+00 7.397977071579445507e+00
3.694100721198844139e-01 3.638543215316997426e+00 4.973913659744105153e+00
8.701133760181984922e-01 3.622017052655682079e+00 2.024077780391801529e+00
1.488564242668895865e+00 3.651444103047183365e+00 5.659319418802640556e+00
1.978057621203438865e+00 3.637743598113624799e+00 5.800107213962620634e+00
4.104116996581571364e+00 3.668240851240649469e+00 4.615347240262913431e+00
5.096655983630376419e+00 3.656659336960853324e+00 6.225660397586310069e+00
5.536814078037894937e+00 3.651161766124047858e+00 4.599236060098559342e+00
6.644305274770735181e+00 3.629834253659065091e+00 7.379475001821784730e+00
6.783542355296767745e+00 3.627271715207468716e+00 2.844235983348079699e+00
6.736835987818687421e+00 3.644978877613685331e+00 6.983100243610026681e+00
7.120818625680691127e+00 3.641811750648185519e+00 6.780270363340847872e+00
7.212544352820930982e+00 3.652483926602619668e+00 9.054421950341890124e+00
7.416593352811300832e+00 3.654806356721691518e+00 8.709479473232416780e+00
7.757543465114606462e+00 3.648677364458398298e+00 7.999958912242320253e+00
5.273575687824711089e+00 3.692193174864881300e+00 6.949686206225058172e+00
5.652892082881856517e+00 3.696773276801655239e+00 3.021570834717242526e+00
6.316394719980392480e+00 3.723844593064490560e+00 6.394625871237717973e+00
8.145238315426889031e+00 3.742989245657637909e+00 5.184800043431728511e+00
3.003730614118141906e-01 3.774676372120175927e+00 5.334434175264084033e+00
3.416608101889311300e-01 3.782840736742001830e+00 3.543858734603289040e+00
1.955218568008988189e+00 3.824645431565443232e+00 6.737473429994773610e+00
4.249477700918377288e+00 3.780326298774399518e+00 4.062299358342770006e+00
4.717362601030186120e+00 3.789695446698090997e+00 2.347339602951622695e+00
5.114675688745446536e+00 3.796858763061057296e+00 3.349401435719189912e+00
5.840813827857543217e+00 3.763620062037472014e+00 3.752157772076405440e+00
6.775801611123102752e+00 3.798448754420948426e+00 6.913793847179528385e+00
6.829787152274486850e+00 3.787918722683043526e+00 9.649754725588604032e+00
7.054902662104024280e+00 3.772833984176443778e+00 6.438708410318749742e-01
7.741775731121560256e+00 3.780243821841378526e+00 1.346016730430755537e+00
7.826428911157519153e+00 3.804545320857358526e+00 6.688932230797862921e+00
7.988840785099809771e+00 3.783478389710645651e+00 7.282794812101705872e+00
9.634349902301996948e+00 3.806714283985154879e+00 5.002071315284365660e+00
7.435099902565678320e-01 3.872599217343655198e+00 6.607708256554028381e+00
8.519797221444911361e-01 3.848613202493134544e+00 7.220493007534474650e+00
7.509050682636674523e+00 3.889822286095119708e+00 7.646347449933874607e+00
7.575152058247269338e+00 3.853801581687696043e+00 7.487031396132952210e+00
7.989422159213873442e+00 3.837763086402500967e+00 7.195093096059755666e+00
7.994928973820942808e+00 3.882250090563577505e+00 9.982061546078812242e+00
8.168804494162952068e+00 3.883390158110096468e+00 8.080095031145084761e+00
1.080250638888390124e+00 3.918392101831897012e+00 7.013080689448294436e+00
1.740684907624494127e+00 3.942607603099907543e+00 2.468463988326671466e+00
4.951685965492029773e+00 3.959289480525020721e+00 3.428274642220689561e+00
4.959552979061969680e+00 3.959208626853088386e+00 5.334287651214857817e+00
5.759533576126292687e+00 3.953669698779008534e+00 4.654921243981757328e+00
6.866127263011017945e+00 3.965421133550384170e+00 6.555589375208092484e+00
7.473008107086784868e+00 3.968590093835099974e+00 7.520547181516899826e+00
7.895828092689625599e+00 3.908308883433815772e+00 8.398633424043437046e+00
8.039964464976282699e+00 3.933142990489914226e+00 6.959746767224016750e+00
8.369380279744683904e+00 3.912303586177839243e+00 8.241116035535362983e+00
4.419904513406930358e-01 4.029382323791965703e+00 7.564937606918761936e+00
3.759118735979333437e+00 4.057990392463893592e+00 6.130743498537251313e+00
4.758447456138481968e+00 4.046878687362368332e+00 5.499246337948473951e+00
6.439727276955167667e+00 4.062549559363792362e+00 7.569273470354719535e+00
7.310947398246131712e+00 4.013819526609766264e+00 9.593648109766320431e+00
7.852386862117783473e+00 3.992291267103898811e+00 9.891189100120003630e+00
8.388982948967960596e+00 3.986777186337553402e+00 8.917581487126675199e+00
5.414442371359294626e+00 4.131320802269144110e+00 1.094221408019262043e+00
7.025634084727661488e+00 4.077561839780597275e+00 8.259107597849908444e+00
7.214125166995214222e+00 4.136155730622361304e+00 1.692985848903085233e-01
7.244916637875039811e+00 4.110351786293315435e+00 8.624122963156638733e+00
7.242252531722980891e+00 4.112629361157804198e+00 8.635150201547865834e+00
7.623739518732820741e+00 4.122285620855454802e+00 2.483404500546417371e+00
8.008993823998917350e+00 4.110522184694617387e+00 8.998472451555075580e+00
8.171837854221365660e+00 4.084428422635169476e+00 1.069188894702221559e-01
8.552310081035843226e+00 4.064285278140487456e+00 8.064172564073761151e+00
8.774987574877838981e+00 4.101755499072464950e+00 8.135207391713237257e+00
9.053652406112011164e+00 4.099628172106937640e+00 9.090788049711175489e+00
2.993449825468751602e+00 4.181583748637343945e+00 8.156360547203037825e+00
4.487250018543648800e+00 4.197620596318786035e+00 3.055453524082424988e+00
5.022908567121998402e+00 4.182691326042633051e+00 5.854852752516130465e+00
5.684838035501855735e+00 4.142547066990960758e+00 5.122079241029827479e+00
6.322861499840342070e+00 4.160451563379789164e+00 4.474476250348672579e+00
6.665079135013192158e+00 4.176449483523518857e+00 6.418962767546952719e+00
6.887851213287556007e+00 4.192384775543903430e+00 6.437622034324479436e+00
7.066659295627179205e+00 4.205912843924255462e+00 8.165778112385271292e-01
7.188974835305548261e+00 4.161948234668452429e+00 9.412541207113864772e+00
7.607229512627229795e+00 4.168445830360315796e+00 8.903481292301570704e+00
8.780023574211515580e+00 4.200913138838205718e+00 9.708917571546038516e+00
9.284976240066928455e+00 4.196902964175683870e+00 9.785592174335553395e+00
9.485579732895743632e+00 4.159906096443446444e+00 9.133628056428630515e+00
5.555320742386110844e+00 4.219940018012697358e+00 4.973856000168199287e+00
6.688776379570809283e+00 4.252947220867816291e+00 3.155919690489822127e+00
7.028484166843403713e+00 4.248549025837158766e+00 9.555272204324007035e+00
7.121852145527018507e+00 4.238024405954328167e+00 8.247785718968536628e+00
8.037740636932866778e+00 4.231163952382815729e+00 1.969880942283549263e+00
8.979425856520244054e+00 4.272776173049602555e+00 8.772237984904267094e+00
4.252863147380217868e+00 4.349304231726168979e+00 4.277368520506907856e+00
4.282979062366907286e+00 4.344345583494924945e+00 5.650682729480227984e+00
4.942349139036677386e+00 4.359906429375770998e+00 4.388008452250945268e+00
5.019253540674759151e+00 4.315592296839849240e+00 3.472689031339691201e+00
7.113009012810560527e+00 4.330029526261881756e+00 7.364711365331482185e+00
7.273235411267455319e+00 4.331506552578302305e+00 7.625105463121787608e+00
7.568067172914529905e+00 4.349684638932195035e+00 2.118382106427636025e+00
8.771342926299725562e+00 4.333496003089997828e+00 7.712018080461170655e+00
4.523038619798966931e-01 4.406003794609585356e+00 8.399055624143056065e+00
1.081582457267406649e+00 4.430005476252284247e+00 7.584200281507518682e+00
5.608743549877333479e+00 4.388798729660968512e+00 7.906017985285511251e+00
5.628100658397034550e+00 4.449477437195569429e+00 6.327431721857830205e+00
5.793064300898183916e+00 4.441717679844289002e+00 6.861863922062878096e+00
5.860468295614603029e+00 4.408511219591941810e+00 6.834029672868140004e+00
8.091778180637717810e+00 4.404043624962927339e+00 8.527847814622782963e+00
8.514582374035351009e+00 4.417279137765866004e+00 4.915860734942956167e-01
8.956815032748249195e+00 4.448531549164166599e+00 6.656435969688819121e+00
9.336515085096275257e+00 4.403869129398868765e+00 8.612921350886887595e+00
2.127330819101759918e+00 4.513564667299635680e+00 7.033591889860479895e+00
4.823988197859631732e+00 4.524201532518790536e+00 7.807724232353979721e-01
5.486673718076041872e+00 4.490433217806620192e+00 8.122106397391370081e+00
5.788982809594600099e+00 4.463278651789527984e+00 7.382736498639921763e+00
5.975070896615203075e+00 4.491857779999232747e+00 4.114355771873058565e+00
6.383476077912397351e+00 4.522842727201178192e+00 7.004704311826923657e+00
8.512800195527487901e+00 4.475916884457750378e+00 9.082534673026534833e+00
8.614954738322424532e+00 4.467884324259386197e+00 2.102455305322945556e-01
8.877615783127584592e+00 4.512519798744249577e+00 6.770434280826207463e+00
9.528362840937019129e+00 4.507829143722712928e+00 6.769958852627825152e+00
9.938105672069104557e+00 4.488102314114747138e+00 7.361911737629830199e+00
9.748974662093280452e-01 4.572772880779239379e+00 5.110125124848886813e+00
6.766806263431695889e+00 4.600663781010346121e+00 7.559282923747165484e+00
7.685250813995500252e+00 4.531338640008159224e+00 9.618765282344861944e+00
8.226359783127032088e+00 4.571842532121322300e+00 1.300869843790215974e+00
8.705355166740222472e+00 4.583130239037178200e+00 9.932279062732233044e+00
2.212353328585226375e+00 4.684283076828648085e+00 7.194443191304862317e+00
3.599696587346046250e+00 4.609343441893622106e+00 3.762000420520602351e+00
3.827326897475779255e+00 4.682212651203717435e+00 6.417097646606135797e+00
7.142291537865379070e+00 4.684695282848246656e+00 7.465299896429836934e+00
7.775855965979115325e+00 4.619415107146335409e+00 2.116577169893671506e+00
9.615702560943148569e+00 4.672488289928478089e+00 6.383141554013688435e+00
2.753970682714306228e+00 4.753561409820260764e+00 8.187067147781341703e+00
5.984342312233339456e+00 4.716998916006551745e+00 9.467345626908901579e+00
6.564243358207460410e+00 4.690140638334025169e+00 8.414338163596511322e+00
7.764428412192348361e+00 4.749851527641034465e+00 8.690094012119724098e+00
7.822005799781429403e+00 4.687607049349834298e+00 2.995965182531038717e+00
7.885817392634637990e+00 4.723363848040295743e+00 9.705137668219540714e+00
8.280398416948239415e+00 4.692280980985823469e+00 5.316017091679388074e+00
9.284597425598292375e+00 4.710620354194023029e+00 4.658656901956640395e-01
9.495450447988375231e+00 4.747883364237678094e+00 6.973513292064160929e+00
9.653413665026324253e+00 4.734211061621132366e+00 7.848877350348114845e+00
5.396703055631956403e+00 4.800292823584472401e+00 6.224839859266803721e+00
6.766331726788966883e+00 4.786637978895038614e+00 8.498661302493976777e+00
6.990381704234160054e+00 4.803275147631077324e+00 7.872760583945993540e-01
7.218842694558799344e+00 4.796686032511374265e+00 1.153857666901930923e+00
7.224751065469199318e+00 4.822055384347085472e+00 6.456060145452487298e+00
7.548221365750681144e+00 4.787060219191958232e+00 8.024860767025032260e+00
8.022817361367014399e+00 4.790297685100102676e+00 3.867070109083861951e+00
8.589023559326840029e+00 4.790375290042822698e+00 8.850369930542846930e+00
8.634879014714972101e+00 4.792434080473433333e+00 7.856469566149582029e+00
1.978045251349930478e+00 4.902056081712516722e+00 8.399430721034596203e+00
5.109671803695185588e+00 4.891275341228259244e+00 4.858007163962078323e+00
5.748324688794221871e+00 4.890841506851965725e+00 5.226967008525264191e+00
6.281947938703273948e+00 4.898783376182394456e+00 9.729182273912783785e+00
6.803626632728058787e+00 4.865509521149913752e+00 9.133250771704789273e+00
6.894358791769136907e+00 4.911950311668022984e+00 1.701058467208666158e+00
7.516781977709817930e+00 4.853476001792148331e+00 8.662922874674725549e+00
7.917463790765970622e+00 4.890938929270991053e+00 8.418713367096160027e+00
8.716293562963455699e+00 4.867331721883928708e+00 8.494841954230331282e+00
9.064662949596151265e+00 4.901064827830039050e+00 6.397398005915810870e+00
6.567831362924694716e+00 4.981461326901015951e+00 3.734896171216145477e-01
6.773552345260684504e+00 4.949707231419965936e+00 8.607516843791838568e+00
9.090962993417592841e+00 4.965077845338462303e+00 6.549604813243576018e+00
1.506577435840788182e+00 5.006669761719994227e+00 3.931341698353042702e+00
2.553562176452854438e+00 5.045884895687689387e+00 9.100728466582289400e+00
4.275687839985690353e+00 5.007732272077407565e+00 5.416845146144829926e+00
5.374380555984268781e+00 5.000614536113729969e+00 1.476399652042070243e-01
5.713729721096578729e+00 5.003626440618534232e+00 7.802088070946159526e+00
8.561442165476861321e-01 5.146358735820546926e+00 5.098943159077380827e+00
2.374746382877428452e+00 5.152155000527084638e+00 7.194572620181032718e+00
4.661185353384767360e+00 5.092956985052264685e+00 6.136903847012800561e+00
5.150841687852564021e+00 5.127804054770387587e+00 5.338033904599908119e+00
5.236377142986433419e+00 5.077313547524090254e+00 3.434784516149622213e+00
6.114606345218740024e+00 5.140302686893259754e+00 6.608711769469856279e+00
6.942315609378374219e+00 5.081896799904146889e+00 8.894406025762878087e+00
7.167922153259230100e+00 5.137758807913066050e+00 7.978641831724142541e+00
7.193873392946583678e+00 5.103677179574236611e+00 9.120757383424427545e+00
7.574044889434625283e+00 5.156915346087179941e+00 1.276547366516419257e-01
7.916540978031407327e+00 5.099526716570860430e+00 6.340462057829634901e+00
4.577981994616009409e+00 5.193127516465096072e+00 9.786136801426430054e+00
5.616933065499813971e+00 5.190980756700796839e+00 5.082463272812956845e+00
5.778613276408853139e+00 5.227793556851741741e+00 9.974994334857486322e+00
6.857852015195116557e+00 5.159825863186843442e+00 1.946680215750947296e+00
6.884514499096651363e+00 5.165726721575603975e+00 9.957991083881493566e+00
7.838994698507937287e+00 5.160604471134849547e+00 4.562842771084522298e+00
7.951312831073872545e+00 5.191688796920860938e+00 3.588978631939339081e-01
8.331823130518907661e+00 5.196056274355469462e+00 8.016246838616236658e+00
4.929828187952026042e+00 5.279923411238980790e+00 5.528964246589021414e+00
6.614333326356480747e+00 5.301403735868625233e+00 7.463060850377660316e+00
6.640956286209111603e+00 5.251953493788362515e+00 7.404064973188313914e+00
6.733090363064794914e+00 5.283371019937026958e+00 9.709057645712034557e+00
6.828556063981837454e+00 5.255196450035615641e+00 7.864645025898316710e+00
7.294991992135371639e+00 5.247717963056908630e+00 6.174688729023261047e+00
7.451847145190653166e+00 5.287086178407280457e+00 1.289766363809411009e+00
7.520589448146261624e+00 5.270366435791230764e+00 8.764137450071979529e+00
7.716988297906390848e+00 5.245113355209260142e+00 2.438644764088396810e-01
4.575659203215217907e+00 5.373987878024644615e+00 7.929598333245462705e+00
4.915461467298799292e+00 5.370384547822149912e+00 8.108776178394114353e+00
5.789462191784286560e+00 5.387299697417480715e+00 3.980831959708138079e+00
7.257262533463281429e+00 5.353102981952914341e+00 8.495850258047397574e+00
4.890253437582862794e+00 5.395315953928869313e+00 9.920682128352300566e+00
5.052298127971663888e+00 5.428113292973453241e+00 5.980506857292142264e+00
6.282760478675559312e+00 5.452220300045230061e+00 6.917399798292061419e+00
6.842237664734572178e+00 5.447093300260746673e+00 9.840831415229082779e+00
7.232635957835926277e+00 5.402145884658080988e+00 4.974950721462265135e-02
7.194468375043546082e+00 5.434658601640474984e+00 1.245463451197419191e+00
7.275141187207571747e+00 5.422946151613706078e+00 7.433920892131800962e+00
7.564284564087135898e+00 5.406719672425424505e+00 6.510962947190577665e+00
8.053398761141814077e+00 5.404036638613856525e+00 7.497507446149798582e+00
8.669438028335088475e+00 5.410133207558832424e+00 7.146604819892644400e+00
9.004502359016161250e+00 5.461257097866851318e+00 9.441174445004110183e+00
7.589003546326948957e-01 5.505258408681640958e+00 5.747191309356752598e+00
2.666771749500281175e+00 5.489661320916559006e+00 7.405246279857860436e+00
4.825299313216079078e+00 5.504594194370702631e+00 8.432549983918322667e+00
5.379395493424079078e+00 5.537214809539905858e+00 4.217440259904464028e+00
7.148412405483214549e+00 5.510894072550076572e+00 7.116838097816574837e+00
7.388976762841368284e+00 5.512276024409390907e+00 6.887590085096784165e-01
8.036585702474177140e+00 5.514027339686314200e+00 4.921551945444646581e-02
8.709295084815596999e-01 5.600243887421891387e+00 6.665099025028734303e+00
5.017134678683610183e+00 5.570414252842961211e+00 2.794924556117094561e+00
5.063254694401658540e+00 5.582959978373770227e+00 9.455737926750213518e+00
5.120374090013635637e+00 5.619179711612488859e+00 8.406717688529315780e+00
6.566192858567727164e+00 5.627281610319364802e+00 7.508099696468364392e-01
6.854944616043356476e+00 5.552997728443994419e+00 9.612890666877303758e+00
6.903894564658443755e+00 5.576381439854533717e+00 1.445758173037994809e-01
7.731552041479591963e+00 5.577322645182354321e+00 1.148060169134670794e+00
8.391414175580651502e+00 5.550034571012173679e+00 8.246467369279109505e+00
3.253984256872372693e+00 5.628134520010799058e+00 8.260148915470091779e+00
3.581560086177557167e+00 5.649154860669773015e+00 6.233100897216978353e+00
6.198321337836187439e+00 5.701952916725703702e+00 7.535014777819974086e+00
6.648966844982933111e+00 5.686996649530578374e+00 8.919890838444123338e-01
6.720282546973555426e+00 5.630344146833847319e+00 8.243835683879147780e+00
7.646826436863575438e+00 5.700653623139356974e+00 5.388037934265012652e+00
8.120620012194837756e+00 5.631068003830078439e+00 7.011730497725342515e-01
8.128864677451456799e+00 5.700316526064380440e+00 5.070118563925900546e+00
4.837427674574702685e+00 5.747638720318395400e+00 9.291225048471890346e+00
7.724484457406575189e+00 5.773206305139733097e+00 5.313641659503673509e+00
2.081914440379754261e+00 5.784956411108741037e+00 7.476975326788465992e+00
4.682975804010842680e+00 5.835800062483061268e+00 8.509278021375692447e+00
5.980243111821153867e+00 5.789279103960319972e+00 5.455993410574915714e+00
6.405978283780963345e+00 5.822317261249075671e+00 5.650952834171526717e+00
6.677441245081202403e+00 5.794500717380479671e+00 4.993415400515401004e+00
9.193252759432645860e+00 5.819627315843767690e+00 5.313414672062081179e-01
4.795732579434980103e+00 5.908635767390545190e+00 9.390911229179140562e+00
5.796968315547150752e+00 5.881959415757073373e+00 4.024343058566176579e-01
6.352900902312691223e+00 5.895973571713291506e+00 7.144454789353527069e+00
6.641652617272700176e+00 5.860185100006288117e+00 4.955050027973113558e-01
6.716842152326218951e+00 5.905154486812389969e+00 1.612864404668837848e+00
6.895526277250843883e+00 5.905065474892389865e+00 7.482456802210822877e-01
7.599792278908878984e+00 5.874648174665448863e+00 4.141189168804398690e+00
8.434321960475926971e+00 5.865375415893209876e+00 7.671912165857013299e+00
8.751494904657354468e+00 5.876550199350170978e+00 8.022671533181604531e+00
3.210421404488126296e-01 5.963069577078808692e+00 6.714441383884860670e+00
2.756801975607501731e+00 6.013195061267543551e+00 9.426191482200016125e+00
4.626655240969584248e+00 5.963097608500333990e+00 8.937407284044425637e+00
5.825215615607588049e+00 5.946285851106430265e+00 9.563796838758577223e+00
7.040608937210320661e+00 5.990915008217738702e+00 6.582427202413642098e-01
7.991099528126328622e+00 5.996256768234380807e+00 4.312169979320165325e+00
5.373623707968493868e+00 6.056570428888444546e+00 8.998833460685881747e+00
6.463288583004444199e+00 6.083533239311956109e+00 4.346629172018625198e+00
8.198381331220547352e+00 6.055041222515606947e+00 3.090820678585790571e+00
5.450665885530133536e+00 6.107559723065749679e+00 8.915723032311426266e+00
6.815169773535764364e+00 6.108722104657116958e+00 1.516071599212613474e+00
7.077379568743436877e+00 6.129681986895320733e+00 3.930650469777267730e+00
5.729956466933587400e+00 6.193495645972898700e+00 4.996347264804390065e+00
5.742868279848083901e+00 6.231351780400405715e+00 9.836806949634972597e+00
6.868229657926031351e+00 6.220121885407576379e+00 8.688142317771250234e+00
6.893355333188563527e+00 6.226528317117273836e+00 4.247724247839279599e-01
7.892967768213401847e+00 6.233823679311817578e+00 5.022078299066992102e+00
4.595872321968180740e-01 6.316553594854005027e+00 1.195980901346207492e-01
6.076451292715488783e+00 6.254030643484048468e+00 4.125555064238882075e+00
7.109310732785272258e+00 6.257668645092849147e+00 4.352318566286612622e+00
7.570253393917329987e+00 6.320560928389715727e+00 8.133612176403076433e+00
8.557970990406953860e+00 6.320483697397763834e+00 7.160723249135784840e+00
9.043877688733699571e+00 6.321623224116057038e+00 1.883582226317088271e+00
6.353992917856649214e+00 6.353100255389986906e+00 4.805297226754323692e-01
6.334936173746916310e+00 6.356563349540805596e+00 7.041598689706848546e+00
6.466402646930599296e+00 6.383664850843779881e+00 9.572198435199055666e+00
6.985581717701622395e+00 6.396028328532048945e+00 9.540342953078646104e+00
7.248462750358390494e+00 6.402148229614103236e+00 5.293357873003404102e+00
8.124842062738572679e+00 6.379559111860041654e+00 4.682810531190528813e+00
3.388210364810128716e+00 6.429634559632855684e+00 1.515212443400686393e-01
6.104412537557482921e+00 6.428580129046580716e+00 6.041982920606053575e+00
7.015959510195743931e+00 7.190939603152346038e+00 5.997037272805963326e+00
3.695211191193235045e-01 6.495443231498674308e+00 8.289297284136798893e+00
4.704178625586532547e+00 6.518841658605071920e+00 8.823150988022055330e+00
5.402250059509694502e+00 6.522928511140318797e+00 8.047856971050322272e+00
5.649810783125460922e+00 6.496219134161162145e+00 5.029357303714501626e+00
6.429161811804227966e+00 6.552006720356205349e+00 6.889445763709163728e+00
6.568605461008865554e+00 6.526203725495106411e+00 5.661808055362858028e+00
6.972782073122237634e+00 5.787230281457602210e+00 6.174198834249130741e+00
7.922711674059243592e+00 6.530078037193595364e+00 4.197501811286322493e+00
8.298757641306782062e+00 6.497507054929824832e+00 6.688195752817740924e+00
4.417254912268372635e+00 6.618523834327627142e+00 6.148933626361120730e+00
6.305319024136152528e+00 6.564576830982357336e+00 6.484759044923082527e+00
6.675238634399461191e+00 6.570280029043693126e+00 8.224075197778613955e+00
5.860407976785100281e+00 6.655164304502267036e+00 6.953379610859686366e+00
6.039362476002175129e+00 6.714665868724491560e+00 8.049659860295584224e+00
6.443153827313239823e+00 6.711287787696487150e+00 4.106272230618875085e-02
6.533562152250793176e+00 6.714533678463043387e+00 6.958196752594493439e+00
7.715097256111925539e+00 6.701758586773259196e+00 4.564401871282395717e+00
4.559287731920303344e+00 6.741721587968498852e+00 7.476582715763520071e+00
5.536868177717175321e+00 6.737523092943057179e+00 1.139816635147356677e-02
5.548254795915473991e+00 6.764781922170817197e+00 8.590089627212385892e+00
5.749523294062898415e+00 6.796232032650484811e+00 8.418868455787551497e+00
6.310323512047717465e+00 6.739542154570834498e+00 6.448324463755551461e-01
6.277055257261293875e+00 6.768594809155338510e+00 4.888298999529762767e+00
4.755070323115524467e+00 6.855830183519434406e+00 8.015647191022390317e+00
5.728861020826531814e+00 6.816438607938630767e+00 7.036274320076473243e-01
5.775496958158243821e+00 6.810955619716677845e+00 5.665111487557943803e+00
6.390391709025694311e+00 6.833725123232802900e+00 3.933348888538323873e+00
6.470199634885249296e+00 6.861977582729894110e+00 4.420820257399876496e+00
9.625872639384525087e+00 6.871467817191735605e+00 9.893857799909511197e-01
7.121403152026232197e-01 6.904832006058739147e+00 6.207379736929141245e+00
3.710570761733880119e+00 6.900939040788117929e+00 7.516512550908025503e+00
5.237101824018941976e+00 6.891057237472223207e+00 5.827836469675935049e+00
5.353735278297329536e+00 6.893853926467515159e+00 8.767448451648080621e+00
6.025906741953297008e+00 6.934840011782083202e+00 3.842039237094898141e+00
6.110675844816215729e+00 6.906610354189813172e+00 8.035571521676471818e+00
6.228427621729661467e+00 6.915657475526244546e+00 8.327337563767557072e+00
6.718541837853491572e+00 6.946412994632317428e+00 8.685144888775134575e+00
7.173367648919008133e+00 6.943339726892033603e+00 5.292695590000963790e+00
7.656030867618213165e+00 6.937317722652817764e+00 8.030160702636065295e+00
1.106245480576901308e+00 7.011838423255613684e+00 7.671995897904675843e+00
1.446403199482425350e+00 6.993616794373221701e+00 9.323367936487596097e+00
4.075561005199916487e+00 6.990013203731127334e+00 6.509729244447084007e+00
6.699914464765839739e+00 6.969332752533846431e+00 8.528833677499060073e+00
7.487980855664127411e+00 6.989844304753616733e+00 3.536894604626461103e+00
7.448755961154589045e+00 6.975984664200102436e+00 7.979511860487264130e+00
1.924155539944287785e-01 7.106916160434229468e+00 9.223945665476119160e+00
4.232577385987798202e+00 7.059166220629134791e+00 8.717986534380433028e+00
5.170343790702327524e+00 7.098952335247465939e+00 7.030875393742419988e+00
5.220830422345642319e+00 7.044407997284549694e+00 9.002712871547862150e+00
5.387256846571232494e+00 7.091009610959094545e+00 5.261380576565478862e+00
5.338256845639541837e+00 7.065240834276687032e+00 9.146923266099477701e+00
5.498942176737967813e+00 7.050092539492188948e+00 9.769185513640239904e+00
5.970842252191395083e+00 7.066207960889292039e+00 8.185031218406191300e+00
6.579829309137836368e+00 7.048779803006028466e+00 5.209333887908998761e+00
6.561627108708222522e+00 7.060652502848269840e+00 6.789713967856488175e+00
9.440501470486076130e+00 7.100798827488241649e+00 1.928257346613464929e+00
3.522858925407496677e+00 7.162091765445873115e+00 7.747231735919402951e+00
4.607320492457299466e+00 7.159755663346604848e+00 3.926953957309510912e+00
5.512678710888318179e+00 7.158933551963958308e+00 8.484564358050907806e-01
5.903123312754850360e+00 7.118911346994510225e+00 9.107012545241362389e+00
6.256141020561051036e+00 7.121104042127489819e+00 7.664156550395998524e-01
6.889160898845453573e+00 7.182518229439235569e+00 6.489148396860871415e+00
6.885319807041531348e+00 7.155844377857310867e+00 8.731169715411770227e+00
1.415790412788632047e+00 7.251802454162737277e+00 9.005309384387944149e+00
3.871653969434740272e+00 7.208521587805462261e+00 7.544572945215916704e+00
4.352698251476604163e+00 7.246771215210037198e+00 1.236888442618520045e+00
4.672220915724190959e+00 7.216088842156420213e+00 1.708130810090170426e-01
5.024094061780319365e+00 7.263588201469055150e+00 7.079812164393976204e+00
5.319573092468774078e+00 7.244068264346335440e+00 8.439282741827859313e-01
5.812247742755940472e+00 7.222532823885856601e+00 3.396834693761887625e-01
5.913794385803366360e+00 7.219193551814516496e+00 9.635483621346619287e+00
7.033037196503061139e+00 7.211108472872607145e+00 4.837323019569865323e+00
6.745345234314034322e+00 7.269308756226271484e+00 6.931868110160579910e+00
3.308508662156074642e+00 7.355263139277320228e+00 7.752199808538904335e+00
3.704986957396221747e+00 7.351614107661614383e+00 7.717381651017948485e+00
4.715116795179841169e+00 7.409922606645549692e+00 8.039019997841396759e+00
5.595419661932354849e+00 7.387382975068701008e+00 4.675687857019122262e+00
5.611420538880444120e+00 7.400444416783496848e+00 7.569472303655123469e+00
5.888752503858681209e+00 7.386109544134193960e+00 9.650147956650410919e+00
6.557277587122527507e+00 7.427235104033791835e+00 3.002755176648387314e-01
2.029522124910868586e-01 7.486322840700173842e+00 2.477319882334546031e-01
1.818851142862038639e+00 7.470339626636500086e+00 8.768830379360107230e+00
3.964416469340667604e+00 7.445633112971804302e+00 7.260592697502441517e+00
4.754089456395344193e+00 7.488457261068955262e+00 8.550800033119521970e+00
6.562772157191629319e+00 7.448574356508177452e+00 2.724023424417664208e-01
6.567977084578545011e+00 7.429410102634975033e+00 6.050175776382346049e-01
6.859688197367899143e+00 7.467891246196205479e+00 6.577285281896283475e-01
7.929221785892935692e+00 7.447285691286755771e+00 6.231276374336747637e+00
4.486072417940750512e+00 7.576740611997555774e+00 8.953388202259468187e+00
4.471038776048422925e+00 7.557459297184318636e+00 9.943862544459598496e+00
5.855737900941749174e+00 7.544552026987947357e+00 2.865642553174831519e+00
5.804713756026209204e+00 7.563062338095253523e+00 5.179945710188698094e+00
6.098417769039720326e+00 7.567177695188380682e+00 4.221387104069862950e+00
1.046440270639737768e+00 7.628304474298780669e+00 8.229496139369024021e+00
3.746315701217245220e+00 7.624355669376862821e+00 1.169977552559382739e+00
4.815464849114808210e+00 7.631152768282410292e+00 6.712982469058403012e+00
5.946737217534151299e+00 7.635628524150807728e+00 6.826647036313493011e+00
4.143213258146007050e+00 7.670267167656210638e+00 6.459106700748040275e+00
4.428493771115855182e+00 7.699996328671124601e+00 9.677716029336631109e+00
6.362278967620925485e+00 7.717553324552495653e+00 6.196165507353507351e+00
6.453516038429430779e+00 7.668725041326206693e+00 8.357699195481600896e+00
7.353658760298477759e+00 7.717887441795549641e+00 4.050446723660587445e+00
4.009917901649189709e+00 7.794826399400633932e+00 8.270283209889417009e+00
5.189399561955737816e+00 7.800615862261560451e+00 7.309088728428186243e+00
4.052895759678539989e+00 7.876569510870685242e+00 8.126844084005389490e+00
4.528994990473906412e+00 7.869125180516515883e+00 7.297366354881901884e+00
4.787773072351409809e+00 7.871342184016785204e+00 5.796910572009704055e+00
4.919809845942989313e+00 7.859616397781062247e+00 8.938966299562169482e+00
5.044403286409608000e+00 7.871841556505416726e+00 5.805083469352691206e-02
5.079200011959548178e+00 7.867360173856910777e+00 1.596446848235780092e+00
5.385907606384497726e+00 7.841549488128187306e+00 5.106469417901863039e+00
5.436488020379522723e+00 7.853956593053744051e+00 8.430685202563168446e+00
6.616927367157602546e+00 7.814517927688871879e+00 5.971046724442735432e+00
6.604467325950918344e+00 7.827470006452768914e+00 9.613565432633601304e+00
7.007388614904961344e+00 7.871770721509316893e+00 8.374311008825827685e+00
2.616224405131094555e-01 7.950425118132744551e+00 2.105128788747640201e+00
3.994301196525115838e+00 7.912898483718745268e+00 8.177292604476967597e+00
4.560820682336673038e+00 7.945953809775926580e+00 6.480746149893331420e+00
4.698544443117028457e+00 7.925589460541321074e+00 9.142578880979417733e+00
4.946381191255992960e+00 7.935168755015590492e+00 5.834440080034729803e+00
5.289923498752786557e+00 7.911226144182708531e+00 8.891823754916858391e+00
5.271406813368860078e+00 7.919381724877238682e+00 9.241302910899760192e+00
6.110968050610281033e+00 7.889685102557608687e+00 9.527726804163073382e+00
7.875770342188007866e+00 7.900481684746578637e+00 6.454193020706766148e+00
2.000793697666049198e+00 8.018799576443571553e+00 9.973803262251387025e+00
3.987704069143385155e+00 8.024252261684328147e+00 8.058733869451675247e+00
4.001289263820408948e+00 8.035291829572534184e+00 7.816929168684779716e-01
4.973197192484268392e+00 8.014908571503834622e+00 6.112668603862497108e+00
5.547798992215880354e+00 8.025203708088035626e+00 6.513904162280108601e+00
3.181109625878952407e+00 8.078750383591138728e+00 8.773883145437423536e+00
3.502355458328023641e+00 8.121010438003008147e+00 1.037692155352614165e+00
3.851949346824593334e+00 8.079264124154743598e+00 9.156217312610948511e+00
4.994029525349056087e+00 8.048992066867207029e+00 7.245780070599739275e+00
5.308113270743685774e+00 8.121927495120365492e+00 8.006625116001035991e+00
5.954145277899903554e+00 7.992774544529364533e+00 6.782496970422325688e+00
7.000677407378757877e+00 8.093805319626383721e+00 8.230308622571376631e+00
6.345632903110244583e-02 8.166106517259191122e+00 6.430186790264155405e+00
5.846983250957269451e-01 8.154296404370574791e+00 6.547881091352369509e+00
1.078440997937829771e+00 8.126866041693279641e+00 6.744132999612681090e+00
1.291584979585540749e+00 8.190243323458403779e+00 6.241479332555583959e+00
4.948359391152679088e+00 8.186340376127350993e+00 6.403880669065502573e+00
5.763816315416120162e+00 8.189853566964771403e+00 9.155769629698323087e+00
6.007641035238577842e+00 8.177150981554285991e+00 1.799120075562943288e+00
6.242905312933077155e+00 8.261883272494733532e+00 6.210152937326641975e+00
6.274868214484405016e+00 8.179251422901200996e+00 6.322736779151656883e+00
6.624366092870440426e+00 8.168425462564030681e+00 3.324249183208243252e+00
6.711938376239845461e+00 8.130521575100164711e+00 2.330653541094592107e+00
9.659867717831895462e+00 8.143605595029118405e+00 7.546156363516399956e+00
1.806475473243741359e+00 8.223083297896861765e+00 9.976958474487728878e+00
2.783041266362300981e+00 8.223887286769304694e+00 1.309084968924495995e-01
2.850541806508285703e+00 8.213950490862618636e+00 9.535640754066905700e+00
4.764987490101111334e+00 8.210240628037722033e+00 7.147420351278928052e+00
5.548839769656900955e+00 8.220759959106707981e+00 2.265638027380953101e+00
6.063256160242223913e+00 8.253569853805160506e+00 6.424702579892206389e-01
6.822565399474724401e+00 8.240689813135199770e+00 9.348709328619039027e+00
1.614201753714374354e-01 8.347838683044841446e+00 6.914452036775577071e+00
2.249141706710038768e+00 8.309527922217405660e+00 5.143367030146230034e-02
4.518746167490234278e+00 8.291226057968081875e+00 6.691321098843590498e+00
4.849332598399804795e+00 8.297014594753534311e+00 7.995862883203296079e+00
5.496993143308900542e+00 8.347389862984069708e+00 6.409978395198937307e+00
5.500938043286202728e+00 8.293110097323637575e+00 7.051215376829889081e+00
9.867847595667514682e+00 8.313525257788633382e+00 2.914666203983946602e+00
4.979129971212858941e+00 8.432562779821502374e+00 6.190708387841172389e+00
9.286142638618722245e+00 8.413735333337861277e+00 7.114469136635083402e+00
8.064350260316237584e-01 8.500628971070925743e+00 8.948665600012706278e+00
5.098114172438322100e+00 8.509051203617561399e+00 5.057737797985038419e+00
2.259067510974257509e-01 8.559588017154881712e+00 2.843004132995091471e+00
4.083735279640356985e+00 8.554358090003114867e+00 9.632418783476417445e+00
4.194386514175534764e+00 8.543840949611571034e+00 5.977809985711357577e+00
5.227132439571770206e+00 8.541778423399925657e+00 8.613758660559520663e+00
5.325228153066305481e+00 8.571216412889565817e+00 9.245401615532909290e+00
6.528850086387400609e+00 8.536468463551312169e+00 1.555870484256457686e+00
4.294979943521157750e+00 8.623633808313776683e+00 8.755992360005640407e+00
4.746238220002383379e+00 8.656481427226189851e+00 7.104857016282803528e+00
5.218001206912938450e+00 8.617643211737481934e+00 5.887159126063442827e+00
5.247698464741121782e+00 8.662384313486841236e+00 8.390223981214262494e+00
7.813679295671965619e+00 8.639951319432583432e+00 2.527346075632441291e+00
2.850876337977328312e-01 8.716498218038299939e+00 2.362801636757444701e+00
3.723823304939230194e+00 8.726288591821013796e+00 2.294023875785827116e+00
3.947772002463010743e+00 8.723706348045475067e+00 3.772812760434252954e+00
4.492079885678756490e+00 8.736215194690597485e+00 6.945315299138664855e+00
4.665970744652885749e+00 8.740340682478059620e+00 7.335173881835597598e+00
7.855586778417625204e+00 8.690143998273784476e+00 3.998983923603052659e+00
7.947409340435405589e+00 8.698182137514422152e+00 1.453720757268213593e+00
8.390921836351736829e+00 8.718703126053888752e+00 3.707787429745436736e+00
2.371877364702543289e+00 8.767162453462422178e+00 6.108312062790903774e+00
4.383676639531272734e+00 8.765681299105814617e+00 6.569495258060760179e-01
4.533075915660362831e+00 8.818425013647246402e+00 8.536768109764301116e+00
5.504504272558008893e+00 8.814360472576556305e+00 1.599696041760830134e+00
6.022734457319833368e+00 8.803466779376323714e+00 2.663693848026202904e+00
6.559796172685962823e+00 8.776520994786940477e+00 3.353073077129265389e+00
6.690038257539551836e+00 8.761939211227879554e+00 1.602013017031298725e+00
9.800250866671277095e+00 8.787795631205144176e+00 3.560996763126052400e+00
5.285603420618532056e+00 8.893322461724453731e+00 6.623594351171716355e+00
5.935074596196098007e+00 8.847898156225458166e+00 4.751046775510320508e+00
6.287144727916290421e+00 8.829833156109309300e+00 7.208882804728176552e+00
6.860259317308013749e+00 8.866384256676015596e+00 7.954231491770485718e+00
7.831001731129120458e+00 8.846694701683032847e+00 2.171368853624412232e+00
4.129067077347705172e+00 8.971611120274102902e+00 7.656599411078907735e+00
5.146142986617574522e+00 8.926886303648341681e+00 8.894356090032606854e-01
5.461255972945457060e+00 8.920705940577503767e+00 8.496807071043368964e+00
5.502250717187425089e+00 8.936913232892001346e+00 9.813855030829591541e+00
6.434700217651375453e+00 8.959490834808391924e+00 1.350235784576491627e+00
7.500102999392725955e+00 8.915658942101922335e+00 2.120969006211919972e+00
7.940308397789991979e+00 8.966455541129423779e+00 1.904911107306737073e+00
7.707823566374705226e-02 9.020400918264952494e+00 3.430664228491437928e+00
4.271292882555418613e-01 9.031030445377087545e+00 3.301658403117930352e+00
3.974055322405523949e+00 9.007752845336101544e+00 8.577269562372702438e+00
4.550684395552396566e+00 9.018769584959731134e+00 7.171492064349189732e-01
5.958888140354412499e+00 8.985045592813039050e+00 8.102061231696989552e+00
6.297314401916509041e+00 9.019934606029398338e+00 1.097836227342306348e+00
8.077493725369317090e+00 9.012572649687964343e+00 7.652334651656404141e+00
9.485547846410733897e+00 9.025735498880880670e+00 1.241131395807404392e+00
9.610808563024528794e+00 8.999291921846573672e+00 3.591556263715772523e+00
2.715897335616385355e+00 9.099516748360626295e+00 3.311684990669076178e+00
3.640021665118306160e+00 9.078949177748482313e+00 3.855637332070506851e+00
3.969362508063046135e+00 9.125299942779053097e+00 6.784316034506645998e+00
4.587758150359691811e+00 9.086388145085900092e+00 7.776345105138465996e+00
5.352337451097677778e+00 9.132722237420429323e+00 1.088512983531860545e+00
5.919761682595316543e+00 9.093734140818396483e+00 6.222200093577473723e+00
6.170607667795154683e+00 9.066777654174700274e+00 8.878658956684336800e+00
6.260163603466906146e+00 9.077759591503806291e+00 9.925660908027142071e+00
6.399459559900778416e+00 9.097743679772237968e+00 2.316116922413852031e+00
6.453825384266263399e+00 9.119788777846347116e+00 7.587867689129694782e+00
6.975274016302482671e+00 9.111926641527125170e+00 2.336941648975092711e+00
7.770959819469104524e+00 9.128449420450415630e+00 2.070507013727362455e+00
4.054632429529158699e+00 9.206943528005403721e+00 5.963770156798172017e+00
5.743512731979721231e+00 9.152632406899650519e+00 7.023021190282047854e+00
5.707317568025497501e+00 9.200885201119728407e+00 8.261342051051824953e+00
5.988474750890116383e+00 9.199508784064507338e+00 9.785315050862985586e+00
6.619060102764820819e+00 9.205355013237534578e+00 4.678201745191010730e+00
7.770750518453400701e+00 9.149021501030095038e+00 2.182030533110590476e+00
8.925406080716433266e+00 9.156325135696203432e+00 7.695209385060577389e+00
3.586712619137439884e+00 9.288243575318603007e+00 5.884620258237340806e+00
4.320166518055343019e+00 9.256770937653753251e+00 2.169348084663829113e+00
5.629003156383216577e+00 9.246080285691197886e+00 3.552812871489866575e-01
5.815791145188089040e+00 9.240585259823204112e+00 1.889307931741983193e+00
5.856787719243685686e+00 9.245639774000256494e+00 6.673169704533010282e+00
5.929320691932165488e+00 9.260681177795234476e+00 6.614960497215109925e+00
6.908002154606485590e+00 9.272844602945855996e+00 2.169898749140568128e+00
7.607105377137297175e+00 9.235581188595000768e+00 2.025966446090540884e+00
8.173452711898203660e+00 9.241096016202156704e+00 4.374615657192068241e+00
1.525453509343410730e-01 9.323598192208942592e+00 2.093573242896154429e+00
3.952094402992949007e+00 9.367711116858428610e+00 6.317084845534622906e-01
5.462762790170041072e+00 9.305850532733771274e+00 1.297859662082965437e+00
5.511435607250705360e+00 9.359954214376205783e+00 8.269994597377962720e+00
5.591594414811960512e+00 9.316232066515292232e+00 5.657071256909585344e+00
6.218567710584711250e+00 9.367555071321332250e+00 4.155262704345711100e+00
6.613432640037007815e+00 9.319462793563022984e+00 7.684574435487350641e+00
7.063925949730418097e+00 9.342888903194285888e+00 2.509459135117607431e+00
9.777302769287066653e+00 9.343165500337930141e+00 6.372325859312371499e+00
7.291283134478081518e-01 9.441143482749151161e+00 3.152630744065199497e+00
3.193644654551365036e+00 9.443156113894019654e+00 9.704569433058637173e+00
3.431403329275664937e+00 9.422564288201000338e+00 4.751610066950328282e+00
3.666095109413612718e+00 9.387523178635252208e+00 7.427116660956006200e+00
3.978591467007150495e+00 9.446625689917770075e+00 7.660752970423239105e+00
5.243295061345536467e+00 9.400119893546222016e+00 6.989287710800198283e-01
5.555023197331983020e+00 9.394717980607122598e+00 5.615816959686023679e+00
6.239593124433933546e+00 9.428576733672365151e+00 2.000059351203909763e+00
6.772466498449191796e+00 9.374166594615331860e+00 4.629574813702604708e+00
6.863490412398384422e+00 9.381178119460159337e+00 2.492341383797321175e+00
4.097584748708364977e+00 9.469123661899510935e+00 7.742259809311222263e+00
7.290591641021839209e+00 9.500705207123091967e+00 1.812837832420587159e+00
7.937449554723795764e+00 9.509374815719462859e+00 2.571488549039077753e+00
8.225979339134287471e+00 9.520568599735675264e+00 3.070815554031764538e+00
4.513620259011258185e+00 9.593050317399532290e+00 7.289281251358962876e+00
4.700000530086286155e+00 9.565717723501268921e+00 8.446536465305577446e-01
5.035967780042956754e+00 9.535073517090181028e+00 4.047357195798458207e+00
5.357930722315866312e+00 9.534929107106140833e+00 1.384402649935595697e+00
5.943230117680714741e+00 9.573038307835687988e+00 1.275269590806348496e+00
7.215895495927131975e+00 9.562257457405790362e+00 2.306465624014834237e+00
8.388520718811258714e-01 9.653886951137822692e+00 2.900356870852342617e+00
4.086082278614250995e+00 9.634122940183040384e+00 8.399436201545192660e+00
4.133701037400510536e+00 9.611305155626318708e+00 9.774432539480409687e+00
5.029463468521597314e+00 9.641691242239485149e+00 4.831080484866623337e+00
6.931213227312381875e+00 9.665040149739485997e+00 7.440438775846816455e+00
7.080412793079731593e+00 9.610379816309860601e+00 3.618403813456524176e+00
7.446271062801696594e+00 9.642556609815038371e+00 2.560036563955953692e+00
7.766024463092345620e+00 9.629733818664963252e+00 1.829762628291596860e+00
2.986717954184121115e+00 9.731813437483163298e+00 7.107812321678533607e+00
4.581160476147202232e+00 9.719794416293638051e+00 8.005543957490431239e+00
4.879791368230269377e+00 9.758396767461931631e+00 8.078111534948630990e+00
5.434792332540339999e+00 9.739603690688390714e+00 6.265484931769696786e+00
6.207690773806061380e+00 9.695516820659111801e+00 1.551617372236549497e-01
6.553418289518296191e+00 9.709841139025165546e+00 5.565946818888091840e+00
8.771086663263726990e+00 9.710602154927618912e+00 3.569035759211877767e+00
6.706046065047699400e-02 9.823650606890369730e+00 2.406797843056628583e+00
4.459924725281703140e+00 9.762807693742836079e+00 1.657359563318915097e+00
6.062401075152417107e+00 9.794705539664276372e+00 2.012487105293584211e+00
6.356951778840749689e+00 9.824124680395119213e+00 2.550234379238710325e+00
7.543613439171890533e+00 9.790810264377199701e+00 1.773074722214818433e+00
8.237698585532491791e+00 9.834181291507874789e+00 3.265338616888231904e+00
8.695018482086775080e+00 9.802768414969410316e+00 8.600971526782867471e+00
1.825948011746350574e-01 9.858059670730680679e+00 6.344967056885896461e+00
2.620382423720481579e+00 9.870614310295616534e+00 4.795836689647551943e+00
4.572425702344142806e+00 9.860545673319704107e+00 7.462240774854001835e+00
5.196243930484834905e+00 9.865419129240558860e+00 3.662220711867448131e+00
6.830223480967217320e+00 9.876401721671149048e+00 7.779496073363557862e+00
7.782435615653538363e+00 9.887766356259550804e+00 1.020652405927250372e+00
7.738788581619785667e+00 9.894200537038956966e+00 1.962847650708558156e+00
8.922941700378265395e+00 9.885985112535966124e+00 2.449029259997013597e+00
2.930449589890372630e-01 9.983013343612803681e+00 6.553752283903601317e+00
1.942246604048006198e+00 9.951118761765444631e+00 9.512835665023004594e+00
3.541052170550216260e+00 9.988048019723928306e+00 7.250562650672884857e+00
4.216608844929242039e+00 9.967987881178780540e+00 6.605299419234866853e+00
4.265479251107941572e+00 9.925577622022711211e+00 5.021029328577033546e+00
4.784314929662087046e+00 9.962128879184469099e+00 4.538729276743096896e+00
5.220239252139681874e+00 9.945854143445611584e+00 5.158546916813167904e+00
5.336858097013884361e+00 9.991386071123070423e+00 7.373679126776428561e+00
5.972092290826524597e+00 9.923371611697344719e+00 8.419888035604579102e+00
8.252750792673515079e+00 9.959859085979751114e+00 1.741243011792469986e+00
