7.596529246966541393e+01 1.131511506070160920e+02 -1.520331849163954629e+01
8.596437721366665841e+00 7.505604851689090751e+00 5.434027829947660315e+00
-5.285435004060775377e+00 1.214417531360465006e+02 -1.345038598190093992e+01
-1.840047916518465554e+00 1.788237339861546360e+01 6.776560251980782823e+00
1.494047526897668288e+00 8.554751846170784546e+00 1.965304948367271543e+00
2.491202813876582933e+00 6.043270366035458530e+00 8.932889139046913674e-02
6.635611291422400804e+00 -4.448869481178405194e-01 7.155337366323674786e+00
4.895070711616064330e+00 2.115464452254355088e+00 3.844493535043091992e-01
2.009238752268392325e+00 3.660295146056268045e+00 -2.774969706322381047e+00
3.505638493095563746e+01 2.684906830580202950e+02 1.182704741430522546e+02
-7.681445062864533213e+01 5.443617914286271287e+01 1.760628983787263167e+02
4.068466255611355997e+00 -1.114607946249328663e+01 -6.078844381602326763e+00
6.103535334872509210e+00 2.268705177160057218e+01 -2.608664094735098260e+01
4.026544170806660716e+00 2.224936360770010779e+00 1.576663275040786161e+01
-3.114337883302609189e+00 6.396897731649620766e+01 -1.662465051529203919e+01
7.043653634207573955e-01 5.421581460528828167e+00 -4.402340184782426169e-01
5.772446870642391303e+01 1.937292928385303412e+02 5.407852359896580907e+01
1.573225428404419404e+02 1.186351552919887951e+02 -2.027682908267725637e+01
6.358832014859877368e+00 -3.855783551647631313e-01 -5.025699722829538807e+00
-4.028571937469177300e+01 6.283771778420284448e+01 5.035853989664765606e+01
5.555679385082561872e+00 3.302781296821515333e+00 6.809388631791931656e-01
8.962856194693642919e+00 2.548106605817299197e+00 -1.128589522335379058e+01
5.163612773764316444e+01 1.329005283506840556e+02 1.424721152724466720e+02
-1.984490207201844925e+01 1.902635724621928830e+02 -1.092525775372442070e+02
-1.440816859680309747e+01 9.291033896634760936e+01 1.164335427077760414e+02
2.507330349893813093e+01 3.950860438774052019e-01 -2.799222500693601123e+00
-6.967629416795067243e+01 6.259991534577299177e+01 5.368131901540238005e+01
-5.104488270711159714e+01 6.339961528967094750e+01 2.575381146175415736e+01
4.997109700906157137e-01 6.791361429530872407e+00 4.320076862025227227e-01
-1.170900495939680042e+00 6.269530151957736219e-01 1.050914970407915661e+01
-5.240529228079811475e+01 2.034012189116332650e+02 1.193719791581914791e+02
-2.760003156126586532e+01 1.068362588320149911e+02 -6.075389248638061446e+01
3.592690174670722492e+00 2.817926509160708193e+00 3.626645714256272246e+00
8.671118953053333911e+00 1.494321115390136470e+02 1.104210995692295398e+02
1.406882091090761122e+01 1.137158424408871582e+01 -2.943553650558657697e+00
-2.064668219668745586e+00 1.764488225364996055e+01 -1.245302297686890824e+01
5.541533465143589687e+00 -2.510561786942801632e+00 -2.853809991229031340e+00
8.829757087942091687e+00 -4.066901763473129705e+00 4.310603133810266385e+00
3.546433855981401706e+00 4.893135173576726515e+01 7.485549253501420708e+01
7.418003636177788849e+02 -8.066768798245279868e+02 7.188282496224833267e+02
9.102123694488231820e+01 1.533479603305168268e+02 1.177107548193815205e+02
5.178198809949700276e+00 1.774886361647826405e+01 3.995735370409565945e+01
1.046458729514496255e+00 5.392417303386724647e+00 9.010232857104003568e-01
3.779517728657764764e+01 1.507719121308536501e+02 1.372006019865519875e+02
-8.123463916930850246e+02 9.262283269970359925e+02 -6.827769432305910868e+02
-1.011407456368052848e+01 4.265511709602733070e+00 3.345895072518872304e+00
-5.249812225061468496e+01 8.731430738554118420e+01 -1.855458982793545601e+02
1.841547009912636312e+00 3.513088171700551765e+00 -3.339370700976532547e+00
-1.327343565739617315e+00 5.240313721485902576e+00 2.610720233924810785e+00
4.746959474515911381e+00 7.280083973181462831e+00 -1.987940194044936160e+00
4.211113108573711017e+00 4.607912811800380481e+00 4.028844045811828423e+00
4.105562344875049519e+01 1.880984035011227036e+02 -2.783377372356038677e+02
-8.574338383542359665e+00 1.078881911539961180e+02 6.816972646107238631e+01
-1.900163754146937833e+00 -1.997914002896262975e+00 -4.439824260046780324e+00
-3.345476367354443425e+01 4.115552653968974539e+01 1.083876521090720579e-01
-1.382889596939937515e+00 5.933910853973827670e+00 6.198822408878362999e+00
1.324535429740186032e+01 -5.549689654119318050e+01 1.120405908020575225e+01
2.638854053747235362e+00 3.262642065402811653e+00 9.841933839848306942e-01
-9.157004112832969156e+01 2.688469171836427449e+02 7.421499420432729721e+01
-2.785258160766368896e+00 5.945759295052129545e+01 1.108988448117818670e+01
-1.055434764252584579e+01 1.413114325412170160e+02 4.356727413732510712e+01
-3.012763459517793763e+02 2.471408630164454792e+02 2.787036008136670944e+02
-4.586085294261987855e+01 -2.796254688699222157e+01 -3.474457961306818277e+01
-2.058389297527363659e+00 1.312253491344981882e+01 -1.497363591160401342e+01
8.656553389278226263e+00 3.097071442205433556e+01 7.730761744586736484e+00
3.502807962383601534e+02 -1.404139338505301282e+02 -2.900846353867217999e+02
7.339015619093898213e-01 4.794097379352104227e+00 1.196799700957790757e-01
1.031765003692706628e+01 7.453893016231890556e+01 9.330369862116663526e+00
-6.193432324338122186e+01 -2.428690698010822189e+02 3.685152398714537298e+02
5.152023794230544240e+01 -3.435022653532451642e+01 -1.598453210867705998e+01
2.354997770077829387e+02 1.246402808232610937e+02 1.057950136862608304e+02
1.977652099438327316e+00 6.043753982661364432e+00 9.413328424008193807e-02
-7.959609355798827890e-01 6.635891695598694184e+00 -7.022654221526813956e-02
3.673962378395058792e+00 4.703931458011778588e+00 -3.346769783188102920e+00
2.782887149622663259e+01 2.072036905399297098e+02 -1.512017068847509860e+00
-3.815363560396469289e+00 1.146276738246066174e+01 -1.911156886898470741e+00
3.748972257138628805e+01 -4.122527893563335510e+01 -1.437942431214727890e+01
-2.272354814665614242e+01 7.965449661896907685e+01 1.234782797672252457e+02
1.754249916310536506e+00 2.591334756798422401e+00 -3.471409945115203621e-01
4.012738606075947345e-01 7.443501573081470646e+00 7.760902005618748323e-01
2.213628317534600320e+00 4.983914805289019867e+00 -3.065843343439311752e+00
-1.046302519939690001e+03 2.337719548773408746e+02 -1.285161501749249510e+03
5.802921565552303207e+00 1.932002482163373003e+01 -2.733186143533306023e+00
1.065304207259029745e+00 -7.333953107781991942e-01 7.660721563270671552e-01
4.692685235393920351e+00 6.093776478556279130e+00 -2.095536495103661689e+00
-1.739195135190131802e+00 2.138353825680633946e+01 8.687543486748854349e+00
-1.256732137903352680e+02 2.081264299754125773e+02 1.177610535859230794e+02
-7.618775142060249550e+01 1.752986553395651868e+02 1.301348918842271729e+01
1.801487778650123328e+00 2.529443791928123186e-01 -5.475584849221512229e+00
2.352315378737335205e-01 -9.963698866072379090e-02 6.272594873525034753e-01
-2.329735314106303790e+01 5.165281229526583218e+01 7.766863096434006764e+01
-1.444224284282932924e+00 1.965353636543798910e+00 2.480186336814292680e+00
-1.706943319038704843e+01 8.551782010158264313e+01 -2.005765455573025324e+00
1.395961451186896163e+01 1.302219890232510480e+01 -1.830814212946903297e+01
-1.919983056641815677e+00 7.855863381726105210e+00 5.007898079965092286e+00
1.087396866611009116e+01 2.294849594549392435e+01 6.217108981704830839e+00
4.148330847738877836e+00 5.818593680645081534e+00 2.495542301584130040e+00
3.512442965104946246e+00 -1.012748278743415664e+00 -2.734305758811814258e+00
-8.070587554214250758e+01 2.069156284634081544e+02 5.119020594811780001e+01
7.044840127109816308e+01 7.216015606349633060e+01 8.390958493340187374e+01
2.273767801320875392e+01 2.416652250799500301e+00 -9.531188237467018709e+00
1.553367475226103522e+02 -1.720117035993850507e+01 2.294531963236871093e+02
1.029434471776676574e+00 -1.231411969332706580e+00 -1.000812696719001416e+00
3.970557091179243159e+00 2.503765396637640972e+00 -4.682144887161051372e+00
3.872951222971030116e+00 4.124141923301949397e+00 -4.273617163163686783e+00
-3.045532004100882872e+01 8.870795695903851197e+01 -6.056670023738697495e+01
5.741521608311025204e+00 2.551973484387798408e+01 1.146409989843346722e+01
-1.024259496328631158e+01 -5.360876146123074903e+01 7.757893473730407052e+00
-2.009384536026045609e+01 3.123138505187487013e+01 7.104993202975111899e+01
8.020009014053448482e+01 6.633654279899785422e+01 -8.461039080752797759e+01
1.693605101667327251e+00 9.880179652330669526e-01 2.709135981835864015e+00
1.895736019419632044e+02 4.685987960476893477e+01 -7.677875464872238354e+01
7.405359656195926732e+01 -1.274760405276080490e+02 -7.231869222973416278e+00
2.267715593680630093e+01 6.503691460914144784e+01 -1.745534026474465605e+01
2.560096457522359259e+00 8.161800390137660344e+00 1.744658610165827906e+00
-1.599483220331359234e+02 1.175582490501747230e+02 1.669375900772876378e+02
1.576235700340575079e+02 4.737567402098810021e+01 -1.327071921862504844e+01
3.826920469791575385e+01 1.241457808054462362e+02 1.284101079023915588e+02
2.542776238021338564e+00 -6.537634361225025614e+00 -1.772904782002501456e+00
-7.804800980561699930e+01 -1.022990133438682960e+02 8.436796216755860200e+01
3.503495259239517878e+00 3.685418497130442006e+01 3.123006600564362145e+01
-8.277937595380125231e+02 -5.246252029734212101e+02 2.260066791893125355e+03
8.093306555858835054e+02 5.756495571553778063e+02 -2.219143846737390959e+03
1.978127967466668746e+00 6.289817286084282699e+00 -3.846588240226109789e+00
2.431609671523277783e+01 1.332458393932187057e+01 3.372966578180333386e+01
5.310454823343802033e+00 1.399187254543857506e+00 -4.220818942484154235e+00
2.070451617757191443e+00 5.094966980999783956e+00 -5.263571393274069088e+00
-1.184885591342839328e+00 -4.632474378470061716e-01 3.382611303822546489e+00
5.222360760278684566e+00 1.948510123460668098e+00 1.351166350979132069e+00
1.106484971068501295e+02 -5.882297397425817564e+01 -1.350795401945090930e+02
-7.483374024642669653e+00 1.761519658087031104e+01 8.655755532212433323e+00
1.607945644210828640e+00 1.363824333112563458e+00 -4.439675989509660470e-01
-6.671293135323883572e-01 -9.801083573105229263e-01 -2.192465713097670743e-01
4.446462801317492364e+01 -1.788956772630582392e+01 -9.268071768351047979e+01
1.825655512726546359e+00 1.855398386016038792e+00 3.369800866481355017e-01
-2.817988279282794650e+01 6.244199412673104632e+01 -2.287393472287067198e+01
4.170012540344286833e+01 1.060805583214222167e+02 1.835590571771547985e+01
-2.624833352241231488e+00 5.538980553315397515e+00 3.384962881968605508e+00
2.719595562201181371e-01 1.530021273999279785e+00 -1.679090667024106143e+00
1.723244015152799680e+00 6.947544476691646764e+00 -3.465159541659022846e+00
1.759601417754852832e+02 -1.420940607063807875e+02 -9.981732712722272254e+02
4.737054193040221017e-01 1.016640007292322423e+02 6.654431251204002251e+01
1.542909337335129862e+02 1.101167119981565321e+02 2.024814254255202570e+02
-1.267635145008215289e+02 1.877510829533080710e+02 -2.999559746052833020e+01
-2.773519101669234743e+01 2.938207883820008526e+00 -1.512373507772591807e+01
-7.234772545997461179e+01 5.610511378961543727e+01 3.046788297781064614e+01
8.754535080424869165e+00 6.754034870198042384e+00 4.231959504186539434e+00
2.754279443595421526e+02 3.064931506135113182e+01 8.776018842810561438e+00
4.999039509875717879e-01 9.273078901288338116e+00 -3.511730954265060767e+00
1.256931934778860409e+02 -1.919010593409657517e+01 -1.082049142363991052e+02
-1.933931250059398224e+02 2.240268314537394190e+02 1.054512141118712407e+03
-2.137112850272401943e+01 4.741010128667516454e+01 -6.007627163315192576e+01
2.794881635619801408e+00 1.047413883627359077e+01 -1.459659865954033364e+01
-1.305420444348118690e+04 -3.281716546465708961e+04 -2.574839949471683212e+04
-8.786730679837161384e-01 6.548093167298516093e+00 -2.447223092057785543e+00
-3.158209175127084904e+02 2.378263298985883125e+02 -7.088460004281075726e+02
4.958646673806613308e+02 2.842295619829931752e+02 -1.198698179958049423e+03
-5.350670229162169562e+02 -2.459582223323390338e+02 1.180393265337674620e+03
5.254006522588783312e+00 2.614937026461555014e+00 -9.761933371729035969e+00
1.307347018857517469e+04 3.283207035593790351e+04 2.576434090783958163e+04
5.773168578700576745e+02 1.278313747035329698e+03 -1.438821859835195028e+03
4.618538948622902041e+00 4.924165432801240527e+00 -9.766129315670024624e-01
3.291041034402946153e+00 2.237123394308420110e+00 -1.046903293161273840e+00
8.054548428399289861e+00 5.890752520711917128e+00 -2.448790361172300756e+00
2.042923906291127878e+02 -6.566391533680535986e+01 -1.980255119458123545e+02
-9.286812811094175402e+01 1.310225326606313274e+02 3.032788159085455391e+02
-2.125436073250411617e+00 -3.334286576217698972e+00 -6.735990930569590418e+00
1.032385119036296750e+01 5.596285068400804619e+01 -2.568536717716408191e+01
7.180824334663338959e+01 -9.823159818772694507e+01 -8.911184198473090134e+01
3.609781056625143592e+00 5.932386744692584202e+00 4.487795313787676932e+00
-2.571037270148364584e+00 5.453783283899942269e+00 -7.671528688727688561e+00
-2.318925028419293266e+00 5.196218290067708523e+00 2.170669242930877374e+00
4.514721028701202954e+00 -7.304551271033862037e+00 -3.455928490070137471e+00
1.241392223151877694e+01 -1.982685339583741779e+01 -1.314756400465482322e+01
2.577767334223686202e-01 -3.736974031139157493e-01 2.600318571024874181e+00
3.650545390044523515e+02 -6.671456072179059049e+01 5.216387664794356169e+02
-6.132223435655794219e+02 -1.243461043271785911e+03 1.482813558525745975e+03
5.016914358626731030e+01 2.773227753053890154e+01 -2.355571317963767619e+00
1.584938411518756141e+01 1.983355967723964142e+01 -1.588093192111648477e+01
-3.993782123198688083e+01 1.210589768573913574e+02 3.706948870105680527e+01
6.423529635568220542e+00 -3.683101061663668574e+00 -2.444592352885670117e+00
4.875812137684219394e+00 1.344994733924905983e+00 1.437546330110412995e-01
1.378414244121831302e+02 4.163976344351185332e+01 -1.166604773199902745e+01
1.811154068664971817e+01 -5.817751936636259558e-01 7.349070034318209821e+01
-4.291045000500471360e+02 1.920040589865307084e+02 -4.536155601176039909e+02
-3.619700323228494554e+00 -5.267894722453839940e+00 -3.086653190115019818e+00
4.640592614882987021e+00 4.549003480896580243e+00 2.316789667438067468e+00
4.831784384888257122e+00 2.537239358677218615e+00 -4.321896754988369338e+00
3.152381865801769045e+00 -3.797700056571865268e+00 -1.795922406346545541e+00
1.496319391873839333e+00 2.730977423149771433e+00 1.881327509699343814e+00
4.768191079637899676e+00 7.285464199662367690e+00 3.988966247113154839e-01
1.365072319066462114e+02 -3.053774637341270193e+01 -5.559812037487821499e+02
-1.392828281939756891e+02 1.875050576241303588e+02 1.514471384631596607e+02
2.669500997297897804e+00 -7.631052247664836807e-01 -6.329060259087260221e+00
3.006127793215695565e+00 9.327703107216547829e-03 3.199302587148244448e-01
-5.542092342482445133e+01 9.380879839307274892e+01 -1.952790307340358567e+01
3.158010979559295350e+01 -5.451024285431788030e+01 7.755655672023449370e+02
-4.835071314560325462e+00 -5.854130602807867234e+00 -4.930251443694345426e+00
5.679315052951279696e+00 9.252212515069913046e-01 2.609607512707728283e+00
4.017313420371247723e+00 4.442691467168682351e+00 -5.223073204253480206e+00
3.260513687971428709e+00 -3.904775469811927913e+00 -8.513014595045637067e-01
-4.072203796765248853e+02 2.986420706254468200e+02 -2.334724548383522063e+02
1.670596834407727442e+02 1.126357410636885845e+02 -1.106025474063607703e+02
1.151626523083775453e+02 7.507584430108163076e+01 1.527271615396812976e+01
2.211211443977507241e+00 2.712757658568285102e+00 1.331151359217753072e+00
-1.053117355258872863e+02 4.023344099539303897e+01 -3.029431167908286682e+01
-4.452109115137074191e+00 2.665923167502712232e+01 3.469962867658454853e-01
4.868533263505937612e+02 -2.129875036923745881e+02 2.649729548704802937e+02
-1.803910847840787035e+00 2.116847105558297137e+00 -3.520143898734268806e+00
-5.823522179156262979e+01 -6.837467182595550241e+01 1.807884140593149596e+02
1.951462413004317664e+00 3.902100650232458889e+00 -1.797108883213726749e+00
2.237392990683956917e+00 2.165216725064709635e+00 9.888274041082013577e-01
6.992452315130089247e+00 9.217811578388483085e+00 -2.534374659562375509e+00
-4.541444646692888654e+01 7.632035484627019173e+01 -2.252803730382490599e+01
2.500535547031720540e+00 1.078307307432389095e+01 4.153054320465672689e+00
2.585110359859323026e+01 -1.548798161961496778e+00 -6.865089903942705973e+01
3.014821895807721086e-01 5.366593068635131303e+00 -3.707281220559827339e+00
1.243821867297795425e+00 3.243866734196632962e+00 5.352936660622797937e-01
7.585258408385647044e+01 2.030538416054042727e+02 7.482025407142063500e+01
1.798496610843760113e+00 -1.773602717656246552e+00 -4.396116211505822768e-01
5.190604827352034434e+00 5.690147865296683705e+00 -2.022231470806075571e+00
1.187918270540543553e+00 -1.517541288285977341e+00 2.891673034510798157e+00
5.062090170719845794e+00 4.140830241327522643e+00 -2.480307270303761524e-01
2.561419596735071025e+00 -1.409765139870634787e+00 -1.008008326025245616e+01
-1.495471631767407716e-01 5.981898125669504296e+00 8.985804236371948139e-01
1.179923554724176071e+01 -1.069493722693044901e+01 -1.622710665827796994e+00
7.727011260783356761e+00 7.997943951811448571e+00 -2.525574365033262936e+00
3.188490937963804228e+00 1.373906694934638573e+00 -3.562166151621605881e+00
6.262984328512521159e+01 2.520177038450838225e+01 7.732549568578640731e+01
-4.562168970941740120e-01 -8.253411476369592492e+00 -8.785458854571990273e+00
4.957508175878502232e-01 1.528644018232077517e+00 -4.960784685811877814e+00
3.088937447985236950e+00 1.531884688003906758e+00 -1.693918093530285995e+00
2.916866071682028050e+00 1.099959682068522682e+00 -3.015948205029083784e+00
2.446822443535788816e-01 8.508449060335585568e-01 -1.445250378733753838e+00
4.828974753458405544e+00 3.082360898192213483e+00 5.501109647137436554e+00
1.675702554766814671e+02 4.379087490662263349e+01 -7.821314227422184295e+00
2.034539704611438182e+00 -2.822458748746239365e+00 -3.776401657418960944e+00
3.832053623318948610e+01 4.375553520520070094e+01 8.720710870637735468e+01
-4.267360400520790620e+01 5.658601387868102961e+01 1.856787146615497264e+01
-1.544995125287713904e+02 2.795408821163167090e+02 2.664314211018291871e+02
5.809260763512343217e+00 5.694168763600766514e-01 -3.559924347222592544e+00
4.258315383670435494e+00 1.592441821393478918e+01 8.828736068688861849e+00
3.645502467339663433e+00 2.025652100301121639e+00 -2.818593016133897677e+00
5.489833870867965260e+00 -1.280818820000217073e+00 -4.382869268492861181e+00
4.138533967827787308e+01 2.105171180220983729e+01 1.147409807105340604e+02
-3.934547085633677277e-02 4.109928149961788790e+00 -1.897708571216400575e+00
6.804135080520879342e+00 2.058066687716288534e+00 -3.668358392326462436e+00
-1.219008647898186126e+01 8.013381183132455732e+00 7.635280984743352484e+00
3.346986980622698837e+00 9.897335829096492787e+00 -4.185798099242593606e-02
-2.809837546844546896e-01 2.708298364639530220e+00 -4.491562067872663100e-01
1.971024574069625857e+01 -3.834005900314604531e+00 1.875083311884055703e+01
3.339467013677135387e-01 3.642286500920976167e+00 -3.032551290827607993e+00
2.272495777881056611e+00 1.342418172330612336e+00 -8.589271529102175950e-01
-1.444278320640625335e+00 5.894562026717835579e+00 -2.551203023599204922e+00
2.080940556106486428e-01 5.512945657167430014e+00 -9.453556917474833510e-01
8.324833888771243195e+00 3.284260110566998847e+00 -6.616505335927904241e+00
1.823523620743524365e+00 5.407481139837092776e+00 6.164641331028921201e+00
-1.501820823688848616e+00 1.179420995397705241e+01 7.160617391055515313e+00
2.369151331193269705e+00 1.386828076359409412e+00 -1.858099205906541318e+00
-1.456330733802667088e-01 5.562392859524811684e+01 6.448160719558882192e+01
4.958412157012529775e+01 2.780158102099819928e+01 -3.326904024474647947e+00
-7.487704963408922665e-02 7.870729396047302373e+00 -6.746002697449966501e-01
2.992534785433050274e+03 7.892875576525469114e+03 -4.454807016592010768e+03
-2.932759638504359827e+03 -7.885288806197431768e+03 4.499956228162339357e+03
-2.455064042411019898e+01 2.263692385253938255e+01 -2.378689352792265765e+01
1.052179582929623223e+02 2.002115324167905897e+02 -5.181538573945759651e+01
1.033114840804210122e+00 1.703213222026626994e+01 -3.885579904007609997e+00
4.324286865802940971e-01 1.237630231873071907e+01 -1.072014614085158613e+01
4.473659347715249091e+00 5.930840058157208716e+00 -1.368746929612879804e+00
-1.912383201735439116e+02 1.158523839539655285e+02 1.372492228347466892e+02
-2.065982822225349569e+00 1.957027512588042750e+00 -4.395066486664351846e-01
9.938141809256109127e-01 8.113386156090163226e+00 1.974434772835746976e+00
4.577807752422003773e+00 -8.496294991195725566e-02 -3.722919493147663239e+00
6.992895244706659241e+00 2.663494081888177156e+00 -2.791628920241231882e+00
1.416733320879145719e+00 -9.681951031405786168e+00 1.412477555347046732e+01
5.160845989952463242e+00 6.834236525425963826e+00 -1.085652254984363019e+00
4.760545950298839202e+00 5.020887172305488200e+00 3.233936178135154549e+00
4.219332945678450741e+00 5.932650498885927881e+00 8.002206177794604081e-01
2.955028099612321268e-01 5.829263176104739763e+00 7.754613229756347759e-02
-1.801632938870933565e+00 -1.305413368128459339e+01 -5.994158679343849272e+00
8.497339567593085174e-01 2.170668788850620423e+00 -4.230937529951432907e+00
1.204188844482577903e+00 3.968741576427900597e+00 2.741931166647395557e+00
4.844915497965454065e+00 -2.697293770167672466e+00 -4.897076533980269097e-01
4.985879665148885032e+00 8.445373462785452645e+00 -8.578695117469225195e+00
4.240889029325106030e+00 -9.640825843267091244e+00 -7.937096535701451572e+00
4.799771729875975446e+00 5.531932152187402529e+00 6.395466351038803232e-01
-7.072438004189736116e-01 5.905808046063421024e+00 9.246339307410591513e-01
7.148496551168843638e+00 -3.640294764668541294e-01 -7.447466012412952807e+00
1.498527401389288194e+00 4.471082512365386563e+00 5.401440823212871223e+00
5.204854582697728382e+00 5.734273966585228699e+00 2.890794192280251584e-01
-2.366738232145124243e+02 -8.847302174591690971e+01 -7.489973803007816855e+01
1.140144481088506723e+01 5.543416323254190559e+01 -2.855876924256259741e+01
-1.151965109869365733e+02 -1.486503606872864793e+02 -1.907747457269482254e+02
7.245227507073777495e+00 4.283377033874099737e+00 -3.285797941754322160e+00
9.994883740273506234e+00 5.999082669892590758e+01 -2.730467654628283825e+01
2.942508249695204192e+00 6.429801699538685078e+00 -1.656276777801791722e+00
3.047811808929746569e+00 2.250408772566848015e+00 -8.117583999601121203e-01
3.482537367274117557e+00 8.925139628101181444e+00 5.012186836712992033e+00
1.382950652611528053e+00 5.344398295749352101e+00 -1.376943015049569397e+00
-2.551411312151444122e+02 1.567092269054047335e+02 -3.279687926160220286e+02
3.792069734741200193e+01 8.138295886019371039e+01 6.859000064943606390e+01
1.529681559787355127e+03 -4.565901219779372013e+02 2.400046087639155132e+02
2.883104470431508970e-01 7.397574705206152679e+00 -7.619170304939900440e+00
6.256532370501703078e+00 -3.382541092349321321e+00 2.593057222739441059e+00
4.334590207151899222e+02 1.407956554543744460e+03 -3.230224622927266864e+02
-1.200157215696055601e+00 6.859663945223193338e+00 -1.664675739447369462e+00
5.075402929306994437e+00 9.777729908563819183e-01 -4.284139794423954761e+00
6.447805789419012612e+00 5.509696424284020289e+00 -2.357379819088751827e+00
-3.783085912439951848e+00 1.086747959201870195e+01 1.168888480566651467e+01
7.207852921561842763e+00 4.595033222416851082e+00 -5.896800248100662056e-01
2.923154619344551008e+00 5.181665783052230800e+00 2.566917565872905094e+00
-1.832890764934327787e+00 5.040670635564910462e+00 4.762845744051979580e+00
1.348661821463894910e+02 2.115621606935609478e+01 5.850041447180237952e+01
6.475126138418881183e+00 -1.220474413255851154e+00 3.482319989262400384e+00
-4.509034723087366331e-03 5.055152175426630201e+00 4.251691305512105501e+00
3.419473671372129502e+02 -1.660254698450272599e+02 1.607975698811565337e+02
1.885808744158588013e+00 5.793144004550825343e+00 7.891813823431331087e+00
2.714348234847693053e+00 2.450419365829044072e+00 2.386923671337892738e-01
7.803501162409015990e+01 5.500818471983503599e+01 5.185642814953047264e+01
1.069699703526590895e+02 7.783347566891262659e+01 4.458106065386780159e+01
5.964952271489446645e+01 1.302198802939439837e+01 -1.610861663974285918e+01
9.861941805920392312e+01 -4.881877862043022276e+01 3.371421637653705261e+01
1.348493865778306144e+01 -1.871623046294393689e+00 1.144539802048467081e+01
3.640286473199976669e+00 6.469493208926475170e+00 -1.334905826233009130e+00
2.355139393239176648e+00 7.256478379998403394e-01 1.683253180227794132e+00
4.414988342155194090e+00 2.009661961181799406e+00 -4.816819855995611022e+00
6.554539692350880742e+00 7.404160844573215883e+00 -1.059138662986547885e+01
-9.001441977310317952e+02 -1.524919959729759285e+03 -2.105217091472712241e+02
2.561456684637324344e+00 3.204024577563742149e+00 -9.351903144896517972e+00
9.289142722209955849e+00 6.929266770805519116e+00 1.236129138586392617e+00
1.164674107381085344e+00 5.882253201508833129e+00 6.064489109545373458e-02
8.645614066244030482e+01 -1.213506806545355658e+02 -3.743639830746848816e+02
8.042771125832108847e-01 6.287849101054506562e+00 2.352522971942409669e+00
2.536263806582055302e+00 1.937779891651332242e+00 1.752209572355479250e-01
4.140476219597783114e+00 5.271948960237269333e+00 3.050075911221993508e+00
3.425442396755816521e+00 4.059161949271260283e+00 3.412123128463520061e-01
1.284064698214863540e+02 -1.224181728666533431e+01 -3.022085954702905042e+01
1.101301242041498227e+02 4.414181517588274062e+01 -2.332163145320303244e+01
1.064466169900062823e+03 5.650471331097373877e+02 4.282979894236173664e+02
1.740854405309789144e+01 -5.530421751717874201e+00 -6.886449425246336631e+00
-3.406053483566041251e+01 6.517589705862927474e+01 -5.396128721420971885e+00
-1.858456095816437836e-01 2.241438733655654048e-02 3.696218286117988860e+00
-2.474223124467629376e+01 -7.828881210849630179e+00 -2.037574024545672557e+01
9.323472340612183871e+02 1.542135131708781046e+03 2.241396714379102377e+02
2.814549877695350588e+00 -4.273578052730955257e+00 4.643681453461898645e-01
3.185085423184657216e+01 1.146123085203908545e+02 -4.320275215157657556e+01
4.171231505703818954e+00 2.700558866629080290e-01 -9.494680430484182310e+00
2.354711875530214016e+01 -2.772185075371324814e+01 8.493376038092222302e+00
4.077304993509144992e+02 -1.643188245412895185e+03 1.805374569510827996e+03
1.683886357084029006e+00 5.378048886319286570e-01 3.434209436118582093e-01
-5.388754144444904526e+00 -4.618245103016588970e+00 -7.367100251336776928e+00
-1.386210931284552039e+01 -4.296432425974887792e+01 4.488871469045020035e+01
3.146376664846921472e+02 -4.114288838582464223e+02 -3.799314240596163472e+01
-2.936390862835939402e+02 3.765299768530755955e+02 8.630173325764209835e+01
-4.278875648049680080e+02 1.650653241729753972e+03 -1.791693695811381531e+03
-6.545493584201515205e+02 4.505446717323912367e+02 -7.820682139393999250e+02
-2.501167413622627511e-01 -3.771733129683872421e-01 -4.195726340301725976e+00
1.048451033414169444e+02 2.086842274050246360e+01 -5.289669651421666785e+00
7.626171225336146886e-01 4.144135972044073135e+00 -4.579541999617026349e+00
-7.259617941396877550e-01 1.223732873298835422e+01 -4.365904096483303576e+00
6.389476972530436569e+02 -8.942573799192405204e+01 -1.217152929725385775e+02
-1.596743104620700706e+03 3.604687342271340071e+02 -3.341604105366232602e+02
4.944804135232398323e+01 4.682986001022057110e+01 -9.539913997016576275e+01
2.560870548718192641e+00 5.946718825509268669e+00 -1.323304485578618905e+00
2.871093692796902630e+00 1.833658208862000150e+00 4.977850052215472942e+00
2.346704635470121758e+00 -5.507640845462173917e-01 -8.051678927502468053e-01
1.490879654753734851e+00 7.912612318549928858e+00 2.068282129506055167e+00
9.532263355166659125e-01 8.209558074948592576e+00 1.982665024087013395e+00
2.693929893417068122e+00 3.039396015872837253e+00 -4.168771206896645154e+00
-5.647029432728749043e+02 1.223782835865594478e+02 1.752968918226050903e+02
2.498378292645865528e+00 6.067867998201826651e+00 -1.114160805619435646e+00
4.608895954663045913e+00 9.959986467990079362e+00 1.016466918926713370e-01
6.638384692650618035e+02 -4.261279908064411757e+02 6.995868105864418567e+02
5.285309220346869896e-01 -1.584678097949485220e+01 6.235537208229080974e+00
5.889527249664020303e+00 2.931576739012933461e-02 -4.642408833721489714e-01
4.489262730764326248e-01 3.253130323868416163e+00 7.644209355717332954e-01
4.680760446522717722e+00 2.134461824148313092e+00 -5.149474219212704096e-01
3.139025000718632441e+00 4.107648198909720882e+00 7.840830141421994970e-01
1.031035072491453697e+01 8.118850500172163365e+00 -8.771179608370918146e+00
3.708191297658498975e+00 4.613311600977986870e+00 -5.277452183129642371e+00
7.089802419360671237e+00 2.757519189672209770e+00 -1.359224029083354157e+00
4.946598565456611141e+00 1.367323127349222744e+01 4.658364267788859259e+00
3.979215013415099644e+00 5.481941153979894565e+00 5.153069440555149150e-01
-2.155345078936338155e+02 -3.702697434682395397e+02 -2.224035575378619001e+02
2.558241239472229012e+01 -5.060550769931258941e+01 2.194216934722177825e+00
-2.804744283685881800e+00 7.633587538545411277e+00 -2.916308113632227528e+00
-1.988846785145796048e+03 -4.247258723413073085e+02 -2.186528423151757124e+03
4.140091584313918993e+00 3.125500079676344356e+00 1.590495716371253532e-01
5.482815188114907201e+00 9.759856031546142674e+00 -1.188307600073306158e+00
4.746945934501950681e+00 -4.673594632993578912e+00 1.208884395847336757e+00
2.636592683733306686e+01 4.853849745643988456e+01 2.494221576163524290e+01
5.657424685769142592e+00 2.140953613752610352e+01 4.434675639642016165e+00
4.544105840815966246e+00 6.667207065150859080e+01 1.832473632933213423e+02
5.869387774459410068e+00 3.995320898415406496e+00 8.081341829437537427e+00
3.747061684468194986e+00 3.798321116762578775e+00 1.370846430060653542e+00
2.097392912216334615e+00 5.059694973336405610e+00 1.530985248379764352e+00
7.670608279603419177e+00 9.646605898640190802e+00 -3.424338369013772088e+00
3.733497790012934470e+00 7.608218785843003928e+00 -6.412316733011584891e-01
-4.935595510252148870e+02 -2.029002392552859249e+02 -2.673304160675082812e+02
2.528641329403993332e+00 4.868069626861719179e+00 -2.696000708391779632e+00
1.942641472762935084e+00 -1.059616969201583547e+00 -1.029760431839908996e+01
1.354132113504169510e+00 6.366951938245164477e+00 6.781030936548904098e-01
7.181457882232060719e+00 4.900264345455831450e-01 -7.942150648926832091e+00
-5.082619499784525319e-01 5.893547690642319203e+00 -6.947071354462542869e-01
-2.171262398322573617e+00 3.737461887224029056e+00 -7.024074966425844835e+00
9.734227703492492765e+02 -1.061572162640525789e+02 9.637391520121333315e+02
1.234466992014382214e+01 4.004160493721942160e+00 4.656501034466620226e+00
-2.076419316497791989e+00 8.946472736059565278e+00 7.058667876379436379e+00
-3.051749179015163238e-03 -2.396371819006345300e-02 4.699188068505429250e+00
1.880578252829403496e-01 2.029945393541217946e+00 -1.661513385665955411e+00
6.551537604749841037e+00 2.685317900056144680e+00 3.135850579800606397e+01
9.151371441573111554e+00 4.195985193507614675e+00 2.882990765590469184e+00
9.593240413682205769e+01 5.386632087120801771e+01 9.169086406489439511e+00
-8.681983669290696071e+02 -4.039301505246247075e+02 -3.785901487647032582e+02
2.379343999331667447e+01 7.377953836590145897e+01 -1.143130269311340754e+02
4.026599784279065730e+00 3.454887603979755362e+00 -2.331731475982741664e+00
-1.087552924649376655e+04 5.092956582831642663e+03 5.276897958145155826e+03
1.090237495793316702e+04 -5.080922421736431716e+03 -5.264865825142776885e+03
-1.078937348340115010e+00 3.591241173739465609e+00 -5.538662979862138958e-01
9.590598487474806007e+02 -1.400618603788018959e+02 -7.549025948502296615e+02
2.662666894157772646e+01 -1.298867221016837981e+01 -9.022747576793502589e+00
1.822227757075438825e+00 1.402264154072322633e+00 1.497222553180396876e+00
1.182798242897477934e+02 3.298058843048592337e+01 -2.667247854586890554e+01
9.218316341558653093e+00 1.903509214323772269e+01 -5.408987362283770306e-01
3.335875931877745870e+01 3.728181203681535862e+02 -2.978660744266276765e+02
3.840802506736332944e+00 2.216644926831579099e+00 -6.750290653558453258e+00
2.188932467282071581e+00 4.490620423769164926e-01 7.967884723512760337e-01
1.377982716555261167e+00 5.584744029149191213e+00 -1.333815252534270357e+00
-5.657105690799046727e+01 8.553269088109946239e+00 -1.054692377098017886e+01
-9.823555806993094848e+02 1.617522960805818855e+02 8.301902792857355280e+02
1.695089871573023377e+00 2.301300627150680178e+00 -2.713644303886722842e+00
-9.896907345066708217e+00 9.289223079545230632e+00 1.250131098953793263e+00
2.064533427965176582e+00 7.451640473310719770e+00 -4.317350692424801295e+00
-1.639156125412428278e+00 3.899049734026693415e+00 -1.466081270101853562e+01
8.284689572028862692e-01 8.764805695233736316e+00 1.344120464215544875e+00
1.529100519265350178e+00 7.947627156252647040e+00 -4.516583542843379817e+00
8.795158468587152001e+00 1.099605448409343822e+01 6.706973178301984717e+01
-1.999132647356037396e+01 3.243587854987883645e+01 -2.386559858726410255e+01
1.260312897746202765e+01 8.105164009553613269e+00 -3.009697740434219781e+00
5.696903174832690553e+01 5.297235884426705610e+01 -1.452960218695775154e+02
8.831513263036492312e-01 9.865659145841867428e-01 -1.453609530379773807e+00
4.759863671797530671e-01 -4.998525505373417666e+00 -2.673781090705626973e+00
3.691476894348861837e+00 3.634215904767794214e+00 3.155916427444428241e+00
3.978398518858993427e+00 2.271414582501645185e+00 9.221869379547005252e-01
1.903436164199637659e+01 -4.881848493269889566e+00 -2.290681426567245538e+01
-1.400391399694432382e+00 4.334151974048904288e-01 -4.363983064122741062e+00
6.394828503290455934e+00 -2.805554416149490748e+00 4.318781354172596676e-01
4.463459267039019629e+00 1.399354794848981953e+01 -4.495600755729216580e-01
2.552367992863112534e+01 3.724065537504440471e+01 7.962881680373672566e+01
-7.130163158339845708e+00 5.279920263358042121e+01 -3.845589373534516398e+01
-3.656256868975727059e+01 -9.083505952106200709e+01 3.807242945188811234e+01
2.599063128851737758e+01 -1.372586133163164801e+00 8.158561895374579365e+01
7.452454874706575083e+00 6.713737996378350559e+00 9.334773095137254728e+00
2.932291924504555780e+00 2.340774640220041114e+00 -4.610767009306581121e-01
4.190577647111419779e+00 7.018277760893582240e+00 1.552580481433949888e+00
-8.952880502037973542e+01 -2.980827034118895114e+01 -6.660724609792877970e+01
-3.292024725070530167e+01 -2.089375642687962298e+01 -8.630587590525676589e+00
2.432920244198899340e+01 1.058219295853718194e+02 -1.231485783294259164e+02
2.874254331061634637e+00 2.514854342813376054e+00 -1.835914997222007683e+00
9.839533949664303059e-01 2.663300829695348648e-01 -5.858014626698511584e+00
-1.609988226719337945e+00 1.079137043514857019e+01 1.306636260999156107e+01
8.790273135330997079e+00 7.393689493933931267e+00 -2.359997772703946062e+00
1.116880027815552179e+00 4.065103651466649981e-01 -4.006216772823641747e+00
3.216729721492824545e+00 6.428137952528578225e+00 4.602292350715747382e+00
-9.431698723199430106e+02 -2.231514503872145951e+02 -2.110885548620855843e+03
2.444353866721014015e+02 -1.189123436385684016e+02 2.601665381550933489e+02
1.268156424772769908e+00 4.635370391969177106e+00 1.111113543597028652e+01
2.126034914492849204e+00 2.747167695738190751e+00 -3.113657243345739012e+00
-1.356572533509189213e+02 -1.933930993084917986e+02 5.885044193480379704e+01
8.067799913797717437e-01 2.622134305859230352e+00 6.794493770487705087e-01
3.576602967169052238e+00 5.726715474739228817e+00 -7.030448935722112269e-01
2.674978475151862156e+00 9.330724009897457094e+00 3.494261234143988482e+00
-1.186659451536775656e+00 4.083601538005201981e+00 4.653091917146625178e+00
3.289926819354975329e+00 5.518914130803653784e+00 -1.413076590648479014e+00
-7.748444539062757652e-01 -2.339856356007847360e+00 -2.052838390050258255e+00
-8.112042961341504821e+00 2.390913522488541609e+00 -1.545068483024834016e+00
1.072063106920372544e+00 6.273569021475278618e+00 -8.799511860537974073e+00
2.366488127512393014e+00 6.998668696915889775e+00 -4.968565016881035801e-01
6.762995378391156720e+00 9.037615528301376489e-02 -3.955699936082822887e+00
2.357963311830430087e+01 1.606659136254101128e+01 -1.520890557887304873e+01
-3.982964007137748674e-02 3.476384854989336759e+01 -8.854033695464909215e+01
-1.675317116906478532e+01 1.057109061794632332e+01 1.139962352310944560e+01
1.760208543721985208e+00 6.230024871097057826e+00 -2.354146947569472736e+00
8.015008863572560927e+01 1.037053652970411477e+01 -6.320559915870309453e+01
3.705366641601160360e+00 4.361516271369371367e+00 3.836363101944506582e-01
5.128035628862856576e+00 7.936025892312848384e+00 -7.332208041835610146e+00
6.209996804966741557e+00 1.910511009972902574e+00 3.543559750377113460e+00
8.670167025833139807e-01 8.263178635350676871e+00 5.917851575539972764e+00
1.024995236382760799e+00 4.597557565967814952e+00 -1.833996541064361274e+00
-5.347250206640995884e+02 -1.473383308809177834e+03 2.062172071802220898e+02
3.331739697241169438e+02 -2.986745882885419690e+01 5.052509631332061701e+01
2.550752911803582990e+00 5.950272281631294291e+00 3.990628914435449204e+00
-2.379217999738738598e+00 6.627745172229579040e+00 -4.574538137829443407e+00
-1.428649817565801072e+02 1.215493140112762660e+02 -2.731747678345351460e+02
1.280460548736302329e+00 4.863611410055924011e+00 2.131946088738847500e+00
1.371337802798323935e+02 2.150642172313541778e+02 6.524509660124387267e+01
2.603291836799093595e+00 6.576624282305033375e+00 -7.738013066491724601e-01
2.615358976114801948e+00 6.466013161254938524e+00 1.176838440640082528e-01
-3.954661261475346805e+02 6.432856784525833405e+01 9.052474635992220442e+01
1.725709900865720403e+00 4.211392508921893096e+00 1.724848073192350117e+00
1.822357946697658804e+01 4.141062785073087227e+00 8.690317845481640546e+00
7.083403547220737892e+03 -1.605772411620604908e+04 -1.595596937465446717e+04
-7.066022795786767347e+03 1.606164430182430988e+04 1.596936391723204179e+04
4.151823045516362498e+00 4.082638183642894186e-02 2.019253678408936103e+00
3.652365680307540607e+00 2.379500764359070430e-01 -2.171166101281062133e+00
3.079397371876035905e+00 4.212056822655664057e+00 7.037771610796710320e+00
-2.483752933088133119e+01 -6.527314832918750653e+01 4.509340772492330984e+01
9.471891424396081671e-01 6.459984556151791679e+00 -8.762513388816323134e-02
3.865445216020768182e+00 4.078145993652761092e+00 -3.535022116328372821e+00
-1.399888472867524492e+00 2.234861757237746716e+00 2.586497166704842243e+01
7.574364068194815225e+00 2.350504829996603817e+01 -7.848638712694359754e+00
2.093003615334047822e+02 -3.433954921941405019e+02 -5.168602031437337985e+01
2.130228424674238674e+00 2.361494066443388107e+00 -6.287534386446480550e-01
3.585932437884574053e+00 -2.621699882310562391e+00 -6.713086659062013073e-01
-4.614515100404304349e+00 1.563942563394412844e+00 5.742847927116652151e-01
4.802172369471033875e+00 1.938822702714873558e-01 -1.528047172407245302e+00
-1.851464994105567996e+01 2.590773921677857317e+01 -3.437444801750199019e+01
3.364522123585225621e+00 -1.502348856377564879e+00 -2.927461686136995311e+00
1.090707183386524903e+01 1.312711245325917098e-01 3.507139425465339855e+01
-1.613516916317289773e+00 2.227029666079671344e+00 -1.180270614651808547e-02
4.933171855410121793e+02 2.479370914034560940e+02 1.566408691101147781e+02
1.965622540475271535e+03 3.566210022144082359e+02 2.231547410460824722e+03
2.124524353179156222e+00 1.297142570145155105e+01 5.220800988469625814e+00
1.624034250761940079e+00 -2.788441581494618848e+00 -7.915149012341453627e+00
4.951060443583529036e+01 2.085162912287819026e+01 -1.180670220320478592e+01
3.949317143952701392e-01 4.485560033563321447e+00 -3.771616285243562405e+00
2.670464881853031436e+00 3.760954240770825407e+00 1.577440909718348161e+00
1.113555105915170207e-01 8.573359191411803693e+00 -6.600287575738735812e-01
-1.997372229267093235e+00 -9.108285523671395545e-01 1.016347931630029322e+01
1.837633261640519322e+00 2.340153442885217316e+00 -5.044394104515345090e-01
7.762249612104398011e+00 8.332321632234824804e+00 -4.844820593951006948e+00
1.544218926393434188e+01 8.297753729926967026e+00 2.744864954684327785e+00
4.316499187246166436e+00 2.598835198729320783e+00 5.175282670709502320e-01
1.617891759700589560e+01 -1.040404239569059186e+01 -5.957979563664627776e+00
4.787588483962736063e+00 6.004044837674950230e+00 -1.544372963219948769e+00
-2.029975691795445236e+00 1.121324320891623216e+01 5.630549381814306642e+00
-1.738938381221891039e+00 -1.010068678935226849e+01 1.313112073259385504e+01
3.450554213526164204e+01 2.449919384561709546e-01 2.508731823662847304e+01
1.278348634863624156e+01 -6.915865071425896460e+00 1.318437094440901660e+02
3.682304425689480354e+00 -4.157720210890428758e-01 -4.963787546357872671e+00
-1.151192277576232326e-01 7.436245069058347035e+00 -2.832570862284801816e+00
6.024367653928598687e-02 5.835503600930944113e-02 4.294865719402006121e+00
2.763358036576370580e+00 4.673669457784380477e+00 -4.950057876761649878e-01
1.653965767808321274e+00 2.793125660029197732e+01 5.651666215597437315e+01
-5.048310842517191865e-01 2.179618344072586922e+00 -5.300054394381170653e-01
1.393640001018721719e+01 5.191618910032973133e+01 -5.229518138390226056e+01
3.730395603814732119e+00 2.190026179282669183e+00 -3.968185287881542678e+00
-2.459464837617450217e-01 4.313619151980092603e-01 -2.979499459663063066e-01
-6.911724068075662899e+02 9.115136803463552724e+02 -6.166604905694337901e+01
-1.665685444935939330e+01 -2.303742554765852901e+01 1.856446127178291761e+01
1.179993757541579757e+00 1.133594641371737932e+00 -3.723091670395295871e+00
9.592554787777658021e+00 -6.658950648275592243e+00 2.532187975701070570e+00
2.765817768078088434e+00 3.688833183667472149e+00 -8.705728660882890990e-01
1.224532893055740868e+00 2.072839284788374314e+00 1.408989150821563952e+00
2.824716492850347649e+00 4.679632590504292367e+00 -3.340193953179403930e-01
1.348642193951851986e+01 1.723737690909763387e+01 5.148939988924661293e+01
7.560456192046131036e+02 -8.884043042800520880e+02 -1.581161976062711361e+01
3.930856458971147216e+00 1.046584646719492251e-01 -2.137650351296296769e+00
4.982947878807485864e+01 1.280780346156738414e+00 1.491507156251773125e+01
5.136802766506969320e+00 3.706673604536945277e+00 -1.732838078980378116e+00
2.132946289209195712e+01 1.825969430806496803e+02 -7.935322299807415902e+01
1.622773131675947411e+02 1.625856394507882214e+02 -4.121026686943747563e+01
3.340057133934624112e-01 1.104389922027693771e+01 -6.421933586780919967e+00
3.260514557634999200e+00 7.221792053301736125e+00 8.365616026898613222e-02
6.626012776189973863e+00 6.262689338131289674e+01 2.861145030632191322e+01
5.544490369613266978e+01 2.057402622568367789e+01 2.440060265500663661e+01
9.286246234064326188e+01 -2.146261889696647529e+01 4.909365170083358265e+01
1.631847176866516147e+00 3.388883955635320078e+00 -1.947437211346249697e+00
4.336215960088050991e+00 5.186755153867800949e+00 -1.099166194501194571e+00
-1.048161563498161399e+02 -9.651630123271269213e+01 1.868705962829911016e+02
7.985767340360183653e+00 5.369277184917862655e+00 4.220413371579242678e+00
-1.448294493901651549e+03 -7.553152606551583403e+02 1.643121091967555003e+03
1.228848682812112969e+01 1.174953584884997611e+02 -1.040692450834266509e+02
2.379391955589761665e+02 4.176806285368011231e+02 2.716286136398402959e+02
1.457936938374483361e+03 7.661402607611348685e+02 -1.660321125803701761e+03
-3.030978666763217078e+01 -1.168788188918390318e+02 1.645050672691378963e+02
-2.286617326777015080e+01 -1.899226343329615574e+01 7.605508989728988922e+01
4.857696450498496965e+00 1.363892081782164034e+00 4.326700565247177721e+00
1.849972869185397428e+01 -3.032189977741170139e+01 -3.049504004984520407e+02
4.028980294916247828e+01 -2.922975962048169407e+01 6.990080177135070905e+00
-4.525972368716744132e-01 8.394276659637156524e-01 -2.671708397222404052e+00
7.491383330541667718e+00 1.212127085054941489e+01 4.361460226246520744e-01
4.489128616926914006e+00 -9.192639239816408292e+00 1.398105713141882944e+01
5.129130356004201730e+01 -1.557398896329214324e+02 2.112716390212269744e+02
3.404867655236194501e+00 -3.629147063613965551e-01 1.097777807542150263e+01
2.831572498049481190e+00 2.713655698878155498e+00 -2.048820387657825925e+00
1.654720989638476913e+00 9.969394551527532400e+00 -5.459279131856461298e+00
5.275058078876022627e+00 -1.237158808077472250e+00 -4.508634686120129409e+00
3.205621485075162980e+01 -1.061714049952138623e+02 5.841374320397854802e+01
6.567861072475490403e+01 -8.049056789596204453e+01 5.235926401109408346e+01
4.165571839555122224e+00 2.256185025137073197e+00 -6.047061286837442040e+00
4.430948915799763910e+00 8.565530778610760620e+00 1.362952124166280310e+00
-3.875147407336910277e+01 6.189394011071010482e+01 -6.695120751989120933e+00
2.748069857341463695e+00 7.963690623095995846e+00 8.854643449438288627e+00
-1.827185572483530862e+01 -5.752549630195800034e+01 5.348066013405885144e+01
4.111513670309562940e+00 2.280171352271270102e+00 4.675156173635756085e-01
4.605446032038723381e+00 2.438363234943367708e+00 4.082230056131145091e+00
1.779243360187717826e+01 -8.200602767469237619e+01 -6.906639031624644076e+01
3.941810685477581444e+01 2.054915444619061304e+01 3.303489457822355746e+01
-2.375594273844952227e+02 1.480006600544400612e+02 -1.381597885315857255e+01
2.992942443673435982e+00 -3.539474733183859634e+00 5.676609927131148758e+00
-8.187957274880735881e+00 9.889781498101568591e-01 4.425642395571262000e+01
4.928760445748039842e+00 4.302083819691322475e+00 1.263028760880807289e+00
-1.401712848163880309e+00 -1.538732922314923002e+01 3.811956269150269350e+01
4.276667684016198123e+00 -5.207781800534448280e+00 4.377592755903512156e+00
3.315327145268812892e+00 1.965961110570112247e+00 2.669512438972326152e+00
-5.912501050996743501e+00 -1.930531379936790159e+01 -1.414656229758967356e+02
3.005296923281397525e+00 5.338508831343606431e+00 -4.617878168299576203e-01
7.402074777321153931e+00 -3.850253921223866227e-01 6.326321549777691011e+00
-3.247326815438024283e+01 7.159840887177341529e+01 5.501021538843695424e+01
4.832954481257949020e+00 4.976511067870920124e-01 -7.480656698269565474e+00
-1.282953012826641839e+02 2.525736019112553876e+01 2.661605563090998885e+02
1.046574683691499388e+02 -1.617314694327122879e+02 -9.911161466271224185e+01
3.421835079547781877e+00 3.008824731523587204e+00 -1.373346727905123910e+00
3.478794506548944732e+00 -4.841457995871026654e+00 4.639456515305118600e+00
-1.251674649651247506e+01 -2.542654442180558760e+01 2.205479756975202577e+01
2.655340529937272098e+00 3.722757388211542562e+00 2.000195867426806662e-01
4.248745334303825061e-01 -1.043876252575580921e+00 2.229753322549508532e+00
8.556710719272667687e-01 -1.850697044439598571e+01 8.360694646520844486e+00
-9.994440501925483389e+00 1.567964751981249449e+01 -1.033129623322293789e+01
2.811347110892196355e+00 4.174387392164133459e+00 3.154921680284734187e+00
5.670628111760772860e+00 -1.072731452519836148e+00 -2.244042273361583462e+00
1.590817861181076154e+00 -1.903828761944174985e+01 -8.239751491202190747e-02
-4.133748171002879701e+01 -3.873885447927840886e+01 9.602011811503408012e+01
-2.163484680982840302e+01 -9.442970100102635911e+01 1.649491345558470243e+02
-6.414134512420433865e+00 1.186226186908318425e+01 3.056417912909321188e+00
2.219256118338811490e+01 -8.237663890877664130e+01 -7.661530611466099572e+01
8.762998732405641533e+00 4.918316050052480293e+00 4.829106494065330546e-01
-2.822264561575915209e+00 -2.563215107011532012e+01 -1.910318355636805521e+01
7.296580767400460132e+00 1.809897325265071188e+00 -9.951996438799767475e+00
4.281516671869647794e+00 4.435582219995765942e-03 -1.286413993447229176e+00
7.693496206340222798e+00 -7.956349949687074741e+01 -9.046609653817611729e+01
3.114243971201147154e+00 2.847481697489302022e+00 -4.367935026625061390e+00
2.577479488984180556e+00 1.740244817553023626e+00 1.888608973951417358e+00
7.199460440482916113e+00 3.607220570190995623e+00 5.990396606377553113e+00
-2.010674216884898215e+03 7.075863123969838853e+02 1.434094464791543828e+02
-1.263707823867695090e+00 -2.740713527589009324e-01 -3.697565315716831336e+00
1.136363982017017804e+02 -5.867620575427122986e+01 -1.140123322294570016e+02
1.334943740743937735e+00 2.034987233352543257e+01 -1.766581334073139775e+00
2.285807001124318560e+00 4.677313481234778081e+00 3.632213692202594935e-01
2.272237281241459961e+00 5.004680796259583508e-03 -3.126915979382699717e+00
1.968757311607713746e+03 -7.506910338955187854e+02 -1.581080830160299797e+02
8.635628667886842891e+01 -7.900654629532019158e+01 -7.860463086204353544e+01
2.690622436559446662e+00 2.547270873068528729e+00 -2.493048961334575431e+00
9.739639661062816458e+02 5.705096309459691838e+03 -3.518780599772632740e+03
-3.358651490036402620e+00 8.976474866674722719e+00 2.536518723005687370e+00
-3.174412465064237381e+02 3.892661637800026142e+01 1.992450184706722638e+01
1.674987992477439747e+01 -9.579098009485658149e-01 -1.201866263269185442e+00
9.462394667934265726e+02 3.875236092992944918e+02 2.042306144762996155e+03
1.052667904946860133e+01 4.388907501197926386e+00 -2.014185054947585929e+00
2.775188096307083185e+00 -4.073738085785564067e+00 -9.729818082656440659e-01
3.942930469959878614e+00 7.496856399572487284e+00 8.157292580872254062e-01
-4.810747214090811852e+00 2.131101862972248639e+01 3.845630840485295909e+00
3.640083343155508828e+02 -8.794486847459513683e+02 8.273990093806030472e+02
-2.178633185457418051e+02 3.527492039539667985e+02 7.864404100440468426e+01
6.966621826694530455e+02 -1.665007161904624695e+02 2.774466606601004059e+02
3.402299683517108875e+00 6.469417603479840295e+00 -5.270628357195590308e-01
2.201180936589192783e+01 1.128072739225271182e+00 2.321072734255555048e+01
2.833195925821363925e+00 5.439628341482984908e+00 1.321849363909516351e+00
2.842096165439731870e+00 1.964776925887179893e+00 -3.250447816531162548e+00
-8.719567230162589055e+00 1.478669514461313028e+01 -6.442943184884359198e+01
1.299131983616580666e+00 1.447788269080283463e+00 -3.624041004812610378e+00
-8.007640856100971405e+01 -6.270688686317032534e+01 5.109088161575269993e+01
-4.015623657468170649e+01 -8.417639619222096314e+01 4.022402955128750790e+01
-9.397698158540437134e+02 -5.688010649389920218e+03 3.532985621189531230e+03
-6.717353509315247493e+02 1.515871093758131565e+02 -2.220467128137245822e+02
-2.009930523456290530e+00 -1.170969942651380435e+00 6.268205141491860921e+00
3.392540364511495987e+00 5.717477439054813537e+00 -1.138769867751763476e+00
-1.041212120604936864e+01 -3.018371442129306814e+01 2.263214654005345494e+01
2.970694557693155602e+00 3.908564764391664781e+00 1.689970718825321239e+00
6.488101581086143099e+00 3.397979604527225028e+00 -4.271638594794669785e+00
1.538286161096226623e+00 -2.766018887957421235e+00 1.716562854361679546e-01
-1.345730438090735337e+00 -1.089467367017808463e+01 -2.770590408103537960e+00
-3.601672354114504593e+00 1.313195011696525683e+01 7.554083675673680887e+00
3.786103704482583154e+00 8.115924148810748306e+00 2.273155157098465828e+00
5.110216096244485584e+00 -5.564680539882487409e+01 3.027533842375561690e+01
7.217717429373015747e+00 7.535301147200204497e+00 -1.807499484935815914e+01
6.454918529598359100e+01 -3.464089378833738664e+01 5.653506174788185490e+01
2.415477356954492905e+01 -7.033036022863522874e+01 -6.654857532004906773e+01
-9.581002327050445189e+00 -8.994996862862453924e+00 -3.505419276858945388e+00
9.553640186199555728e+01 1.475333049886521053e+02 1.480780933554653984e+02
6.262965235817514298e+00 4.245781208927779105e+00 -3.008742299356743644e+00
5.355056101277515523e+00 3.007457021859659463e+00 -2.765603068236853979e+00
-1.476420903545165331e+01 -9.137936809808599037e+01 3.829279479213296611e+01
1.847081944013388100e+00 2.021421871030185002e+00 -3.785924944381767077e+00
-1.891939318162298633e+01 -8.376475614560677130e+00 -4.668643106928028885e+01
7.737400507217208068e-01 5.758286584128951446e+00 -2.891094894440783269e-01
2.149866789716700755e+00 1.547373959901849449e+00 -2.636745309232039425e+00
3.212343194468685048e-02 1.852823872383995152e+00 4.932892487603182552e+00
4.847493265679622354e+00 1.883281217076080205e+00 -1.383847867625819794e-01
-6.574731032102587580e-01 -3.008043206906949596e-01 -3.650457486700871002e+00
-2.938814192347238929e+01 -5.565837597255581670e+01 6.748691507388421940e+01
-7.676833051121871421e+00 1.498449435373516181e+01 -3.029437784344764140e+01
4.742389317843560548e+00 6.111005182027533067e+00 5.866078508253279589e-01
-4.852283340444786859e+02 7.079072852929423334e+02 -1.052355500550146189e+03
-2.568807895913195694e+00 7.497957295877086814e+00 -3.106988506315421006e+00
-3.171753346920423988e-01 4.355817737272781542e+00 1.636919200727011914e+00
1.413597648744497892e+00 8.023458005513555147e-01 -2.075724715535949283e-01
-1.352402500308820699e+00 5.837049134356471214e+00 1.136605108492979177e+01
1.505975068032856967e+00 2.966418395418205733e+00 -1.784781302849498985e+00
4.585043043571487509e+00 8.009399257710590803e+00 3.041602041277727153e+00
-4.588296790143442195e+03 1.735723992955614108e+02 6.280450439883989020e+03
2.384930141678611282e+00 5.008176945868351382e+00 -1.011827494897105328e+00
-6.714058018803241339e+02 -9.392689297701491569e+01 4.057038443140971822e+02
1.095674643731868692e+01 9.612139778916061417e+00 5.370618496949280285e+00
-2.115793570704519055e+01 -4.935925798819129540e+01 5.455963874851885009e+01
-4.607567573041648501e+01 -1.111078092827776658e+02 5.553306878561886606e+01
1.606345189178259414e+00 5.473409200464085522e+00 2.057297120200938245e-01
1.572599493031429319e+00 4.535529997984660611e+00 2.214261072128797636e+00
-1.325768231814982379e+01 2.249922894457684208e+01 -4.107555768787445061e+01
4.272385050065137690e+00 2.033579487676042685e+00 1.694330123444790503e-01
3.490254238552364940e-01 6.343157775317939340e+00 3.945698856796548970e-01
4.264540070062004418e+01 -5.444629711020666463e+01 2.518845209057466761e+01
4.607452870375247585e+03 -1.704594531494539069e+02 -6.265676505507357433e+03
5.794694234842555858e+00 6.864714449385563633e+00 1.766308117953539814e+00
2.673633894443477210e+00 -1.007227897894308732e+01 -9.353821183546973117e-01
7.187714161225795806e+02 7.029354069045864151e+01 -3.404611408170375739e+02
-3.022115401004769097e+01 7.869121971208424782e+01 -1.258192971683992880e+02
2.540441941543484461e+00 4.811199844316003116e+00 2.020141617856304528e+00
1.988565399181611681e+00 4.917764120996491961e+00 -1.195751499766475323e+00
9.535324515692613634e-01 7.404035725071980600e+00 1.086051175334487251e+00
6.853276092732575364e+01 -1.009082727317882586e+02 -8.403388508851722349e+01
1.460329155248567101e+00 3.144558172790661743e+00 3.307802953641706400e-01
2.804432600394706654e+01 3.255094067254900381e+01 3.465000579608852149e+01
-2.231863777561670759e+01 4.865496121761072601e+01 -3.903434571084968496e+01
-6.635944438027893355e+00 9.626004124336393630e+00 -1.726923394962793346e+00
2.365273173517795868e+00 8.341009976078388455e-01 1.836158797844535950e+00
-5.690199841858721896e+01 -5.639438423123308297e+01 5.222937809819655541e+01
2.233322205607289224e+00 1.188156253268111584e+00 -3.271020642403307477e+00
1.055362502859610707e+01 -1.226339949904706970e+02 3.126440856490773257e+01
2.334386586550608877e-02 -4.185128175473230572e-01 -4.163089918860453764e+00
-8.095314632616434665e+02 -6.965670246842452116e+02 1.512259389246211867e+03
1.131044561622818456e+01 5.801959082981237970e+00 -2.777052603137360265e+01
4.529334727068721378e+01 -7.598236709312682535e+01 -1.091023309356694710e+02
1.855841364201248496e+02 -1.274067852569471597e+02 -8.098316502392889049e+01
1.543626965313325883e+01 -7.788540509251761534e+01 -5.869884681405850557e+01
7.152810613482579072e+01 -1.038671218260514308e+02 -8.474546982666296913e+01
3.210402122687806781e+00 1.423222198870716326e+01 -1.978842570854027483e-01
5.617646095750853164e+00 2.131046642841191718e-02 -6.820765055893025508e-01
1.233629593301005656e+01 -6.217847281271429694e+01 9.614701077298146004e+01
8.181894777173459943e+02 6.900107353795397103e+02 -1.512197983402393675e+03
-3.422445695895476314e-02 3.154776960942191621e-01 1.840058283555143559e+00
-5.907626854210310086e+00 -5.282624964622276309e+01 3.968619289803250894e+01
4.430997832847511830e+01 -6.900218946880974613e+01 8.876430174384341854e+01
-5.273664215831019852e-01 4.153091652815908974e-01 2.762638592114640690e-01
1.790763726004149703e+01 -8.086981970977085155e+01 -6.576558408430034319e+01
2.282432938782087106e+01 -3.972399855824092896e+01 6.762142143893785828e+01
1.940124515698824492e+00 1.838962690700487457e+00 -7.545654292510950434e+00
1.412100875633450769e+00 1.141985500224403438e+01 6.698876020536163267e+00
-8.954555190286678013e+00 -1.165356628307168876e+02 1.993238021901505590e+02
1.585547209847205963e+01 -4.503852662683729591e+01 9.187903163385533389e+01
1.343638329601852988e+01 9.128788477366303056e+00 1.722025619095558291e+00
1.920405799166885856e+02 -2.050731344113496846e+01 1.027388749284531855e+02
-1.164832416427664619e+01 -1.660457326689292188e+02 1.760833512283626021e+02
2.113395343282160610e+01 -2.659497742201518733e+01 1.060324361339653265e+01
4.230289762861060510e+00 1.414107025381625071e+01 2.270689009961307292e+00
4.091209160325531613e+00 3.163875601545162120e+00 -6.693783120071211457e+00
-9.105349558212927352e-01 1.262920531551962355e+01 -4.265826237320071712e+00
2.372398053931762618e+01 -1.862135212028158548e+01 5.316645518071885590e+01
-4.607707608516008690e+00 -2.536302243945607060e+01 1.536665990905500045e+01
-1.354333366755086310e+01 -9.284812269621301795e+00 4.780534148470778177e+00
4.167574901230665319e+01 -8.196184516486627558e+01 -7.616938827843125637e+01
-6.642223586986532036e-01 3.295550589242888684e+00 3.312412187777267647e+00
2.760863599489191600e+01 -8.500605258601929393e+00 7.045590565892937640e+00
4.552717813248297496e+00 3.244926237495694643e+00 5.284048443272280071e-01
-1.153706061185427512e+00 1.016057359238857494e+01 2.307623530390936761e-01
1.345779486716525071e+02 2.316830271172207176e+02 -8.535800882050867244e+01
2.271372960741634195e+00 -1.727349763156112203e+02 -1.626160783351677424e+02
8.203089622428963423e+01 1.512642640129258211e+02 1.153413099289141570e+02
4.769916674824448144e+00 5.230158080746734939e+00 1.164560941255962234e+01
1.531268911697502677e+00 -1.320312704779593282e+00 -4.096994766973390156e+00
1.880682242261159320e+00 5.378441227297760641e+00 3.677170040827455466e+00
-4.936815259658223454e+01 -2.927182011585103965e+02 -3.971347749395110327e+01
1.397627505722615382e+01 -3.834981235405149391e+01 7.649336161531874723e+01
1.276770674359302546e+02 -4.035242456625670115e+01 7.699261980703658992e+01
-6.715364972770272800e+01 -4.696809470151885080e+01 6.428407954146069869e+01
6.232633078764401091e+00 7.581611783052517595e-01 -6.484039607831136642e+00
1.836676647484065228e+00 3.660014285728932393e+00 8.248252588730588641e+00
-2.567378911602056668e+00 -1.435572086996220464e-01 1.489553286292834144e+01
1.067211413734880665e+01 8.042889089712595307e+00 2.170137704378095123e+01
6.593241669654180726e+01 -7.914583781588090972e+01 3.296534120038406002e+01
-3.470823050885893934e+00 1.239765616183983710e+01 1.386083177596339588e+00
-2.897263155584518302e+01 -1.240196194363311477e+01 -6.338722581058105021e+01
1.048226424692554247e+03 1.449710305999383024e+02 4.394244888314959780e+02
-1.775974686569079708e+01 3.449290836742480160e-01 2.208606055528782619e+01
2.736064165566444473e+01 -9.092088938076216209e+01 6.536784501576161688e+01
1.389339785709245589e+01 -3.831929201936363683e+01 7.661289427336393487e+01
-1.244219563099224768e+00 1.985466273670282833e+00 3.139528336642467998e+00
-4.551803001121510306e+01 -1.508940088644156390e+02 4.785234411395423848e+01
6.971133514063544681e+02 -1.475239328039790053e+04 -6.265499172068538201e+02
1.984462753243775079e+00 3.381456831503283134e+00 -2.830049338423004546e+00
2.239845117147464926e+00 5.226061958032781618e+00 4.988887004787467272e-01
3.805470933650616061e+00 5.350758918073864834e+00 -1.623920428183534437e+00
1.445982040491056608e+00 4.048091908427240426e+00 5.641626533790453646e-01
1.528087678213924328e+00 4.727751578502720875e+00 4.007443460782990741e+00
2.415095702016078150e+00 5.494670767192715743e+00 3.602027964081486289e+00
-1.875319338579544493e+01 -3.573482198502453855e+01 3.605533025900385269e+01
1.527518372844109518e+00 3.162275184399831129e+00 3.410965776037552244e-01
1.713263658368969988e+00 4.917325979777083411e+00 -6.186762235642028207e-01
-1.226854464789139065e+01 -8.628763829571252586e+01 1.894893654222235000e+02
2.153618066939507969e+00 5.766196513689657577e-01 -1.286070654902397248e+00
-2.503640494601042121e+01 -3.726402108933421431e+01 5.293915088902241450e+01
4.056801213981446352e+01 -6.795276798873929636e+01 9.252004634975526187e+01
-4.558467704986393443e+01 4.208467602040635569e+01 9.137883494932006911e+00
4.576071681658707035e+00 -5.114597081064184536e+00 2.745741020795090748e+00
-9.966410996157901536e+02 -1.760160051278616038e+02 -3.438030121108994308e+02
-5.097175284087704483e+00 -5.787396190443339528e+00 1.018722362479704735e+01
-3.978145649624902802e+00 -5.221152864246629832e+01 -3.634230144269132268e+01
9.452258966493801040e+00 -2.198690597086185416e+00 -3.653789357983614483e-01
2.176209734221665570e+01 -1.224217103563233024e+02 1.509172839283038741e+02
-7.347629908261218361e+02 1.473797227613063660e+04 6.420956351385682410e+02
7.185445176141227464e-01 4.549146105312463995e+00 1.211524367765489174e+01
-1.990616211172115868e+01 -2.075684621120532469e+01 2.284446455932220488e+01
3.127079638565187558e+00 1.236945066443522645e+00 -1.502432037627076111e+00
3.453086925890460179e+00 5.875927409903004772e+00 -3.771334175908060526e+00
3.231114494975547480e+00 3.046213159145991334e+00 -1.431395550947652584e+00
2.124517177458483452e+00 8.375093935945336909e+00 6.504732318092219856e+00
1.358892931834692508e+00 3.649367498509236363e+00 6.519418187085075367e-01
-1.600166584447116236e+01 -4.733107065083755316e+01 -2.702647929243754632e+01
2.388646994200452411e+01 2.804063680585933582e+01 -5.739953912427727012e+00
7.455561542661140351e+00 -4.264499463283546454e-01 -2.373643707003505909e+00
-7.009846202671096194e+01 -1.077129610197171274e+02 -1.380529169960146305e+02
-2.852860011927458572e+01 -7.487365031760229783e+01 5.347587005517105041e+01
-2.958695630087740724e+00 4.346112252904941187e+00 -3.174280666225874370e+01
-1.614363700522692957e-01 4.879311027224471076e+00 -1.013225665259629205e+00
-1.564412637158318091e+02 1.326169017661873966e+02 3.480004705126032327e+00
2.440052969255534521e+01 -1.475212322460496139e+01 9.664937573937702808e+00
6.486773959587294414e+00 9.569103497411310499e+00 -5.163679802663724061e+00
-4.064746454304400913e+01 -5.570905437085594514e+01 -7.809001923313360294e+01
-4.762586226869736095e-02 6.737504586898003467e+00 -1.573737480185505966e+00
-1.432825363000985774e+01 -1.027531992713115017e+01 3.071693673263074231e+01
-3.485942483670001479e+01 -4.992190768415751023e+01 5.757314064494383388e+01
2.697064712694187349e+00 5.701792333408461921e+00 2.984349894093134559e+00
1.511582917869946474e+00 -1.874459921433525977e+01 1.749663862254402957e+01
2.908374132724078187e+00 3.510021391088832488e+00 -9.567416994762059645e-02
-8.253889164132914402e+01 9.374530548910031769e+01 5.941324424740384984e+02
6.773945695007996903e+01 4.511104064413517278e+01 2.738811695894875129e+02
2.056466437776198930e+01 1.249643834829517530e+01 7.219854190638876901e+01
-3.758744387402290243e+01 -8.689030231210246313e+01 3.897409131143655969e+01
2.136416426365038745e+01 -4.292709142939187927e+01 5.989274092596325261e+00
-4.844465343954603753e+01 -6.099957104491478788e+01 6.747760225268999079e+01
5.314123041734192254e-01 -1.182815638592184015e+01 2.510412015006218311e+01
1.611832778527356425e+01 -2.676270688560690587e+02 -6.157364250436157960e+01
1.976519789628522261e+00 4.586909197921722026e+00 -2.557738274152577596e+00
2.705010315295307777e+01 9.932433199199321550e+00 3.638854251813439333e+01
1.904029353750020803e+00 3.758550453502593314e+00 -4.278352925990390077e+00
-4.827748314855649880e+01 -6.132026477106195728e+01 6.766021557458003599e+01
1.076834594451613114e+00 -1.346648970043096654e+02 -6.637381326412550209e+01
1.877562419277027672e+01 -6.148966640311466847e+01 -2.272696904429514930e+01
6.590437751006392375e+01 -2.075666315032167688e+02 -1.229081960189176641e+02
3.310534386611350577e+00 5.047509868783906839e+00 -6.202592494790854616e+00
-7.386844249524162631e-01 -5.289307838434062603e+00 -7.554279861888110403e+00
2.883916605968910858e+02 -2.566665847677310097e+01 1.418907701572687188e+02
6.364280051920326642e+00 2.213643209499177034e-01 7.875389972383335824e+00
2.725445476089800145e+00 7.280115373830668091e+00 -1.972494393448821492e-01
-7.457515532883388687e+01 -7.180023954361530514e+01 -4.334833626315335664e+01
-1.244266775269856851e+00 2.881784836535193683e+00 5.721218538830288303e+00
4.406323776829401595e+01 -2.886333585363229659e+01 8.481397169075052034e+01
-2.522167467017922604e+02 -9.495965311387016072e+01 -2.393896289163304232e+02
-1.080517767127035285e+02 -4.301116909071156158e+01 3.891176548244668254e+01
6.816754454643364625e+01 -1.755293938884344129e+01 7.129609083568412586e+01
2.066714637563115531e+01 -1.007879147538600506e+02 8.080470080278934120e+01
-1.928387208741242773e+02 -1.320929674752207575e+03 -8.040220587161313688e+02
5.586471133377453491e+00 -1.471220924276412845e+01 -5.294819051280890143e+00
3.815109971974306973e+02 -6.562050981565921859e+01 -3.720784320573732096e+00
-5.658311591992760725e+01 -6.375815189942053252e+01 7.342030119012260059e+01
-2.922011477295247062e+01 -1.163381093159837718e+02 1.455860310767835131e+02
1.340015818824898552e+01 -3.843818239234781942e+01 7.598124265498975660e+01
2.652752386328003453e+01 6.832847569715859493e+00 2.056318112693920952e+01
1.947332821808083203e+00 3.056878567945276792e+00 2.100008102763540663e+00
5.743398645989046258e+00 1.012649524252877242e+01 2.302254444685716805e+01
6.306202826057817568e+00 5.498896809757011894e+00 4.656701837543248956e+00
3.477130062059732296e+00 1.043062188932075784e+01 8.225716185081580534e+00
2.095046642854813790e+00 -4.068776110667219115e+00 4.199678117760153873e-01
3.600560090615081776e+01 -8.431025406564474167e+01 7.781817275870433548e+01
1.331917286375110265e+01 -4.073581206629969031e+00 1.598229389668040845e+00
-4.229978249317257877e+01 -4.691693657809887696e+01 -7.773949155618986140e+01
5.430564824890072373e+01 -5.291715153013129935e+01 -1.377491986915029720e+00
1.257033243841298997e+01 -1.270083134177452990e+02 -7.584455897718636663e+01
3.932635752136975249e+00 3.658849919670168482e+00 2.074650433866342958e-01
-2.994092260012263296e+01 -1.692405531394119294e+02 1.606339599395713265e+02
2.234067053948553649e+00 5.895473183772340420e+00 4.003590923973577853e-01
-6.000709303169769804e+00 1.093568999456635993e+00 -6.993241117388909345e+01
2.214950922012662602e+02 -1.234819570529539874e+02 2.480421711201364587e+02
-3.798009186343495713e+01 -5.545228389726931084e+01 5.679438290917638454e+01
4.748254473421205546e+01 -1.397690733141162411e+02 1.703358981819610563e+02
-1.804642500856229681e+00 -5.066609372030616498e+01 7.219334577206291215e+01
-6.040202743609325609e+01 -3.114192867499748374e+01 4.062182624451544655e+01
6.258390941076963365e-01 4.831971696854598264e+00 -1.480363235177744041e+00
2.287972532185689190e+00 1.265713576798720652e+00 -5.013043150681226301e+00
2.078738011136828732e+02 1.477698044780303803e+02 2.986929808122915802e+02
1.668496104960566129e+01 -2.052119853053952738e+02 -9.525927434890539303e+01
2.625600216671833778e+02 1.201817096606980158e+03 8.361682081109981937e+02
2.698010491112174947e+00 8.157984315603599157e+00 1.210690364101220995e+00
5.542257232800393396e+00 1.317373380449047282e+01 2.885683316048235802e+00
-4.793827499896645605e+01 7.812090170964538061e+01 -1.068691412259159392e+02
3.754751888114472358e+00 6.805508220554646215e+00 3.949317966479159447e-01
-4.867909568397621456e+00 2.396814148058488314e+01 -1.162823978862332552e+01
-1.071427355142273541e+02 -2.033661812505821445e+02 -2.911758116052793071e+02
5.776240373146173113e+01 -1.216403353074219496e+02 -1.085673170000406884e+02
4.306054008167963687e+00 -5.522678086674963627e-01 -2.976369268371271914e+00
9.481371346157547730e-01 6.817238017479042789e+00 9.674307856348851598e-02
8.187051716790236355e+00 -5.571729758017079703e+00 -3.906724361327004402e+00
9.325073276942976719e+00 -2.459993597561807910e+00 2.383578324695227835e+01
9.256351392103459830e+01 -1.527294623802829960e+02 1.098884236325513655e+02
-1.312922040961121972e-01 2.281591478247674942e+00 3.966821960899451049e+00
4.802867267329092194e+00 2.369662209725298396e+00 -1.192933458095676080e+00
7.164610715369987837e+00 9.835778412920234359e+00 -5.788620654920312525e+00
