6.210316503144494504e+01 9.133485503478502210e+01 -1.105710428421053493e+01
6.880391679641517655e-01 -2.385352628949560239e-01 -7.357135002488737641e+00
-2.785427244535857660e+00 9.881264390411884335e+01 -8.794639619046115797e+00
5.073291047799429521e+00 7.999376139607344838e-01 -8.569167799016326192e-01
2.989767646446856553e+00 4.836501002536333971e+00 -7.424035142329930004e-01
4.971212101708802678e+00 2.938274701739194583e+00 1.218586156058713676e+00
-6.004449738432569017e-01 1.066653191970517689e+01 6.451848924653470263e+00
5.264998296845039505e+00 5.064448939905190628e+00 1.130543493682666156e+00
2.070602382698747412e+00 3.877801457561743881e+00 -1.341715505707718581e+00
2.888295092014514864e+01 2.121074586119706566e+02 9.449709710904657811e+01
-5.887714426234440168e+01 4.367274770622248070e+01 1.395110640435837297e+02
2.880827569341762207e+00 -9.577241351130303393e-01 -1.903640679446500616e+00
5.902317197169974605e+00 2.710686864869370538e+01 -2.261934788253291728e+01
3.013967689611197542e+00 4.306567872110286466e+00 -4.373198715649335711e-01
-1.284034665853149626e+00 3.591708191791758509e+01 -6.850592891739571755e+00
1.251633013296359564e+00 2.078973808717583083e+00 2.351795605067520945e-01
4.706712782969542985e+01 1.535058854889795157e+02 4.376354189412085560e+01
1.262937593647808114e+02 9.390531595396826958e+01 -1.455998813475637377e+01
3.672981663347573367e+00 6.993038817344802816e+00 5.960666553929288014e+00
-3.184814592331288452e+01 5.276991909108831891e+01 4.313651137675863367e+01
5.510899036101143622e+00 3.769404944446498096e+00 1.440563526046271914e+00
1.124600107867243892e+01 1.073940457171896057e+01 -1.714266661349504117e+00
4.217978951432341717e+01 1.053892035066091779e+02 1.134288505102855282e+02
-1.434157496943002741e+01 1.509370730801777540e+02 -8.545237581610444977e+01
-1.025631314244097325e+01 7.478754678115095089e+01 9.386915485227302725e+01
3.031874300765895214e+01 3.986702796356480505e+00 2.592976662552197276e+00
-5.484652394261357244e+01 5.152092242002481015e+01 4.525350802420798857e+01
-3.239528582125696232e+01 4.484352133347687186e+01 1.872514856792519922e+01
1.785706742525276169e+00 4.924990235146267104e+00 3.828933318562801613e-01
4.813050207335034969e+00 7.077991713229772941e+00 -7.643483401732039439e+00
-4.003726464505749760e+01 1.603629616767280766e+02 9.558076620088264974e+01
-2.107724865186817453e+01 8.688032763877596665e+01 -4.661249674887900341e+01
-8.489677115939145979e-01 3.427669397630547010e+00 -1.383940454617171634e+00
7.777619596449033779e+00 1.187052302809345861e+02 8.834805926087321382e+01
3.547508327599414035e-01 6.561951956958711474e-01 2.538359132813853947e+00
1.309114917466625450e+00 1.227437411206150841e+01 -3.454920419388621156e+00
2.082726225864979241e+00 1.621863462944901357e+00 -1.538311858055557035e+00
9.912894830543415026e+00 -6.817903871138666361e+00 3.545199173516045743e+00
3.785906037199747942e+00 4.134244844675485808e+01 6.336707016157026828e+01
5.853310452317446106e+02 -6.342840056350760278e+02 5.665478046666551109e+02
7.330271994622556520e+01 1.212322290946427188e+02 9.362221896383542230e+01
4.760055590206253129e+00 1.732079860695324314e+01 3.941160296733568913e+01
9.749618264480098162e+00 1.255419304008742687e+00 1.651555752954179468e+01
3.108234970897234462e+01 1.200770473481380236e+02 1.093472468395142272e+02
-6.370092701928715542e+02 7.286424098353763839e+02 -5.358290898184800426e+02
6.801195876953782804e-01 2.745622025161887692e+00 1.208266322594446107e+00
-3.979028127711221430e+01 6.963504624946756394e+01 -1.449591352399232278e+02
2.189752583228609328e+00 4.851628823327787998e+00 4.524555891424278720e+00
1.995282735226037385e+00 1.910733826689272608e+00 1.739267050274843740e+00
-2.225271588910156417e+00 2.941291621414776181e+00 1.390282526409285291e+00
-6.266467413576899403e-01 1.827629007096710723e+00 -1.206274678210743545e+01
3.256473255966491820e+01 1.483316705153552846e+02 -2.162873762049681829e+02
-5.196677121896325247e+00 8.752398798736219021e+01 5.639679662988793041e+01
3.706183137140388162e+00 8.212029397868462866e+00 5.265116739106947108e+00
-2.919299134289031628e+01 3.787452826828226193e+01 4.039796143433070919e-01
6.824371744656719585e+00 2.815336729189089393e+00 -2.674293170107611584e+00
1.004975249216626310e+01 -3.432971205666221692e+01 8.570396864853410790e+00
5.649017525379073312e+00 4.030091520478383593e+00 1.236824672576001483e+00
-7.056445387124504975e+01 2.121385023999763462e+02 5.954100839908707599e+01
-1.410307271146832742e+00 5.343748653050825936e+01 1.104648785479261797e+01
-6.673091606024957656e+00 1.130792732321939127e+02 3.598259254888233016e+01
-2.369409371322948061e+02 1.953145630681482032e+02 2.213275444469565230e+02
-3.870979372946037955e+01 -2.178176005272499793e+01 -2.796761910572963217e+01
-5.632941432219659816e+00 1.856346104032393995e+01 -1.857269489587798361e+01
9.450027491446626016e+00 3.432613294177651397e+01 1.150787310073724967e+01
2.779061894142585061e+02 -1.108697170210271565e+02 -2.281026987620472823e+02
5.616342062549133374e-01 -1.395358743022799164e+00 -3.744639212590934463e-01
1.033854039075706055e+01 6.420104380917905473e+01 8.373138661349978307e+00
-4.421272201969851068e+01 -1.780767208629229117e+02 2.722380192266168137e+02
3.332161505330667239e+01 -1.828331378615535385e+01 -9.004008234226807517e+00
1.854076864381116252e+02 9.853517808141452861e+01 8.372448399529753260e+01
4.327500903730143733e+00 1.720962660605940719e+00 -2.084384655111789719e+00
2.399152498783920784e+00 2.670987792245111514e+00 -8.385645019894607533e-01
1.686946640883390636e+00 6.960896631951726476e+00 -4.059294211373958294e-01
2.367616379321358977e+01 1.648961052687667461e+02 -1.823513653781945743e-01
1.027033064520323791e+01 2.460473849794332368e-01 4.251876274122067478e+00
3.274266710184125628e+01 -3.581166402362555345e+01 -1.219682106986858017e+01
-1.713133742274108329e+01 6.430755719720993113e+01 9.942342670544024941e+01
1.155148978369864743e+01 -3.048243986511097736e-01 -8.492109103584477126e+00
1.914627198109720929e+00 3.531062553688653516e+00 -1.047300827929700473e+00
1.996799345072806098e+00 7.351278789124523705e+00 1.767702381357443953e+00
-8.132584514540656073e+02 1.830759810472553113e+02 -9.991115151029925983e+02
2.133231575368116140e+00 4.253407593548510501e-01 2.186892228879280253e+00
5.432647122512231697e+00 5.907674222376696704e+00 3.519382884086419416e+00
1.758407786713391263e-01 1.588426726234963482e+01 9.808699072850886935e+00
3.287075136523877061e-01 9.283410507389268318e+00 4.577262749283429244e+00
-9.781405612244361691e+01 1.653146695436061009e+02 9.402879777846062836e+01
-5.923449068980678334e+01 1.395704971377937227e+02 1.182151337222418874e+01
-2.907527975582015145e+00 3.899092107722238687e+00 -1.809914325082279873e+01
2.442397281562560085e+00 7.786853772244885619e+00 -4.048180420871879681e-01
-1.830401530724830295e+01 4.499441791217633124e+01 6.255474567612635894e+01
9.283958897124835463e-01 4.084754484391010187e+00 7.666351474032502722e+00
-1.064151676712704031e+01 5.831659674567893603e+01 3.232674938651441954e-01
1.237404034606438152e+01 1.010198377574752726e+01 -9.629860990014195821e+00
1.049600172322915270e+01 -9.393430665464534979e-01 -2.559732384363680779e+00
1.086747172293357977e+01 2.961651496965899355e+01 2.266339177584763664e+00
4.623117405908849342e+00 4.442969087919918181e+00 -2.471885476245767599e+00
2.647407883732705969e+00 1.371386378460514877e+01 5.274377558410823674e+00
-6.191519321045225155e+01 1.640518712542922231e+02 4.174673312920757695e+01
5.852318410134363091e+01 5.779134638437368210e+01 6.992200221648914749e+01
5.127036483693063751e+00 4.077089603291646824e+00 1.398227423369262645e+00
1.144513937902338228e+02 -1.060816632504050716e+01 1.677400928749906370e+02
3.570321735863369206e+00 1.116261059508211773e+01 -2.755391954661639553e-01
2.378358353677478831e+00 7.959956633553575855e+00 4.340924988290312037e+00
-8.016703222508279048e-01 3.406597998710778619e+00 1.388389678938941429e+01
-2.289208853399862775e+01 7.173994532741878061e+01 -4.969403567758384810e+01
7.650557134964650174e+00 3.020822612194572798e+01 1.381880466092335524e+01
4.763434650618365573e+00 3.583088233237566200e+00 -1.923461432430099372e+00
-1.483937380057873057e+01 2.406793113222434854e+01 6.116609784147038198e+01
6.541262500914564271e+01 5.392044660126131816e+01 -6.627784842850374503e+01
1.696077417137696441e+00 5.704560291404471073e+00 -1.715109939859344346e+00
1.453593561750132039e+02 3.755505776426716125e+01 -5.814418095335809511e+01
6.130173352162285028e+01 -1.018530787727354294e+02 -4.762538981800045867e+00
2.103639699884683978e+01 5.686288382008791586e+01 -1.370704376325652873e+01
2.098115332966096758e-01 1.631233747955477487e+00 5.973030335813336866e-02
-1.235236796985091559e+02 9.300922690384128089e+01 1.318702582121956368e+02
1.259160410072544494e+02 3.897449537122552954e+01 -8.873589604618869586e+00
3.086681331339223533e+01 9.948589268317331857e+01 1.042276991636671539e+02
5.421286359423648449e+00 -1.410159586350251004e+01 -3.283146579913218677e+00
-5.960035047329263591e+01 -7.699762584483576688e+01 6.486284291506871114e+01
4.753098464999949258e+00 2.580210319470942792e+01 2.263136670684833973e+01
-6.506536025450262741e+02 -4.129917053749142042e+02 1.781176301859078649e+03
6.390898139477667428e+02 4.538194707743023173e+02 -1.747592663086056064e+03
4.665831253722256378e+00 5.973099147701601552e+00 -1.543301797427048871e+00
1.699371780412934285e+01 1.335708088959804662e+01 2.447128509314246969e+01
5.267772344631083570e+00 4.998401766469339869e+00 7.264184426450889243e-01
6.568981490516558885e+00 -1.982148606749131403e+00 5.507704987832805266e+00
2.299851534063433789e+00 7.003647061227539439e+00 -3.436891390346414443e+00
4.544311211149053342e+00 6.562312862294796822e+00 1.388362714673639253e+00
8.912028753656707636e+01 -4.688693382293577372e+01 -1.074670846125346770e+02
-3.747490632252055143e+00 1.355121908469307890e+01 1.003034807840211151e+01
1.570699172334748761e+00 1.661524620904581084e+00 4.701121799107479404e+00
5.734282511424397377e+00 8.555045654333847338e+00 1.084791852204378682e+00
3.264230406249026117e+01 -1.061752589739824160e+01 -6.195976914406385561e+01
5.778651578103290554e+00 3.955458482581947877e+00 5.926101915399470954e-01
-2.086090611789478544e+01 5.435401396829578857e+01 -1.972752714001723717e+01
3.464081291625146264e+01 8.722657372538512277e+01 1.613436926940162408e+01
-1.919197280204975486e+00 2.299313429484437954e+00 5.801157068678971740e+00
1.774696566542095955e+00 6.939101514646731417e+00 2.945330183405722835e+00
5.355018076188685860e+00 3.795008449382263116e+00 5.683445245119312261e+00
1.395601532358358554e+02 -1.112895907270403768e+02 -7.838013169318136306e+02
1.615672697733995911e+00 8.258972198469169257e+01 5.449627480897951415e+01
1.225363383467832961e+02 8.760232187008280391e+01 1.602820839440790621e+02
-9.824163199048179251e+01 1.485684285869235168e+02 -2.195446628200732420e+01
6.439510659339013898e+00 2.835624689500201079e+00 2.696417005097369923e+00
-5.890876544890227962e+01 4.548835003056642989e+01 2.750645317981535953e+01
7.704707292535559748e-01 4.987957613504089061e+00 -1.093962419243045048e+00
2.167242741251792779e+02 2.511355331164699578e+01 8.098089973888548343e+00
6.660478372348358711e+00 -9.266464457466717874e+00 7.540188068837435864e+00
9.985579016907928462e+01 -1.377633063989916451e+01 -8.381446985963506791e+01
-1.507530819702240308e+02 1.764632802058994230e+02 8.296039729649567107e+02
-1.607891060467039068e+01 3.866099408775158253e+01 -4.578121333161382012e+01
-7.340406561015984099e-01 9.434627360344927993e+00 -6.355118023085376322e+00
-1.029612740952211243e+04 -2.588600360510833707e+04 -2.030973089047049143e+04
3.789377027036541001e+00 1.667889964449851714e+00 5.599912585162794443e+00
-2.458774824617814829e+02 1.871135037900762086e+02 -5.545183826191882872e+02
3.932279756335276488e+02 2.246011262100230397e+02 -9.437643649241691719e+02
-4.200535321125365726e+02 -1.936448100680693472e+02 9.330283685690731090e+02
2.406218124972382633e+00 5.056940510942501632e+00 -6.538550510487352696e+00
1.031355893337582165e+04 2.589855732079048903e+04 2.032386690474283023e+04
4.569395765334909356e+02 1.007791303460190647e+03 -1.133217612423273295e+03
7.501139596636474671e+00 6.730866194580817918e+00 -1.041079836033965700e+00
2.778595600756473161e+00 8.561316584649182104e+00 2.511144577708841474e+00
-2.219843995757567745e-01 3.612315048606549617e+00 1.351417927398395502e+00
1.626163692587489891e+02 -5.161923023650519582e+01 -1.563383913975556538e+02
-7.266263082628383074e+01 1.038797139931314604e+02 2.403468155173288494e+02
-7.065524014226698402e-01 -5.816092851435353595e+00 -9.349743123149956148e+00
9.395933978128228503e+00 5.039375636732890484e+01 -2.206363103001332604e+01
5.696189767206376331e+01 -7.600361209117798467e+01 -6.964331585312974937e+01
4.072136807823429905e+00 3.771141938464370291e+00 1.296087041371193127e+00
1.322601145303586190e+00 4.407859547350240881e+00 2.849314760114563416e+00
7.528211701148045165e+00 1.152714457237436818e+00 1.300119999929062242e+00
7.251578124407560111e+00 -1.734520165960717009e+01 -6.545685987831664221e+00
1.941505143064005345e+00 7.719237587086038133e+00 3.067934106067427003e+00
6.195716639948580351e+00 7.016856194916494260e+00 -3.085385088334852810e+00
2.889161635413690306e+02 -5.199437961533169528e+01 4.116508706818723908e+02
-4.812554548177895413e+02 -9.794793610344767103e+02 1.169155227446365188e+03
4.639167931803859801e+01 2.521216263458202178e+01 -4.938323919286543018e-01
2.044256667828214091e+01 2.221511692823061423e+01 -1.640547853973162518e+01
-3.097325494393926704e+01 9.764809922322073987e+01 3.147612953342353848e+01
2.751673202799373996e+00 4.186644080596691353e+00 6.752437202957812801e-01
4.383750496229017024e+00 2.495328950702467630e+00 9.557733943974375812e-01
1.111222802544785964e+02 3.408500270733328819e+01 -7.899837689947618813e+00
1.595167532092708917e+01 9.712788142416552972e-01 6.341308647393078957e+01
-3.359556496213172068e+02 1.515622975141183133e+02 -3.557175960875707688e+02
-4.307606887472790747e-01 1.472586519660543214e+00 4.400074895238073047e+00
-8.807174769924140278e+00 9.739873603975237160e+00 7.219586299927128081e+00
2.748377741360565008e+00 -2.346642261256887796e+00 -8.539098539248589859e+00
5.182846812324862107e+00 1.364462085001052571e+01 2.778301967431483277e+00
3.667124845517425236e+00 2.664581725642011456e+00 3.257628179719915362e+00
2.675334267633251883e+00 -8.144002096369733490e-01 -1.577038134572702699e+00
1.057353229792072824e+02 -2.204993896555944133e+01 -4.253347081172433946e+02
-1.082434810445296023e+02 1.487817660797467738e+02 1.212981204611023287e+02
1.463054778659174771e+00 6.715952952513642771e+00 1.162708282222829226e+01
3.190116767163287292e+00 3.225364835915013106e+00 3.005228293457060662e+00
-4.444521029254721611e+01 7.735405143865321520e+01 -1.405828112302310373e+01
2.647290144053408767e+01 -4.206227155567265186e+01 6.092148944829564243e+02
1.068997846382763228e+01 1.045578954420762052e+01 5.340903759357107816e+00
3.549266764068451652e-01 8.307010891584283740e+00 -7.759329796503795507e-01
1.988762977680021748e+00 5.862146094345341396e+00 5.810601748762693752e+00
2.897234156453608378e+00 6.206355108128007725e-01 2.923784661408992402e+00
-3.210805245386349043e+02 2.360153256598193252e+02 -1.833184324046344216e+02
1.329323385205724435e+02 9.019533842721526185e+01 -8.726194229365719934e+01
9.317863399898183729e+01 6.091266873725889752e+01 1.374968656261182431e+01
3.447260038087694767e+00 5.680340435586753500e+00 2.718100672519327521e+00
5.865357006221885605e+00 4.804324019878528418e+00 1.538951952575088988e+00
-4.657480831976280378e+00 3.193350667037499591e+01 4.417269590941057089e+00
3.839869987027240086e+02 -1.675909875675430101e+02 2.097822667193952668e+02
1.284783134829856088e+01 7.213893572761236328e+00 7.628942605108080421e+00
-4.631267660684103049e+01 -5.395430493757964996e+01 1.452872502592721276e+02
3.838659077273088194e+00 4.373682949670720355e+00 6.402282936508507660e-01
2.583782116183906297e+00 5.039701885699638062e+00 4.129593580305515488e+00
6.340600167540938470e-02 -2.327625075724379045e+00 4.216725657711063668e+00
-3.622858751637588881e+01 6.488691376895093299e+01 -1.651825311777952621e+01
2.337826547269546751e+00 -1.623181847541759204e+00 -2.372347023811254729e+00
1.774731256431876503e+01 -6.953262253246514923e-01 -3.683499100165150963e+01
2.171448984213371958e+00 7.543907664593904272e+00 4.126025517920418828e+00
3.914166191116674298e+00 6.113407011246687617e+00 -3.380168354098571193e+00
6.216238398630544282e+01 1.619272926150984517e+02 6.099583697175197017e+01
5.631581168593011277e+00 9.781879103783825968e+00 6.487001246804563692e+00
3.263551707277335900e+00 -1.489535705169467428e-02 2.629456885781066955e+00
2.849902868869794936e+00 3.936336414389379534e+00 5.771410836113086695e-01
5.242307048875721520e+00 6.524018717891431507e+00 1.868448497970679689e+00
-4.502380556749194795e+00 6.685963662864798707e+00 -9.350958521490243314e+00
7.877470399315733118e+00 1.470480895321759185e+00 -2.241677294286275934e+00
3.965854091558248307e+00 7.443952154088426809e-01 3.777148860050557611e-01
2.254571871778971115e+00 1.689651473562478134e+00 6.955897651538136550e+00
3.527794618324490372e+00 3.025927797050625756e+00 -9.701617366421926292e-01
5.235669661690032939e+01 2.135016000919901913e+01 6.357696610502927115e+01
3.861634657676732640e+00 1.343361592385714331e+01 5.892894552927117502e+00
1.641591322900263439e+00 9.558031230842015447e+00 2.240884259495349529e+00
3.731193100294069254e+00 -1.591265544732493264e+00 3.229978605873653041e+00
2.994247310266604956e+00 3.534574081894896302e+00 4.050443949842331692e-01
2.072463887896444756e+00 6.391285862649385585e+00 8.025062670697922229e-01
-3.291699595491195396e+00 -2.874344803231967393e+00 8.791667605231397786e+00
1.338068861740296995e+02 3.511054750888493459e+01 -5.110804860965694196e+00
2.785670512677001831e+00 8.018031083505498202e+00 5.623403426513316816e+00
1.264346472053604842e+01 1.572030350552125988e+01 2.522888973997624618e+01
-3.675766113420921499e+01 4.850903359240884072e+01 1.460338519323525119e+01
-1.200775795660546663e+02 2.210093360506220961e+02 2.117036725594861366e+02
6.410526005534471494e+00 -4.763269453620488036e+00 -1.388705709239123287e+00
-3.898033770786574870e+00 4.983011037534258669e+00 1.389601969081180943e+00
2.852925627768953198e+00 4.537546599184551610e+00 1.147515942257986143e+00
1.718061438737664925e+00 4.695566983536933137e+00 7.143362954117646879e+00
3.609419037807836617e+01 1.675093455340373083e+01 9.380531045202452844e+01
4.927873429140884554e+00 3.343850425078103150e+00 2.469953141559706467e+00
-2.532011287823918266e+00 5.915087338327047028e+00 -1.111595243317012560e+01
-1.364630278378059103e+01 6.508818467802732322e+00 6.647034020009008337e+00
6.112897982351725990e-01 5.103100257289598929e+00 1.241324877361801082e+00
2.355126164740584116e+00 5.543893820684611562e+00 2.500490289685101342e+00
1.218433965652155315e+01 -2.658801270887262369e+00 1.115324891308374688e+01
5.656607759553473613e+00 4.423893306092846700e+00 1.185580187342991199e+00
2.627673134550668088e+00 3.861159262869157338e+00 1.339692560825056500e+00
2.487605761214089384e+00 2.977524412070752469e+00 5.489640100115381394e+00
1.034721547623452365e+00 1.809490557306413283e+00 -1.715355307636214910e-01
-1.675973095012141201e+00 4.107949262282300396e+00 9.956594585238004669e+00
3.424432050447815179e+00 2.351031696376965741e+00 -1.334118070118780963e+01
3.530365995002210155e+00 1.152410645196934169e+01 3.792703879052372162e+00
2.395758583156453625e+00 5.678163183323065688e+00 2.362867820886415338e+00
7.911449492800817218e-01 4.683852958611032591e+01 5.490877528124007512e+01
4.577268235177826483e+01 2.537567883808537772e+01 -1.492412890613892262e+00
9.491894795869528778e+00 5.987745496411511770e-01 -1.819570550813669474e-01
2.359033953064961679e+03 6.220421041198206694e+03 -3.509884317807905518e+03
-2.310237361796005644e+03 -6.213143948233222545e+03 3.546680005025540595e+03
-3.789174462947095368e+00 7.224690152281369571e+00 -3.616511016163595826e+00
8.513471843701108810e+01 1.594014838513559766e+02 -3.943532259491132663e+01
-3.034416014051592114e+00 9.917218805626312417e+00 -4.473924739253769545e+00
4.903889055415807441e+00 3.141893064511180889e+00 4.038852653133048420e+00
5.461158470382903474e+00 5.437754014855510576e+00 -1.308732488615568901e+00
-1.494769091192052883e+02 9.185950217916288807e+01 1.098673087931698831e+02
1.009631494404903762e+01 3.094915414519082475e+00 -5.367038973409125724e+00
3.258005911583439662e+00 -6.893125842152976190e+00 -3.003706488431818311e+00
-1.217187799189968000e+00 6.807275782581323931e+00 5.272746576193775070e+00
-7.861616807607699764e-01 4.249942974796576678e+00 2.497391239925162765e+00
3.728490838694446197e+00 -6.315503541340934390e+00 1.146519470322601819e+01
6.896333838194200538e+00 5.061033284855851022e+00 1.047591760979526665e+00
6.162357805534192323e+00 2.031748854320969855e+00 -6.428204601772674387e+00
4.813587364936645407e+00 6.331691191802780061e+00 1.306428994422577539e+00
1.075049584165288508e+00 3.127172463243135248e+00 1.758861007863288251e+00
3.112291659425027390e+00 3.327994954975262765e+00 -1.569562888591428784e+00
2.199145580497633645e+00 6.004626302871265864e+00 6.952678049787570647e-01
2.370003065228824646e+00 3.695160612781458909e+00 2.851769746034245046e+00
9.499655100822435028e-01 1.078241933030064814e+01 1.710653530554710144e+00
3.177045344839672047e+00 -3.900040754734812154e+00 5.584202320850701895e+00
1.434882253157001797e+00 -1.660918248502815331e+01 -1.190165220503924814e+01
5.578383208907660595e+00 1.907760652396227385e+00 -1.559116418198181808e+00
5.101599728823293489e+00 5.169544514302093496e+00 -1.182218436546687901e+00
6.886194806243594257e+00 5.797043784201788341e+00 -3.050884055940773276e+00
7.793429724852698470e+00 2.406825138376410766e+00 -3.630894680502914085e-01
-3.841342855528474765e+00 -2.210181200342840935e+00 -4.609887152272325928e+00
-1.849221478558098397e+02 -6.876289601911049942e+01 -5.743194395241095407e+01
1.191649538641673090e+01 4.882367869123800119e+01 -2.445153876214931188e+01
-8.418095231168263126e+01 -1.092631125429576429e+02 -1.410339892758991311e+02
2.424042004612025458e+00 4.167124890421815664e+00 2.333457314331917942e+00
6.389046044130806123e+00 5.282435683411471672e+01 -2.417608149247793037e+01
6.657699590224647856e+00 4.539156629961641265e+00 -2.232290905291313354e+00
4.069995531325533378e+00 2.072332682977873208e+00 -2.200263978352979599e+00
5.533895595538273149e+00 -7.280882367990806348e-01 -1.039246384617989349e+00
4.324012297138867922e+00 6.858963309126950847e+00 8.280347151304929820e-01
-1.836245596378221876e+02 1.154593817109760607e+02 -2.369638583986696005e+02
3.173238363338930768e+01 6.647282545292556222e+01 5.692010719026198018e+01
1.074682572529526169e+03 -3.190434443385079248e+02 1.692579225934736371e+02
3.559970589123556906e+00 -9.283483277690212088e-01 6.070866864328369417e+00
7.824520211095065125e-01 8.350622845829715146e+00 -1.795913767426749741e-01
3.412737746244067694e+02 1.104060973668880251e+03 -2.516309518902720015e+02
1.142023619854817706e+00 9.752991542111068668e+00 -8.689789439064966814e+00
7.429323983270462506e+00 6.804091846715683900e+00 6.384268702510821569e+00
6.126524190908858358e+00 3.243555327179573844e+00 2.317885533003166909e+00
1.589167797108375080e+00 1.415423590241930096e+00 4.399841778121287739e+00
-1.671638132670526522e+00 5.308842659530039754e+00 1.686671737201769439e+00
3.804768465505898867e+00 1.017599495352793149e+00 2.144414434889810206e+00
8.911888407460720529e+00 2.642629986559187572e+00 -3.480164205674710770e-02
1.089932298851503276e+02 1.654574180254519078e+01 4.873035761743644656e+01
8.522612350854396723e+00 1.850078431744049290e+00 3.865276154454354351e+00
1.064009758904431813e+01 4.196854195691976486e+00 -6.843831511786760302e+00
2.521625054532935906e+02 -1.206276054002821070e+02 1.185406769714071800e+02
5.977758266014727706e-01 2.298408477693248742e+00 -7.724682523120695699e+00
5.416506379664441262e+00 3.862019557084221510e+00 1.276588770434435305e-01
6.294671270083426862e+01 4.635085350712720498e+01 4.478653490454122732e+01
8.665436691599069263e+01 6.277686924770377885e+01 3.702963837383732226e+01
5.304422905953368428e+01 1.215115928194633632e+01 -1.258596719486034488e+01
5.802138423684169766e+00 9.926295822819987791e+00 2.411707377642716699e-01
8.667017206580531763e+00 -3.094518061565770584e+00 5.934052855400774540e+00
3.767406875466717597e+00 3.895186442165896601e+00 -1.345404211588287158e+00
3.901910420552186842e+00 3.864795599855548325e+00 -4.321684743976634380e+00
6.464297694720390730e+00 4.461352942152362999e+00 5.155854185584135330e+00
1.394303805042157762e+01 1.550343527910334629e+01 -1.467066149158321053e+01
-7.084314367405280564e+02 -1.201785269375983717e+03 -1.645473345861543066e+02
-2.093192255569371607e-01 5.593911853706922344e+00 7.738961406882527427e+00
-2.532864449510016769e+00 -3.824413520737132144e-01 -1.614447334290557201e+00
1.935265847986988863e+00 5.048025764270013482e+00 3.239733530658541305e+00
6.987912867279268880e+01 -9.496364464923722437e+01 -2.934053398880698182e+02
1.503528385634724795e+00 2.651895036750496537e+00 9.211634524883720587e-01
4.721572699856745103e+00 2.076485140399251250e+00 1.584806873863339849e+00
6.671017025796000866e+00 1.423538691009713197e+01 3.578983467851287958e+00
5.927220493860806627e+00 5.862056243823699830e+00 2.107307355647028313e+00
1.036449571270416072e+02 -1.017609659092096663e+01 -2.431649318042668284e+01
8.959110008054928187e+01 3.691658054837562020e+01 -1.738034176043688461e+01
8.244312533090383113e+02 4.379478266792195882e+02 3.319125174297825538e+02
1.262624797329127802e+00 4.246101920171570399e+00 4.195820973531633191e-01
-2.769046431392374075e+01 5.599706567167483229e+01 -2.403144355049179559e+00
5.107968137922888729e+00 9.511908706834205418e+00 5.117512159236775382e+00
-7.183330539733981723e+00 7.977173474097718486e-01 -6.083863831441346903e+00
7.366982757020643930e+02 1.216934345593849685e+03 1.782318268638406948e+02
4.034028471944574257e+00 1.134670673765137039e+01 1.038523245887438239e-02
2.735844709053350599e+01 9.325141589737901882e+01 -3.520917583885164959e+01
2.675272940934352306e+00 1.366449341947877372e+01 9.504779159298005098e+00
1.838408756273759437e+01 -1.755293091178610609e+01 6.565881054386772497e+00
3.234000511254432126e+02 -1.295738405996100255e+03 1.426040996572965241e+03
4.961405376478106533e+00 6.571600584145834034e+00 8.689969872777647542e-01
1.075193158123860471e+01 1.043883453914535764e+01 5.205146118745309636e+00
-1.350863974368186327e+01 -3.648989526864122013e+01 3.888106606565230550e+01
2.500505853920952859e+02 -3.240481936907312956e+02 -2.836763651216714166e+01
-2.304015694060597070e+02 2.982591320625681419e+02 6.983940252211158395e+01
-3.359340283537634946e+02 1.303241695352243369e+03 -1.412196724571938830e+03
-5.144530371854693840e+02 3.560924519615467148e+02 -6.145674668879165665e+02
3.595149659451426949e+00 1.011142469417855416e+01 4.242720421524886376e+00
8.678614757012874747e+01 1.844272081000770314e+01 -3.965031007654410633e+00
4.095571888044280406e+00 3.335493472969419670e+00 6.960087530707990133e+00
3.865274101882502755e+00 6.504326898840590232e+00 -1.088743668223896677e+00
5.046660094671705110e+02 -6.963295967172243195e+01 -9.479795790040000725e+01
-1.119246476561220788e+03 2.543174057451685712e+02 -2.336543440299243457e+02
4.649979074284409819e+00 6.264623531323689321e+00 2.241248139501807124e+00
-5.230339320021242244e+00 9.162622321208134579e+00 -1.123095081793629468e+01
8.913614096935347675e+00 -7.850415401642756308e+00 1.147050269129208644e+01
1.318251590385766114e+00 6.423216443891400118e+00 3.162747679045957216e+00
6.638736174018645464e+00 -5.491681476374647985e+00 -1.781781019027767865e+00
2.966296171249954927e+00 -7.242147399704720989e+00 -2.883329320651820460e+00
5.622745253397353871e+00 4.899528417363177013e+00 1.066323821713139886e+00
-4.440848391136865985e+02 9.730645095284675961e+01 1.393258593874960241e+02
4.603583505897787198e+00 5.620641205875112512e+00 8.891887956998807407e-01
3.352550558848326645e+00 1.162499148526989767e+00 7.085899936894248796e-01
5.250831339382884835e+02 -3.351468410445794461e+02 5.536845111037938523e+02
3.771051038617804885e+00 8.069786036811763097e+00 1.770608320389503998e+00
8.513575856137151732e+00 -5.307488658376380286e+00 6.399540581383750260e-02
1.959189474987008683e+00 4.874089345024541053e+00 2.297981880321976700e+00
6.570579106992048501e+00 1.536007929441166375e+00 2.034527734205605398e+00
3.325643529193217596e+00 6.072446131910504974e+00 2.618663034965761138e+00
1.015021615863522797e+00 3.396335048837907600e+00 4.204551404534197623e+00
5.649162173888100824e+00 6.834407442158775936e+00 6.044151919690819774e+00
9.224651430028197652e+00 2.555312551308643876e+00 -3.000885412778664940e-01
4.884211165688030931e+00 -3.791970454390363621e+00 -4.697080614902502393e-01
2.827739564557959717e+00 -1.012809141288830928e+00 -3.197108021201008898e-01
-1.394635597082357776e+02 -2.408074704749527939e+02 -1.445145102723968193e+02
1.468407525378545841e+01 -2.562586944492318253e+01 3.323475893973763640e+00
8.677531707937273353e+00 7.240198470099412642e-01 2.411771912360666903e+00
-1.437052449020776521e+03 -3.059025120085884737e+02 -1.580717563166460195e+03
5.823157968567124421e+00 3.873508713076716958e+00 3.102956945303199987e+00
3.867034366214665564e-01 -1.905038248319137040e+00 4.380773851606134528e+00
2.349542006318298348e+00 -1.322119993523137360e+01 -8.059813149577292890e-01
1.998704504841856888e+01 3.390576571966842323e+01 1.614692735976144533e+01
6.881936322298023434e+00 2.025786633159434302e+01 9.029426110195238664e+00
4.820210344307227501e+00 5.322770467160375318e+01 1.465282163246861558e+02
2.335536745563440153e+00 9.296243425279797634e-01 4.026483718688560032e+00
2.752269545304876441e+00 5.252066878687092100e+00 1.141598890639017760e+00
4.318046471772380102e+00 5.927335903619739277e+00 2.088924084695562122e+00
1.190843259982294811e+01 1.521349223418287444e+01 -5.847764132778755730e+00
-5.510793015003538464e+00 1.516963867627085172e+01 -2.706475473920871844e-01
-3.532754314715166402e+02 -1.435194343536572603e+02 -1.905060966580073227e+02
3.222417886375189333e+00 4.695966030468371244e+00 5.234243852366487815e+00
1.265439855042609807e+01 -1.909219636241485274e+00 9.154622273646706443e-01
1.301394815570819707e+00 1.282281027927002270e+00 -1.174699490800619861e+00
-5.494821787977977046e-01 4.545716483917304096e+00 1.049921196511628274e+01
4.513459898540952975e-01 4.879216044266471819e+00 -3.763322048928815500e-01
3.785803504035771816e+00 5.135386023945568645e+00 6.723576539814722253e+00
7.589894996124478439e+02 -8.153561328104370887e+01 7.515308544851515080e+02
7.913992591523610898e-01 3.551853606593025070e+00 5.244046642124982061e-01
-3.689433367544588283e+00 3.326182925743268015e+00 1.294839910719021248e+01
3.374184274741965694e+00 6.404927492496981678e+00 -3.745566233549893376e+00
3.538359385543499602e+00 7.003646139830269846e+00 2.518365772133914327e+00
6.945289345204873399e+00 2.693415435672215530e+00 3.434821619501390444e+01
-5.772046663614567308e-01 3.659172648662343263e+00 -2.569393501911271804e-01
7.932752523848326121e+01 4.405581837636640330e+01 8.401140929073486419e+00
-6.679081950788040558e+02 -3.102636783204609969e+02 -2.911889090120680521e+02
1.708648435509950048e+01 4.731999419970056664e+01 -7.082636497085657368e+01
3.952500582435758858e+00 2.924529974010984468e+00 -4.069053861375078185e-01
-8.581094488411352359e+03 4.019993229931080805e+03 4.165659643479572878e+03
8.604739074318767962e+03 -4.008630095800467643e+03 -4.153276682741732657e+03
5.005174603993690852e+00 7.979660506787348950e+00 2.098255857477389519e+00
7.570752024768901265e+02 -1.093521284839337540e+02 -5.944064141015480800e+02
7.298876585528844885e+00 -7.106661827431431933e-01 -1.059552229457945360e+00
5.526023248288256084e+00 4.961199552833909010e+00 1.281680168817830090e+00
9.664555863216538967e+01 2.907213007821446027e+01 -1.947201051060979182e+01
8.120281722125843871e+00 1.818968608283067212e+01 1.703116521186642363e+00
2.609152621601297284e+01 2.761441134897951315e+02 -2.193603628836181656e+02
4.526461172097194563e+00 5.493091875766438648e+00 4.750479006622132516e+00
5.942846578274181724e+00 1.785890523723083589e+01 -3.084207940967708339e+00
4.093751947413323933e+00 4.945490053103467787e+00 -1.295561097685476781e+00
-3.284459115025767062e+01 8.222127098423474223e+00 -6.559518547055724014e+00
-7.718764699039425068e+02 1.283400009809458595e+02 6.538961551389853639e+02
1.099374880095584484e+00 2.320731610993837180e+00 8.457132025274456399e-01
3.825159020589877779e-01 3.761997444723025552e+00 9.070333699117435700e+00
1.012373274564334125e+00 2.865312454529268749e+00 4.824453127415679887e+00
3.508327965043958940e+00 5.172022148788523843e+00 -2.264065590456380761e+01
1.749936794064176127e+00 3.748652675382856181e+00 4.022767978545352285e+00
8.191459488086394458e+00 1.668472297280737315e+00 4.541939470753645125e+00
9.783507786255379202e+00 9.678181713344674364e+00 5.826295979353926668e+01
-1.934184134416218015e+01 3.097743387199124498e+01 -2.128016205036860242e+01
1.966099898368448962e+01 7.796700352878394025e-01 -1.091406174072994872e+01
4.629918053966158453e+01 4.351746303771898994e+01 -1.128861891919065101e+02
1.135950420051217602e+00 9.353458368821703672e+00 3.179737807244116254e+00
9.350538119984572738e-01 -4.379188784171648585e+00 1.732975790045296005e+00
-5.620042266911415840e-01 2.520179631007859911e+00 -7.504742388271703923e+00
1.333876739332056527e+00 3.951877410912766564e+00 3.030482595041516625e+00
2.366324679892328220e+01 -3.704201652495230590e+00 -2.266212833319275077e+01
2.274298106496710936e+00 5.726371027695524418e+00 -2.867316680988384325e-01
1.758916245341538565e-01 1.057280036518701394e+01 2.858788639121424779e+00
4.320318883420947387e+00 -1.994020976967437964e+00 2.360598899707846421e+00
7.733820170845179476e+00 1.001132768238883841e+01 1.688213821859615393e+01
-4.791967296097340068e+00 4.184050777138335775e+01 -2.923016943007506541e+01
-2.837328812324802740e+01 -7.383685266414370574e+01 3.148784875902186187e+01
2.256879313384566643e+01 4.378571511460903620e-01 6.911038257250389449e+01
-2.493177940540256987e+00 2.449428105443590908e+00 -1.229038474273720816e+00
7.382323271106146834e+00 8.600654625380977691e+00 -8.752869540511620805e-01
3.462377969046522175e+00 2.425251432758420478e+00 4.834174345245583204e+00
-7.069903362622815735e+01 -2.282314029065633321e+01 -5.226060750254339382e+01
-3.070948978436345200e+01 -1.838994481057077834e+01 -5.565783866721782047e+00
2.093463818510826613e+01 8.529507853773405657e+01 -9.820601440177678398e+01
2.800089181655294190e+00 8.323423468908655920e+00 -1.603205889006159346e+00
1.443951776412366828e+00 8.667855907972510821e+00 9.465017318177588734e+00
5.549455177444230891e+00 2.482794063000759444e+00 -4.084416001020695575e+00
-1.514047230769036134e-01 3.039133913088769567e+00 2.388566782922171061e+00
4.209560579807166469e+00 6.105029565873462793e+00 5.551664295781987946e+00
5.991085517026701446e+00 3.177513110856699186e+00 -3.370588525929231416e+00
-7.054324579754799061e+02 -1.659871994643752942e+02 -1.580636542912171990e+03
1.939885370242189424e+02 -9.279962594443362889e+01 2.065837148072029379e+02
2.969576492990916528e+00 3.375579195734403015e+00 -6.768148077873643587e-01
2.141303619420801496e+00 7.827934481305584669e+00 3.849106681259562013e-01
-1.061355361235424652e+02 -1.522910522524123280e+02 4.667506688591150521e+01
1.413541222998945024e+00 4.695575256663473418e+00 2.569615378419665142e+00
4.511547614987228449e+00 7.764563702173048476e+00 -1.867556496392311360e-01
-3.265415729818971213e-01 6.983574672999099064e+00 3.857738654933088984e+00
9.451541112957031032e+00 4.787011025185027968e+00 -5.750662280295392392e+00
3.898643620700964707e+00 3.581493133386956629e+00 -2.443305488199690068e+00
2.153802432136051159e+00 8.199734051492614029e+00 4.902246457277654734e-01
1.094803733538565993e+01 5.653559284823700182e+00 9.073147370293754843e-01
3.321274472991770033e+00 3.413686299016275960e+00 5.502964626445671747e+00
4.691303865489841129e+00 7.375165279275273988e+00 7.854195058990351974e-01
9.877556560865503599e-01 6.892603358476609543e+00 3.399402129440521669e+00
2.272941591375224135e+01 1.490551760507034018e+01 -1.329814513635564843e+01
1.140556175745923717e+00 2.794886898337459868e+01 -6.865157332604249518e+01
-8.317681431000410797e+00 1.060763168322462668e+01 7.627476457902735874e+00
4.453520293430708321e+00 6.142806033274387012e+00 -7.469967662326251201e-01
6.719936124450191528e+01 9.586688121401959251e+00 -5.092286775087374906e+01
-2.135701180828315948e+00 4.260249325648397090e+00 5.000463411458520468e+00
2.049773607843087930e+00 -1.083711326021713717e+00 8.806902318238851279e+00
5.014226198348587182e+00 3.446578392805946578e+00 -1.123308588862617530e+00
4.974281760990597157e+00 1.636436164973459118e+00 -3.401401575245768694e+00
3.358861121775416514e+00 4.529926127828137972e+00 2.469479649823627110e+00
-4.173980554520470605e+02 -1.153743057727309406e+03 1.630789632703674101e+02
2.647733387551670035e+02 -2.246913300627418408e+01 3.983147459632252207e+01
5.226153167467336047e+00 -2.560682923545893885e+00 5.498374991721257654e-01
4.711273849448587292e+00 1.910202169790588544e-01 6.367463825988865622e+00
-1.116415551427237745e+02 9.701439435871083106e+01 -2.145771772785657561e+02
2.089394780381117034e+00 3.382363386782887282e+00 2.306969758891616706e+00
1.101883003667864216e+02 1.713825740227268284e+02 5.180996233033108922e+01
4.702121170524987903e+00 6.473629961719081116e+00 2.352786003368968260e+00
4.023069549658645272e+00 7.968909769185931857e+00 1.612940793664354278e+00
-3.104215366072521078e+02 5.187340195384195596e+01 7.133730853797882787e+01
2.301099254289452389e+00 5.988825744320098288e+00 4.122672628198364109e+00
5.049507365876777953e+00 8.330745809374539235e+00 5.666556833341870991e+00
5.591200280420747731e+03 -1.267069247895517765e+04 -1.258993846064898207e+04
-5.574688765492507628e+03 1.267601028513549500e+04 1.260364327442841204e+04
-6.450851516247320561e+00 6.345196827726120148e+00 -5.266114211489815844e+00
4.749665082001131466e+00 2.294792946621012408e+00 -1.960546872108342997e-01
-1.259162271573497360e-01 2.729357872592763634e+00 -4.402372273395529056e+00
-1.905170630179069491e+01 -5.316540223473233340e+01 3.845060523335988023e+01
2.749749791458751424e+00 5.138811456542693890e+00 -8.041065805894752616e-01
5.999411645828525153e+00 4.285966255044272089e+00 7.084294482816834382e+00
1.917482251034522966e-01 3.399968419577123480e-01 3.038489290519635233e+01
3.699178555375144839e+00 1.469573264996693140e+01 -3.521355049645783275e+00
8.710267166278978834e+01 -1.361647940553096419e+02 -2.046869721842245582e+01
1.299673624709266839e+00 6.813794079407673898e+00 4.849431691331921535e+00
2.757660531471096910e+00 1.580990978957255422e+01 6.756887277614710641e+00
6.178699118106497856e+00 7.619287640735962874e+00 -2.622894974059376771e+00
3.709798053116458938e+00 3.001903655745890909e+00 -5.546378486295653332e-01
-1.733194760447388916e+01 2.346958623947787004e+01 -3.136260560266299535e+01
2.246302642534094396e+00 8.244000240403714486e+00 2.749951973588286691e+00
1.153412026892963027e+01 4.711672056672130404e-01 3.687059839039238796e+01
2.296772080545348427e-01 6.306478211907303510e+00 5.785940447592190949e+00
3.550172292869791022e+02 1.800465380237565398e+02 1.137726517263717767e+02
1.423529567053842356e+03 2.593075514409138123e+02 1.615227211347263392e+03
4.522141164858463069e-01 -2.275741693379490727e+00 -2.708055529126423000e+00
2.974577718812163596e+00 6.725598096587474650e+00 1.151961634908464926e+00
3.755192094952583659e+01 1.203699370563348481e+01 -1.084278607953233475e+01
1.963890599122396718e+00 8.214635752089307630e+00 3.379736318768933323e+00
4.596419428332838564e+00 2.919551181051721400e+00 4.508463683458977300e+00
3.983915529502176867e+00 2.583993872427247318e+00 -2.342227353759556152e+00
4.542875512782185154e+00 6.467325811494911925e+00 -3.422260059473025695e-01
3.673661000915721120e-01 3.066564793123341737e+00 1.790067597252226861e+00
-4.849320269327851207e+00 -1.602920391124534660e+00 6.077974167026207297e+00
-4.043442908107163447e+00 1.784771914296082507e+00 -4.065006425894875930e-01
3.703826203941641637e+00 1.030936338895068261e+01 5.300565878595147495e+00
7.942614280794257908e+00 2.149209371712423433e+00 -3.199714624727592938e+00
4.705700180684197598e+00 4.870993030953018277e+00 1.502062920676531244e+00
-2.919122393136825089e+00 9.084985987214437841e+00 1.200221298592720665e+01
-8.447387606408898186e-01 -5.575228259425763611e+00 1.122554716686707899e+01
-2.509646771243188024e+00 1.225931934245138955e+01 -4.536097061714976952e+00
1.033534481189147769e+01 -4.689458166077066892e+00 1.072250142879751991e+02
1.382317656333354128e+00 -1.145119146692690038e+01 -1.174061251024537711e+01
8.038820692094654774e+00 3.100331669342575758e+00 3.852264184544743619e-01
7.271400132612817480e+00 3.986836219349632060e+00 -3.131596977512788538e+00
3.003771868301859271e+00 4.728570545412672743e+00 3.735011313489700058e+00
2.641772528200642789e+00 2.484170985915615759e+01 5.003746244024422651e+01
2.842817961718614228e+00 4.739536282249099841e+00 9.562001665584625165e-01
1.444592624788274904e+01 4.540677000174734701e+01 -4.381178693330397778e+01
6.228657339639296353e+00 3.402638989863698171e+00 -5.671544816632383856e+00
3.827097612596966680e+00 5.558357607048076687e+00 1.217298536958211663e+00
-5.440113134814122304e+02 7.200224203346141394e+02 -4.665059085897509306e+01
-1.535481121358623113e+01 -2.182237858326965352e+01 2.164326950755408063e+01
2.961525959460972857e+00 5.708164086075287358e+00 3.052421356129986219e-01
1.371869176388992972e+00 4.408171556128930746e+00 6.442427082495040258e-01
3.033258843834203411e+00 8.658706213894754811e+00 -4.731048544972272785e-01
2.390655641036254941e+00 5.052076737615792901e+00 3.669442993351404780e+00
3.594184293302080668e+00 6.260314916395997464e+00 2.634661186989286197e+00
1.296587698126890054e+01 1.574567634824181361e+01 4.751289993060197503e+01
5.972213305046516325e+02 -6.993451968743280531e+02 -1.047811989214368467e+01
9.553329208990115617e-01 1.511400595721378259e+01 1.220982968254324952e+00
3.478330607249861117e+01 3.478549280208435235e+00 9.962959755223721459e+00
5.502248030478233964e+00 1.980694343333864627e+00 1.878359753283447509e+00
1.846784205726900652e+01 1.466156998563760681e+02 -6.309791562862957193e+01
1.303809404334400028e+02 1.303527180182626353e+02 -3.284543435404890488e+01
4.805486964273720574e+00 6.639001260538610616e+00 -1.011365699426005982e+01
1.320466878372993147e+00 3.408127003965575330e-01 7.755846599140037156e-01
4.098198679763762620e+00 3.646901311954729330e+00 -3.661011046724441442e+00
5.012260228679224383e+01 1.737285831514754975e+01 2.177558148113362790e+01
6.591618106213228145e+01 -1.330492849829959923e+01 3.495634441035466722e+01
5.964754557269405844e+00 3.769090761701992420e+00 6.759272547624557426e-01
1.959640522624856995e+00 3.121380846741414139e+00 2.293321223270037290e+00
-8.248819734799360504e+01 -7.576039464622888886e+01 1.484003997490861195e+02
-8.062888759575383979e-01 4.536376551983641869e-01 -1.540806560964322447e+00
-1.141461741084274308e+03 -5.946063005166514586e+02 1.298197636901359147e+03
1.125977118552274803e+01 9.543779941488850227e+01 -8.238797052212159144e+01
1.573265929138115098e+02 2.748474310372324680e+02 1.787799543079991054e+02
1.151362415221606170e+03 6.057197918598490105e+02 -1.307991501494471777e+03
-2.289433696913662075e+01 -9.263673470976952729e+01 1.312629353110988859e+02
-1.863455059457874086e+01 -1.376293679878756038e+01 6.533563669283856257e+01
2.709795476154940985e+00 8.509264348356577301e+00 4.064905779307376399e+00
1.570118178065295034e+01 -2.250420656479513326e+01 -2.388455473804635290e+02
2.009808126374095494e+01 -1.084219086187713899e+01 1.144442008459746862e+00
4.208479712413489615e+00 6.141487414853562754e+00 3.169305998154087423e+00
1.747167133791556193e+00 1.766586278408104560e+00 7.325816683513126648e-01
1.008521620543500674e+01 -1.191735902866270536e+01 2.027215836260168658e+01
4.182333637307728935e+01 -1.219126301746360355e+02 1.682685363020452201e+02
4.620763388327581822e+00 3.207540778413450866e+00 1.352657868397040719e+00
3.659466256778409310e+00 2.925885430036816892e+00 -1.780009445437358284e+00
5.815791236701528533e+00 1.512658893257974313e+00 5.438492371639560119e+00
2.354855171048760631e+00 1.008291331515098221e+01 1.564621627662878600e+00
2.698443951543803010e+01 -8.374779312116896790e+01 4.780211212841647495e+01
5.438035548084745585e+01 -6.395225949265739018e+01 4.308801935458222943e+01
4.289851306297022937e+00 2.946801060141120310e+00 1.689903970168045610e+00
6.023068856760257717e+00 -2.501372124243737560e-01 3.370010156455051087e-01
-2.033203340532445225e+01 3.604160864994182134e+01 -8.526736387324277411e-01
4.625543654385074532e+00 3.746602199816645218e+00 3.273288073832872236e+00
-1.288117988040591655e+01 -4.675428592499932279e+01 4.597336341367413581e+01
5.919798075462868070e+00 2.865604816652237652e+00 7.477731580830322411e-01
2.931265576678086404e+00 4.356105255815380772e+00 1.609810783279581869e+01
1.657941665520667129e+01 -6.512558677132653884e+01 -5.484645926941638550e+01
3.396400534897232149e+01 1.966405604861321166e+01 3.025111908810716344e+01
-1.731525295906119482e+02 1.097572711007770039e+02 -9.548307808188479129e+00
2.554462404594390890e+00 8.277730472670590700e+00 -1.293550278125991770e+00
-6.269428343022731553e+00 2.728738902738180983e+00 3.956486533080969537e+01
6.828855948244139107e+00 5.229927005752577074e+00 1.009719454515832116e+00
-4.991861171630478378e-01 -1.191391002382693998e+01 3.405871861332794026e+01
3.457272583052906079e+00 8.201541503168815694e+00 -6.716461351744442698e-01
-4.457471373701299422e-01 4.219602333536496275e+00 4.442692139241374294e-01
-3.426360513279024467e+00 -1.449899205930511492e+01 -1.112647017738595565e+02
4.004696585451178237e+00 2.364706257113240007e+00 4.120062747416892712e-01
4.690749676740225027e+00 5.405493675562947686e+00 3.089357350422788251e+00
-1.147882316627454102e+01 3.154179624032232709e+01 2.092388798460112298e+01
-1.450764406118494110e+00 7.207324589782120761e+00 5.849049440797019273e+00
-9.878031402178001485e+01 2.063229521969142510e+01 2.092359463327965159e+02
8.423720672631415596e+01 -1.269889910807127080e+02 -7.658516905216734472e+01
2.669772167889320258e+00 2.010174833342500911e+00 -1.310471441817486093e+00
9.555371381838613232e+00 -9.047307898523392566e+00 1.028128882314086212e+01
-1.205997256137233364e+01 -2.178664837532458876e+01 2.460517492068647982e+01
4.818319277515161758e+00 2.830821066677869702e+00 -3.467258694926351303e+00
2.244086037176993287e+00 7.775265239938640605e+00 -7.449105597704892556e-01
-1.481222441290643843e+00 -2.268733951006460714e+01 1.053749776972662389e+01
-7.016025342775456863e+00 1.457375149808612136e+01 -9.306987576992304056e+00
7.294159784719189688e-01 3.519608598252186304e+00 -3.537335230743879677e+00
-1.715781064869363215e+00 7.874038926386141668e+00 3.254903508031743442e-01
3.234581807356208927e+00 -2.020861024397945371e+01 2.790394520457947003e+00
3.808763235092294863e+00 4.477480014925940388e+00 2.883206000986501261e-01
-1.145895025181307503e+01 -5.741605322450852356e+01 1.034813415783823416e+02
8.970708129609478831e+00 -9.614824951407006104e-01 -1.560448268793829918e+00
2.057087071880757634e+01 -6.485819559742867568e+01 -6.058128027288535833e+01
-6.655948485307847662e-01 3.900228815987551556e+00 -1.115887850494869271e+00
7.984854259394789100e-01 -2.016833622826262484e+01 -1.103997487674153177e+01
1.876543460744603653e+00 3.541359940388836947e+00 1.368155175051232320e+01
4.755745920111046132e+00 4.731934642549239456e+00 2.055793101113962518e+00
7.521343484410003555e+00 -6.335647930868107380e+01 -7.145636980002345240e+01
2.948696438309861279e+00 4.174963141664548516e+00 4.428600746666236709e+00
1.128243683451520596e+00 2.137934340078004070e+01 -1.574691851994593605e+00
2.041727414868556023e-01 2.516251093042977338e+00 -6.057960155125424073e+00
-1.583363077957731093e+03 5.592285434289692603e+02 1.147362572788800037e+02
-8.777637016164497874e-01 -1.140895049141433937e+01 -1.249462239244511252e+01
9.232261611529193601e+01 -4.540087447507355733e+01 -8.821012081053518727e+01
4.025789155790057805e+00 8.663621703177501132e+00 -2.215050460838121626e+00
3.475778810026623589e+00 -2.564968073473619992e+00 6.126137578962045360e-01
3.275288211592918941e+00 7.611710043084856991e+00 3.838999013337365263e-01
1.553487549962679623e+03 -5.902812799348141652e+02 -1.229402784614880773e+02
7.048060948588957331e+01 -6.116601669634753335e+01 -6.106691420183406649e+01
4.513604548298539854e+00 7.108746756253816468e-01 5.782876721628291250e+00
7.687040101638434635e+02 4.497916128460565233e+03 -2.771782315995307727e+03
6.828860826666165451e+00 6.714875548328601562e-01 4.742504391840546951e+00
-2.105390185772508289e+02 2.800923638611341104e+01 1.489642602961743023e+01
1.232922545489207877e+01 7.992508958009516107e+00 7.893467615391077885e+00
7.101664536601992950e+02 2.915463042672204779e+02 1.531047770281715202e+03
-2.493063258201042132e+00 6.232686869176226274e+00 9.083673320587215549e-01
3.630229733060599706e+00 1.217665032821768811e+01 7.828707663930445371e-01
2.685919620007938047e+00 -6.406834779087480225e-01 -4.294669883784623110e+00
3.003242522553348337e+00 3.575373202177688281e+00 -1.033847348320962256e+00
2.840050148746364584e+02 -6.819893112529898644e+02 6.431182131713258059e+02
-8.712332396111463595e+01 1.477180394818500133e+02 3.269369943149439450e+01
5.505469342422849195e+02 -1.297540643716927775e+02 2.189269530288142391e+02
3.469800410194206819e+00 4.071433848302962843e+00 1.070625189694756507e+00
9.583797763275907045e+00 3.526736927805504074e+00 1.204826506537229136e+01
4.879503299306584552e+00 3.732145484897876564e+00 2.911882627269418045e+00
4.593853687131044694e+00 4.920402547112867175e+00 9.401422104428966975e-01
-9.514614932513715928e+00 1.467840542355417810e+01 -5.334633378022361683e+01
2.458203163100125543e+00 5.032649678472498778e+00 7.211881244477664765e-01
-6.333435339231072447e+01 -4.952034606883303525e+01 4.233603612777235270e+01
-3.158547052980199510e+01 -6.644931327661454645e+01 3.406585797047574005e+01
-7.395791205160509207e+02 -4.481404285077280292e+03 2.785970249934500316e+03
-5.285376734412342330e+02 1.210621440558784485e+02 -1.749381760607014940e+02
1.994116756622952735e+00 -7.053343997775757934e+00 5.608852333904093435e+00
6.198186678118076109e+00 2.844640940823233599e+00 -2.945775327468395766e+00
-1.152325056159148708e+01 -2.852951093980063035e+01 2.104614919612080115e+01
4.975573143370526807e+00 3.498815986742918938e+00 4.394919518581505535e+00
1.346782947020784604e+00 7.347524138777277614e+00 2.543446402276698493e+00
5.415963377268161238e+00 9.929899636429819765e+00 -1.359983216233854986e+00
-1.484063299712491180e+00 -1.057719145855344500e+01 -4.145795313537261606e+00
7.198259462144495302e+00 -1.731151587144352799e-02 -3.978077506701403365e+00
2.806405477906714019e+00 -2.626063601406127823e-01 1.373585860241791856e+00
4.070580783449242901e+00 -2.451690337273286246e+01 1.577186221216773987e+01
5.920940619562960805e+00 1.018049340582158457e+01 -1.704174172407471488e+01
5.427718885886896771e+01 -2.692376888643179456e+01 4.679690814370802343e+01
2.202084495387401120e+01 -5.521911048001400957e+01 -5.283043527908141357e+01
-1.522725410924230260e+01 -9.071201623809333370e+00 -2.485351754276260650e+00
7.290820501079284099e+01 1.111681906777471482e+02 1.112918435703278277e+02
1.730122261572769382e+00 2.778937845963392661e+00 1.901143485136127520e+00
4.961929054458911637e+00 8.690659391910141807e+00 5.363681457123509411e+00
-1.065195989192287129e+01 -7.316932389408245285e+01 3.218805439972990712e+01
3.056436581368943806e+00 5.196435097661504798e+00 -6.595790565429946462e-01
-1.496743821490137982e+01 -9.144779573653172733e+00 -4.071360141666889376e+01
2.675593255148127625e+00 3.104176573242239279e+00 -1.735473510512036910e+00
3.418556434646355058e+00 1.984587650272371828e+00 1.198975364778186226e+00
3.477019373743586605e+00 1.687460670631162785e+00 -3.001169611249824065e+00
4.732422147950225089e+00 4.750854841456342292e+00 2.023978031800865551e+00
-3.780751853862692746e-01 -1.127796136482754363e+01 -1.258494399190650270e+01
-2.166594752601922380e+01 -4.483060590998474026e+01 5.682319240765399115e+01
-7.447924597235230593e+00 1.297222593602002405e+01 -3.082922172715895925e+01
5.914973042381733492e+00 6.189147522350255670e+00 -4.609749696780430561e+00
-3.751936239669310567e+02 5.501636231895515721e+02 -8.159977275434484909e+02
7.732420655874830295e+00 -1.602752493988551574e+00 2.642859153083476631e+00
3.435480235995686193e+00 2.856198507637741635e+00 -3.041762578891490598e+00
3.315469009460904726e+00 3.219267348039268839e+00 1.430627372318764579e+00
3.158169276521158864e+00 1.190290356661442228e+00 -7.234620603842746078e+00
4.262677786460126406e+00 7.320668742735454870e+00 1.721729113743623696e+00
1.700259278783408767e+00 -5.516928726603232747e+00 -1.323506519859387964e+01
-3.619964241055958610e+03 1.386372593964261455e+02 4.957880320602278516e+03
2.189672905806167691e+00 4.843337978519167919e+00 8.222299429050325958e-01
-5.286179116365869959e+02 -7.240680973472299797e+01 3.212739124776138624e+02
1.554400468220062059e+00 5.918632596148784231e+00 4.486041711590488035e+00
-1.652488856841070231e+01 -3.989624560662337416e+01 4.707592325809780220e+01
-3.572676016924786069e+01 -8.775973359299494803e+01 4.558938663370493316e+01
3.028419472127686696e+00 4.427889275237957278e+00 5.779565926163379164e-01
1.899670584048470445e+00 3.828089954441431075e+00 1.959072904482911159e+00
-9.524665360177957396e+00 1.878616422524032004e+01 -3.765041339312143975e+01
1.993955560804182986e-02 2.615820687284945656e+00 -3.809350125524234798e+00
1.035751901745398662e+01 4.571180600314884046e+00 7.948127747063946202e+00
3.758425973793053743e+01 -4.394470112070981571e+01 2.227145436188393646e+01
3.636780572654615298e+03 -1.328520624342265251e+02 -4.942785010764881008e+03
1.025430709349937075e+00 3.232151303178240731e+00 -7.512750367142380092e-01
2.204192497976839249e+00 -5.093317586558143262e+00 -8.566230200638040415e+00
5.680519752274811935e+02 5.715077784326949484e+01 -2.673354566853375331e+02
-2.270757267490328957e+01 6.286655829965370401e+01 -9.724186420107284334e+01
4.057705992173227472e+00 4.627058449002951157e+00 8.427634501953455981e-01
3.145659199161737085e+00 5.984059371405702876e+00 4.536951155420594350e-01
3.828890673627328489e+00 5.521657721041638212e+00 -1.811819183947720457e+00
5.548790038009120451e+01 -7.908374208035976949e+01 -6.493549857045607610e+01
4.479371604781020366e+00 5.962371668514921730e+00 5.175658958819935318e-01
2.687052494010577774e+01 2.841270492748882504e+01 3.278237066650309828e+01
-9.594515483029955050e+00 2.928660238174520458e+01 -1.859903978864681307e+01
-1.276446131504038739e+01 1.247458108331304416e+01 -1.784390642750934619e+00
2.482644453087591963e+00 6.722744579393228115e+00 4.578577524372617447e+00
-4.342357448749137205e+01 -4.521154109087201078e+01 4.387481368883232591e+01
1.440207619121659066e+00 4.656809060830055635e+00 4.974344196523185602e+00
9.732088830611397512e+00 -9.702902173460587676e+01 2.574178833232432595e+01
4.077024178670477284e+00 5.857604659426803195e+00 1.282242717251188768e+00
-6.378432753872684771e+02 -5.482236518590276546e+02 1.195301226461976057e+03
1.126923564042019343e+01 5.466095638282477687e-01 -2.893348288433348969e+01
3.544587355290259012e+01 -5.918889878105011348e+01 -8.695476160962513745e+01
1.468408005795410247e+02 -9.862514573134194507e+01 -6.189669106418877220e+01
1.472334372133989433e+01 -6.221289598494678330e+01 -4.548247391083430813e+01
5.935310479036175479e+01 -8.166929601572954311e+01 -6.537360869405981134e+01
2.419664009806319349e+00 1.636526998787849152e+01 -3.837163131890490853e+00
2.952342374584398854e+00 3.970435228242878090e+00 5.287776625567663924e-01
1.101566077626684148e+01 -4.971998046881501665e+01 7.874348451813345662e+01
6.472462148308633232e+02 5.464810995482566796e+02 -1.192509457892686441e+03
-3.460044881640853554e+00 -6.095476443989974458e-01 -2.718849075440523233e+00
-3.424920809121810628e+00 -4.342277730999887808e+01 3.574204453273460302e+01
3.570331770408626682e+01 -5.496384534532927546e+01 7.282540392540965968e+01
5.293000587867803475e+00 6.758125587144196089e+00 1.733155784950743961e+00
1.522438357404259612e+01 -6.504885703443189016e+01 -5.160809474496216609e+01
2.075123340234203440e+01 -3.158244676468116552e+01 5.675478830043569900e+01
5.818748052777673152e+00 9.027954230199451757e+00 4.931037987724822713e+00
3.237366507675920602e+00 5.317418451808912927e-01 -1.972642993341061413e+00
-5.415638211674904667e+00 -9.014056325843367290e+01 1.569151497642815229e+02
1.295639569338012365e+01 -3.632004879970200761e+01 7.514835012280443038e+01
-1.872661788719717890e+00 2.397050966886576262e+00 -4.744557684744132864e-01
1.522516657254659265e+02 -1.410260762293880177e+01 8.339653975881739711e+01
-7.392775504389563324e+00 -1.289013855033645939e+02 1.393097023213052523e+02
1.934532251477514819e+01 -2.359332727141771002e+01 1.044098332071991919e+01
4.664191220216725497e+00 -4.019398517869630538e+00 1.166348239382807572e-01
5.282167615737952460e+00 3.921400719051123751e+00 9.072861707498235617e+00
6.114297150780732437e+00 -2.693637958800910059e+00 4.992869747914898682e+00
2.162737194045220335e+01 -1.666727280665624988e+01 4.656914302265096239e+01
-2.799403990039931678e+00 -1.718825265586626116e+01 1.357232489602557912e+01
-1.057328697038475518e+01 -2.684833540859997036e+00 7.194786059513265997e+00
3.565525887044846343e+01 -6.440146867766566174e+01 -5.999653794529091755e+01
3.846307261536588307e+00 2.952631962094598883e+00 -2.079383019947784295e+00
2.561249635881067022e+01 -1.378407809445925025e+01 4.962215056241135791e+00
3.463379612157069687e+00 2.350101029002018116e+00 5.374264849741300365e-01
4.665355086854460431e+00 1.648666033090046001e+00 1.050022510704125445e+00
1.076053951867074261e+02 1.853619599758074514e+02 -6.569317559669644879e+01
2.525388149821393036e+00 -1.351011667419527384e+02 -1.272214126485101531e+02
6.648406238451967454e+01 1.225354804361589629e+02 9.175068824383232879e+01
3.290708243055650684e+00 3.836912668646515812e+00 -5.492422020595078003e+00
7.433470476034381491e+00 8.308264304501914665e+00 1.312397667321176131e+00
4.272902049935590085e+00 5.121656396672987555e+00 -2.352118321782815435e+00
-3.823435778755961678e+01 -2.299944668705730351e+02 -2.935887923096223062e+01
1.277516613029625603e+01 -3.080245699913615809e+01 6.459038073229794463e+01
1.026901079334927118e+02 -2.915765509880354855e+01 6.255481603768128451e+01
-5.317742749367761235e+01 -3.684679574006582925e+01 5.328489861496382218e+01
9.782927861661541158e+00 -1.433431637268002046e+00 4.871573007367452135e+00
1.812916180550903533e+00 5.521107393862560109e+00 8.432143654434886670e+00
-5.026421696269594008e-01 2.883959704534378332e+00 3.312177828230178367e+00
1.383931775431502231e+01 6.300069128294802923e+00 2.728367600376673607e+01
5.436496894360591625e+01 -6.322581096520397637e+01 2.771537652209746483e+01
7.645506737453896307e+00 1.462140199219067860e+01 5.999856835266416333e+00
-3.673424345373474065e+00 -2.060931188926408697e-01 -1.241494103448126118e+01
8.262929340943798024e+02 1.160383096412734574e+02 3.461334094259282210e+02
-1.947469814004080391e+01 -3.097446241166597503e+00 2.165294123670300408e+01
2.350548473011999562e+01 -7.203653914408047854e+01 5.361806685694035934e+01
1.212293411297331858e+01 -3.014413831660068155e+01 6.362746788333765835e+01
5.208456291822208151e+00 8.393115175292896524e+00 -2.824703698787740525e-01
-3.554633620402546512e+01 -1.194220688458726300e+02 3.768889720927210618e+01
5.510625608594898495e+02 -1.161671481056273842e+04 -4.926905688797588709e+02
3.486948240058825199e+00 1.973568641668965062e+00 -2.145573858598031625e-01
4.188669479011345231e+00 3.484054196880998155e+00 2.731456601205032086e+00
4.524618568033832666e+00 6.429916399145732875e+00 9.179133818359008767e-01
-1.247830067092552842e+00 2.339776065238505787e+00 4.647106975324335920e+00
3.252935747810419720e+00 6.217491664984086341e+00 1.131671360904893930e+01
3.173208832687254066e+00 1.605020943032309688e+00 -4.629810170373454881e+00
-1.594256618725893659e+01 -2.951234409772571254e+01 3.376209894142952805e+01
2.954076327147643788e+00 -4.434345098505939831e+00 4.053289463623576117e-01
4.374445859563688366e+00 5.268070897761583993e+00 2.510423589583401061e+00
-8.228394296470275648e+00 -6.595095417127436122e+01 1.516996034913682934e+02
6.208533957145855098e+00 2.099031307060825191e-02 2.483817493653088349e+00
-2.221204002069465844e+01 -2.714307118061394419e+01 4.620508555683326790e+01
3.563655201368920444e+01 -5.342261537639143398e+01 7.547821627877132755e+01
-4.013112697411293794e+01 3.758930928451511733e+01 8.108143278839596846e+00
2.644818785341549905e+00 1.184854488303686892e+01 -4.358557047034262055e+00
-7.837139706121452036e+02 -1.366971902249812842e+02 -2.705195022853539513e+02
5.697861010639194035e+00 9.098493299943370971e+00 -2.826396887798264146e+00
-2.237671944586996808e+00 -4.234620440764337701e+01 -3.272758174417587895e+01
-2.120062397741185656e+00 1.024195740687478207e+01 3.891396227493930660e+00
1.821397966105701727e+01 -9.533351468684850261e+01 1.198681000029977213e+02
-5.766448875529173392e+02 1.160910310933846631e+04 5.064606059775566109e+02
6.772622039422030227e+00 6.298024272932638112e+00 -9.584955245020386982e+00
-1.624337979268085519e+01 -2.178173378114958680e+01 2.118971606982220379e+01
4.698035524523207052e+00 4.763588801847306264e+00 -9.708133134506793382e-01
-1.328569030665459338e-01 6.942187906595098212e+00 7.096935654400549076e+00
5.426381065777882817e+00 3.291722190648290081e+00 4.012293736683744783e+00
4.085224755099276628e+00 -3.793946877500968817e+00 -2.459442379102303455e+00
1.916342524505098233e+00 1.833240015573957660e+00 2.576898692604524310e+00
-1.167944859794403456e+01 -3.725980012215317316e+01 -1.861065752997872735e+01
1.800304371010816595e+01 1.978716720547876662e+01 -3.020239907820448266e+00
8.866367386232546721e+00 -8.453159232193382389e-01 -5.431973107240232856e+00
-5.440771128775816834e+01 -8.362324461223029459e+01 -1.099764351298359770e+02
-2.191050312178563786e+01 -5.916098154753792926e+01 4.716498118080099999e+01
-2.367859647971611636e+00 8.719485585536952410e-01 -3.188141518321120671e+01
1.024052588182095880e+00 4.542106766057835365e+00 -1.294196332521858617e+00
-1.231995266912000204e+02 1.075089437672561985e+02 4.621642381197743177e+00
2.445494468714056779e+01 -1.798753618222853135e+01 5.443822107298304402e+00
1.317824437899051837e+01 1.445526585178678580e+01 -7.823103073876747970e+00
-3.149537224714609707e+01 -4.314875966543824148e+01 -6.457724659630068231e+01
-6.563359948609219785e-01 6.070132336513717419e+00 -1.790344180795465201e+00
-5.173014799433983235e+00 5.757963693953657702e-02 1.854794103016372020e+01
-2.763565714376665738e+01 -3.997811754642892623e+01 4.927609593838020885e+01
1.380050798454166561e+00 3.801936056308220513e-01 1.359030498213188665e+00
1.602385532860151063e+00 -2.071499520681466322e+01 2.073313371731289934e+01
4.966467410399188154e+00 8.630522669316180284e+00 1.664120102329184547e+01
-6.227804018795037422e+01 7.326564899045000345e+01 4.568482540458026051e+02
5.526458740546421211e+01 3.801763993764514282e+01 2.174192930649481070e+02
1.753936761075305029e+01 1.128903326521787065e+01 6.195263323844760350e+01
-2.888657738615272308e+01 -7.056140807594779574e+01 3.348357648660125818e+01
2.064021586807473341e+01 -3.782528243295713821e+01 6.870535862157044704e+00
-3.801278975886356903e+01 -4.833508283069012634e+01 5.654080923124929114e+01
-3.321825494651053923e-01 -1.344400769307173249e+01 2.797724852809468743e+01
1.462949830055863387e+01 -2.102971069039909082e+02 -4.697635664599962269e+01
3.144476600160241553e+00 6.887096055316452414e+00 7.081259181678487558e-01
2.502810418464368070e+01 1.154368226357826721e+01 3.360736723847730190e+01
4.220636800997615623e+00 5.337211263569489716e+00 6.053465076668196332e+00
-3.826145952194116262e+01 -4.923107867844706220e+01 5.691589880464672291e+01
1.503660581646238725e+00 -1.061307001194986697e+02 -5.105954076456855262e+01
1.857552902428583863e+01 -5.034824860003966762e+01 -1.569639654070537560e+01
5.315513905507386028e+01 -1.615955015283477962e+02 -9.525807267216578111e+01
1.243317172285986594e+00 6.726647790770718061e+00 9.863734113563499051e+00
-3.412879315316228013e+00 -1.097630625227946410e+00 -7.750613282694881256e+00
2.291621536142269520e+02 -1.811171684902840440e+01 1.140905982612786147e+02
-3.047421984184950361e+00 1.024480271016753719e+01 -6.041450378736486826e+00
3.074850300783264601e+00 4.667038892040055842e+00 1.251316572848119257e+00
-5.961216408173358161e+01 -5.578761599121774850e+01 -3.560708084915660265e+01
8.024163876966014186e+00 4.435983378854102099e+00 -6.912421794938398811e+00
3.752894569179731832e+01 -2.270525863407255329e+01 7.014331673379567178e+01
-1.987341862705495146e+02 -7.296679759617617833e+01 -1.876382464717140692e+02
-8.532400909938048983e+01 -3.339274232436824263e+01 3.236501389502780057e+01
5.608118521874241935e+01 -1.381852468088220043e+01 5.899331310371607628e+01
1.720587549276132222e+01 -7.980217866456406739e+01 6.540190797134857803e+01
-1.508577568995812328e+02 -1.037945986617865856e+03 -6.314279296395379788e+02
2.885229310348194964e+00 -7.219356401583256755e+00 -2.554271963524467060e-01
2.555041537864655368e+02 -4.168557976701730183e+01 -8.531257358671906488e-01
-4.521933467976016630e+01 -5.082547120508906602e+01 6.068789477621758977e+01
-2.172624911274602511e+01 -9.046939706697575900e+01 1.156324785459487714e+02
1.349520857852798450e+01 -3.066710384328857231e+01 6.499488040818266654e+01
2.824569207842717233e+01 1.014571809334680719e+00 1.870103028726324723e+01
1.639257956244120518e+00 1.057227995402941012e+01 4.012377829603980928e+00
6.439556561092064868e+00 1.179138931837151816e+01 2.296868107313294161e+01
-9.805745856363836666e-01 7.433350569514912465e+00 -2.425809834731186498e+00
3.997171682434325746e+00 -3.297768780409981559e+00 -1.169395652702856481e+01
1.833517190991312162e+00 1.242563894481344100e+01 -3.701266375468841296e+00
3.068632972359769795e+01 -6.640275663068588585e+01 6.382499917289098335e+01
5.067983942397390251e+00 -1.113215509602169462e+01 1.103550247056326228e+01
-3.311401804080292521e+01 -3.806060042436978819e+01 -6.147514494116217065e+01
4.835448616988759341e+01 -4.170558372741171382e+01 1.799465379304532764e+00
9.745432621979599475e+00 -1.001809532892672934e+02 -5.986970805091318937e+01
7.304708204270024652e+00 2.176639523553141942e+00 -7.364793294280468361e-01
-2.208856354524053955e+01 -1.319747764175505154e+02 1.272407571684521770e+02
2.417429068977016371e+00 3.280933078566785177e+00 -2.169847631696082413e+00
-4.108896207763591768e+00 4.321357482839706776e+00 -4.939471956784841211e+01
1.733651937190194587e+02 -9.489208068684948216e+01 1.948503778905205763e+02
-3.052132741265972982e+01 -4.406633338190822258e+01 4.828205640510936547e+01
3.982217126966345688e+01 -1.087798504769417320e+02 1.358640478569556080e+02
1.051984556990307462e-01 -4.123422424155177168e+01 6.073338500059073652e+01
-4.757305579163887188e+01 -2.588616935237577721e+01 3.529545280662544826e+01
1.253095667578860528e+01 1.076852865420531913e+01 1.474226745939806449e+01
9.545531269794199858e+00 5.056167943781473717e+00 -4.081216393449060398e+00
1.640429779678187288e+02 1.188674054795139057e+02 2.371980070841245833e+02
1.460997226276371741e+01 -1.601224551982956541e+02 -7.327506043152109783e+01
2.076863931808624670e+02 9.481589700836154861e+02 6.598662818828952368e+02
5.441046011378457337e+00 8.497730323156652554e-01 -6.272618113992368905e+00
1.041356969556296264e+01 2.117402389976152044e+00 9.925311544325946755e+00
-3.139639947504286255e+01 5.480488205630679488e+01 -7.209075832665456574e+01
3.368798734692324715e+00 6.733702711283989117e+00 1.514496138375809764e+00
7.402988289878877914e-01 1.649182521046719785e+01 -7.547387522992423214e+00
-8.471919904321441663e+01 -1.583957117171647155e+02 -2.285587401695638619e+02
4.705152084096980047e+01 -9.488972705852039269e+01 -8.440085705043516384e+01
3.389208290797750323e+00 6.629714751437580489e+00 9.653742890381021846e-01
2.957629211481238585e+00 3.299518358328697332e+00 -3.488117205185783387e-01
6.152222860413770533e+00 -2.761597332191955356e+00 -9.989929118074746484e+00
6.682487680054482126e+00 2.914053406569874660e+00 1.383178603447641564e+01
7.484241036190206842e+01 -1.187562031386402595e+02 8.852892075301281238e+01
6.030601128433639602e+00 5.623134340274903664e+00 -2.788735218792028459e+00
4.514632882407616066e+00 2.302351469416724861e+00 1.467907116898614639e+00
-4.603302585041869621e-01 -2.793659767198482413e+00 1.158595259630818219e+01
