2.106122844344248346e+00 1.677347190332464238e-02 7.238855487356306462e+00
3.053811562099560284e+00 3.727118973784993364e-03 5.112003719835537474e+00
5.831698716611451339e+00 2.702534739320829743e-02 7.656354691158702153e-01
5.793608325092494127e+00 1.605599263310474034e-02 2.169703736163187013e+00
5.929206991054631004e+00 7.928167625506030158e-02 3.593998162765480453e-01
7.547104850422805100e+00 1.681394973372127288e-02 4.148712435743003191e+00
7.753705907993887259e+00 6.865493827027618901e-02 3.573590445915515001e+00
4.120014580030948892e+00 1.261755375958927283e-01 7.463412547833444322e+00
4.196531618958424303e+00 1.298800916155886109e-01 8.846014311142038622e+00
5.083686386431152116e+00 9.324310413566702649e-02 4.960125256804331251e+00
6.099022331532829355e+00 1.405139239407137697e-01 1.090015504546359537e+00
6.257596827723567401e+00 1.119264525509690300e-01 2.000268037696157908e+00
7.472405714704942525e+00 1.109472753015262048e-01 3.267710106550057780e+00
8.561116141856548012e+00 1.097244289632836600e-01 5.208968868846012512e+00
9.329628806542530128e+00 1.102318950450679458e-01 6.596041052809253458e+00
9.344746235378257992e+00 1.230915026545910951e-01 7.651408082824147527e+00
2.867178758409537842e+00 1.766055469290935820e-01 4.021941844981101966e+00
3.246812095239710594e+00 2.025489354712224910e-01 6.801014521482601438e+00
4.761604024785437872e+00 2.001620965251666440e-01 4.296858705451125360e+00
5.384866087322993877e+00 2.022555074892377069e-01 9.571675129891885625e-01
5.361156678561951772e+00 1.676247141515767036e-01 6.604118669814194931e+00
5.970321190462471783e+00 1.728660418342422567e-01 5.800935561364010340e+00
6.660194855235473277e+00 1.651724978071944516e-01 6.054881969743238640e-03
6.691844169906073780e+00 1.811999746370190345e-01 7.432101301861722575e+00
7.917461745851122501e+00 1.827448700701754247e-01 2.354744593738679281e+00
8.180953099645822846e+00 1.650283683589610639e-01 2.132374767115494230e+00
3.815528850558910889e+00 2.865997731533866943e-01 9.258669884579229237e-01
5.882264091259017391e+00 2.394150705563883319e-01 2.087868007605518716e+00
6.305419527933469936e+00 2.866189254261888308e-01 4.445287004600880110e+00
7.101276063960467511e+00 3.029529792738867577e-01 2.217198329511781196e+00
7.841211557698136048e+00 2.785041700246974061e-01 2.080035688700154317e+00
8.019729904867123338e+00 2.614907564710260424e-01 1.886001422046931442e+00
7.967906547246596638e+00 2.717425766482826077e-01 5.299071759276931637e+00
9.552942150929535359e+00 2.710146060789967448e-01 1.315651279919205052e+00
3.523342538869781215e+00 3.596994034528198103e-01 6.089475812838331947e+00
5.594510104767241643e+00 3.220757806545477830e-01 2.914582342061335485e+00
5.766387928815676744e+00 3.418889143482920501e-01 2.318860434391250447e+00
6.485254740128770123e+00 3.399945389462438738e-01 2.656295883730041218e+00
7.633184142451854726e+00 3.553946267875178755e-01 2.323746269791738150e+00
9.041867469641493571e+00 3.828083644307204159e-01 5.572063485773762537e+00
4.172705606583436422e-02 4.015361156504051454e-01 2.657055237354909671e+00
5.570313794989715461e+00 3.964743173075225835e-01 2.512707019492795180e+00
5.929991081038526346e+00 4.052975513865504364e-01 9.415966919586130857e+00
7.051660408533014568e+00 4.697774179336219325e-01 1.678791522059155827e+00
9.428230619342437890e+00 4.357955905418172682e-01 5.605377716589480919e+00
4.806798056371257566e-01 4.994601063330026403e-01 2.704755245706354838e+00
5.635490481182369393e+00 4.899450633739820260e-01 9.855254291117095278e+00
5.888304712089478699e+00 4.795313965862287864e-01 6.901677820861031876e+00
6.174140501567684680e+00 5.316835517176955461e-01 4.036599551472389358e+00
6.257659014971509670e+00 4.776502809028240204e-01 1.475201807055000591e+00
8.843041260229771439e+00 5.152714399150242208e-01 8.145371848524577629e+00
3.302554474639070481e+00 6.265911012709284300e-01 7.341622923671615730e+00
4.378439148574988948e+00 6.185377992901457400e-01 7.089068269490245155e-01
4.677308935224379738e+00 6.169669342190772232e-01 5.256534597473841330e+00
5.138033864715801258e+00 5.495436141909980643e-01 9.385769322331098508e+00
5.227541481535342704e+00 6.035461225872855717e-01 3.134856507582969964e+00
5.348002963216768713e+00 5.739875743732641977e-01 6.691782017817501149e+00
5.452797124689836572e+00 5.569269057735539707e-01 7.653158044076754152e+00
7.831072570546262490e+00 5.622865770809475361e-01 5.801780083276460331e+00
8.168054824697227545e+00 5.968233803801676896e-01 1.818251417164302275e+00
3.830442313264429632e+00 6.642567109356960486e-01 8.029502376095847271e-01
5.696845860878086754e+00 6.596652482022440367e-01 5.024762708566859359e+00
6.235679591653108922e+00 6.400241743577856912e-01 4.544186921664388201e+00
9.346403696074712997e+00 6.339919715126832722e-01 6.855313396423957428e+00
9.959012926752466299e+00 6.994971524201095692e-01 2.558294355810040166e+00
5.626356030875048653e+00 7.062262141556128192e-01 5.090598051618809627e+00
6.378643834611339436e+00 7.095206228942678717e-01 2.803034728186610813e+00
6.839176531527426661e+00 7.257173860068941718e-01 9.621131111166810967e+00
8.290609998422869609e+00 7.597425613956942936e-01 7.781652980661885266e+00
9.223329681067991004e+00 7.484844821062501818e-01 3.293369234946442514e+00
1.149932927719589326e+00 8.590717545701317404e-01 5.911807877607959227e+00
4.557030894864629644e+00 8.340320331511761331e-01 3.688559037147218778e+00
4.596653895465094841e+00 8.568816284613042233e-01 6.292156789703142294e+00
4.848729423849630571e+00 8.237922324597048984e-01 5.672207268707597727e+00
4.933654911497241891e+00 8.217869964281664386e-01 5.836442382159063413e+00
6.085945741745852011e+00 8.081347398845862839e-01 4.843143068078895830e+00
6.182905827983123714e+00 8.098119345186620688e-01 5.174621096451530455e+00
6.266137701624197476e+00 7.957125060176352127e-01 2.914032976508344142e+00
6.349619385352392342e+00 8.405967730569413598e-01 9.768909962899297028e+00
9.921267178205795290e+00 8.384282512662997178e-01 7.324146741045656661e+00
4.629432171204469704e+00 8.960192724645289486e-01 5.761266034571328909e+00
5.573847484416031506e+00 8.824971450325203026e-01 6.769854548595191979e+00
5.803637099068190253e+00 8.750626169738913163e-01 7.042943170817340004e+00
6.693046112177573725e+00 8.761917036924599111e-01 4.023381129350770635e+00
8.358718498211365144e+00 9.006516404398080544e-01 7.729829797060297381e+00
8.538442108659143770e+00 9.085164611285505565e-01 3.142746888039823716e+00
9.151994107451177030e+00 9.110203123550690840e-01 4.787497806955753887e+00
9.779132022231253885e+00 9.217077738832538669e-01 4.706538512983337696e+00
4.417600408957213176e+00 9.568832210351287948e-01 6.032642454812386923e+00
4.786367422805623661e+00 1.010979770703168690e+00 6.431061078790341057e+00
8.186558544508434565e+00 9.511961961445404290e-01 3.207231342766960758e-01
8.262188678160223176e+00 9.488919735845988690e-01 7.364854484386055056e+00
9.314846244662398078e+00 1.015116149170649074e+00 8.184198948005448671e+00
3.702105216514916197e+00 1.032939878565368508e+00 5.912341109771525716e+00
4.525405434291591256e+00 1.087777929062076820e+00 6.972604389322446750e+00
4.847796956328272344e+00 1.064599518831554903e+00 5.275803566965623581e+00
7.485108486178404519e+00 1.044822953259348708e+00 5.902316920175572079e+00
4.036216543971418602e+00 1.122392276890527452e+00 1.871007456374457867e+00
4.753564654239530007e+00 1.114081488754643079e+00 3.567632823995753100e+00
4.722442242846800475e+00 1.114049531587645081e+00 5.118771613714857338e+00
5.468759533210895363e+00 1.152924487472062332e+00 6.846954462689558873e+00
5.481862575967648255e+00 1.107963692949250234e+00 3.391585585135029390e+00
6.303799598607595200e+00 1.164394740248007043e+00 1.251677272692053755e+00
6.282852491738472267e+00 1.138237528043279045e+00 7.721318648371992666e+00
7.577281669952529164e+00 1.149377486944604732e+00 7.028148817197316767e+00
8.907164864885171340e+00 1.109383222031222305e+00 1.592813020302083604e+00
9.862690344756398275e+00 1.124772177907769954e+00 3.597736570192318961e+00
5.653637952918318277e+00 1.232206922956158968e+00 5.058202527269212823e+00
8.076048277646306062e+00 1.243950796274702952e+00 1.383318087560805876e-01
1.742461038902894055e+00 1.328245025608522090e+00 9.378133557014905364e+00
5.107105438212951043e+00 1.295774525962499313e+00 5.226772237781084129e+00
6.275846486860267248e+00 1.276849585609264537e+00 5.418319386553560157e+00
9.278676895373545008e+00 1.271906507352006610e+00 4.917858659844000613e+00
9.841252432934766148e+00 1.325809483400688826e+00 8.022556520287569271e+00
5.843991036610374223e+00 1.338224496115740791e+00 4.623538630202745914e+00
8.704621511755451735e+00 1.341295572148454296e+00 1.605818360577763171e-01
5.352383543243334485e-02 1.479905364476201690e+00 3.866081904947398229e+00
4.695276774823254229e+00 1.459389563609759355e+00 3.051565448887379350e+00
6.219122773146350980e+00 1.428055844409576114e+00 5.805553689017466379e-01
6.201647150131640807e+00 1.461130559483233338e+00 6.339453179176823383e+00
6.916013542472500220e+00 1.471635141145981596e+00 5.936673032809496320e+00
7.011160203914881706e+00 1.450624484333703057e+00 3.201685694887892009e+00
7.167427284425595957e+00 1.445659626552986410e+00 2.989753218459886952e+00
7.632187994615682314e+00 1.418081331864350592e+00 6.101875505193546267e+00
8.434135296009259264e+00 1.462224616931635968e+00 7.261265146553526506e+00
8.842676712957812768e+00 1.470139407715597146e+00 7.180440629802648189e+00
9.776026480454559575e+00 1.471655880684009432e+00 7.236468169347983093e+00
4.229137761354521352e+00 1.553998042746997932e+00 7.156295006719254559e+00
4.602552005346649544e+00 1.549812260286572263e+00 2.521984034495873939e+00
4.663321594910398105e+00 1.513779943050824084e+00 3.140400509772934612e+00
5.317422853107026448e+00 1.510116498485727821e+00 7.194567941926067078e+00
5.646593048028993422e+00 1.565344375978282576e+00 8.087369871235114971e+00
6.064116656872212019e+00 1.500958792766277972e+00 7.068160063061139198e+00
6.332247260782896348e+00 1.490918023266531334e+00 8.024122348459579612e+00
7.476203992575293888e+00 1.541210554291102763e+00 8.252858369173612374e+00
8.184313655645649277e+00 1.500401895616910508e+00 6.561526069750541978e+00
9.380120459270335331e+00 1.516849903009390488e+00 4.220954917776015058e+00
4.670598179780352410e+00 1.626726211594121674e+00 4.483830452677144862e+00
5.089755597007012966e+00 1.608734488274667473e+00 2.906662115073345376e+00
5.738450567546562020e+00 1.620082039936315610e+00 5.805551793510441705e+00
5.908156486588096001e+00 1.606022458125448082e+00 3.445826949363245184e+00
8.374215264938927206e+00 1.627925502842932026e+00 9.912479888874172751e-01
4.673130358315235711e+00 1.686687149709031885e+00 5.708645320328452399e+00
5.172345208750111389e+00 1.695815346791561096e+00 2.373468900282288629e+00
6.236649768405655436e+00 1.648812649904817684e+00 5.400004094512370401e+00
8.420563174675514517e+00 1.646304332988064889e+00 6.426679039157630946e+00
8.502013071484567419e+00 1.681843904742682083e+00 5.707849464735550882e+00
7.745271728889017160e-01 1.740062486899910832e+00 5.128176098881294109e+00
4.659292932144396104e+00 1.778505462049996488e+00 6.727908737211638623e+00
5.383132748339409801e+00 1.728404333137861570e+00 2.642376177035745677e+00
6.153013254748626260e+00 1.724846321255818715e+00 3.087778380503129583e+00
4.438548104030228814e+00 1.860754475855756596e+00 4.202214583140331250e+00
5.304831208322243974e+00 1.866129710024877264e+00 2.593142872368247254e+00
5.263218714234705331e+00 1.828518696936172194e+00 3.737908941700232468e+00
6.521011174534608656e+00 1.844951516597492347e+00 6.442222140923842488e+00
9.473398956888008371e+00 1.808106389532339708e+00 5.488862498056045425e+00
9.615416584887560347e+00 1.811603603851153377e+00 8.851137155631477071e+00
9.688105642124803296e+00 1.843817130492535483e+00 8.730846013311630571e+00
5.178281564417955174e+00 1.884659875980247090e+00 2.627125195006133840e+00
5.303330483773173398e+00 1.925516986202901570e+00 3.641099004169753073e+00
9.403513367435531123e+00 1.911765610371613189e+00 3.023977559472893706e+00
9.645245855623691966e+00 1.891683398919539405e+00 8.217682878737177177e+00
9.941269060477555541e+00 1.908925552525551073e+00 5.014133118418119928e+00
3.837006166303248200e+00 2.032763539790755303e+00 5.871290886238711870e+00
4.908101337543438802e+00 1.991843347284051546e+00 1.929083773851054673e+00
4.855408986938159366e+00 1.990816655758562703e+00 2.159310860982170510e+00
5.768104761512354628e+00 1.968363729799677664e+00 4.365926996343659994e+00
6.442615279929599481e+00 1.984943696899845733e+00 7.162001970804645623e+00
7.691668540789297737e+00 1.970474475178882301e+00 3.349128015369403855e+00
7.941026067355293705e+00 2.012682605223261589e+00 6.813215966315810945e+00
8.272450249241289910e+00 2.031127622911851116e+00 7.983673905525858316e+00
1.331391644395873541e+00 2.041145508559888189e+00 6.504064043249762506e+00
4.357326149962982953e+00 2.071891299035003353e+00 2.290141313045677141e+00
4.395659309313905361e+00 2.058778769824398225e+00 4.723987016516471016e+00
6.401639843351542680e+00 2.045116081300362154e+00 1.481497210044522728e+00
7.908625502348877845e+00 2.088293058386223144e+00 5.571642620150135450e+00
9.479938090904740378e+00 2.084032334866268599e+00 2.873325159816939145e+00
3.510192055171985903e-02 2.146365812183045563e+00 5.486485941866651395e+00
4.632150466256529375e-01 2.113385354229004864e+00 4.660066221619500126e+00
5.456395796291283240e+00 2.158894142053044973e+00 1.046579912054994843e-01
6.292324054352556928e+00 2.146448106890234353e+00 6.976771929093006364e+00
7.710342836806519884e+00 2.177517855319398343e+00 4.991784258858714907e+00
1.234906282534263600e+00 2.238284475201881119e+00 4.842099819243216530e+00
8.049097276995142991e+00 2.210032478462220951e+00 4.882445845315250388e+00
8.171473982488619114e+00 2.211568718599629335e+00 5.809034274308936929e+00
1.365878095931079228e+00 2.317235837232441753e+00 2.211959340581036493e+00
4.879708403278647744e+00 2.284993554993437925e+00 7.936769797895554035e+00
5.129200754914846172e+00 2.283997947915231919e+00 5.490251235535139607e+00
5.208166608226735050e+00 2.316319809490325898e+00 2.850528975747057547e+00
5.382633644942178108e+00 2.306412445718219129e+00 5.841681001126657335e+00
6.220594168892564113e+00 2.293973008934051094e+00 8.121123026764268005e+00
6.505690282063641305e+00 2.281795905195397989e+00 5.959872088214353880e+00
7.631095723481539750e+00 2.301164793428557065e+00 7.706441946256052056e+00
7.896053308672481563e+00 2.270371727897395608e+00 4.617752344983998114e+00
8.291718922355601151e+00 2.341572835625208793e+00 7.804837628628168211e+00
9.173615264830409899e+00 2.332934379196921704e+00 4.393752699333010270e+00
9.416038842327703051e+00 2.319903455981040530e+00 5.473530059427298866e+00
1.144781357754597884e-01 2.367545257132284586e+00 6.863351453490381004e+00
6.471044627131162130e+00 2.414598026527214891e+00 4.845034582418870528e+00
7.056403606334516354e+00 2.408090271154935458e+00 1.068096434918775817e+00
8.577874940849529395e+00 2.348584880341816561e+00 5.503175541507937751e+00
3.880174946650505330e-01 2.490684059251730975e+00 3.790599636726172506e+00
1.499113009611841685e+00 2.463039312621610577e+00 6.791485592712366959e+00
1.621067546297153772e+00 2.489964051246818411e+00 1.860171063665042368e+00
3.567199658608535273e+00 2.452573284211521987e+00 2.260808408391643987e+00
3.861323442016797891e+00 2.435029952969161471e+00 5.552462212185036883e+00
6.119731902385373346e+00 2.459807340731326342e+00 1.610570434485004476e+00
2.281056506981067322e-01 2.576706623862807355e+00 3.681737158290565581e+00
1.463450931661052667e+00 2.501393109219930189e+00 2.323363459870166459e+00
1.576092004192009233e+00 2.542881123428170298e+00 6.616466304808355403e+00
2.217050224985106510e+00 2.573543594494998921e+00 3.690706968656913389e+00
3.577185434869259772e+00 2.508453787824810099e+00 2.832165132621853765e+00
4.766012790534555954e+00 2.524127213468239095e+00 6.205109214950731200e+00
7.229922223878121557e+00 2.556547104451323715e+00 6.716690184236605354e+00
7.592976033705892469e+00 2.526968339212758430e+00 6.794343461394896089e+00
8.166179744396883322e+00 2.510640239008003149e+00 7.661293482220544959e+00
4.455133841118497529e+00 2.623315132274856687e+00 5.878822287116312495e+00
5.973804002951041525e+00 2.625954263508000430e+00 5.921687092357760918e+00
7.123159292465068404e+00 2.609083815058452771e+00 6.451646069137548345e+00
7.314021993848339065e+00 2.653446632666367933e+00 8.571433502713750485e+00
8.583218159605818798e+00 2.603856354935240702e+00 8.173359491523193299e+00
5.786412304951072727e+00 2.724788498966654871e+00 4.435647944634381723e+00
5.986148703523758385e+00 2.702733162328712968e+00 2.251433337261586676e+00
6.280917867357091566e+00 2.702032547601173285e+00 4.716508735881529191e+00
6.455384219261517842e+00 2.663179092463210829e+00 7.922585722603365355e+00
6.840278824641529809e+00 2.730386745182425301e+00 5.714872518114788580e-01
7.006966061590993000e+00 2.717634340845545449e+00 6.868566325965458574e+00
8.863322052833535025e+00 2.718514092818539396e+00 8.350357556176771112e+00
9.602769158307032926e-01 2.790358609810280832e+00 5.232159390122273490e-02
6.136920980903687095e+00 2.767612236154361582e+00 2.515269066172435508e+00
6.586015249743232047e+00 2.786560638978531124e+00 7.068270322119987625e+00
8.103673821221450524e+00 2.746800519415972364e+00 7.954975455635075576e+00
8.484570429964318095e+00 2.793737142121769157e+00 8.382779569059717772e+00
9.633143541700290413e+00 2.754568411291608676e+00 5.329200425214652981e+00
1.350603697885816579e-01 2.821882358735686047e+00 4.685670222753541836e+00
1.135036152166699175e+00 2.874667428218470100e+00 7.093432717107275742e+00
3.227202247032347149e+00 2.847397323054060791e+00 3.716355976597043753e+00
5.024463558502893612e+00 2.815650931452855499e+00 5.048276992875855740e+00
5.609988927564872441e+00 2.890816541094962222e+00 1.896136466707337487e+00
7.569813737380700402e+00 2.832899038546388581e+00 7.990081753625750238e+00
8.795223155580828234e+00 2.861229538608871525e+00 7.841649210293062389e+00
1.199943992559124872e+00 2.958652822408360805e+00 4.798545803265416687e+00
3.158493415320489106e+00 2.938808393913604711e+00 6.894021821680169637e+00
4.251366975130764558e+00 2.955292675459103791e+00 6.357747379645660502e+00
5.504133557557699952e+00 2.937721860024514520e+00 1.838986336626821316e+00
7.509451838401300705e+00 2.929690737374750054e+00 5.012548154958816227e+00
8.952293145925006357e+00 2.896112489910858123e+00 4.783596852134381905e+00
9.058757529606804582e+00 2.894541442913015850e+00 5.096920486321048216e+00
1.030291826570377545e+00 3.015501351757151838e+00 6.651973645326166640e+00
3.760866325002576893e+00 2.983500028132509474e+00 6.164440725503313345e+00
4.504139810343879446e+00 3.046942486408902528e+00 2.823976474988826535e+00
5.451634002059539519e+00 2.973061983917039797e+00 6.221543635240180947e+00
6.703609366791248192e+00 3.020175719697619332e+00 5.634470864407829183e+00
6.961944582179707908e+00 3.011004219000095183e+00 7.579959045388388716e+00
7.082556926813151854e+00 3.049354536092477197e+00 9.111515872605476574e+00
7.260155832571701495e+00 2.973823526983876864e+00 6.803820867967355746e+00
7.655585918481826013e+00 3.040569736859030314e+00 5.301851516589811908e+00
7.741882315874041964e+00 2.973012539130306386e+00 7.103313856689601025e+00
8.575584145144866000e+00 3.043298797169008640e+00 8.489761092423091071e+00
8.862599367246630777e+00 3.038277724809776981e+00 5.377252938237644386e-01
5.546127165821924943e-02 3.050317851090006194e+00 6.829777723758667207e+00
3.247454398261496511e+00 3.080711488048692992e+00 4.539873650524871351e+00
3.793400729801773785e+00 3.057217732986918790e+00 2.767549846667422653e+00
4.016734021590313120e+00 3.065173459418294222e+00 2.844350693560045773e+00
5.072600026318917266e+00 3.053707058082522074e+00 4.424440234986347420e+00
6.272779390090305718e+00 3.081340241127542789e+00 7.729185878895466821e+00
8.520988726911133071e+00 3.095144273793621004e+00 9.341804769773942141e+00
9.347909311518399988e+00 3.106779860167396379e+00 8.740736178351031782e+00
9.610097569305546372e+00 3.108137920330722004e+00 3.764606463925970203e+00
9.747710407789790921e+00 3.072216022430595217e+00 5.359370769934706402e+00
9.822244903992990217e+00 3.048539037385019856e+00 5.187164846548741437e+00
2.572063417876896407e-01 3.133494352737434596e+00 7.342958660499011359e+00
1.494067392887299839e+00 3.203483048406390310e+00 6.308070488732079539e+00
2.418006931830446682e+00 3.139750096214243058e+00 6.490118797272597106e+00
4.569523963676376255e+00 3.158939484524985186e+00 4.126216351150403305e+00
6.532153517574703194e+00 3.151436989327468741e+00 7.160740752060314129e+00
6.761290207854831813e+00 3.167590974422265226e+00 8.533832640463362651e+00
7.786432993425783877e+00 3.150228744917158430e+00 7.962191728249777611e+00
8.075172019361847475e+00 3.208441644622343603e+00 8.568148382760274018e+00
8.485518812434811764e+00 3.167119414134019983e+00 6.076939235389474447e+00
8.839853197523211747e+00 3.199349056537126756e+00 7.111076544316518699e+00
9.799268652092234078e+00 3.172276401826882086e+00 7.939983443536995367e+00
1.307735287402395530e+00 3.220546610963217482e+00 4.857386853925966363e+00
5.146054056760366535e+00 3.204719377552329718e+00 9.291587561061358524e-01
5.381885147633873601e+00 3.249016375659190992e+00 6.435906290857445811e+00
8.939390999757256040e+00 3.226877561744158296e+00 4.569366189859657368e+00
6.732447019029427437e+00 3.339501998127512028e+00 2.396641324616070268e+00
6.983141797727324018e+00 3.317106708304489615e+00 7.022577142633913638e+00
7.193961654387994287e+00 3.299139476647657609e+00 7.547175696256841704e+00
7.446127678817303419e+00 3.354672691187766898e+00 7.690778260809262079e+00
7.988284811383162598e+00 3.324446725833036353e+00 7.020865418271977632e+00
8.273852591493813691e+00 3.304499726950848704e+00 7.228481522599591536e+00
8.329455741820614989e+00 3.332285306975789396e+00 8.424064726051435414e+00
8.716200202398198371e+00 3.301078687918354237e+00 6.545714787383749567e+00
1.507478259041742596e+00 3.429877053469580606e+00 4.188779764007007245e+00
4.701222679661924531e+00 3.399203491441163294e+00 3.682209236631024396e+00
6.670736357289404950e+00 3.408126884683953417e+00 8.840965375232467949e+00
7.572294536709051727e+00 3.406106120543578530e+00 8.133598457256212555e+00
7.692643805968344850e+00 3.425073857302534108e+00 5.968261221340096512e+00
8.538146030211173354e+00 3.377485015254353851e+00 7.192292489810336420e+00
8.863961044174381243e+00 3.419289180613248824e+00 5.243102748982709116e+00
9.599360341914088934e+00 3.432284900474476874e+00 4.688555928803423534e+00
9.616007610140785644e+00 3.362311451844229637e+00 8.201637649802606234e+00
9.920156923878941768e+00 3.434312874297487106e+00 7.310678950082523997e+00
6.346004371789129017e+00 3.486661368888380963e+00 7.923671111949407653e+00
6.675555876605335115e+00 3.482851594003492757e+00 2.834138377310445378e+00
8.001060989719894323e+00 3.454185042169079622e+00 8.689162364240441860e+00
8.399001001057524007e+00 3.467582579555195998e+00 6.166846809533739204e+00
8.873323606098901806e+00 3.449563060774528012e+00 5.037430184039985548e+00
9.222053217472485187e+00 3.491205125607549142e+00 8.420141380379872587e+00
9.644455525120168460e+00 3.480137110906636799e+00 6.160331004590487325e+00
1.180636412526892887e+00 3.571977928748933273e+00 4.950906653513551525e+00
1.362578723313406570e+00 3.573725229670782433e+00 4.055306265470036919e+00
2.252025410298707175e+00 3.576706832674420244e+00 5.029708340504924102e+00
4.997792843755135550e+00 3.518364391008679704e+00 2.095542118342475391e+00
5.720171695757332309e+00 3.586022987039536591e+00 3.609323236934840917e+00
8.183051818925747511e+00 3.542429734853872692e+00 9.130583293211927298e+00
9.732473145826201488e+00 3.565551078094891135e+00 7.397898443520032785e+00
3.696534198909218194e-01 3.638564620048878595e+00 4.974014616241167808e+00
8.702797765394107987e-01 3.622022423490965259e+00 2.024202449615686294e+00
1.488784703202227888e+00 3.651448541921484381e+00 5.659334448691387465e+00
1.978189324553203177e+00 3.637763810115051122e+00 5.800108776468174909e+00
4.104379537048306936e+00 3.668283887404841792e+00 4.615394805957516056e+00
5.096874280467285523e+00 3.656730764406686873e+00 6.225631747254583459e+00
5.536906774557619038e+00 3.651299694837931931e+00 4.599374152632655033e+00
6.644511656214151074e+00 3.629952815831107849e+00 7.379284206782754651e+00
6.783244498312966719e+00 3.627032057069131454e+00 2.844356355356564059e+00
6.737089937759869862e+00 3.645368196661117555e+00 6.983004048519433127e+00
7.120654229402637370e+00 3.641910016660323546e+00 6.780465576392631810e+00
7.212637719426087557e+00 3.652732267665429688e+00 9.053939904930569327e+00
7.416592265368054271e+00 3.655086230326822783e+00 8.709137076343250072e+00
7.757360077518530517e+00 3.648758092556978472e+00 7.999811209593579164e+00
5.273831776943779026e+00 3.692307235085438677e+00 6.949539562224165579e+00
5.652897473653292870e+00 3.696775240186269240e+00 3.021817948099712936e+00
6.316551670423212528e+00 3.723975142090634627e+00 6.394765573186118601e+00
8.145079980227103889e+00 3.742961262049274929e+00 5.184984794028716593e+00
3.006388183720197782e-01 3.774651302278209997e+00 5.334380797196047297e+00
3.418627483438385628e-01 3.782830210859504660e+00 3.543960982723459718e+00
1.955387219109027352e+00 3.824682285788368219e+00 6.737411154211116582e+00
4.249725313738498933e+00 3.780335438590459063e+00 4.062441948657827595e+00
4.717532078254179417e+00 3.789638238950622906e+00 2.347560162510270665e+00
5.114652151877223218e+00 3.796999169785981287e+00 3.349665801612121463e+00
5.840705095979011219e+00 3.763540302913760183e+00 3.752228657145804558e+00
6.775856413827248126e+00 3.798176380907873906e+00 6.913940066776383730e+00
6.829961810907628994e+00 3.788140375745570054e+00 9.649277458028453935e+00
7.054881564677367045e+00 3.772997907666630901e+00 6.441058090773472689e-01
7.741636763006340516e+00 3.780362573298089224e+00 1.346195452288555305e+00
7.826274146479374139e+00 3.804548025648258225e+00 6.689219978507844111e+00
7.988530867110756439e+00 3.783950068995257432e+00 7.282042510465126739e+00
9.634015287067319022e+00 3.806606445976346897e+00 5.002174365093106978e+00
7.437715518581033969e-01 3.872593135211821469e+00 6.607732896653024213e+00
8.522508198448619510e-01 3.848673425871548481e+00 7.220326476686488526e+00
7.508990048180040233e+00 3.889996874066538268e+00 7.645612461166963136e+00
7.574665621215523004e+00 3.854178250325150934e+00 7.487390294338899466e+00
7.989144518267995210e+00 3.837299405297403432e+00 7.195771603248264370e+00
7.994597857905211491e+00 3.882525258879178320e+00 9.981460331940466446e+00
8.168617574895627342e+00 3.883433297626250447e+00 8.080097893552810717e+00
1.080351315758614206e+00 3.918378145444553429e+00 7.013063287516310140e+00
1.740838029930458219e+00 3.942595534933658108e+00 2.468594610700523884e+00
4.951945902900580343e+00 3.959206308053355272e+00 3.428408190721657700e+00
4.959644247928343574e+00 3.959328802360835287e+00 5.334453064009602841e+00
5.759487528647623478e+00 3.953703380595757544e+00 4.655090456120785092e+00
6.866062575580073712e+00 3.965587932826556639e+00 6.555730651720486968e+00
7.473277073806865012e+00 3.968070994195329160e+00 7.520799214610384809e+00
7.895700033270062868e+00 3.908340098063527002e+00 8.398355635818470333e+00
8.039611044521091543e+00 3.932955391261583777e+00 6.960038059425102119e+00
8.368986168353467647e+00 3.912377832964533120e+00 8.240788098247080029e+00
4.422544268895517439e-01 4.029390361483320859e+00 7.564811699338958029e+00
3.759385852635036329e+00 4.058042144641416549e+00 6.130713884168340400e+00
4.758786254967430907e+00 4.046907496810928428e+00 5.499239931922804914e+00
6.439966379391274032e+00 4.062612003988676612e+00 7.569102099044043186e+00
7.310822841125462546e+00 4.014074202386097134e+00 9.593043780900622153e+00
7.852440098219463316e+00 3.992263445232505426e+00 9.890806980371172230e+00
8.388645102250965380e+00 3.986864226164369640e+00 8.917210993929355567e+00
5.414520499255518260e+00 4.131340345295891225e+00 1.094437487276838539e+00
7.025987146911505832e+00 4.077931082727199730e+00 8.258927288687253565e+00
7.214083343524060332e+00 4.136254079943883610e+00 1.696075269647027706e-01
7.243290102738537684e+00 4.111929493990932549e+00 8.631201880015479944e+00
7.244028981856283522e+00 4.111180507116202421e+00 8.627348653898582853e+00
7.623599558858096259e+00 4.122383197756904316e+00 2.483472700848405434e+00
8.008803780217697010e+00 4.110549036718862403e+00 8.998006940464827963e+00
8.171735833248121139e+00 4.084546538061800014e+00 1.071741938497989544e-01
8.551998563517395624e+00 4.064228181568005915e+00 8.064192004749695997e+00
8.774338791545980953e+00 4.101710745979677775e+00 8.135027903491646839e+00
9.053299919878487145e+00 4.099710990287979584e+00 9.090410134475945370e+00
2.993624170839597642e+00 4.181697588097325280e+00 8.156204693288584551e+00
4.487469970145967046e+00 4.197551875957125311e+00 3.055681521357818564e+00
5.023080350430001673e+00 4.182704964668078063e+00 5.854810486461440533e+00
5.684710520792124022e+00 4.142672862950771417e+00 5.121964563004516968e+00
6.322737823443064009e+00 4.160472161409439096e+00 4.474629714439545936e+00
6.665368970639342194e+00 4.176375303260189575e+00 6.419215839644310861e+00
6.887576866717315838e+00 4.192191380449974858e+00 6.437887379427555068e+00
7.066641052356130714e+00 4.206010601614218025e+00 8.167655980662023030e-01
7.188951370297014698e+00 4.162012936816960718e+00 9.412301940748942997e+00
7.607127138476876382e+00 4.168457276926591959e+00 8.903039108132219326e+00
8.779778849364316073e+00 4.200974696741114123e+00 9.708520297584588121e+00
9.284635239628453718e+00 4.196923576538407197e+00 9.785230079585902629e+00
9.485109974517996534e+00 4.159911903766209562e+00 9.133338266902594427e+00
5.555540464648164978e+00 4.219855081039486144e+00 4.974109652403425841e+00
6.688707363073053358e+00 4.252914853139638574e+00 3.156071398893724567e+00
7.028748173954051381e+00 4.248491842561314513e+00 9.554682697849232298e+00
7.121813282591174854e+00 4.237784960300017723e+00 8.247669791801968131e+00
8.037482143504007581e+00 4.231253818248830179e+00 1.970038759768244052e+00
8.979056966811093332e+00 4.272731472309630796e+00 8.772028295909697349e+00
4.253111250205117599e+00 4.349233377425772318e+00 4.277489189388514745e+00
4.283268846864627832e+00 4.344356546262097218e+00 5.650710335193283917e+00
4.942513237920241664e+00 4.359876661305694512e+00 4.388163878884379088e+00
5.019356308888466955e+00 4.315422636797659806e+00 3.472863155820265835e+00
7.113048121118988654e+00 4.330029549603118255e+00 7.364846580590779013e+00
7.273131584154207019e+00 4.331419724751146560e+00 7.624946431130764424e+00
7.568039407845112976e+00 4.349761060511100119e+00 2.118547231920140383e+00
8.770917652997338720e+00 4.333413923508025789e+00 7.712061714769223641e+00
4.525021001936513354e-01 4.406018028653013729e+00 8.398917432211934653e+00
1.081774989732407821e+00 4.429979930816281275e+00 7.584074100433451093e+00
5.608943413832180980e+00 4.388982045772542584e+00 7.905920820112185332e+00
5.628239171256192108e+00 4.449539758024022795e+00 6.327498663844047577e+00
5.794336190653879726e+00 4.441239104523712733e+00 6.861412872005440811e+00
5.859629927233009461e+00 4.409070055130218435e+00 6.834458624274621918e+00
8.091502766043220163e+00 4.403939855161826955e+00 8.527616934265703108e+00
8.514427807362269007e+00 4.417354603870546903e+00 4.916483251600277660e-01
8.956295802676748963e+00 4.448731641510826229e+00 6.656853263777745333e+00
9.336010456490337006e+00 4.403765145041290907e+00 8.612772623493933466e+00
2.127589436989998806e+00 4.513712305191204699e+00 7.033657289976748217e+00
4.824126218307836389e+00 4.524207175974901851e+00 7.809839265224073346e-01
5.487001789456056322e+00 4.490499524368127382e+00 8.121752213694058753e+00
5.789239265696696890e+00 4.463333846453210185e+00 7.382598059404591240e+00
5.975047964784342192e+00 4.491810174938486000e+00 4.114558767806724582e+00
6.383571933923046338e+00 4.522808745563077437e+00 7.004719218389876545e+00
8.512510127734197241e+00 4.475837256383875307e+00 9.082110811512324133e+00
8.614724368227413720e+00 4.467905455365305478e+00 2.105691764014255285e-01
8.877575576022671555e+00 4.512296726104684019e+00 6.770139115613898362e+00
9.527913037901450721e+00 4.507897252421473766e+00 6.770013573558735231e+00
9.937657884300689304e+00 4.488057593393929956e+00 7.361855143342063812e+00
9.750959700041382794e-01 4.572749081021471262e+00 5.110173490022397402e+00
6.766983388377521003e+00 4.600629976438656676e+00 7.559181195971223843e+00
7.685193501494229196e+00 4.531344258232402389e+00 9.618318966475731813e+00
8.226143035130379033e+00 4.571882241720765627e+00 1.301009831153410623e+00
8.705127370984975244e+00 4.583025705070221889e+00 9.931848241951231060e+00
2.212504990961719376e+00 4.684216286764166348e+00 7.194263812550711457e+00
3.599937394522306100e+00 4.609281808586101370e+00 3.762143195133885509e+00
3.827584464092433691e+00 4.682216067548238492e+00 6.417043701166834424e+00
7.142182733312040455e+00 4.684484099881097485e+00 7.465324235156350241e+00
7.775651310422208695e+00 4.619298322171137450e+00 2.116693128582606942e+00
9.615252825973811923e+00 4.672409906217803943e+00 6.383310896203438389e+00
2.754164611187492895e+00 4.753605577776447433e+00 8.186917317067468503e+00
5.984549067991153493e+00 4.717130407272432713e+00 9.467034496490690287e+00
6.564657659761347297e+00 4.690283147801229902e+00 8.414195101928655163e+00
7.764134508661234335e+00 4.749781262929998249e+00 8.689701486467280134e+00
7.821838636785345855e+00 4.687590572250432075e+00 2.996081945499786681e+00
7.885559007706780754e+00 4.723173540547564109e+00 9.704638153174572679e+00
8.280161466579928131e+00 4.692246499934198845e+00 5.316167635801065217e+00
9.284374761480645333e+00 4.710631867489859737e+00 4.660204162535076522e-01
9.495039389482936798e+00 4.747685056659035396e+00 6.973407564641957102e+00
9.653001975159018144e+00 4.734093533399396314e+00 7.848760730907212491e+00
5.396893726397726354e+00 4.800242368661335135e+00 6.224858481389646592e+00
6.766344605410657742e+00 4.786793659725963934e+00 8.498523285531019766e+00
6.990409289627258715e+00 4.803377299697108249e+00 7.875192852682145750e-01
7.218758700931958039e+00 4.796807258594951051e+00 1.153983737111818009e+00
7.224632334328797256e+00 4.822008207598471152e+00 6.456194954227576055e+00
7.548039240504786918e+00 4.786929846294772695e+00 8.024793069067143847e+00
8.022622244676099967e+00 4.790306613250490564e+00 3.867237648119676408e+00
8.588697208205537947e+00 4.790142996574708434e+00 8.850034304667207863e+00
8.634506372911349814e+00 4.792258789064340441e+00 7.856430444184890227e+00
1.978269083371567483e+00 4.902084216184188215e+00 8.399274880209626204e+00
5.109864928828129038e+00 4.891236672435312904e+00 4.858196998740714534e+00
5.748295817001729091e+00 4.890887042708219390e+00 5.227046022445279050e+00
6.282049562417620692e+00 4.898852060091942739e+00 9.728755499530048922e+00
6.803774315688843721e+00 4.865573302286014368e+00 9.132789722044288183e+00
6.894369150736955554e+00 4.912042572076443570e+00 1.701205952159738022e+00
7.516773024502183098e+00 4.853336626418518485e+00 8.662637663894473761e+00
7.917148782987280420e+00 4.890694908941636498e+00 8.418588813646966429e+00
8.715876057544063471e+00 4.867115270263560944e+00 8.494684813810508217e+00
9.064413674907392249e+00 4.901034901940649391e+00 6.397903943716425346e+00
6.567933707193768456e+00 4.981566242212753792e+00 3.737826079796844336e-01
6.773684230399846129e+00 4.949396477738787326e+00 8.607138557850987581e+00
9.090575723067916059e+00 4.964719617724841605e+00 6.549355866426184392e+00
1.506756662816387982e+00 5.006619201307708877e+00 3.931444140605544035e+00
2.553752310716406626e+00 5.045928799473426984e+00 9.100524771741888230e+00
4.275971567856509559e+00 5.007680362692224385e+00 5.416942410308992706e+00
5.374485876772238768e+00 5.000641367867027398e+00 1.478834482244149040e-01
5.713940886304524014e+00 5.003612620862096350e+00 7.801943938872862638e+00
8.563541993325957113e-01 5.146285186334708328e+00 5.099007469877987475e+00
2.374960485001205157e+00 5.152132733442797985e+00 7.194548013059339553e+00
4.661455888769084233e+00 5.092942697385186790e+00 6.136864756509763374e+00
5.150975965911689158e+00 5.127780993951168931e+00 5.338163886391805057e+00
5.236482981107656975e+00 5.077240791634519468e+00 3.434990664800517735e+00
6.114710687559429481e+00 5.140260050719450469e+00 6.608812729275506115e+00
6.942348687655846007e+00 5.081715640005434409e+00 8.894087406049843381e+00
7.167796556005820108e+00 5.137593486001469145e+00 7.978522506014944504e+00
7.193702029959327504e+00 5.103529492162766523e+00 9.120281645737781773e+00
7.574129374330218489e+00 5.157121837742666415e+00 1.281384929779642856e-01
7.916254925224262884e+00 5.099446760651543897e+00 6.340594556095469514e+00
4.578242135761457554e+00 5.193271082749036260e+00 9.785833198739688044e+00
5.616993976861960114e+00 5.190864471983249295e+00 5.082648051626836860e+00
5.778727800927804026e+00 5.227837544296839667e+00 9.974580479483853068e+00
6.857856421807919212e+00 5.159754148681765962e+00 1.946698332487742045e+00
6.884399159883626496e+00 5.165850986388253574e+00 9.957373976713759234e+00
7.838808527276997395e+00 5.160630547378195487e+00 4.563008754647352561e+00
7.950953883687610357e+00 5.191777684551201588e+00 3.590331486601671118e-01
8.331528016864259811e+00 5.195869403089779404e+00 8.016160800410315090e+00
4.930110653529885312e+00 5.279805373307498328e+00 5.529021150436072674e+00
6.614795814968881693e+00 5.300568072556805177e+00 7.462146441745408865e+00
6.640613254750603822e+00 5.252600559915470591e+00 7.404933599117059728e+00
6.733259926345388280e+00 5.283488444590663136e+00 9.708787672271769864e+00
6.828610903396231890e+00 5.255031066164884024e+00 7.864477374235149476e+00
7.294880484340276361e+00 5.247632516354460819e+00 6.174876324093188984e+00
7.451614367698782715e+00 5.287157310643834762e+00 1.289806643026227606e+00
7.520342991256783627e+00 5.270067968656094060e+00 8.763785733148859336e+00
7.716788760817428816e+00 5.245025426026859172e+00 2.440520721761405554e-01
4.576001674330814062e+00 5.374074142657741859e+00 7.929572039188054866e+00
4.915628306754806331e+00 5.370533674914568678e+00 8.108741570164179180e+00
5.789474058981467053e+00 5.387260806550262515e+00 3.981053712824892621e+00
7.257159557508535030e+00 5.352820612917704501e+00 8.495664736441256082e+00
4.890374642381359216e+00 5.395371737374092369e+00 9.920259081007088753e+00
5.052470207874055319e+00 5.428014037678751791e+00 5.980497406696307472e+00
6.282842791845864028e+00 5.452145412914449096e+00 6.917461634078268418e+00
6.842112195360666504e+00 5.446837823139182078e+00 9.840169159017943201e+00
7.232590531293443092e+00 5.402158317647600683e+00 5.015141318616460342e-02
7.194489221056380224e+00 5.434586979898275771e+00 1.245540542272082662e+00
7.274912264016940355e+00 5.422750624180759260e+00 7.433858207069108381e+00
7.564061175546973992e+00 5.406542914351819107e+00 6.511017649934396800e+00
8.053153362590364850e+00 5.403843603012306929e+00 7.497513905362488629e+00
8.669098841578604109e+00 5.409945688838549316e+00 7.146632950776089288e+00
9.004220025059336052e+00 5.461088775842239507e+00 9.440901472188661714e+00
7.591121089515224796e-01 5.505203431992750751e+00 5.747213796778094519e+00
2.666948705103413531e+00 5.489623462457116077e+00 7.405174733741726634e+00
4.825609984997716317e+00 5.504773170537149873e+00 8.432317268719570436e+00
5.379555721061130669e+00 5.537124834539778107e+00 4.217616487970779815e+00
7.148270931296274888e+00 5.510686211039079296e+00 7.116958341329145732e+00
7.388831612287374284e+00 5.512249960389827841e+00 6.889609331925876656e-01
8.036345933974093469e+00 5.513912153425125418e+00 4.955657984674836924e-02
8.711271833265122888e-01 5.600215546563386937e+00 6.665074974984731782e+00
5.017261201005120519e+00 5.570344512713103491e+00 2.795116033091096241e+00
5.063295996296776735e+00 5.583127058461244019e+00 9.455361810486472507e+00
5.120389947446364332e+00 5.619208883336238358e+00 8.406554972997536623e+00
6.566535117321655513e+00 5.627520137778615705e+00 7.512165211377146434e-01
6.854831119051269184e+00 5.552690086704357597e+00 9.612698755379595283e+00
6.903935189260920424e+00 5.576387676176392638e+00 1.449681852755002054e-01
7.731287050750831114e+00 5.577214147087238061e+00 1.148141558427309139e+00
8.391110203986885452e+00 5.549755363059611035e+00 8.246233890735609862e+00
3.254210570474247444e+00 5.628157269352432657e+00 8.260004336290174720e+00
3.581821425947731008e+00 5.649121428198748518e+00 6.233127514347879483e+00
6.198465627148216583e+00 5.701863454950082399e+00 7.534876361626606567e+00
6.648948595169882125e+00 5.686948671115849230e+00 8.917617651545274304e-01
6.720302218745894507e+00 5.630165189043024654e+00 8.243625700497798192e+00
7.647007421096423840e+00 5.700957829642629981e+00 5.387766835495231277e+00
8.120353086163365930e+00 5.630968022638461079e+00 7.013245736942995689e-01
8.128514014504165885e+00 5.700289253384349664e+00 5.070244859494195566e+00
4.837634862820048731e+00 5.747913222918024090e+00 9.291079762943223130e+00
7.723933063789685249e+00 5.772822137059953285e+00 5.314048840142858054e+00
2.082167274813572888e+00 5.784898353968429774e+00 7.476905779771929161e+00
4.683298466281485162e+00 5.835780798356843491e+00 8.509139825341694774e+00
5.980322527951684286e+00 5.789262322749548773e+00 5.456105095542055139e+00
6.405918602020880037e+00 5.822308462511919913e+00 5.651026760933495652e+00
6.677368763763543491e+00 5.794509093983089443e+00 4.993567884133067736e+00
9.193056091764091775e+00 5.819584248547082339e+00 5.315029568295591700e-01
4.796038243410680302e+00 5.908377429046947960e+00 9.390391970997105986e+00
5.797120435056521970e+00 5.881992955652899369e+00 4.026664956692044273e-01
6.352916459567482299e+00 5.895866993880503060e+00 7.144450570644708343e+00
6.641799001067425046e+00 5.860145288978531930e+00 4.959129430983141296e-01
6.716926857216483526e+00 5.905227282816006174e+00 1.612835395614268252e+00
6.895583038788323016e+00 5.905052874352485937e+00 7.482268254720342293e-01
7.599646706016287112e+00 5.874663848527413634e+00 4.141414348161477577e+00
8.434030695960395008e+00 5.865118343423478819e+00 7.671868386450452881e+00
8.751096244949112091e+00 5.876294807272009812e+00 8.022514831102576238e+00
3.212802441832169897e-01 5.963022431588816730e+00 6.714415574642400131e+00
2.756997836095409049e+00 6.013197466962100890e+00 9.425985466468363327e+00
4.626981569340370193e+00 5.963110849409275716e+00 8.937173213253668536e+00
5.825230500844456927e+00 5.946320377937110102e+00 9.563455032155211200e+00
7.040187657221180118e+00 5.990664356697603665e+00 6.585317194232273019e-01
7.990799964168324721e+00 5.996232785458981418e+00 4.312351312657312974e+00
5.374091923250907676e+00 6.056861858958506595e+00 8.998128029860781751e+00
6.463253008563110136e+00 6.083530890524089685e+00 4.346812674218973882e+00
8.198181773458260935e+00 6.054982875407798559e+00 3.090974890077198278e+00
5.450319126182183282e+00 6.107327371012805983e+00 8.915902856376963115e+00
6.815066151933242722e+00 6.108465072225923720e+00 1.516186695159846831e+00
7.077297727030707364e+00 6.129644361930695950e+00 3.930934329236794866e+00
5.730054405004163520e+00 6.193535164873205545e+00 4.996525930861805520e+00
5.742915957176295549e+00 6.231275910387136463e+00 9.836340525595474560e+00
6.868088890885847064e+00 6.220017401218611575e+00 8.687860922309782907e+00
6.893248452373589963e+00 6.226302409810393179e+00 4.251296201080857484e-01
7.892713883527689767e+00 6.233684719180350164e+00 5.022124056991902563e+00
4.596910317689317793e-01 6.316543016531108279e+00 1.196961352489937236e-01
6.076544368551325626e+00 6.253979734930561918e+00 4.125791197013492173e+00
7.109197937911187815e+00 6.257581269376549571e+00 4.352460065250690846e+00
7.569997030029366414e+00 6.320373868920739824e+00 8.133451769706386614e+00
8.557646302336017641e+00 6.320261790138902214e+00 7.160693604893253905e+00
9.043686374566926034e+00 6.321583098479590213e+00 1.883694469458786269e+00
6.354077243024624622e+00 6.353088122881680455e+00 4.807742092354564400e-01
6.334981316818247166e+00 6.356615337205538729e+00 7.041460021343212361e+00
6.466335271894247505e+00 6.383558973624794852e+00 9.571821231008868835e+00
6.985387108237292253e+00 6.395877250934475455e+00 9.539988281003566328e+00
7.248282361617148339e+00 6.402047570057807668e+00 5.293441035019083252e+00
8.124475862583256713e+00 6.379408367449034500e+00 4.682914759151818096e+00
3.388336364431721925e+00 6.429625067412633399e+00 1.516872511557295078e-01
6.104475563525056714e+00 6.428528937954896882e+00 6.042066590655161384e+00
7.016717420469932520e+00 7.222400715146219952e+00 5.993104858018355685e+00
3.697272057599020334e-01 6.495428424182545513e+00 8.289218260858975285e+00
4.704442848229508201e+00 6.518822559231256086e+00 8.822910389919391250e+00
5.402404572926712056e+00 6.522966170041628153e+00 8.047808394493621620e+00
5.649979830393591307e+00 6.496057923706825221e+00 5.029516093298193269e+00
6.429147175902770073e+00 6.552019000056583664e+00 6.889564989717538168e+00
6.568530573106625248e+00 6.526091573990568051e+00 5.661916605841145866e+00
6.971629149871867881e+00 5.755513314642995759e+00 6.178240431125722409e+00
7.922449723671062927e+00 6.529924256066042432e+00 4.197730811816866137e+00
8.298475541701286318e+00 6.497303809594196622e+00 6.688231936400121924e+00
4.417494158696122497e+00 6.618527430055502592e+00 6.149033675307908453e+00
6.305314459992039211e+00 6.564484574287913432e+00 6.484880330443317575e+00
6.675065641034725772e+00 6.570212618332925025e+00 8.223966102438541981e+00
5.860555205725257899e+00 6.655088332643745552e+00 6.953369035987584823e+00
6.039424177806797189e+00 6.714938311247824032e+00 8.049647060085902694e+00
6.443132017688795621e+00 6.711234778802320555e+00 4.143912235496427510e-02
6.533273229171548735e+00 6.714209257769024219e+00 6.958026868942600807e+00
7.714899184613892125e+00 6.701539280409692267e+00 4.564499353651038760e+00
4.559509981130318579e+00 6.741791115816386792e+00 7.476565477031700269e+00
5.536993228425525437e+00 6.737521723557904352e+00 1.170612886336282188e-02
5.548355015523069866e+00 6.764826070593255025e+00 8.589855609678131998e+00
5.749492646390660155e+00 6.796192695238612913e+00 8.418725413021691750e+00
6.310321055234626719e+00 6.739512359257826546e+00 6.449810368198892752e-01
6.277064687129289666e+00 6.768478724480477382e+00 4.888446560046006084e+00
4.755269146651474266e+00 6.855869008414399168e+00 8.015537500315057073e+00
5.728966161642309984e+00 6.816490103404579060e+00 7.037776058297907644e-01
5.775556645765239416e+00 6.810852697388925847e+00 5.665201094813630434e+00
6.390317558292885280e+00 6.833620448265055103e+00 3.933593159011247398e+00
6.470139814360914343e+00 6.861823398466084356e+00 4.420988554644743829e+00
9.625695123037374401e+00 6.871410501854336772e+00 9.895273048330071042e-01
7.123374791883675394e-01 6.904779001262721927e+00 6.207401760520983913e+00
3.710887191470137125e+00 6.901149046806579257e+00 7.516537691629991969e+00
5.237286965753781054e+00 6.891009111304931878e+00 5.827916939884195457e+00
5.353886116527070804e+00 6.893812958116028788e+00 8.767242307085508557e+00
6.026029129468668977e+00 6.934711213240059458e+00 3.842281131622357293e+00
6.110463094353230318e+00 6.906332766125585998e+00 8.035718214364157674e+00
6.228209176231763067e+00 6.915520636760150275e+00 8.327016959310327593e+00
6.718370401841408324e+00 6.946419310159821059e+00 8.684458346189369848e+00
7.173142058243483277e+00 6.943126130512291105e+00 5.292761363042602696e+00
7.655512818697886246e+00 6.937122809773638821e+00 8.029979373022102962e+00
1.106447726615800597e+00 7.011796155561140331e+00 7.671955525113974161e+00
1.446583017701979390e+00 6.993641092002293114e+00 9.323162303440184928e+00
4.075861954177766755e+00 6.990015228363542832e+00 6.509807280331824764e+00
6.699784090007156578e+00 6.969128478426616979e+00 8.529046854176163706e+00
7.487830599643152674e+00 6.989733218695563188e+00 3.537077340060898578e+00
7.448706551415918753e+00 6.975711891073536286e+00 7.979461535302021957e+00
1.926012706083362058e-01 7.106881153700980391e+00 9.223836318074408069e+00
4.232880845252103619e+00 7.059184521367288134e+00 8.717738032974327922e+00
5.170315730087672534e+00 7.099119735047437985e+00 7.030942387044101238e+00
5.221207309534964480e+00 7.044325998669640043e+00 9.002546564132851259e+00
5.387424786112471331e+00 7.090914697535795952e+00 5.261535306495501274e+00
5.338172832059067119e+00 7.065118706616511979e+00 9.146288594515851855e+00
5.499045956515407951e+00 7.050053488731084173e+00 9.768707227011395489e+00
5.970938199223476239e+00 7.065815682218694604e+00 8.184871125003795100e+00
6.579749956253569287e+00 7.048564874415210291e+00 5.209430668381928697e+00
6.561551848831909339e+00 7.060458624430196117e+00 6.789747011530638865e+00
9.440308101430773036e+00 7.100728712562223599e+00 1.928358404923212976e+00
3.523299127175297585e+00 7.162258517129933999e+00 7.747067916012687405e+00
4.607498214230007605e+00 7.159665420658017254e+00 3.927108039490156521e+00
5.512602130836722125e+00 7.158949314215062643e+00 8.485536835935372224e-01
5.903008825473850862e+00 7.118794342736400438e+00 9.106708430147266498e+00
6.256162966021280525e+00 7.121004147943461149e+00 7.664836513878990898e-01
6.888888782972045988e+00 7.182297098269867064e+00 6.489214519452811913e+00
6.884935846980980045e+00 7.155483832031802827e+00 8.730813341172812159e+00
1.416010453692982729e+00 7.251736314821997098e+00 9.005213159874285722e+00
3.871784501935842560e+00 7.208554703166376143e+00 7.544611592927273236e+00
4.352838989533510450e+00 7.246763695470558986e+00 1.237012929628130919e+00
4.672366573514489474e+00 7.216067636406382491e+00 1.710383491924762911e-01
5.024356014022988148e+00 7.263458227962532376e+00 7.079766856123795193e+00
5.319947649266675072e+00 7.243907336834672250e+00 8.440703773748096106e-01
5.812332450099986225e+00 7.222414426226166029e+00 3.399879964411158806e-01
5.913643465520800113e+00 7.219443533306616700e+00 9.635086477736116706e+00
7.032867333262393217e+00 7.210865844108075073e+00 4.837470572006177250e+00
6.745071525586349814e+00 7.268986863584009583e+00 6.931729209520816504e+00
3.309016079582418612e+00 7.355146234837376618e+00 7.752095329455851669e+00
3.705252326159327758e+00 7.351378327060130502e+00 7.717231742906836445e+00
4.715274516340724809e+00 7.409865422713830085e+00 8.038927397953322895e+00
5.595532915253193629e+00 7.387240885828872727e+00 4.675903346374788327e+00
5.611386942072953410e+00 7.400318986865174864e+00 7.569396161725762795e+00
5.888741615294001974e+00 7.385595112924275618e+00 9.649688906748565387e+00
6.557682361427586315e+00 7.428885137472161837e+00 2.984203322922178714e-01
2.030563488128674376e-01 7.486285913879660470e+00 2.478224557166224251e-01
1.819006827409989757e+00 7.470253350353221578e+00 8.768739210035253251e+00
3.964680633619211747e+00 7.445510519359726409e+00 7.260708165424362370e+00
4.754245568058775184e+00 7.488396632016099730e+00 8.550621858723076230e+00
6.562248541191483042e+00 7.446652398013951846e+00 2.750973971530831230e-01
6.567976157647920310e+00 7.429272471410794054e+00 6.050302974499602859e-01
6.859376465413023816e+00 7.467751643182222843e+00 6.578345179288735967e-01
7.928943963842198350e+00 7.447106873571377683e+00 6.231310188712624765e+00
4.486355015743482610e+00 7.576698776389179102e+00 8.953082151908972719e+00
4.471174399785684095e+00 7.557437474555332990e+00 9.943379314496986865e+00
5.855799051572232017e+00 7.544493040688061924e+00 2.865766229191217818e+00
5.804688845808068542e+00 7.562875992168416772e+00 5.180073583207465582e+00
6.098422603195098546e+00 7.566975081687170146e+00 4.221558247146007581e+00
1.046644690383128129e+00 7.628213493108929377e+00 8.229432622820270993e+00
3.746483688969306947e+00 7.624350190182999754e+00 1.170082128544376987e+00
4.815624415839331540e+00 7.631163094384767476e+00 6.713045707776393201e+00
5.946656058782716414e+00 7.635522571080286092e+00 6.826603216769533411e+00
4.143580536162493999e+00 7.670214575061167217e+00 6.459225084027878871e+00
4.428689880288668945e+00 7.699851595478373056e+00 9.677423366257665194e+00
6.362174043983902294e+00 7.717430169158586040e+00 6.196235494549961587e+00
6.453372717182775276e+00 7.668462393570859348e+00 8.357537252367908565e+00
7.353505287795227829e+00 7.717722159912676183e+00 4.050549022059581894e+00
4.010239068425815567e+00 7.795313859224272335e+00 8.269469320543294089e+00
5.189360190414235241e+00 7.800566661145184710e+00 7.308985034742869757e+00
4.052194699550149437e+00 7.877025511898044563e+00 8.127523102293158885e+00
4.529284286802145232e+00 7.869060220889465995e+00 7.297298163954787142e+00
4.788329817651730380e+00 7.871408879422424398e+00 5.797257720069389109e+00
4.919923698653127175e+00 7.859461816400903800e+00 8.938745934936429549e+00
5.044489209996891432e+00 7.871750918991641477e+00 5.830306237882067200e-02
5.079329135869757650e+00 7.867311848128640150e+00 1.596555655362299930e+00
5.386022139639395689e+00 7.841355514113173442e+00 5.106655039198964019e+00
5.436422224440955020e+00 7.853796763087529165e+00 8.430534969047730698e+00
6.616668586470776603e+00 7.814266733461122882e+00 5.971218966865902367e+00
6.604267316116620101e+00 7.827311506409099451e+00 9.613214572499645172e+00
7.007120425469530289e+00 7.871640087054074364e+00 8.374063134114006601e+00
2.617491653979646671e-01 7.950414750736137570e+00 2.105220448830432467e+00
3.995406218700535472e+00 7.912178521024843647e+00 8.176464473357899720e+00
4.561132728945671566e+00 7.945893612244311122e+00 6.480875209040330986e+00
4.698788995031057958e+00 7.925357916416038151e+00 9.142156318415988636e+00
4.946220630815206576e+00 7.934982662761331795e+00 5.834716591835213961e+00
5.289868956390973764e+00 7.911037214387943273e+00 8.891617994128624858e+00
5.271415413846779252e+00 7.919200785848380164e+00 9.240826185796722214e+00
6.110868482405153124e+00 7.889463123321371896e+00 9.527372861884536803e+00
7.875518397148913330e+00 7.900219953624928237e+00 6.454172752854024253e+00
2.000852656782581285e+00 8.018826039099108627e+00 9.973624126551737135e+00
3.988148434444315882e+00 8.023454314056049697e+00 8.059106481908166586e+00
4.001405326809731378e+00 8.035223454280936650e+00 7.818796263649995248e-01
4.973277481918217724e+00 8.014827851946737525e+00 6.112780968928460013e+00
5.547770797471208049e+00 8.025143461706182535e+00 6.513951127964118903e+00
3.181401671924475316e+00 8.078628671611181034e+00 8.773712534484360503e+00
3.502554717814512220e+00 8.120912424185494416e+00 1.037809588692077067e+00
3.852211752511045972e+00 8.079136232612885493e+00 9.155938114902408387e+00
4.994047526847342766e+00 8.048820955785824793e+00 7.245681093471846523e+00
5.308055643861992579e+00 8.121732135295220090e+00 8.006526542003641111e+00
5.944989551218772483e+00 7.984032972473364964e+00 6.800496572043567056e+00
7.000434328536670137e+00 8.093414421466945896e+00 8.230256105029761571e+00
6.369583557331935653e-02 8.166043106236877236e+00 6.430234768389432531e+00
5.848743840908539049e-01 8.154217917785290481e+00 6.547898140714494275e+00
1.078588909607373303e+00 8.126778378555027160e+00 6.744076602312579993e+00
1.291737480908926594e+00 8.190143363499696960e+00 6.241537950373584387e+00
4.948473987040078903e+00 8.186159361578113192e+00 6.403869873195489504e+00
5.763693155541636415e+00 8.189603084011832124e+00 9.155477684638700708e+00
6.007684034708606902e+00 8.177139187618214677e+00 1.799243283307746744e+00
6.252168776889485358e+00 8.269995616908351721e+00 6.192146851168732979e+00
6.274234830810506480e+00 8.179060789073423265e+00 6.322860915607370735e+00
6.624322580334640165e+00 8.168341385144618272e+00 3.324330250086292793e+00
6.711888410725545207e+00 8.130516704943619999e+00 2.330748426208695712e+00
9.659629348265548643e+00 8.143480791477248459e+00 7.546075884655583543e+00
1.806731845261565716e+00 8.222888657189136197e+00 9.976791470192255318e+00
2.783128290165536534e+00 8.223828812962597823e+00 1.310503693006532244e-01
2.850731021341292859e+00 8.213841158094624006e+00 9.535437919715311850e+00
4.765204517368047732e+00 8.210010631540713533e+00 7.147403346576707506e+00
5.548966106202664506e+00 8.220698041696071101e+00 2.265707032147143085e+00
6.063256977043097962e+00 8.253458462429332343e+00 6.427088639071844023e-01
6.822350268866593126e+00 8.240445804429876731e+00 9.348457009337378665e+00
1.616283189041876067e-01 8.347727879207145207e+00 6.914371289791588993e+00
2.249289591258465393e+00 8.309460422657480194e+00 5.156570326013325267e-02
4.519064051132320792e+00 8.290992462986011446e+00 6.691392187953964843e+00
4.849462342728575237e+00 8.296796494221489127e+00 7.995731181670372223e+00
5.496936657481706234e+00 8.347071367627307836e+00 6.410092008638899941e+00
5.500839579763036724e+00 8.292853128697746712e+00 7.051129809536968551e+00
9.867641175398345510e+00 8.313457839424533091e+00 2.914751184477883506e+00
4.979272007963346347e+00 8.432179254589783568e+00 6.190893409577532758e+00
9.285937148537504626e+00 8.413572009093137183e+00 7.114448707559770213e+00
8.066096908621473993e-01 8.500519720523934453e+00 8.948575189786499351e+00
5.098229280435079502e+00 8.508848565144267795e+00 5.057926718266089416e+00
2.260514148071409157e-01 8.559585754475923736e+00 2.843037096217065685e+00
4.083891456254145957e+00 8.554158813021826901e+00 9.632103264251618668e+00
4.194661110786030100e+00 8.543651248143561361e+00 5.977966034657065997e+00
5.227180948987333764e+00 8.541598474152479525e+00 8.613378281561049121e+00
5.325254477007167253e+00 8.570919254914507235e+00 9.245056881347938571e+00
6.528868573497398131e+00 8.536579765560077249e+00 1.556064726091185513e+00
4.295203276521755598e+00 8.623428960459669668e+00 8.755692765786010412e+00
4.746228488289465197e+00 8.656205983147099658e+00 7.104929270602383440e+00
5.218027309357119670e+00 8.617331792233718701e+00 5.887385148707380722e+00
5.247739348254798486e+00 8.662077250792444616e+00 8.390203332318904472e+00
7.813478512044049751e+00 8.640014949382685217e+00 2.527302792316184821e+00
2.852022580919275629e-01 8.716450837957705033e+00 2.362920966952479329e+00
3.723986760767306503e+00 8.726187399019888602e+00 2.294112559491916059e+00
3.947892663856457318e+00 8.723612646908573964e+00 3.772928331359339804e+00
4.492403289378363418e+00 8.735874549083529672e+00 6.945441876721163865e+00
4.666133360017576059e+00 8.739997146376008885e+00 7.334946453245740017e+00
7.855449574750015707e+00 8.690006013185525902e+00 3.998999465130961717e+00
7.947206560098185157e+00 8.698169494269926361e+00 1.454013847118125202e+00
8.390704777594464758e+00 8.718595184219040561e+00 3.707825449001712403e+00
2.372085672953831548e+00 8.767028384262168572e+00 6.108344031754639580e+00
4.383874815739580377e+00 8.765690354556390673e+00 6.571624636208852621e-01
4.533177918536291706e+00 8.818109877577366973e+00 8.536570769520038127e+00
5.504626436727104277e+00 8.814314252230367686e+00 1.599782599906795610e+00
6.022839216303319532e+00 8.803358788167438220e+00 2.663708429440549974e+00
6.559782444733692763e+00 8.776358506785848945e+00 3.353098775133629861e+00
6.689865011405245809e+00 8.761806983898271284e+00 1.602167859151294893e+00
9.799954000152517608e+00 8.787787481104102127e+00 3.561040307494294233e+00
5.285647180753722196e+00 8.892961424219508970e+00 6.623629964221537492e+00
5.935062530433227401e+00 8.847696564218363591e+00 4.751159590850719816e+00
6.286959113181151082e+00 8.829591910220997875e+00 7.208856137377450679e+00
6.860011796055472288e+00 8.866153498172712588e+00 7.954081204113897741e+00
7.830669628781569358e+00 8.846974279097947758e+00 2.171367690149875074e+00
4.129352389337628715e+00 8.971451808330259681e+00 7.656522434500605101e+00
5.146284837960941161e+00 8.926887891738523706e+00 8.896771700066481436e-01
5.461192469959463835e+00 8.920352768560098511e+00 8.496538336673831182e+00
5.502283997093129209e+00 8.936681196152933992e+00 9.813529475747602149e+00
6.434634666626099175e+00 8.959339136532388892e+00 1.350416216865402363e+00
7.500217525860580103e+00 8.915833959339950709e+00 2.121093686900474840e+00
7.939846749539550608e+00 8.966499208626178330e+00 1.905333225839871414e+00
7.731227824605738097e-02 9.020331941846775337e+00 3.430636278097113578e+00
4.271988699665164591e-01 9.030977208499944453e+00 3.301680539081765620e+00
3.974322850340638258e+00 9.007481181506252099e+00 8.577060521622932754e+00
4.550783349390826515e+00 9.018583818358369086e+00 7.173259380649712469e-01
5.958698401541678180e+00 8.984809603120181620e+00 8.101969804684944876e+00
6.297327563659068872e+00 9.019765935961871151e+00 1.098217041234288871e+00
8.077296390983969232e+00 9.012360910764201094e+00 7.652260724028255190e+00
9.485376532150320728e+00 9.025642704179936970e+00 1.241263259618093695e+00
9.610697815088505180e+00 8.999065099191422945e+00 3.591570054252639643e+00
2.716051759559627854e+00 9.099394858693090171e+00 3.311771382270277897e+00
3.640199465990792582e+00 9.078767050432722030e+00 3.855728880812629988e+00
3.969621279636133870e+00 9.125048177880410449e+00 6.784382455934179212e+00
4.587824758625634658e+00 9.086104532016198831e+00 7.776206502309026547e+00
5.352420760237607489e+00 9.132654601400906458e+00 1.088733204840429014e+00
5.919623434600961076e+00 9.093445820320829043e+00 6.222360616737738326e+00
6.170451041825428362e+00 9.066484018974904302e+00 8.878415859567979851e+00
6.259977378896297573e+00 9.077569390001460903e+00 9.925341970498935851e+00
6.399556935748098141e+00 9.097649298925615469e+00 2.316147074921682147e+00
6.453738147733711017e+00 9.119586232559294459e+00 7.587835037005467242e+00
6.975242102375713849e+00 9.112142098104923704e+00 2.336949754907008625e+00
7.770537053197490884e+00 9.128453684063515539e+00 2.071305626006875400e+00
4.054793883663281306e+00 9.206686644495647442e+00 5.963869541242307726e+00
5.743476353498084386e+00 9.152294504386732754e+00 7.022870927765492155e+00
5.707136017563036567e+00 9.200578417973886758e+00 8.261189874758146701e+00
5.988470074723974079e+00 9.199203110154714480e+00 9.785086610705052479e+00
6.619084153699987816e+00 9.205272076379989343e+00 4.678199041294666571e+00
7.770398583356785238e+00 9.148698476294811144e+00 2.181210782724482655e+00
8.925213298887756608e+00 9.156138680406439079e+00 7.695138213892668944e+00
3.586975870801292654e+00 9.288016664086200080e+00 5.884708856140838051e+00
4.320304766936446939e+00 9.256619480986815418e+00 2.169412598219477850e+00
5.628994264422502170e+00 9.245938585797835785e+00 3.555822159049349951e-01
5.815926026393639425e+00 9.240419431345978651e+00 1.889372068596996801e+00
5.857438439858901447e+00 9.245404042572836545e+00 6.672592092517368734e+00
5.928402704531039902e+00 9.260130109474523863e+00 6.615582234284490326e+00
6.908114161569933742e+00 9.272612161310778589e+00 2.170276904972705978e+00
7.607278679146701528e+00 9.235204441660799901e+00 2.026315060152034775e+00
8.173282554462680594e+00 9.240893056173586473e+00 4.374589233612217853e+00
1.526664816122775825e-01 9.323520601813351405e+00 2.093693328003957799e+00
3.952267039966182338e+00 9.367547739722459355e+00 6.318736466225914894e-01
5.462755407934578145e+00 9.305706828606464143e+00 1.297957724103701027e+00
5.511544903235888526e+00 9.359441441949709173e+00 8.269840280081744766e+00
5.591205553814508455e+00 9.316722739210474558e+00 5.656776820116830251e+00
6.218569063703538902e+00 9.367307108879744604e+00 4.155358007331173553e+00
6.613191499306838139e+00 9.319059715057708360e+00 7.684431016441353179e+00
7.063663331768664122e+00 9.342715740947209468e+00 2.509223051024462414e+00
9.777125610115037446e+00 9.343012277073528438e+00 6.372315989107062428e+00
7.292289597316989891e-01 9.441060001251660339e+00 3.152608992969223589e+00
3.193788545203761764e+00 9.442978892151220549e+00 9.704389300015552777e+00
3.431570711573354693e+00 9.422387312249830060e+00 4.751688218812032183e+00
3.666455254509655148e+00 9.387293163470175728e+00 7.427125617353430798e+00
3.979217663935333160e+00 9.446372317070778735e+00 7.660907363010537097e+00
5.243370127656953983e+00 9.399874145948192705e+00 6.992141676767082981e-01
5.555388720055321805e+00 9.393607462303123157e+00 5.616347952180042569e+00
6.239620515000681600e+00 9.428347815196719495e+00 2.000187016896076031e+00
6.772213038983514899e+00 9.373766715918556258e+00 4.629647540902731784e+00
6.863829945467072591e+00 9.380826753234583038e+00 2.492207518345162409e+00
4.097410035542377038e+00 9.468707958157397186e+00 7.741861616276534797e+00
7.290641814294829715e+00 9.500485715852375890e+00 1.813162696608069169e+00
7.937185681013688487e+00 9.509132025505687480e+00 2.571442845887672135e+00
8.225781835454455404e+00 9.520445499818926294e+00 3.070835718607078935e+00
4.513710685830291780e+00 9.592754527038357182e+00 7.289366083875005842e+00
4.700144739298992569e+00 9.565474524983333282e+00 8.448219290565642803e-01
5.036055272133070027e+00 9.534892021900246206e+00 4.047462434621937888e+00
5.358109186723868156e+00 9.534512476276088222e+00 1.384440784481320463e+00
5.943200784312969276e+00 9.572746123289888942e+00 1.275477229722512984e+00
7.215834912087762731e+00 9.561835437866976761e+00 2.306580653581837392e+00
8.389022851005993875e-01 9.653704821797751023e+00 2.900479168469981772e+00
4.086265594584473249e+00 9.633786290247265072e+00 8.399210485192991626e+00
4.133783151626828634e+00 9.611080424740720218e+00 9.774210635379711576e+00
5.029528753702570576e+00 9.641480711831356132e+00 4.831180862962986211e+00
6.930991104200654007e+00 9.664728621611271109e+00 7.440460795196997879e+00
7.080342067370223980e+00 9.610129689435714440e+00 3.618398067442861965e+00
7.446116953069931377e+00 9.642183469003441587e+00 2.559903515679608166e+00
7.765694563151652297e+00 9.629579876744625011e+00 1.830043947040475460e+00
2.986974727546914732e+00 9.731595005693383982e+00 7.107802665762660510e+00
4.581314048996619093e+00 9.719415411317495312e+00 8.005385457803892990e+00
4.879706807260617119e+00 9.757993814012252187e+00 8.077920896719321675e+00
5.434817651352814138e+00 9.739192183712432893e+00 6.265519077257131642e+00
6.207651308334914297e+00 9.695336352993315643e+00 1.553943256541299167e-01
6.553287308452397042e+00 9.709537471321581847e+00 5.565976941551422641e+00
8.770872191903542614e+00 9.710408140905231633e+00 3.569021998976971588e+00
6.719305067533445919e-02 9.823513145168165650e+00 2.406858725609696936e+00
4.460063795349529236e+00 9.762587260162113978e+00 1.657445387318281060e+00
6.062495294093910303e+00 9.794325290575061516e+00 2.012584588412897002e+00
6.357013716011333138e+00 9.823786674028568200e+00 2.550224485282055475e+00
7.543674357430317556e+00 9.790394848066238609e+00 1.773424581710587145e+00
8.237551238552519806e+00 9.833874138363071893e+00 3.265296817887766601e+00
8.694874151633277037e+00 9.802588436517684300e+00 8.600865507700969914e+00
1.828017457366141185e-01 9.858020514724978867e+00 6.345090956853828068e+00
2.620543506921042098e+00 9.870438630254147583e+00 4.795887949586833621e+00
4.572473973400501990e+00 9.860045258225254017e+00 7.462186482925722508e+00
5.196301684399065479e+00 9.865159883099936522e+00 3.662337143975302745e+00
6.830074923641787699e+00 9.876022115353807251e+00 7.779353128540990703e+00
7.782323718141899604e+00 9.887564896740968834e+00 1.020908384623797405e+00
7.738566349699362412e+00 9.893678225711555640e+00 1.962856231686480601e+00
8.922724027802550140e+00 9.885799322413891588e+00 2.449105966795181111e+00
2.931141663802255826e-01 9.982816839979268053e+00 6.553613931657946701e+00
1.942377002586775259e+00 9.950976357495529001e+00 9.512732734562881376e+00
3.541253993533655553e+00 9.987713364747607514e+00 7.250541623621293397e+00
4.216735824405271060e+00 9.967638098678053282e+00 6.605357700139419030e+00
4.265623768705602892e+00 9.925312439540032727e+00 5.021090928971481127e+00
4.784420626257834819e+00 9.961827815180789969e+00 4.538840152446700138e+00
5.220256137490797421e+00 9.945506651105034734e+00 5.158586520407273390e+00
5.336824085384522576e+00 9.990987654474995594e+00 7.373636520283433526e+00
5.972017451212546568e+00 9.922995227490353898e+00 8.419728186506500123e+00
8.252494637594198323e+00 9.959596009600694799e+00 1.741413341560093642e+00
