2.118539667046136277e+00 3.017372125011518608e-02 7.232787968536302792e+00
3.067970565582999853e+00 2.180103368290577798e-02 5.113790678938490153e+00
5.835922727512824260e+00 4.520387058595976004e-02 7.820975660512199390e-01
5.805132491865416355e+00 6.220749861541312320e-02 2.181177866213053651e+00
5.929996158082714075e+00 9.181980758559787903e-02 3.828945632923883569e-01
7.539095987736413207e+00 3.983103935413577490e-02 4.150708957035660340e+00
7.739793912387100683e+00 8.975878002144496715e-02 3.576898743795668079e+00
4.130775284465217467e+00 1.468306801008457674e-01 7.451901830612056798e+00
4.205447903348613181e+00 1.447836763648445157e-01 8.833902459475964974e+00
5.091433450635461710e+00 1.257486215686784148e-01 4.963816321046775393e+00
6.096039378345386339e+00 1.570423980782213458e-01 1.104941604481925133e+00
6.247549995069674011e+00 1.362032454283106653e-01 2.017200803749538363e+00
7.467621446764136195e+00 1.313901205239454695e-01 3.277463646870626413e+00
8.549518270430301214e+00 1.346060184545283811e-01 5.213616373003878479e+00
9.315362545189035615e+00 1.343158589327591024e-01 6.594695519566284858e+00
9.330974144472685694e+00 1.461200112661804607e-01 7.643429682755828125e+00
2.880645621838332282e+00 1.922208370007236766e-01 4.027374671082544211e+00
3.261707843893582925e+00 2.216411684694682416e-01 6.794949004510954182e+00
4.773460577106385827e+00 2.267813461821185372e-01 4.304288160866647672e+00
5.395581571558494716e+00 2.153300415931805323e-01 9.718808775183784832e-01
5.367422175537439166e+00 2.059010269103983548e-01 6.598153013496284913e+00
5.968029930331199218e+00 2.049948466139402958e-01 5.797660800087486521e+00
6.656715574134612901e+00 1.761066505609449329e-01 2.318415550937644176e-02
6.688453756165658071e+00 2.087057893817614307e-01 7.421351864510524976e+00
7.903417989664697885e+00 2.088667663904847371e-01 2.344113832325667612e+00
8.148908332886982464e+00 1.903077597330743442e-01 2.138167309209847211e+00
3.826432954092626737e+00 3.049248996062695616e-01 9.358556478170609871e-01
5.879286737202811253e+00 2.500066356436447812e-01 2.118601586608084286e+00
6.298357224953077704e+00 3.246665159871918727e-01 4.451024917583524143e+00
7.097902012812159711e+00 3.212083248275542369e-01 2.228052874980432918e+00
7.845584232606071851e+00 2.914561846093409736e-01 2.097828156450548320e+00
8.004978755949800018e+00 2.802330570897916262e-01 1.921798797156532235e+00
7.960468857166685730e+00 2.970246640160207896e-01 5.303688577434669149e+00
9.541034888206663567e+00 2.816106395120709927e-01 1.326121501935432434e+00
3.540294471275755583e+00 3.811006316731406773e-01 6.087011558287420243e+00
5.599650924708543087e+00 3.495800990061553870e-01 2.916356937031356455e+00
5.770146272813898136e+00 3.529649758584867403e-01 2.328741801843978276e+00
6.476639429639003964e+00 3.665378960969648547e-01 2.665929983463684927e+00
7.636708756879299287e+00 3.642137564987603104e-01 2.326848672011596619e+00
9.031996205815017831e+00 4.050655252746832025e-01 5.572862932669769620e+00
5.653679494644872627e-02 4.102799218086407018e-01 2.662656298975996982e+00
5.589230315059676713e+00 4.121819833799039712e-01 2.518953449576407433e+00
5.931505167629632425e+00 4.238692579726349718e-01 9.404191613099756708e+00
7.046024077279517961e+00 4.823011980100828655e-01 1.698662679984062507e+00
9.404586033924685395e+00 4.550923641403101794e-01 5.605694694359766750e+00
4.864370619197163625e-01 5.070021428746612768e-01 2.709910322069866151e+00
5.641106332169368187e+00 5.040079964093313603e-01 9.835576437797318050e+00
5.882476286019683087e+00 5.157491878370966676e-01 6.891735150829951806e+00
6.173891538707232840e+00 5.566781509273507345e-01 4.050605757516971828e+00
6.255201514841529864e+00 4.890147419704156118e-01 1.493129911404814658e+00
8.831965322141126506e+00 5.397448875012724745e-01 8.129795410326115856e+00
3.317544559608645027e+00 6.405519074814509661e-01 7.330059129173563726e+00
4.382647754971571885e+00 6.283399929666912964e-01 7.254176701958693352e-01
4.696570995068778842e+00 6.528205941401664658e-01 5.265212800035016016e+00
5.147108942346978466e+00 5.637292631813525245e-01 9.371809680723226066e+00
5.239365673360206976e+00 6.277514100746217629e-01 3.142789300895497018e+00
5.359991014620510974e+00 6.047281579404607532e-01 6.683661294121487906e+00
5.460666971102017264e+00 5.821675124898404441e-01 7.634087964969237916e+00
7.821770418344338616e+00 5.896249704466487440e-01 5.801020707974290147e+00
8.151127170676717881e+00 5.971115923895431443e-01 1.837886437294669939e+00
3.842597121646238900e+00 6.682186767165136931e-01 8.183431635393767500e-01
5.073229519584664615e+00 9.538818656953929054e-01 5.471484852217844974e+00
6.227894271240864477e+00 6.624424713972916212e-01 4.553943546883798099e+00
9.329579125543240536e+00 6.530460871758502206e-01 6.852808091354845033e+00
9.943681886534603720e+00 7.101602830704035751e-01 2.567538580018162264e+00
6.263978730455844079e+00 4.753701536419264739e-01 4.647794191437834677e+00
6.353600444638016320e+00 7.368397385163478752e-01 2.830955147380159076e+00
6.833891949941527599e+00 7.428036320827851036e-01 9.604817180434533697e+00
8.300156778445568762e+00 8.223069703703378419e-01 7.752741090907269594e+00
9.208570930839584889e+00 7.635210188477667970e-01 3.301662587878101629e+00
1.163385825697067499e+00 8.721655527346713344e-01 5.910083068067507384e+00
4.577344180043096955e+00 8.614964613222204637e-01 3.693332840285112884e+00
4.618430026373729014e+00 8.894436589584470143e-01 6.278413450987656574e+00
4.858058012291899708e+00 8.556173736973005095e-01 5.699641272584213603e+00
4.917297811356628578e+00 8.513972649908422285e-01 5.804171932429344594e+00
6.080211969830080498e+00 8.289163868196011142e-01 4.852968203237682410e+00
6.170157709318749184e+00 8.368212042776168591e-01 5.166917211228159168e+00
6.281831286158601202e+00 7.948652118224123209e-01 2.902866489833350272e+00
6.351829861233381891e+00 8.533184862044348451e-01 9.749378289546406506e+00
9.899115855975196610e+00 8.567252630264010627e-01 7.319430811517039892e+00
4.665636404063804754e+00 9.140667180332077146e-01 5.760188690967063430e+00
5.576855663173969191e+00 9.098874129379255216e-01 6.767595303621175340e+00
5.798779739149486190e+00 8.991408218284206999e-01 7.021790082001793110e+00
6.681877201338591199e+00 8.931670296066304138e-01 4.032230611811922216e+00
8.332023791611002039e+00 8.928708710952885097e-01 7.724110795845076538e+00
8.526276105847692577e+00 9.208731022387153242e-01 3.151720389689714352e+00
9.140044054901327542e+00 9.344618666620649883e-01 4.796173433498957195e+00
9.755737611483910499e+00 9.393018081114455908e-01 4.712812067539401184e+00
4.450803933301802573e+00 9.733945504000183213e-01 6.027178168092107491e+00
4.791249358008954573e+00 1.024290942950110139e+00 6.412735507624448772e+00
8.178494009574682977e+00 9.674673452743790536e-01 3.324698038280805568e-01
8.255248650659494203e+00 9.764890375385697485e-01 7.365222805520200033e+00
9.299446375557167244e+00 1.035184954467899932e+00 8.169795671253300640e+00
3.725042053943049769e+00 1.048731410685626697e+00 5.910516342438424608e+00
4.543003494169480128e+00 1.107869863657404030e+00 6.955268247262617720e+00
4.851706990026778854e+00 1.089035096144117976e+00 5.268111396670877689e+00
7.479384547090322855e+00 1.073460396884718726e+00 5.905546380422508790e+00
4.050693962346317178e+00 1.135745341966232669e+00 1.886388294542455935e+00
4.765602799365768583e+00 1.131241958899072753e+00 3.574424597804749304e+00
4.757418877526052192e+00 1.125709674364588242e+00 5.148146061179796007e+00
5.481834440353238413e+00 1.161384211241831110e+00 6.835300565765796144e+00
5.484245162764498360e+00 1.128597394284687638e+00 3.398299888350631015e+00
6.302000140142725471e+00 1.172740806203343755e+00 1.270286563839088778e+00
6.283336440633094711e+00 1.166197357406336454e+00 7.705370884813824262e+00
7.573768094673440920e+00 1.178059008728771895e+00 7.020766553222528294e+00
8.893156629459731732e+00 1.116862072486791257e+00 1.604964066266727496e+00
9.843438239370904341e+00 1.136227402687930876e+00 3.606236023141979441e+00
5.658110525496743648e+00 1.244652835415583469e+00 5.061810604151295578e+00
8.073862748133636913e+00 1.246052159068209431e+00 1.586810071577559600e-01
1.752417477681219138e+00 1.336310584779852872e+00 9.368295116548591039e+00
5.109022077115817240e+00 1.302945247485652436e+00 5.232479924477368982e+00
6.267771738230651479e+00 1.301109804196580289e+00 5.418300661902931914e+00
9.260617760244068464e+00 1.284156333058079635e+00 4.922042414049458969e+00
9.817556205210863141e+00 1.342840704851164357e+00 8.013130393282118291e+00
5.843488690501487781e+00 1.350716387061758006e+00 4.637220463716203334e+00
8.691732011476769770e+00 1.346993233064379458e+00 1.761458451756410803e-01
6.802703006843886790e-02 1.489620085517902037e+00 3.870868354976216175e+00
4.499959200664990888e+00 1.700029326277604058e+00 3.631842115762494050e+00
6.219037404128496149e+00 1.435355001214183801e+00 6.021428759147378074e-01
6.202633866681915187e+00 1.485943559548223991e+00 6.336161457537947683e+00
6.909776722389159076e+00 1.494656121650431491e+00 5.939014570074327537e+00
7.008830245638552725e+00 1.461125148703646515e+00 3.201156756625308741e+00
7.148320861542206472e+00 1.455907136569959626e+00 3.013614626383343875e+00
7.623301475385607873e+00 1.439521320654839620e+00 6.102038951693185886e+00
8.422019951262139870e+00 1.483469590383990511e+00 7.253388559517889078e+00
8.816977418730642668e+00 1.490184627080964441e+00 7.176417217107909252e+00
9.751998888963845147e+00 1.484557964047281686e+00 7.234066916030512218e+00
4.249920934363884406e+00 1.566057702726065592e+00 7.139567301740152416e+00
4.625300228564307226e+00 1.568288297533339870e+00 2.541338430025279482e+00
4.902615827097685397e+00 1.305715535637666846e+00 2.575459640427315122e+00
5.331050955557985027e+00 1.522985750394836746e+00 7.175976879699874189e+00
5.658752135022281138e+00 1.583334271545377758e+00 8.065717804882563513e+00
6.067478358849941245e+00 1.522659694914158424e+00 7.055548673660709369e+00
6.334102438947855518e+00 1.511796568620358494e+00 8.001339266405226525e+00
7.473633669925058065e+00 1.568547355215201833e+00 8.232144787662143415e+00
8.176867053813442254e+00 1.530222126485383249e+00 6.557156916765723764e+00
9.362304550766888056e+00 1.528530522373638068e+00 4.233016878054907117e+00
4.683488417508064217e+00 1.643805295825980339e+00 4.489885506557481420e+00
5.098549413290683674e+00 1.628711316138603316e+00 2.909822914022478280e+00
5.743971321965537946e+00 1.635873516070202704e+00 5.802948140482338424e+00
5.903517201994876729e+00 1.618667235746191757e+00 3.451899105262963730e+00
8.364203844341767891e+00 1.633000885166312255e+00 1.004625825962125685e+00
4.690779176525291305e+00 1.696437440646841655e+00 5.706813925946971011e+00
5.182614995306619399e+00 1.722854755622629908e+00 2.416225842845047822e+00
6.232492702134450724e+00 1.657494918705976650e+00 5.405709260600408683e+00
8.394125634035997763e+00 1.663702334090624291e+00 6.431136227606139677e+00
8.483403481738418961e+00 1.704619196534963743e+00 5.713349637833852412e+00
7.889092593884098337e-01 1.754110966253689563e+00 5.127892675359452923e+00
4.675656291077428861e+00 1.788317234905778985e+00 6.716082512673590799e+00
5.342513413444589077e+00 1.779789828013241149e+00 2.644690928913850492e+00
6.143019096351541641e+00 1.732487227654698092e+00 3.103000559169419859e+00
4.459618508922581270e+00 1.870258383951346470e+00 4.214766463419782561e+00
5.269665885494583257e+00 1.866181921104804298e+00 2.619089235020929607e+00
5.288915246800113934e+00 1.883061043312026062e+00 3.698565298262906254e+00
6.518674620179822909e+00 1.865713788521200289e+00 6.439903089616983323e+00
9.449854512275496887e+00 1.826342527796747550e+00 5.489425723470645835e+00
9.627630592269396104e+00 1.840794076973597981e+00 8.778955230765369322e+00
9.636042790638693845e+00 1.844708647112198729e+00 8.763254096453543696e+00
5.241644805609776192e+00 1.847956922258080503e+00 2.638033924381949280e+00
5.290816046147762464e+00 1.887634628911418311e+00 3.693155563278924802e+00
9.392792854961983906e+00 1.930335284086674097e+00 3.025434323689948801e+00
9.622219589797936123e+00 1.904735062177192129e+00 8.209633478467859291e+00
9.913643760743994449e+00 1.920822200583316874e+00 5.021134172091623604e+00
3.860764059640284351e+00 2.047211379528278030e+00 5.867221122292694879e+00
4.914868172224267084e+00 1.998233368427369872e+00 1.975018152348053224e+00
4.872894592544146697e+00 1.994789596925338859e+00 2.171207989075747413e+00
5.768587213776971367e+00 1.978365832151895987e+00 4.375399979546706675e+00
6.440379810333714872e+00 2.013693762331143944e+00 7.142381864768736932e+00
7.678416365028720492e+00 1.977855644912141830e+00 3.361357935547492737e+00
7.928130193596071962e+00 2.035961014676211711e+00 6.810976074028651794e+00
8.257901708228162718e+00 2.069270443504672929e+00 7.962525472386706937e+00
1.347834022393722186e+00 2.059265610211695741e+00 6.501976870863336089e+00
4.379787574325572308e+00 2.077238671379648682e+00 2.308539177766178785e+00
4.415902091902444759e+00 2.066526628980892788e+00 4.727787272613507952e+00
6.396283856126871115e+00 2.055205507492468442e+00 1.501151154873187732e+00
7.903362526226517915e+00 2.107700782608123546e+00 5.581347294271551185e+00
9.457951601861998014e+00 2.077061720318937432e+00 2.896451472911935721e+00
5.383133659074852695e-02 2.154796034450477293e+00 5.484971232830022636e+00
4.804078796962553133e-01 2.123518861438915994e+00 4.664358351875581121e+00
5.460751618829058351e+00 2.164630987902807391e+00 1.246596027578981691e-01
6.306991278274612256e+00 2.159630212631145074e+00 6.974506448319766960e+00
7.710749429151874779e+00 2.194734166332664493e+00 5.000278272315567207e+00
1.246944808368005031e+00 2.250032935048614124e+00 4.845591619443867515e+00
8.025439102559881022e+00 2.225665598102084530e+00 4.892041171372873087e+00
8.154631211098331889e+00 2.224584319792541010e+00 5.809232219941204534e+00
1.388426559712000463e+00 2.339202558655030906e+00 2.227558174139653069e+00
4.895968580962279937e+00 2.297084707647083945e+00 7.918207446530438176e+00
5.142098820098153666e+00 2.294322108778898972e+00 5.496998635811306322e+00
5.214369190901686935e+00 2.310356433799509279e+00 2.859553265623917095e+00
5.390021149687287405e+00 2.318156122016708398e+00 5.838246016007003547e+00
6.233917904291162770e+00 2.317225129775723147e+00 8.096868564389973599e+00
6.504470351922492455e+00 2.296516755212521854e+00 5.965986993197137878e+00
7.630024296577721188e+00 2.334887043992542655e+00 7.693663630083155347e+00
7.887765703669543882e+00 2.279840208089836118e+00 4.646414106325817528e+00
8.265329379230346163e+00 2.378900528401503234e+00 7.791516355963341134e+00
9.154633920604531738e+00 2.343865508709918721e+00 4.409958358109925314e+00
9.392403740303754134e+00 2.333628477815271829e+00 5.474823165931157476e+00
1.325925815199552882e-01 2.378819010903790332e+00 6.858486217402397500e+00
6.461931719759009596e+00 2.429903546349613919e+00 4.853955785316836469e+00
7.048357033273211059e+00 2.415406710036803517e+00 1.085287948566775462e+00
8.556784526564314319e+00 2.360753453505476163e+00 5.511180153804799531e+00
3.865006581076196879e-01 2.505858157610916681e+00 3.787281534016650575e+00
1.519345500280938177e+00 2.484118656778200318e+00 6.763084581752102586e+00
1.629319698355152113e+00 2.493690047087125716e+00 1.878729497164620010e+00
3.585708821014850223e+00 2.459466078149882939e+00 2.280429659673046672e+00
3.884081162062080317e+00 2.442534590832340591e+00 5.556650089378821100e+00
6.117853934158205220e+00 2.465197152577907502e+00 1.632822237813382760e+00
2.617290060070238678e-01 2.572433955177854337e+00 3.701738964689485378e+00
1.470012920584166327e+00 2.492753589297509009e+00 2.321439655681572845e+00
1.578386272722958727e+00 2.545054615016277388e+00 6.631273355744060183e+00
2.232227393094230017e+00 2.581348514747236145e+00 3.699436697740752678e+00
3.597955242926508923e+00 2.518246263007273278e+00 2.842443477371296545e+00
4.780558328629042286e+00 2.535374069378167672e+00 6.195087044228191786e+00
7.220759221721243293e+00 2.591119532507816015e+00 6.717553225171040587e+00
7.573088055057362489e+00 2.554242492173416146e+00 6.796511003078477664e+00
8.154756667771094314e+00 2.530798020771676704e+00 7.668462704779578587e+00
4.475291459122994198e+00 2.631078865351989649e+00 5.880201139108333308e+00
5.978660220857639374e+00 2.635974081341090347e+00 5.925309578793509502e+00
7.124251328148652362e+00 2.629015099946825806e+00 6.476655510051741338e+00
7.316466815696324844e+00 2.684685629957661135e+00 8.541516165676673822e+00
8.558870997653047041e+00 2.640808495560007074e+00 8.162283606423002880e+00
5.788351980323573898e+00 2.731614860946123713e+00 4.447712851228689424e+00
5.985776742602661571e+00 2.709947777574812644e+00 2.274034981645626008e+00
6.278637357169129629e+00 2.704495910292601835e+00 4.729282111773548181e+00
6.466718287924027919e+00 2.687584173472241211e+00 7.901184991325525431e+00
6.837557929751570285e+00 2.735936552954475687e+00 5.930167102650489852e-01
7.018359309466196017e+00 2.741512329075023846e+00 6.862977849790310003e+00
8.821453925157523912e+00 2.742775632828536203e+00 8.326720062782143827e+00
9.689637870879356241e-01 2.793106383841219120e+00 6.211390589923126981e-02
6.127454676726330263e+00 2.770873201829763488e+00 2.521289947327188585e+00
6.601606937713642154e+00 2.813536717776336182e+00 7.063805770032612230e+00
8.091364575502955958e+00 2.768643948562645729e+00 7.938110344424012865e+00
8.473072880943490759e+00 2.823083322796997141e+00 8.353447465577712450e+00
9.607794201249022947e+00 2.773260409311531838e+00 5.332190902325397275e+00
1.555973364909652434e-01 2.826012771269093449e+00 4.688892083973884795e+00
1.150901524781589469e+00 2.883540557739191712e+00 7.078284991917191071e+00
3.246078744482156164e+00 2.853339100192383349e+00 3.725447710831502501e+00
5.037006245346565159e+00 2.822519582962635720e+00 5.053991872792970241e+00
5.360422492696089947e+00 3.019242936859682924e+00 1.769084802704377513e+00
7.572541139203856631e+00 2.867319028745905385e+00 7.969321572057546987e+00
8.759956994681466824e+00 2.877783289042083137e+00 7.840787620695540916e+00
1.219515575175070143e+00 2.977048997790309848e+00 4.805102551084144302e+00
3.175586145454302844e+00 2.947761690289840253e+00 6.883754288120725207e+00
4.270460228272245473e+00 2.961273079690141863e+00 6.346994686819282805e+00
5.764762052794650593e+00 2.811741848067915939e+00 2.011053342260071819e+00
7.504889693991176003e+00 2.937265469760043768e+00 5.034520442898584136e+00
8.937688321108987921e+00 2.908848555071586794e+00 4.804920436059754607e+00
9.036868960511490911e+00 2.905412929694390023e+00 5.098977197829022145e+00
1.050853910828675186e+00 3.021510242592057693e+00 6.650409807258019335e+00
3.785228253822681133e+00 2.989509679011952858e+00 6.160552502115814733e+00
4.513774013266516505e+00 3.049771154606355505e+00 2.839219522536991835e+00
5.462203038524482857e+00 2.988057709878364498e+00 6.222291151977788815e+00
6.701843334640516403e+00 3.027679317724211838e+00 5.646532878248644138e+00
6.971250095177387252e+00 3.039813545469386646e+00 7.562895738842115634e+00
7.087869185746851208e+00 3.076310016745439135e+00 9.074606475015858820e+00
7.249865906309084451e+00 2.983564597026264753e+00 6.812835867796542821e+00
7.643317191193297333e+00 3.043619430406171666e+00 5.309729691379073913e+00
7.727328568963056199e+00 2.997210527263199253e+00 7.104447545630341310e+00
8.543160024612056702e+00 3.054578308558543842e+00 8.457323071604282205e+00
8.850356985399795207e+00 3.044025304187789605e+00 5.518560031765034068e-01
7.738159395987652400e-02 3.055014370127320689e+00 6.828100607376375919e+00
3.266960099740005230e+00 3.086320614414256092e+00 4.545014723943628709e+00
3.828903375810807752e+00 3.057264548859587983e+00 2.788119927161482270e+00
4.020052696383643820e+00 3.065539641706235940e+00 2.852804689581471376e+00
5.081932000023612339e+00 3.061318589912937149e+00 4.433326531807653126e+00
6.296398243474690126e+00 3.100419049024011109e+00 7.712099784417575599e+00
8.502476773287481748e+00 3.115297736644818016e+00 9.306352046492845531e+00
9.315727261226388833e+00 3.121839186886441020e+00 8.715019474728528337e+00
9.588983077254644272e+00 3.110402370223391166e+00 3.779593873309151419e+00
9.725347883006167038e+00 3.065349017256298048e+00 5.335585572343564564e+00
9.775706590495152781e+00 3.051860655365449926e+00 5.221842010711723603e+00
2.759495155315808690e-01 3.139448941389226810e+00 7.331614395438085907e+00
1.508567505658897634e+00 3.208590204691950554e+00 6.307569671360825581e+00
2.431604535320971650e+00 3.147640015840196703e+00 6.485569218257946744e+00
4.587289569831094482e+00 3.167302416593524850e+00 4.134210421137880509e+00
6.554056797937927392e+00 3.167609716571663458e+00 7.155024542789180764e+00
6.775491474385689550e+00 3.192344255603780212e+00 8.510394318064840036e+00
7.770847410292249791e+00 3.173594440530277616e+00 7.948976010072863474e+00
8.067216248298198167e+00 3.244257683777835410e+00 8.537246976574163426e+00
8.461965672416507545e+00 3.184219314461697259e+00 6.090770388267763735e+00
8.798877284691648981e+00 3.215392502186018575e+00 7.113614228203981149e+00
9.761166193930609580e+00 3.186024538904362657e+00 7.934811912029440251e+00
1.316893167472635406e+00 3.220715756206897318e+00 4.859800324064220689e+00
5.154100296572870832e+00 3.208331983531310883e+00 9.512677527991566517e-01
5.396650501172697290e+00 3.255914727498272931e+00 6.426402650862689470e+00
8.923115480894933782e+00 3.224444847039614093e+00 4.594647362978417249e+00
6.724601103422731541e+00 3.346581177681876351e+00 2.418776143891669950e+00
6.983173851328482229e+00 3.336238139396342284e+00 7.024371652304193248e+00
7.201923463373811174e+00 3.317076088564699710e+00 7.539524072940684718e+00
7.438579265527426543e+00 3.374293534341247902e+00 7.678499732944301215e+00
7.972424677148983285e+00 3.339968736660963167e+00 7.034822489476832530e+00
8.251708131729149187e+00 3.323573590498203778e+00 7.224977707515386705e+00
8.299222823817993699e+00 3.343167180490764778e+00 8.406421193461229180e+00
8.684384754204984347e+00 3.310093368674667413e+00 6.552745981549263021e+00
1.511037315796358804e+00 3.440912242797211196e+00 4.190804713845171392e+00
4.715697428809891179e+00 3.404592916794768165e+00 3.695889066886127949e+00
6.691320711119427500e+00 3.423720811301156797e+00 8.807621716216946339e+00
7.576994633898888054e+00 3.426645232259410978e+00 8.105678394366094608e+00
7.681961309341049926e+00 3.429361035903833788e+00 5.984124270269047585e+00
8.497597525341962665e+00 3.381549768957910818e+00 7.193715544498036962e+00
8.846333658360219232e+00 3.419457573557390440e+00 5.228520793005026590e+00
9.571642145845263627e+00 3.431182514808179373e+00 4.706325997056405974e+00
9.580225949351040882e+00 3.367139358180422981e+00 8.187205983824256350e+00
9.873074954659408320e+00 3.448957110101252610e+00 7.315993350449307542e+00
6.367868463912610189e+00 3.498265679978307396e+00 7.900125971267695668e+00
6.688013871586568015e+00 3.511850328759856588e+00 2.846333527396573082e+00
7.993377510975065547e+00 3.465348225729994347e+00 8.650479661801004028e+00
8.380069832499145832e+00 3.462665373457915585e+00 6.178779355010211916e+00
8.855161059532735024e+00 3.440806099615787872e+00 5.070831538050851961e+00
9.189479680980230825e+00 3.496526947421335407e+00 8.402967016577006731e+00
9.613113504917855323e+00 3.483334120996951278e+00 6.163674606733234640e+00
1.199012747414740954e+00 3.565742669008827193e+00 4.953074250986278848e+00
1.387231078909642257e+00 3.563803446537483488e+00 4.075329036429355511e+00
2.265223417078729096e+00 3.578704982368276166e+00 5.034927341182547700e+00
5.005662514995563583e+00 3.518911036472488263e+00 2.117556840275820917e+00
5.725007225224469032e+00 3.600441340649698230e+00 3.629722420538438410e+00
8.166004131436324087e+00 3.560647083090060949e+00 9.088423259435167267e+00
9.710028187048965975e+00 3.561186430640666867e+00 7.391056140643652128e+00
3.900368670077291045e-01 3.640471275171522691e+00 4.982544713832191441e+00
8.842099651642050251e-01 3.622514898391654192e+00 2.034656191277526727e+00
1.507308149794683860e+00 3.651878799005429332e+00 5.660608909096570329e+00
1.989242320391351404e+00 3.639514163791414347e+00 5.800249938262394878e+00
4.126384682702723516e+00 3.671943833379303967e+00 4.619349642541868306e+00
5.115216473510140638e+00 3.662742390015427674e+00 6.223196183028706585e+00
5.544659905750569884e+00 3.662875498918993777e+00 4.611014789107866996e+00
6.662145085640087672e+00 3.640169376993203976e+00 7.363149000955257151e+00
6.755767808680947617e+00 3.603554515133279956e+00 2.854126880261161681e+00
6.759473231400249027e+00 3.682838689376987329e+00 6.972526968547963833e+00
7.106202148250746475e+00 3.650273909310137288e+00 6.796903738306821374e+00
7.220753146868005956e+00 3.672902090031605837e+00 9.014205533865307984e+00
7.417540866096222985e+00 3.676932416790319902e+00 8.680934780301232223e+00
7.742054177837164985e+00 3.654933973186628382e+00 7.987021393376377176e+00
5.295279679088847224e+00 3.701798539729898252e+00 6.937371521282708287e+00
5.653340615882881615e+00 3.696957246801078067e+00 3.042565221306595902e+00
6.330153625302536113e+00 3.735170178365080140e+00 6.406725031072840082e+00
8.131715581073295951e+00 3.740518784657666629e+00 5.200523521757880019e+00
3.229210373393032185e-01 3.772599323470426036e+00 5.329856886531404214e+00
3.587811391852463450e-01 3.782026289540094233e+00 3.552538111727030934e+00
1.969549759764389396e+00 3.827803196892304527e+00 6.732159283435134256e+00
4.270508366629269581e+00 3.781110043385950803e+00 4.074420963616708136e+00
4.731765578061472688e+00 3.784820834098393760e+00 2.366084986512260180e+00
5.112155008399049905e+00 3.809390234395501729e+00 3.372187604841172970e+00
5.831197621096581685e+00 3.756350663754816299e+00 3.757910235691727774e+00
6.779525691913875995e+00 3.770996330647755634e+00 6.928532335848785806e+00
6.844831470015663832e+00 3.806847037825982660e+00 9.609171825989303528e+00
7.053066843896343308e+00 3.786734393623760297e+00 6.638334665762783970e-01
7.729999236884413705e+00 3.790334869998511991e+00 1.361212721178071128e+00
7.813134492400312325e+00 3.804696572271704547e+00 6.713637057721991930e+00
8.053061320053686245e+00 3.636872968186837696e+00 7.338405877881150730e+00
9.605918176160850308e+00 3.797416229794398745e+00 5.010807860247422418e+00
7.657355186917498280e-01 3.872165316221281017e+00 6.609857661056572908e+00
8.751491924224614749e-01 3.853820785121117254e+00 7.206186014232678794e+00
7.515880213985937530e+00 3.897704914721169978e+00 7.549502932343538752e+00
7.515348672594262425e+00 3.902020716025290881e+00 7.537949013915451246e+00
7.875478323896176747e+00 3.984649035330826372e+00 7.132916503193941438e+00
7.965420157836214266e+00 3.906779519357333808e+00 9.929499860663097976e+00
8.153725986417313720e+00 3.887118251876490849e+00 8.080779465193888456e+00
1.088634192423162173e+00 3.917231202562845294e+00 7.011725574729721799e+00
1.753672260983897058e+00 3.941652230062305584e+00 2.479564605105361697e+00
4.974246781653701710e+00 3.951703388981293585e+00 3.439481172740128212e+00
4.967015897286790604e+00 3.969589068114740105e+00 5.348619052212201908e+00
5.755544090476822916e+00 3.956424801090054899e+00 4.669422523058219809e+00
6.859337511490450012e+00 3.980384886463496308e+00 6.566232192025814207e+00
7.501671957167892479e+00 3.914691568291571055e+00 7.554754580901931860e+00
7.885731793293364156e+00 3.910772143987562899e+00 8.374987933611519608e+00
8.009416738788338819e+00 3.916993383476903290e+00 6.985165469873049204e+00
8.335741348787747640e+00 3.918579069541593185e+00 8.213133663746393864e+00
4.643865757473580880e-01 4.030142384861560956e+00 7.554223835213371707e+00
3.781841066446451016e+00 4.062453619993225296e+00 6.128258952615551536e+00
4.787549769011860690e+00 4.049215125980967223e+00 5.498418808332582230e+00
6.460113268405777376e+00 4.068058197973763335e+00 7.555252584915205460e+00
7.300183256224814343e+00 4.035950423569965473e+00 9.541824014950496036e+00
7.858625216018949367e+00 3.988775694125225257e+00 9.859273757448372422e+00
8.359781925451713391e+00 3.994160547244741011e+00 8.886433368644286901e+00
5.421087105910999071e+00 4.132991994035508654e+00 1.112571280368125581e+00
7.053219937500927017e+00 4.113577941152784412e+00 8.242898260146308331e+00
7.210555539375135048e+00 4.144462586225332146e+00 1.955304459922031501e-01
5.758454327845406340e+00 4.298560260363944785e+00 7.346937327921022387e+00
8.746182518875237122e+00 3.942498182888036773e+00 9.845999044540871381e+00
7.611825012088180742e+00 4.130594113025769509e+00 2.489126258585338203e+00
7.991736676943661521e+00 4.112033298219400557e+00 8.960553897408468416e+00
8.163219096675035757e+00 4.094398231949061717e+00 1.286479785521573993e-01
8.526386080106677312e+00 4.059519259051993068e+00 8.066076730391056770e+00
8.718930179802439895e+00 4.097600045350314524e+00 8.119801535710280405e+00
9.023361470387456507e+00 4.106625519390320278e+00 9.058589999227962153e+00
3.008279987082657758e+00 4.191285574623792698e+00 8.143082372490395571e+00
4.505901000011777846e+00 4.191794370336286768e+00 3.074848416482999003e+00
5.037460122671584273e+00 4.183951919314402801e+00 5.851256873608136289e+00
5.672891461012407710e+00 4.153807121951045289e+00 5.111081796864850979e+00
6.312291096297278692e+00 4.162123972713528630e+00 4.487582519347380838e+00
6.691564755253768482e+00 4.169570957674593181e+00 6.441653823409030366e+00
6.863070087162810751e+00 4.175435942155695912e+00 6.460794413759372468e+00
7.065099408890814559e+00 4.214201437332270039e+00 8.325410797704109189e-01
7.186919360719472571e+00 4.167459296204361507e+00 9.393473243083317215e+00
7.599740377538763525e+00 4.163287401806668342e+00 8.868468495552907171e+00
8.758828014246763161e+00 4.205874205605021565e+00 9.675018781333484696e+00
9.255819221260804142e+00 4.198541454975679876e+00 9.754725710423874929e+00
9.445447296803532566e+00 4.160330228168419353e+00 9.108945552622973452e+00
5.575013348752745124e+00 4.212001907072404627e+00 4.996775710686804928e+00
6.682853638821184106e+00 4.250136328177503309e+00 3.168798697395871944e+00
7.052155605814126815e+00 4.242903368370622985e+00 9.504750501530045526e+00
7.113583008004290775e+00 4.214451181750310305e+00 8.235804109875928702e+00
8.015646263184653009e+00 4.238837705802976252e+00 1.983306825171089471e+00
8.947896660721031736e+00 4.268866056141841447e+00 8.754493355401285370e+00
4.273925655239951382e+00 4.343281246883014646e+00 4.287572909747940031e+00
4.307710282964611892e+00 4.345297746340764711e+00 5.653025835458227455e+00
4.956225524063164301e+00 4.357245564979546515e+00 4.401225122832945758e+00
5.028041677412074861e+00 4.301073183389314991e+00 3.487537875067351134e+00
7.116123480939061885e+00 4.329740342833781952e+00 7.376481830273037943e+00
7.263975893894398794e+00 4.324076214040610822e+00 7.610900234698720013e+00
7.565763543742299646e+00 4.356288829450259747e+00 2.132359994268465009e+00
8.735156768084008760e+00 4.326362904569679202e+00 7.715846848015974757e+00
4.691302250871681734e-01 4.407278707777663840e+00 8.387325732399979472e+00
1.097927428415179207e+00 4.427889115493058192e+00 7.573476388945001858e+00
5.625724175660144155e+00 4.404492932583955245e+00 7.898008739006391998e+00
5.639821852662203483e+00 4.454736555481344062e+00 6.332526502692686243e+00
7.087015480688696911e+00 3.799241044354504382e+00 6.406629642512482015e+00
4.605102718951500584e+00 5.058731932481288496e+00 7.288412572260287270e+00
8.068663060241242135e+00 4.395125881369114751e+00 8.508581526278776508e+00
8.501555321386232933e+00 4.423673330303997453e+00 4.966510142427037477e-01
8.905868882063110448e+00 4.470485002536144670e+00 6.701442791103359831e+00
9.293446395222447975e+00 4.394900068014782946e+00 8.600333072113718558e+00
2.149571141702262711e+00 4.526658650083414948e+00 7.039547259521663491e+00
4.835718705748791812e+00 4.524700958237793280e+00 7.987122070662543427e-01
5.514911858846018866e+00 4.495846712315119120e+00 8.091559974876400219e+00
5.810788215849770566e+00 4.467743899151306763e+00 7.371768231471067523e+00
5.973094171146343889e+00 4.487715038426397740e+00 4.131647243274843895e+00
6.392497571257908184e+00 4.519652135225028289e+00 7.005706418531094215e+00
8.488089527387325361e+00 4.468598039600659710e+00 9.046404981281574109e+00
8.595292936951796747e+00 4.469571830751283947e+00 2.380359296985949391e-01
8.881077385782205624e+00 4.488361432849205634e+00 6.735736615504026581e+00
9.490037180505092707e+00 4.513660146070089141e+00 6.774732915805762090e+00
9.899976994603539637e+00 4.484230351893336852e+00 7.357127717958684698e+00
9.917469279961584894e-01 4.570836933586581274e+00 5.114240314496777629e+00
6.781949849891328874e+00 4.596940750885020854e+00 7.550592761636842454e+00
7.680767074113965975e+00 4.531671304377598908e+00 9.580807703901109917e+00
8.207875226753992948e+00 4.575117410463694689e+00 1.312837234309061518e+00
8.685908053179442589e+00 4.574017096032005014e+00 9.895536508279748844e+00
2.225028120321246750e+00 4.678171900705950570e+00 7.178827529676230945e+00
3.620102377764736978e+00 4.604184287272226506e+00 3.774176507454806373e+00
3.849256783093711221e+00 4.682535944302533615e+00 6.412538789449380161e+00
7.132729437156962504e+00 4.666067554714058652e+00 7.467138260081814138e+00
7.758326865643599746e+00 4.609312531821513126e+00 2.126405647197394888e+00
9.577387146215237124e+00 4.665690330558832422e+00 6.397613696916806703e+00
2.770468042848937884e+00 4.757335843827242172e+00 8.174314088692490543e+00
6.001827238198398362e+00 4.728163300868835073e+00 9.440955007514745034e+00
6.599852396021607781e+00 4.702643333570247108e+00 8.402294619713764234e+00
7.739637733595165159e+00 4.744262398071345643e+00 8.656845105045521294e+00
7.807724204866016038e+00 4.686115630380216501e+00 3.005880257750781492e+00
7.863738986563176603e+00 4.706636040518408670e+00 9.662418065800659761e+00
8.260171623274091601e+00 4.689152036891033326e+00 5.328869956110105832e+00
9.265663513623373149e+00 4.711537339369733068e+00 4.790220007940219071e-01
9.460475557320176421e+00 4.730745789832512926e+00 6.964324751375925437e+00
9.618366385670906737e+00 4.724105827810034519e+00 7.838980555058039812e+00
5.412854976762709214e+00 4.795980898552135940e+00 6.226411103505827604e+00
6.767077718637534822e+00 4.801321908614118783e+00 8.487652190297579224e+00
6.992769684550662390e+00 4.811982336916606151e+00 8.079965160965133508e-01
7.211707201212095519e+00 4.806979706833526933e+00 1.164475667351406951e+00
7.213580029542812966e+00 4.818287626705978433e+00 6.466967806191942891e+00
7.532729032051982188e+00 4.776029283048170093e+00 8.018875886071281656e+00
8.006211490314896650e+00 4.790914469149336163e+00 3.881251778037211331e+00
8.561215619547581923e+00 4.770299392355630275e+00 8.821832652121887719e+00
8.603171064019029757e+00 4.777387801028166514e+00 7.853182116314317618e+00
1.997062738548181393e+00 4.904466677339400782e+00 8.386209523687808698e+00
5.126086300886557368e+00 4.887886951073595831e+00 4.874180480595049048e+00
5.745811411480284292e+00 4.894603548523659420e+00 5.233662239636789337e+00
6.290601994683456155e+00 4.904590283159962816e+00 9.692958051619505966e+00
6.816278226568750931e+00 4.871099841443317757e+00 9.093973074368745912e+00
6.895235232805782211e+00 4.919924742445329180e+00 1.713625135204279282e+00
7.516672446560019871e+00 4.841818716518454302e+00 8.638686805692723070e+00
7.890740639589510330e+00 4.870174784143708635e+00 8.408271149874774864e+00
8.680839660935786739e+00 4.848671001449186946e+00 8.481577117850100933e+00
9.044516926709039950e+00 4.900889945026559502e+00 6.446898078164728929e+00
6.576576947093972336e+00 4.990393820400733205e+00 3.983510821027445026e-01
6.783993521567042606e+00 4.921676751406526051e+00 8.573709758337329845e+00
9.057041555081761786e+00 4.931753036639375587e+00 6.522191800757763502e+00
1.521810782370282000e+00 5.002438787000844655e+00 3.940056473214119670e+00
2.569732419061020678e+00 5.049636004126512923e+00 9.083426958638657567e+00
4.299919305264727321e+00 5.003260857659209471e+00 5.425079095678720265e+00
5.383345061773916029e+00 5.002925838363720956e+00 1.683198107073368144e-01
5.731672539967059166e+00 5.002251917818702154e+00 7.789934871183498366e+00
8.739643352580243052e-01 5.140180310825211762e+00 5.104430969989683931e+00
2.392975940442483740e+00 5.150316190484781842e+00 7.192459555144276706e+00
4.684262327878250254e+00 5.091718899722637914e+00 6.133570372887029443e+00
5.162289136888297492e+00 5.125803785206191954e+00 5.349183080538773005e+00
5.245371829648157735e+00 5.071077409904619415e+00 3.452356374217069757e+00
6.123837721921909782e+00 5.136519698207643536e+00 6.617137457208308149e+00
6.945335459880361384e+00 5.066511578910212421e+00 8.867626009806167886e+00
7.156994344361541138e+00 5.123682884534419557e+00 7.968520950425001637e+00
7.179286356144055858e+00 5.091023321596005680e+00 9.080181944402150762e+00
7.582739067901317576e+00 5.175143061421808355e+00 1.699383151377668322e-01
7.891958627941963123e+00 5.092480131558277279e+00 6.351744198701110733e+00
4.600164823569241612e+00 5.205412531716823388e+00 9.760305020543110999e+00
5.622126229743503067e+00 5.180759947544239630e+00 5.098210008450633879e+00
5.788352753397260742e+00 5.231506495602406659e+00 9.939802691281370173e+00
6.858300573454520155e+00 5.153688130830530234e+00 1.948047218939513714e+00
6.874506803468918292e+00 5.176785585137682943e+00 9.904986439277161381e+00
7.823085075949633094e+00 5.162690750234867565e+00 4.576924324411908884e+00
7.920350458213013312e+00 5.199265358730901454e+00 3.701401485307371786e-01
8.306733885266408990e+00 5.180028994913935314e+00 8.008897415267281161e+00
4.954034021955770584e+00 5.269782953073153919e+00 5.533700733142412176e+00
7.061889410837330239e+00 3.948209234912732235e+00 6.396052447556741072e+00
6.201610867129800475e+00 6.588188668434278306e+00 8.466339196429229830e+00
6.748390599288198288e+00 5.294650253929097161e+00 9.687016469668423113e+00
6.833391976903346432e+00 5.241216063367378553e+00 7.851557854683277604e+00
7.283717252331160630e+00 5.240076446752494732e+00 6.191001299950931624e+00
7.431841430719750008e+00 5.293245565748497583e+00 1.293046231246363087e+00
7.499573777610602399e+00 5.244931990106043607e+00 8.734218335777745423e+00
7.698873454005670247e+00 5.237088987610580837e+00 2.589757260574667708e-01
4.604921851010931100e+00 5.381368189159244864e+00 7.927349486627941921e+00
4.929632570290168658e+00 5.383178880897293794e+00 8.105879962790483617e+00
5.790441504344506995e+00 5.383882214186893833e+00 3.999733305853235166e+00
7.248510877932453411e+00 5.329024838288318300e+00 8.480127789349214851e+00
4.900492211391903830e+00 5.400077916068577899e+00 9.884669153669097597e+00
5.067004730272310908e+00 5.419549172470638609e+00 5.979641897028241893e+00
6.289697747326719934e+00 5.445678169792701695e+00 6.922270662478958059e+00
6.831138912143581265e+00 5.424544023094489020e+00 9.783327719841803827e+00
7.228784953018559278e+00 5.403168885572027236e+00 8.406821604659413250e-02
7.196476337616762642e+00 5.428392266445190018e+00 1.252026836890446360e+00
7.255890688339095007e+00 5.406242514529747467e+00 7.428398515002755609e+00
7.544897776443387549e+00 5.391023871077415208e+00 6.515403210024389935e+00
8.032618401769177297e+00 5.387440525966677995e+00 7.498030983927105098e+00
8.640617464198689035e+00 5.394028438801750980e+00 7.149023995728489567e+00
8.980499996527882445e+00 5.446860550685749480e+00 9.417958481456627950e+00
7.769123419658157115e-01 5.500657271278909022e+00 5.749100259804698965e+00
2.681827434751899553e+00 5.486451215644779111e+00 7.399144205607577796e+00
4.851959558111423654e+00 5.519900429940901354e+00 8.412684497303013487e+00
5.393048909373273858e+00 5.529479030389405025e+00 4.232425560842569823e+00
7.136712084589787786e+00 5.492919885338404029e+00 7.126776931314265262e+00
7.376543557981165122e+00 5.509958153690754479e+00 7.059494129960997011e-01
8.016041254163479124e+00 5.504061314798136983e+00 7.840044800990327023e-02
8.877278111257297377e-01 5.597923327951017214e+00 6.663036270505608982e+00
5.027917831438110774e+00 5.564523105491043786e+00 2.811206327082783396e+00
5.066619954608754028e+00 5.597452214856671660e+00 9.423613517626666436e+00
5.121396351977228534e+00 5.621640311544773283e+00 8.392803848244138720e+00
6.598083819363311342e+00 5.649566810244783355e+00 7.895739841688431682e-01
6.845111631829443155e+00 5.525838782429012497e+00 9.597564066871980160e+00
6.907453693700242425e+00 5.576804291955451909e+00 1.780987837989141398e-01
7.708900560143186809e+00 5.567996073716477312e+00 1.155028701328712160e+00
8.365658497256569959e+00 5.526174543475515399e+00 8.226604616804056747e+00
3.273275475996688666e+00 5.630073349141839323e+00 8.247851170872342763e+00
3.603821156152807070e+00 5.646375421218387203e+00 6.235362211934008414e+00
6.210584291459252171e+00 5.694596693251867237e+00 7.523762492427456650e+00
6.644823542619453960e+00 5.681372104605034501e+00 8.680162238275025421e-01
6.721838892709705249e+00 5.615103845019222106e+00 8.225943777715329475e+00
7.614375956328638395e+00 5.716628061218613333e+00 5.633608201248350156e+00
8.097877278538945234e+00 5.622477684904618300e+00 7.139988613168849474e-01
8.099078531280621718e+00 5.697828440000135330e+00 5.080788663726030663e+00
4.854384579082835494e+00 5.773367318739353493e+00 9.280241795326755749e+00
7.725679873691014166e+00 5.749738900695297694e+00 5.079318624577702224e+00
2.103430192714013103e+00 5.780048402253123996e+00 7.471051882999027782e+00
4.710558786075715432e+00 5.834113380693665363e+00 8.497401555160646325e+00
5.986986453651797824e+00 5.787586376418062173e+00 5.465371256992719751e+00
6.400652129446481986e+00 5.820909708899355550e+00 5.657048757949679541e+00
6.671215361904068608e+00 5.794914176791291283e+00 5.006172143549500575e+00
9.176571281364200416e+00 5.815904947547135606e+00 5.450658661388473325e-01
4.822622825296298821e+00 5.884080952307157553e+00 9.345197743825908177e+00
5.809991075062134414e+00 5.884847944608234016e+00 4.222969712971069711e-01
6.354076215367402192e+00 5.886852959231001492e+00 7.144271381750471939e+00
6.654448244617760189e+00 5.856770901922488726e+00 5.305519735181257746e-01
6.724321695428127299e+00 5.912007777927324348e+00 1.609989923763514019e+00
6.902134415702408710e+00 5.905328999855044891e+00 7.451912218937121191e-01
7.587535128546958774e+00 5.875884652275987108e+00 4.160291451985681732e+00
8.409597492330419755e+00 5.843370446462291312e+00 7.668225518452994827e+00
8.717607271051280193e+00 5.854670629311683250e+00 8.009326898819296048e+00
3.412880953516721494e-01 5.959133178088654503e+00 6.712250898626617612e+00
2.773488234737794045e+00 6.013445344183670827e+00 9.408697721586948504e+00
4.654532080747189049e+00 5.964196015839990039e+00 8.917502233490942842e+00
5.826439988264684899e+00 5.949248317578047285e+00 9.534743512175101188e+00
7.002418471773207642e+00 5.968067434546055594e+00 6.840728464078530413e-01
7.965675687475036071e+00 5.994251053269484153e+00 4.327543870002591220e+00
5.509014812856283250e+00 6.156941417666600636e+00 8.840344880833908903e+00
6.460262244714823687e+00 6.083231822708423664e+00 4.362178062410112744e+00
8.181392906063488013e+00 6.050025157865103864e+00 3.103901284658658444e+00
5.325625441594725729e+00 6.012122657799038095e+00 9.029381349121088363e+00
6.806056336359789682e+00 6.086182536098231566e+00 1.526120035202181757e+00
7.070481017458657647e+00 6.126467244879417962e+00 3.954702029326701229e+00
5.738261193983572817e+00 6.196976989969128269e+00 5.011477653356335438e+00
5.746923977363866953e+00 6.224832940830307138e+00 9.797089950674902070e+00
6.856149774484864068e+00 6.211228928984275477e+00 8.664153606050772893e+00
6.884177032594497980e+00 6.206954029794929717e+00 4.553029735172764436e-01
7.871544767949889554e+00 6.221936172741302506e+00 5.025764649956242280e+00
4.684058276027995849e-01 6.315719889208599724e+00 1.279137737443085121e-01
6.084412221077383442e+00 6.249676001660015245e+00 4.145531587121527473e+00
7.099809307945368353e+00 6.250134829285707738e+00 4.364154706595993360e+00
7.548473893784612088e+00 6.304669818364230238e+00 8.120020817369049126e+00
8.530434585402446146e+00 6.301524583647331923e+00 7.158248218126184170e+00
9.027632038621733912e+00 6.318151258405063864e+00 1.893123935339583230e+00
6.361098165587804942e+00 6.352056291958173340e+00 5.016128907343938570e-01
6.338659165519805683e+00 6.361453931344601465e+00 7.029997786961757811e+00
6.460694362944201963e+00 6.374687851982646869e+00 9.540087035788253900e+00
6.969040803055825961e+00 6.383200146221925664e+00 9.510123980194823190e+00
7.233450058776071501e+00 6.393412515001643648e+00 5.299716779810194289e+00
8.093796379405009844e+00 6.366687754934600818e+00 4.691606448584422218e+00
3.398923445463391424e+00 6.428872212905318406e+00 1.656065512842306298e-01
6.109126669305856794e+00 6.424028146821501473e+00 6.048885044228103247e+00
7.040759046232393459e+00 8.629363574312618468e+00 5.819083617851648071e+00
3.870465155300073512e-01 6.494235863229160799e+00 8.282573017816032390e+00
4.726724999008968808e+00 6.517218583763569661e+00 8.802664884553182745e+00
5.415393331619946515e+00 6.526266878523522941e+00 8.043886293156379708e+00
5.664228808261184689e+00 6.482263277276539171e+00 5.042744850663048339e+00
6.428315035380606446e+00 6.554350757324572285e+00 6.900433776668899455e+00
6.561111579954077122e+00 6.516671995600159306e+00 5.669885263195515890e+00
6.918798520896569215e+00 4.323690891275696835e+00 6.365825707715650594e+00
7.900509947274931832e+00 6.516908005155352512e+00 4.216990438004129871e+00
8.274992243995981767e+00 6.480179155633960519e+00 6.691343645698271558e+00
4.437630962769747001e+00 6.618853183588790046e+00 6.157462188433990846e+00
6.304269869108638069e+00 6.556770774333944729e+00 6.495677765945870874e+00
6.660265194242104059e+00 6.564537748201241918e+00 8.214810081610618653e+00
5.872815645951301455e+00 6.648751512690020071e+00 6.952657611106175750e+00
6.045222124684208609e+00 6.740415566200866238e+00 8.049166009882931405e+00
6.441094368856165708e+00 6.706205966799532625e+00 7.312173678689520839e-02
6.507795452850720253e+00 6.685247762681779449e+00 6.943980849613796913e+00
7.698458793649394671e+00 6.683062885348990179e+00 4.572587695459823465e+00
4.578240015030216270e+00 6.747715067281889745e+00 7.475173366370620798e+00
5.547443162294933394e+00 6.737351602521473026e+00 3.762748839279082824e-02
5.556992101556790686e+00 6.768541946602123716e+00 8.570035838966795438e+00
5.746983978575377350e+00 6.792962794863402820e+00 8.406681895210363464e+00
6.310634460883117747e+00 6.737690721010936912e+00 6.587799929971603907e-01
6.277918682054572486e+00 6.758733038680817984e+00 4.900739536088590143e+00
4.772070350620182033e+00 6.859192319954675376e+00 8.006296182142248696e+00
5.738099014108380302e+00 6.820738759813202989e+00 7.165952580160658281e-01
5.780460931790879719e+00 6.802125323591411643e+00 5.672637325320925683e+00
6.384063992687337930e+00 6.824854851925641341e+00 3.954011822978345858e+00
6.465182467603423078e+00 6.848987537561626482e+00 4.435017824346070725e+00
9.610823102705616350e+00 6.866538366724610043e+00 1.001420175043653549e+00
7.289388830069890579e-01 6.900387327981712282e+00 6.209275436524592351e+00
3.737566357574887199e+00 6.919195418237950257e+00 7.518788984948669096e+00
5.252902140954325283e+00 6.886859424105589156e+00 5.834668435893734184e+00
5.366696877012578248e+00 6.890491316253064547e+00 8.750011563424274996e+00
6.036579467296145474e+00 6.923913446894791157e+00 3.862623298204036715e+00
6.091756376687204266e+00 6.881480101358426360e+00 8.048702618465538805e+00
6.209128176457136661e+00 6.903956900660410234e+00 8.299446473790439427e+00
6.702501514680786698e+00 6.947877120031198395e+00 8.617310831435339935e+00
7.154380140777275798e+00 6.925700398076881648e+00 5.297853371316463722e+00
7.610571843451690910e+00 6.921035095974504614e+00 8.014506844129966723e+00
1.123448731489601560e+00 7.008281358104009762e+00 7.668548108507263095e+00
1.461706594899374156e+00 6.995754684541585000e+00 9.305852773664952338e+00
4.101189666644205367e+00 6.990213845922252034e+00 6.516394186356319729e+00
6.690831373411279870e+00 6.951399142275324294e+00 8.556906803386661764e+00
7.475242015823091002e+00 6.980344427525134954e+00 3.552391519926783481e+00
7.446021143480351157e+00 6.952504519073372968e+00 7.975604308498361661e+00
2.082193587200664164e-01 7.103985933109507656e+00 9.214661805639771330e+00
4.258443193479334532e+00 7.060843105338491021e+00 8.696927545828184947e+00
5.167394857417288989e+00 7.114303020860697657e+00 7.036987091184146337e+00
5.254876290484448376e+00 7.037845149026960456e+00 8.991185243939773031e+00
5.401539178241725914e+00 7.082923677173944554e+00 5.274629512490873751e+00
5.329250853078765005e+00 7.054286097526270005e+00 9.090079538593528241e+00
5.507846745145705825e+00 7.046768106131944265e+00 9.728508273995617017e+00
5.979549803471623015e+00 7.031877679032831452e+00 8.171138405016424855e+00
6.573047003079715900e+00 7.030835583741917638e+00 5.217349045360435866e+00
6.555080511319085090e+00 7.044500822020929753e+00 6.792995742137478921e+00
9.424102900293526375e+00 7.094780931309064620e+00 1.936852563904306823e+00
3.560848904751081179e+00 7.176682373028961059e+00 7.733147944222192649e+00
4.622447362758647316e+00 7.152130239770226439e+00 3.940038604261497213e+00
5.504846438766980654e+00 7.160847772488464713e+00 8.568878838183953128e-01
5.893427849208338287e+00 7.108943307662636713e+00 9.081120702112011500e+00
6.259538889183012600e+00 7.110857101381277801e+00 7.723951801434839615e-01
6.866015378566462601e+00 7.164770379637099396e+00 6.495299908079783080e+00
6.852028394675468093e+00 7.124446905048764656e+00 8.700141274030947613e+00
1.434506498834337673e+00 7.246193214894686818e+00 8.997166394533669731e+00
3.882381232718504993e+00 7.211370881612012340e+00 7.548164235051364912e+00
4.364639014127999594e+00 7.246122692032967549e+00 1.247442723830442191e+00
4.684570744347476889e+00 7.214278215006970640e+00 1.899595779385684358e-01
5.047318335496665753e+00 7.251839667668642520e+00 7.075955329032915131e+00
5.352943134413171933e+00 7.229584368035217423e+00 8.560014434691297636e-01
5.819040023119621985e+00 7.212173914979413070e+00 3.657569247154404124e-01
5.900169068131408956e+00 7.246397474513869952e+00 9.602280258867946117e+00
7.018669912134175348e+00 7.190727044738701501e+00 4.849892273698639400e+00
6.721954489528264354e+00 7.241864957065304864e+00 6.920242240932174660e+00
3.352607889897964100e+00 7.344774048671069089e+00 7.743387565542164452e+00
3.727326690127633846e+00 7.330951293789002676e+00 7.704316259623801955e+00
4.728746695226285546e+00 7.405042901350217477e+00 8.031084783874170796e+00
5.605109592956478259e+00 7.375421166116882254e+00 4.694010909009913135e+00
5.608639276701118170e+00 7.390651762016181792e+00 7.562512334673154868e+00
5.888504387141193064e+00 7.336242185181073516e+00 9.610536275803944761e+00
6.882089405753506028e+00 8.588720042689214296e+00 -8.261192595265907102e-01
2.118153695866353825e-01 7.483239930397761697e+00 2.554122514144933631e-01
1.832076702423048875e+00 7.463037955627653375e+00 8.761124983381886722e+00
3.986930509391664934e+00 7.435275835344721251e+00 7.270538573504032875e+00
4.767510216738348738e+00 7.483370597889891229e+00 8.535704419243145935e+00
6.226721662388580825e+00 6.267338204415497493e+00 1.460126428213628369e+00
6.567709116013976889e+00 7.415793163358102902e+00 6.111908003831859615e-01
6.833927987620005418e+00 7.455756235156694167e+00 6.682191603555556192e-01
7.905598330127273421e+00 7.432363264288478710e+00 6.234090138568808115e+00
4.510261696281652632e+00 7.573221966585554910e+00 8.927375775543548997e+00
4.482591361008434028e+00 7.555676022432240124e+00 9.902550742707521891e+00
5.860970909157055431e+00 7.539554569554459462e+00 2.876141107557407928e+00
5.802710146425938298e+00 7.547254081693989036e+00 5.190804026682113381e+00
6.098961914884537094e+00 7.550058973416986063e+00 4.235975919562034342e+00
1.063840413012730579e+00 7.620642619168275012e+00 8.224064378359775773e+00
3.760628724753166452e+00 7.623934820958265135e+00 1.178871348729452206e+00
4.829113334972086058e+00 7.632157112756313921e+00 6.718588459376583444e+00
5.938493932978561318e+00 7.627103245821525768e+00 6.825418949884118014e+00
4.174536741442896215e+00 7.665821021055829299e+00 6.469263434518913947e+00
4.445198335246669075e+00 7.687584044333391375e+00 9.653039876371691363e+00
6.354707758541037421e+00 7.706321823048613240e+00 6.200748519141676240e+00
6.441297017027023841e+00 7.646295703310144631e+00 8.343963363603375427e+00
7.340661783136663843e+00 7.703872427716071947e+00 4.059147221846878928e+00
4.033511485252117446e+00 7.842836669444986697e+00 8.198797730435664732e+00
5.186624602035631248e+00 7.796478213667844770e+00 7.300293250745756524e+00
4.509045499340764707e+00 8.194202383239879595e+00 7.220607802804257958e+00
4.553818553034190586e+00 7.863790731401257617e+00 7.291729136216904550e+00
4.839619677034846745e+00 7.879144251577565150e+00 5.828240806611638902e+00
4.929480793164088936e+00 7.846535798762754865e+00 8.920335176608931604e+00
5.051703139277497812e+00 7.864143583391704162e+00 7.946006909832030451e-02
5.090205593608407852e+00 7.863213118096441079e+00 1.605749993069242709e+00
5.395748388990231348e+00 7.825058018829786022e+00 5.122222634249697037e+00
5.430941431355323701e+00 7.840360351807308170e+00 8.417849496353678518e+00
6.596485917101061247e+00 7.793576295290607803e+00 5.984947424756483336e+00
6.587478182782422031e+00 7.813957195777152975e+00 9.583719753441167555e+00
6.984603716940087637e+00 7.861058906171568772e+00 8.352990247145683611e+00
2.724077454852895652e-01 7.949608252922129914e+00 2.112921623066423393e+00
3.574231639058107923e+00 7.570146745029413538e+00 9.072499773854389105e+00
4.587441447976867259e+00 7.940843550998651246e+00 6.491810729159555038e+00
4.719639979542805897e+00 7.905880677148861224e+00 9.106465877749780446e+00
4.928367499588976131e+00 7.917568319743711669e+00 5.856657436526486293e+00
5.285258513532818725e+00 7.895166381594317606e+00 8.874462817801115122e+00
5.272122793703442944e+00 7.903968784946119541e+00 9.200599141442721063e+00
6.102510332770289203e+00 7.870772476832145870e+00 9.497628986914868676e+00
7.854242306998203027e+00 7.878281744342180204e+00 6.452340991446233076e+00
2.005566447505947814e+00 8.021350915812165638e+00 9.958627199825873078e+00
4.028242819962830623e+00 7.952512050015597467e+00 8.090656677610724046e+00
4.011167154371207744e+00 8.029505280711960680e+00 7.975648686577733182e-01
4.979749344382294218e+00 8.008005664666288936e+00 6.122223979400226668e+00
5.543605879211807697e+00 8.019712444579514710e+00 6.518511933020698201e+00
3.206016401673955407e+00 8.068353520364006215e+00 8.759408422741987721e+00
3.519359000540656535e+00 8.112703069405576173e+00 1.047685540840161522e+00
3.874268554441957058e+00 8.068260983281422938e+00 9.132445344182567482e+00
4.995650825753227053e+00 8.034396077905189060e+00 7.237449070558076514e+00
5.303338137381036432e+00 8.105213802828162173e+00 7.998149290750136586e+00
5.527979328971771800e+00 7.581425188641190971e+00 7.607345978593855307e+00
6.980023010335886013e+00 8.060110681457061332e+00 8.226098509369302647e+00
8.385585776568195426e-02 8.160782478435145038e+00 6.434288268631192409e+00
5.996859188916323635e-01 8.147686376942841591e+00 6.549335614609404388e+00
1.091040834995995024e+00 8.119467765723559438e+00 6.739337836049715591e+00
1.304547600670282970e+00 8.181777025176625529e+00 6.246498525632376619e+00
4.958029419834198315e+00 8.171090446226791926e+00 6.403031007649332196e+00
5.753339727150002858e+00 8.168542596078353313e+00 9.130896705369405453e+00
6.011311504717793852e+00 8.176186314607440053e+00 1.809723116462850001e+00
6.662873273584486000e+00 8.621769666818552835e+00 5.389326428118046408e+00
6.239640332317383908e+00 8.161212277944203564e+00 6.326766153206933474e+00
6.620736827229039889e+00 8.161297963377574405e+00 3.331092564946946943e+00
6.707697406862393130e+00 8.130253805124642241e+00 2.338739174710679158e+00
9.639643248336065895e+00 8.132950282103891482e+00 7.539315866998827609e+00
1.828555022751461756e+00 8.206324222695611681e+00 9.962764745867113803e+00
2.790461054049267808e+00 8.218963925509349622e+00 1.429390591120346943e-01
2.866671814677995478e+00 8.204669646942441830e+00 9.518397799665729409e+00
4.783574484594840470e+00 8.190432089291748596e+00 7.146226033571034364e+00
5.559606684102565310e+00 8.215496086287735977e+00 2.271494689354915497e+00
6.063294655512958542e+00 8.244402769501775197e+00 6.628411089859808092e-01
6.804306611025806362e+00 8.219882105629446656e+00 9.327262628253654597e+00
1.791474821890384761e-01 8.338469166211474715e+00 6.907576503222539799e+00
2.261742666400174961e+00 8.303838043228001453e+00 6.264112558523010632e-02
4.545823124519734471e+00 8.271284913026835994e+00 6.697402647128119391e+00
4.860556452992341292e+00 8.278353836602402538e+00 7.984624650567718973e+00
5.491034966813048257e+00 8.320546724246042913e+00 6.419661527998719919e+00
5.492531939268367580e+00 8.270539686610579366e+00 7.044509803903677536e+00
9.850390056081211654e+00 8.307738856075417289e+00 2.921902284453094190e+00
4.991110852181281921e+00 8.399753305089920019e+00 6.206580198250082780e+00
9.268742519451114603e+00 8.399792882064517130e+00 7.112748681266852557e+00
8.213091472791347325e-01 8.491409705979728884e+00 8.940985855733071475e+00
5.108010672090822268e+00 8.491749873452929975e+00 5.073760319436234845e+00
2.382269708839863109e-01 8.559465764632870233e+00 2.845794045757384705e+00
4.097084263128528470e+00 8.537417822066883488e+00 9.605656339976277991e+00
4.217822180113725672e+00 8.527642538345062917e+00 5.991163048585534945e+00
5.231422006119837320e+00 8.526847288894167320e+00 8.580822787000196072e+00
5.327517638813827006e+00 8.545884778040502283e+00 9.216027457326372740e+00
6.530692395850534737e+00 8.546362946242812342e+00 1.572560789823172378e+00
4.314092864430655538e+00 8.606286506134608771e+00 8.730498665918931422e+00
4.745256701024607615e+00 8.633358428096293835e+00 7.111391998951138049e+00
5.220350257540098404e+00 8.591213575538530378e+00 5.906343557456262161e+00
5.251192304028590385e+00 8.635929342689367516e+00 8.388921333784697509e+00
7.796495274941644738e+00 8.645656133878837579e+00 2.523333557245261538e+00
2.948671041436592422e-01 8.712537177789286602e+00 2.372957972561081430e+00
3.737772764108382884e+00 8.717703754759256185e+00 2.301567232494456050e+00
3.958066444227922531e+00 8.715809845283104096e+00 3.782654255421734835e+00
4.519907616155413699e+00 8.707087499413479037e+00 6.956456060552993037e+00
4.679977989651523451e+00 8.710779432151159796e+00 7.315240523126318450e+00
7.843964771618957776e+00 8.678394479410036055e+00 4.000337097063725089e+00
7.930232738136759885e+00 8.697256373022469234e+00 1.478672976054350663e+00
8.372539459501354031e+00 8.709505651368250057e+00 3.711046703511579725e+00
2.389647817385418982e+00 8.755803282746470018e+00 6.111045443308259273e+00
4.400728711959049910e+00 8.766677699621503450e+00 6.750494462849940813e-01
4.541782439009996786e+00 8.791561609252756426e+00 8.520070125966723751e+00
5.514951120044850441e+00 8.810515105399879587e+00 1.607026355078862601e+00
6.031699663582189785e+00 8.794231247550991171e+00 2.664919646575787393e+00
6.558717938283689541e+00 8.762683816909541790e+00 3.355259670795669447e+00
6.675160961593347153e+00 8.750418620988508422e+00 1.615178912183887538e+00
9.774845954005115800e+00 8.787304575466704293e+00 3.564730685007512889e+00
5.289249189347540181e+00 8.862676374649611333e+00 6.626680109345082670e+00
5.934269387633801962e+00 8.830655744219509273e+00 4.760737384098045588e+00
6.271428485347154691e+00 8.809506999422975326e+00 7.206789253307768206e+00
6.839274526369676366e+00 8.846792967087120374e+00 7.941465098604130191e+00
7.802211344527893999e+00 8.871933048019267076e+00 2.170447061387828391e+00
4.153346320180848927e+00 8.958215182651668940e+00 7.649988981454571402e+00
5.158276940749949802e+00 8.927130695503645796e+00 9.099605919589539571e-01
5.455878531373333118e+00 8.890494370722057837e+00 8.473968291013756371e+00
5.505147086753987118e+00 8.917131006484352085e+00 9.786189730974944823e+00
6.429140655294443008e+00 8.946633839106056030e+00 1.365526059301074513e+00
7.511166944514306998e+00 8.931472856083017220e+00 2.131478269575147078e+00
7.899903776806360689e+00 8.970828629561658829e+00 1.941834484540866157e+00
9.707272635127095484e-02 9.014630795512120542e+00 3.428251699416219989e+00
4.329975085387726130e-01 9.026550644517243427e+00 3.303561684961420664e+00
3.996872883056892700e+00 8.984642255946321043e+00 8.559452071130461803e+00
4.559001921594990847e+00 9.002886810419177266e+00 7.320917430274189730e-01
5.942699577769117170e+00 8.964929771068989695e+00 8.094322702905866862e+00
6.298610424935596086e+00 9.005580309445463172e+00 1.130454383213444380e+00
8.060787213100441662e+00 8.994521796665605251e+00 7.646039827114283760e+00
9.471063680615261049e+00 9.017794338632718620e+00 1.252299759512898625e+00
9.601700813415940061e+00 8.979706503188985778e+00 3.592686523524193376e+00
2.729056111788258576e+00 9.089196434027664750e+00 3.319024357495600874e+00
3.655223892218759651e+00 9.063513053336249570e+00 3.863426932871902864e+00
3.991501286369357082e+00 9.103854337064431590e+00 6.790054353116514285e+00
4.593397611918666357e+00 9.062211701333973579e+00 7.764576223398659494e+00
5.359528863704828616e+00 9.127158273310014280e+00 1.107307058195805549e+00
5.908079538176028933e+00 9.069408974639165066e+00 6.235558805137323191e+00
6.157318467048943589e+00 9.041761080494840286e+00 8.857991130725110906e+00
6.244253617359873054e+00 9.061615156873287447e+00 9.898468667619225059e+00
6.407922378286066589e+00 9.089707313076447193e+00 2.318649583761443367e+00
6.446716752654925386e+00 9.102828186099069185e+00 7.585269166178656874e+00
6.972413028081976272e+00 9.131847865958784283e+00 2.337355477520221214e+00
7.833223162894646485e+00 9.036048342280881940e+00 1.891880099340272903e+00
4.068395858493571993e+00 9.185109594617276940e+00 5.972277235419659824e+00
5.740468439505870712e+00 9.123996301374896589e+00 7.010308658373979540e+00
5.691425437936719511e+00 9.175124962786597393e+00 8.248441096006169815e+00
5.988269787445174686e+00 9.173467830239006915e+00 9.765957455588212710e+00
6.621925075059405863e+00 9.198909931319500188e+00 4.677847377447937660e+00
7.640378359122001584e+00 9.214176062810402357e+00 2.356495122250854557e+00
8.909076493882190917e+00 9.140428609161212137e+00 7.689154973472888344e+00
3.609154287507255976e+00 9.268979643477113228e+00 5.892160053963014121e+00
4.331981223075468179e+00 9.243893235394802232e+00 2.174821876866606551e+00
5.628306766017692198e+00 9.234074749925797576e+00 3.808426938989223354e-01
5.827323133144353129e+00 9.226538672390821816e+00 1.894679029504902967e+00
5.786120407470614069e+00 9.193125359401413732e+00 6.764381996004213526e+00
5.977289011038017463e+00 9.246490254990270330e+00 6.527411792241395005e+00
6.918319522763221485e+00 9.252627726092082838e+00 2.203729742316427931e+00
7.624556891063378750e+00 9.201059092430538655e+00 2.058025532140034919e+00
8.159033027841090302e+00 9.223784925596373085e+00 4.372444625504806837e+00
1.628713993876109156e-01 9.317071075182463247e+00 2.103783087298456866e+00
3.966774394929678316e+00 9.353897433685871121e+00 6.457080482209941463e-01
5.462029827164764484e+00 9.293928276114723275e+00 1.306206597704782313e+00
5.521237524410640418e+00 9.315831652606430424e+00 8.256832728295442791e+00
5.517360016858911642e+00 9.458443492071809899e+00 5.568738382717478785e+00
6.218817038228124261e+00 9.346482848577872815e+00 4.163369089089155040e+00
6.592798112354136819e+00 9.284914899763627716e+00 7.672305709741326751e+00
7.039339203123855526e+00 9.327962076305759354e+00 2.488587116908045793e+00
9.762301145748475406e+00 9.330100945602771034e+00 6.371488129999032246e+00
7.377399478065878036e-01 9.434184224442134337e+00 3.150699072636855558e+00
3.205909271039416808e+00 9.428118245011827270e+00 9.689275078629371762e+00
3.445701955778539549e+00 9.407566937586823386e+00 4.758266795891544554e+00
3.696815749878928692e+00 9.367918607381007234e+00 7.427885141048918172e+00
4.046568234932095720e+00 9.427626334022981780e+00 7.683837843450726623e+00
5.249736045947011931e+00 9.379241968847178867e+00 7.232381384033694793e-01
5.627547398355434716e+00 9.199959090309615561e+00 5.724149946607996142e+00
6.241979563583154977e+00 9.409135733195796547e+00 2.010870977901128676e+00
6.750373270010013194e+00 9.339374012813870252e+00 4.636114006500430484e+00
6.895218001042868750e+00 9.350522989732802159e+00 2.480300985280833981e+00
4.068351678244183312e+00 9.431187148076803695e+00 7.698548497108945732e+00
7.295116918771684666e+00 9.481956100914866070e+00 1.840700430380142194e+00
7.914963774000212560e+00 9.488698237015396941e+00 2.567504551317646211e+00
8.209314618003524799e+00 9.510102626301165429e+00 3.072584932374672118e+00
4.521408731135581505e+00 9.567948757620905909e+00 7.296680127251566006e+00
4.712355009476376644e+00 9.545011305781468280e+00 8.589275188486874546e-01
5.043463680252350478e+00 9.519681205753228070e+00 4.056282123894854763e+00
5.373353908394949308e+00 9.499037607943076722e+00 1.387346753097340901e+00
5.940769334524443224e+00 9.548087269669242261e+00 1.292896807058092179e+00
7.210605867591564078e+00 9.525972011712154242e+00 2.316305082100487578e+00
8.431085581077750746e-01 9.638382745894231718e+00 2.910819855397372535e+00
4.101758938259591147e+00 9.605452602467806855e+00 8.380251910929750636e+00
4.140734085913918783e+00 9.592246506015150942e+00 9.755591888224840247e+00
5.035096093084498570e+00 9.623873773467877868e+00 4.839555437576937180e+00
6.912425510659188532e+00 9.638569827679404511e+00 7.442340439913602168e+00
7.074481807681213930e+00 9.589095281310116903e+00 3.617972655907632173e+00
7.433097861171703791e+00 9.610610851169546720e+00 2.548415459100342506e+00
7.737522435903126272e+00 9.617347116370314808e+00 1.853694260655297521e+00
3.008584252063279951e+00 9.713265562601540282e+00 7.107001869292501439e+00
4.594511222345357027e+00 9.687563148255964762e+00 7.992099489082443498e+00
4.872430450405713209e+00 9.724010264450232199e+00 8.061764250621267891e+00
5.437014696237156386e+00 9.704665110798867289e+00 6.268431439718275655e+00
6.204456849112502503e+00 9.680174591189256716e+00 1.749234123608658376e-01
6.542459800342841802e+00 9.683842763017199928e+00 5.568563076481485297e+00
8.752950778406638932e+00 9.694072025368550172e+00 3.567907709699377428e+00
7.834135275277767652e-02 9.812039028325104439e+00 2.411976746073780209e+00
4.471791211401346722e+00 9.744104334935784095e+00 1.664615995221191191e+00
6.070574454945765197e+00 9.762323326745482532e+00 2.020753316893841411e+00
6.362289152320300012e+00 9.795390747353376781e+00 2.549346999065156716e+00
7.549576250244639297e+00 9.755170795580781373e+00 1.803344835350613629e+00
8.225209417012457891e+00 9.807980178720406172e+00 3.261743145067005578e+00
8.682797289479820435e+00 9.787440491460195346e+00 8.591955608770025066e+00
2.004309686888138264e-01 9.855030198304975286e+00 6.355895754845808376e+00
2.634122542012569124e+00 9.855735762733983663e+00 4.800193059182700672e+00
4.576571725542409652e+00 9.817760473306970326e+00 7.457575306853519770e+00
5.201203018607920114e+00 9.843403378749369992e+00 3.672165610125482260e+00
6.817679840462681717e+00 9.844086098282717856e+00 7.767305921922972978e+00
7.772968169109130798e+00 9.870599214865535487e+00 1.042400970531933924e+00
7.719516168795093058e+00 9.848974851961246557e+00 1.963140206196118509e+00
8.904498897856429451e+00 9.870154883777725985e+00 2.455581880230617742e+00
2.987537777619576618e-01 9.966150728946324477e+00 6.541612337095965124e+00
1.953370370134474232e+00 9.939059095844973157e+00 9.504085377963381376e+00
3.558246670271122625e+00 9.959610620999113095e+00 7.248783245548937160e+00
4.227441808223190378e+00 9.938267875963079589e+00 6.610240283991910992e+00
4.277906438253451959e+00 9.903130368467607525e+00 5.026227956907043826e+00
4.793503708429237342e+00 9.936646111388505176e+00 4.548342893107359508e+00
5.221734266329391083e+00 9.916355367959681644e+00 5.161861876389587600e+00
5.334025754406509279e+00 9.957485874681641036e+00 7.370110917726766075e+00
5.965721915026068523e+00 9.891385473994610322e+00 8.406261738707701880e+00
8.230918802851329374e+00 9.937367776486627946e+00 1.755730733660405996e+00
