2.105435284613826230e+00 1.603701174186932671e-02 7.239190620645547192e+00
3.053027672394970971e+00 2.734338567435630821e-03 5.111905202029496387e+00
5.831460691330200952e+00 2.602214849369369892e-02 7.647287658811010580e-01
5.792987622096157807e+00 1.357072547678793428e-02 2.169069962553424435e+00
5.929158451214446401e+00 7.859041409225628327e-02 3.581055577031786452e-01
7.547540726090028684e+00 1.554167959786209238e-02 4.148603002330447431e+00
7.754465219096267070e+00 6.749131586580131570e-02 3.573405562074937425e+00
4.119418625523953992e+00 1.250399724247071576e-01 7.464045028305383411e+00
4.196035886464906994e+00 1.290590930224361776e-01 8.846678962952800873e+00
5.083256761939040302e+00 9.145389523583716263e-02 4.959921606808619821e+00
6.099179242002737311e+00 1.396020107368181606e-01 1.089192932579217565e+00
6.258141513258886235e+00 1.105889327901248276e-01 1.999342932611679391e+00
7.472665638985088066e+00 1.098195118762271549e-01 3.267172213434816896e+00
8.561750400656958249e+00 1.083511326726324386e-01 5.208713410953055956e+00
9.330411853384177334e+00 1.089005908199327799e-01 6.596115508586089859e+00
9.345500896155295223e+00 1.218188747355607726e-01 7.651848468757998845e+00
2.866432606267965255e+00 1.757464502510191484e-01 4.021646279780766164e+00
3.245989103400020781e+00 2.014992566222867376e-01 6.801348771224798639e+00
4.760945895959112661e+00 1.986978768456084121e-01 4.296451170080178628e+00
5.384272223280801128e+00 2.015334503384988429e-01 9.563582583191487796e-01
5.360808554877595888e+00 1.655215598033136781e-01 6.604445671282411112e+00
5.970445121658408461e+00 1.711008404271659455e-01 5.801113207229528612e+00
6.660384255047316238e+00 1.645681097205977106e-01 5.108861444988932118e-03
6.692025946961160265e+00 1.796851625833685295e-01 7.432692573186631790e+00
7.918228048332215607e+00 1.813164906158270528e-01 2.355293772810786113e+00
8.182677945458962654e+00 1.636504626346760305e-01 2.132048481091552539e+00
3.814925034934281811e+00 2.855940172922923903e-01 9.253153529137003730e-01
5.882398160101669049e+00 2.387987811217059941e-01 2.086201971822405188e+00
6.305800377634064091e+00 2.845272831062117813e-01 4.444980417069253065e+00
7.101458626202123980e+00 3.019446762330724177e-01 2.216600604915452521e+00
7.840998616455260972e+00 2.777792853065900180e-01 2.079060469208628525e+00
8.020527177699662502e+00 2.604502634454826104e-01 1.884074445579177581e+00
7.968310865303743107e+00 2.703466269551508816e-01 5.298816512783978361e+00
9.553594128544578012e+00 2.704283811830699991e-01 1.315075029308919952e+00
3.522406611831516265e+00 3.585229429541363366e-01 6.089611474802369528e+00
5.594226230551612389e+00 3.205591288128030181e-01 2.914484806161053765e+00
5.766186363410215066e+00 3.412648861051562621e-01 2.318306335227438897e+00
6.485721917047078122e+00 3.385273140719607943e-01 2.655770611475970711e+00
7.633025579048982934e+00 3.548925594602102551e-01 2.323549259123790733e+00
9.042411274822084621e+00 3.815790443794713216e-01 5.572020014905081808e+00
4.090782029605870285e-02 4.010570885753745873e-01 2.656747744045641291e+00
5.569272816891043476e+00 3.956051479003257487e-01 2.512355055886986488e+00
5.929903809952914884e+00 4.042736075926813832e-01 9.416615481832982582e+00
7.051967000760682502e+00 4.690864872116059514e-01 1.677695618045549786e+00
9.429525919929565347e+00 4.347290252798166055e-01 5.605358951886517893e+00
4.803562214543909414e-01 4.990466901249385190e-01 2.704471245678782498e+00
5.635177998217884010e+00 4.891696856027872853e-01 9.856336645541116326e+00
5.888615980868049604e+00 4.775432281519189637e-01 6.902224097648996803e+00
6.174150464902192326e+00 5.303035908694656575e-01 4.035833269050571381e+00
6.257789168143262692e+00 4.770249743845630386e-01 1.474215785873980833e+00
8.843646661252897445e+00 5.139196241045307367e-01 8.146232418245107354e+00
3.301726604330612158e+00 6.258232461916188871e-01 7.342259740029613901e+00
4.378201959377477692e+00 6.179973280600881136e-01 7.079972374160904414e-01
4.676247429975116887e+00 6.150011116828165703e-01 5.256065789163319124e+00
5.137530289103009906e+00 5.487620280204091872e-01 9.386537763506479948e+00
5.226883773649713127e+00 6.022159595512772690e-01 3.134421466123020306e+00
5.347339782352645621e+00 5.722974990171773024e-01 6.692230718729791583e+00
5.452360067200356930e+00 5.555411038169819626e-01 7.654204345067283199e+00
7.831581093878971167e+00 5.607795703603066784e-01 5.801823523977573061e+00
8.168976612250338221e+00 5.967967967649434602e-01 1.817181769176638539e+00
3.829769107414368268e+00 6.640343968164481581e-01 8.021028442964996952e-01
5.698834161968685308e+00 6.562956932609036453e-01 5.022366703366660801e+00
6.236102585788910524e+00 6.387831434662993857e-01 4.543659116207579451e+00
9.347328043073133585e+00 6.329393298887532326e-01 6.855452475406798030e+00
9.959853869566513751e+00 6.989054460508160593e-01 2.557783388415909798e+00
5.623577614254128498e+00 7.061372529484226668e-01 5.092777708653943414e+00
6.379880429670749642e+00 7.081301931643291248e-01 2.801635749641105733e+00
6.839463244972055378e+00 7.247743166026232586e-01 9.622026735601316716e+00
8.290229600505632845e+00 7.566412362368524214e-01 7.783099635353716295e+00
9.224138735114273402e+00 7.476525947793222215e-01 3.292913502577687002e+00
1.149188409325628157e+00 8.583546885193796827e-01 5.911903208124734022e+00
4.555912479409158777e+00 8.325291329565065457e-01 3.688293474634846358e+00
4.595463056227056420e+00 8.550979061758600119e-01 6.292912152808307624e+00
4.848271528039725276e+00 8.220489994687569801e-01 5.670892169968571928e+00
4.934413085115155972e+00 8.201799816294063072e-01 5.838029592756965869e+00
6.086254564392510780e+00 8.069809232289911760e-01 4.842608751674855050e+00
6.183601462338534915e+00 8.083225252179671028e-01 5.175037205239607196e+00
6.265401323466360139e+00 7.956408983193049567e-01 2.914509041122719246e+00
6.349495302354114301e+00 8.398952958563129512e-01 9.769983883206158737e+00
9.922482920449365196e+00 8.374175565166610546e-01 7.324407578035295963e+00
4.627518448127612594e+00 8.950099427216852144e-01 5.761321845674419073e+00
5.573680445002565875e+00 8.810014355562467703e-01 6.769983831328990398e+00
5.803890684696140667e+00 8.737347633520406998e-01 7.044101274092785303e+00
6.693656431643097982e+00 8.752541280124329637e-01 4.022895609490877433e+00
8.360032453741327529e+00 9.007405295093177111e-01 7.730283173336882641e+00
8.539106323683085975e+00 9.078323276265813924e-01 3.142252926229126331e+00
9.152650809876703875e+00 9.097282586722343911e-01 4.787022599025915426e+00
9.780416914177108012e+00 9.207369608140282269e-01 4.706193701925755590e+00
4.415780567792708666e+00 9.559764063808389167e-01 6.032948529983772623e+00
4.786082537389278357e+00 1.010238650767411261e+00 6.432047761476315628e+00
8.186999358874805566e+00 9.503033198547078397e-01 3.200716667677260263e-01
8.262564143401357697e+00 9.473611099213423703e-01 7.364842522949360593e+00
9.315690818539636098e+00 1.014007097865999629e+00 8.184993692134344911e+00
3.700841610423264871e+00 1.032072764102382800e+00 5.912440653522907930e+00
4.524433882124065498e+00 1.086673137651983145e+00 6.973555568291018858e+00
4.847520292908697570e+00 1.063284497414480612e+00 5.276147482639609088e+00
7.485420041012357473e+00 1.043247432817419718e+00 5.902140432257249714e+00
4.035420041302449690e+00 1.121661969487578681e+00 1.870160575400924952e+00
4.752896538221491163e+00 1.113136426429655934e+00 3.567261186598872591e+00
4.720584832740239101e+00 1.113386046616891001e+00 5.117249357619073180e+00
5.468042243284267023e+00 1.152440985485801761e+00 6.847593217122189380e+00
5.481721256182838786e+00 1.106832450686017211e+00 3.391216526416021004e+00
6.303892674853861067e+00 1.163932103542094421e+00 1.250653756271024708e+00
6.282826977932636225e+00 1.136700708964236028e+00 7.722194766686580891e+00
7.577470165202925934e+00 1.147798403449971749e+00 7.028553665073803636e+00
8.907933587721103663e+00 1.108967215658956951e+00 1.592144306700887579e+00
9.863748779757930407e+00 1.124137961762183391e+00 3.597268193243659429e+00
5.653387177671064023e+00 1.231523840110470447e+00 5.058005621082141801e+00
8.076168731545886104e+00 1.243827359946408251e+00 1.372137363578455616e-01
1.741909983968769504e+00 1.327802746723708127e+00 9.378676078112953007e+00
5.106982081048089483e+00 1.295375194759450510e+00 5.226462277026252323e+00
6.276284948024613897e+00 1.275518889830807190e+00 5.418323198109043837e+00
9.279668561577560482e+00 1.271221174540082988e+00 4.917624826784319225e+00
9.842555056870434527e+00 1.324866198967869835e+00 8.023076775741859734e+00
5.844012920693431923e+00 1.337535386557054728e+00 4.622790793143935595e+00
8.705328420638721809e+00 1.340978158816578558e+00 1.597251361949445503e-01
5.272104056127367711e-02 1.479374606210708265e+00 3.865818000777354158e+00
4.695106948339333286e+00 1.456603964022614717e+00 3.048214818907564183e+00
6.219122515976335919e+00 1.427652763320630847e+00 5.793662449143903714e-01
6.201589576624740197e+00 1.459764363367384465e+00 6.339634355756722073e+00
6.916354645049738181e+00 1.470367949843867095e+00 5.936547951571297332e+00
7.011303491023264556e+00 1.450041397938766297e+00 3.201694057344392608e+00
7.168453097559225995e+00 1.445094743914572710e+00 2.988466254127688515e+00
7.632673088946575035e+00 1.416900914714331883e+00 6.101871601569569314e+00
8.434800465292433103e+00 1.461053310551104101e+00 7.261702021708130061e+00
8.844083580853135729e+00 1.469034523519264779e+00 7.180663552901597413e+00
9.777348665623515345e+00 1.470940317270058806e+00 7.236601165052441331e+00
4.227992474534777223e+00 1.553332457114168008e+00 7.157213454187006718e+00
4.601305426273277099e+00 1.548796034405813815e+00 2.520919734782330668e+00
4.661064180679661106e+00 1.514785662503216557e+00 3.142903441577720614e+00
5.316667879816281861e+00 1.509405770016614134e+00 7.195590666823571624e+00
5.645923266449029754e+00 1.564353905478414353e+00 8.088560408694629444e+00
6.063929102790650560e+00 1.499759308401542368e+00 7.068854631057883253e+00
6.332142571352907368e+00 1.489768618104039044e+00 8.025374517803689045e+00
7.476341545089012719e+00 1.539706112561833429e+00 8.253997971041588499e+00
8.184729677900637768e+00 1.498763679392423498e+00 6.561760997816946883e+00
9.381098997131962491e+00 1.516203622577073862e+00 4.220292389400285948e+00
4.669883998181749263e+00 1.625791775275897022e+00 4.483494523154272215e+00
5.089281749452315040e+00 1.607638395219495475e+00 2.906466858907903017e+00
5.738138607236989763e+00 1.619213491541990901e+00 5.805693961368640466e+00
5.908408054201963466e+00 1.605328077648042751e+00 3.445493922113121776e+00
8.374764665328191526e+00 1.627642225986117186e+00 9.905111906571801850e-01
4.672155155363267198e+00 1.686147854680486446e+00 5.708746560781355228e+00
5.171790290169119508e+00 1.694367779663511042e+00 2.371190613372318623e+00
6.236869753965992302e+00 1.648333381530563857e+00 5.399691278696820973e+00
8.422004463632706717e+00 1.645336877751208959e+00 6.426444563716136038e+00
8.503033166289450051e+00 1.680588427307645683e+00 5.707548800463460026e+00
7.737327030883086598e-01 1.739292289520949497e+00 5.128192225699272910e+00
4.658389011430742244e+00 1.777963986091893656e+00 6.728558971911361652e+00
5.384976178346876807e+00 1.725864788935136840e+00 2.642175204149897816e+00
6.153557281613914576e+00 1.724424990942435176e+00 3.086943497115694157e+00
4.437386217536198885e+00 1.860231477613713214e+00 4.201525774104678312e+00
5.306845117211214991e+00 1.867131181719266175e+00 2.591160078385481569e+00
5.262160237571379184e+00 1.826400108791312427e+00 3.739146963597602458e+00
6.521137596095647027e+00 1.843805539272290073e+00 6.442348603289834941e+00
9.474692384931998390e+00 1.807098337565217427e+00 5.488833243810848472e+00
9.615287485677084689e+00 1.810240093348326695e+00 8.854159712873716614e+00
9.690424091877293478e+00 1.843518166870345087e+00 8.730015625326295492e+00
5.175031654113872115e+00 1.885336786534583364e+00 2.627091231162817397e+00
5.303646691848625139e+00 1.926718157356170913e+00 3.639162341458353822e+00
9.404116736744009941e+00 1.910773603892315098e+00 3.023866153868324691e+00
9.646510116387695177e+00 1.890960111889189887e+00 8.218127071757946212e+00
9.942785845822559310e+00 1.908266170927190863e+00 5.013746836794196859e+00
3.835693961361484661e+00 2.031970055300434730e+00 5.871514371766408225e+00
4.907718582504854155e+00 1.991487026968131513e+00 1.926610780946242496e+00
4.854453987633207568e+00 1.990601448534065288e+00 2.158610713558437588e+00
5.768071486606435982e+00 1.967814270838680102e+00 4.365411926733242964e+00
6.442727734766512171e+00 1.983371179774341186e+00 7.163066372239729418e+00
7.692394727200568383e+00 1.970064965481624242e+00 3.348453327548085667e+00
7.941734856363545703e+00 2.011396763722943071e+00 6.813337990058339955e+00
8.273245383332442415e+00 2.029038974474196788e+00 7.984839848708981336e+00
1.330485351634203894e+00 2.040154149800781358e+00 6.504178664663706755e+00
4.356090264115563215e+00 2.071595730771772725e+00 2.289131402457442288e+00
4.394541732609199336e+00 2.058349858696627344e+00 4.723779334489480064e+00
6.401930317019944638e+00 2.044558153786494969e+00 1.480417100778930628e+00
7.908913273327646820e+00 2.087222915519208577e+00 5.571116076033693965e+00
9.481130907848887901e+00 2.084378862296710544e+00 2.872082229163923639e+00
3.406778371968413599e-02 2.145905351779532566e+00 5.486570028319239789e+00
4.622643055835924386e-01 2.112831034399192287e+00 4.659831007124303426e+00
5.456152614655082722e+00 2.158578191965758286e+00 1.035566458211155116e-01
6.291523503827406216e+00 2.145707494325846287e+00 6.976909028195148466e+00
7.710325333143650539e+00 2.176567621265482977e+00 4.991307607398933754e+00
1.234239684237784740e+00 2.237640250272091347e+00 4.841908369617115682e+00
8.050381609000469396e+00 2.209168934129331241e+00 4.881908631957842637e+00
8.172393944696322521e+00 2.210847394604401828e+00 5.809024048430011078e+00
1.364656621215390109e+00 2.316073595888821224e+00 2.211123478188090630e+00
4.878811393783574424e+00 2.284330339491054573e+00 7.937791178635938749e+00
5.128489718606449088e+00 2.283427956200879017e+00 5.489880641847915577e+00
5.207824075200862879e+00 2.316640722161738442e+00 2.850028710739315851e+00
5.382219674199617998e+00 2.305762421901056403e+00 5.841864980819464037e+00
6.219859333191791961e+00 2.292694123025804664e+00 8.122456889182485540e+00
6.505753686047651030e+00 2.280985351927775628e+00 5.959537540181793602e+00
7.631155382434597456e+00 2.299309936688702205e+00 7.707148207666397077e+00
7.896508354479193414e+00 2.269846051162790701e+00 4.616191935772665289e+00
8.293156793153814377e+00 2.339546768517057007e+00 7.805555464580220537e+00
9.174657670841735779e+00 2.332326956363711012e+00 4.392857305586362671e+00
9.417335732554034777e+00 2.319139446184341757e+00 5.473462006293484450e+00
1.134786253890178176e-01 2.366927664604994153e+00 6.863620464642853136e+00
6.471534883762409152e+00 2.413758742383133260e+00 4.844540152412633915e+00
7.056843175904369048e+00 2.407684618189294135e+00 1.067149028340774297e+00
8.579035243859348014e+00 2.347911890813815017e+00 5.502739933534567029e+00
3.880239783281088650e-01 2.489890364271944545e+00 3.790731042367062820e+00
1.498039007232282893e+00 2.461926460452088961e+00 6.792956557212655788e+00
1.620604313233724891e+00 2.489761194816808132e+00 1.859158829035467697e+00
3.566178465146975896e+00 2.452195598089233819e+00 2.259726844491322773e+00
3.860069915868939994e+00 2.434618886936172899e+00 5.552233567405632009e+00
6.119831170326101244e+00 2.459507432990210241e+00 1.609343920172245035e+00
2.263231153429776099e-01 2.576908128315793078e+00 3.680686493954751448e+00
1.463063175936223370e+00 2.501829376274208983e+00 2.323437583970343390e+00
1.575920011076485716e+00 2.542720274910036160e+00 6.615743743849552772e+00
2.216211880032164849e+00 2.573118598989815098e+00 3.690227336247164480e+00
3.576042577067414463e+00 2.507916936387930562e+00 2.831599992647914732e+00
4.765206098136805402e+00 2.523508756731664082e+00 6.205657431575433591e+00
7.230408935899323097e+00 2.554653721322345472e+00 6.716635779509913640e+00
7.594061073374901660e+00 2.525471753911631367e+00 6.794221500654454182e+00
8.166824518768832419e+00 2.509512488545148301e+00 7.660918666225315476e+00
4.454024668378268714e+00 2.622887442602034547e+00 5.878748177599835145e+00
5.973533293935201272e+00 2.625400193592831499e+00 5.921484038091895385e+00
7.123105084572994627e+00 2.607994109442654640e+00 6.450298833879084093e+00
7.313887447263500263e+00 2.651721687043741227e+00 8.573083009068048099e+00
8.584557013378235624e+00 2.601846458349104552e+00 8.173979920368189767e+00
5.786297610714537853e+00 2.724412225648531916e+00 4.434984089635961801e+00
5.986173437906302297e+00 2.702334748856678015e+00 2.250201964608172123e+00
6.281037788788944809e+00 2.701892624713489788e+00 4.715808532728058111e+00
6.454761480161828047e+00 2.661836015299628322e+00 7.923759110157822860e+00
6.840427826259539046e+00 2.730080898164261249e+00 5.703045051840454072e-01
7.006348677833870831e+00 2.716315442136060465e+00 6.868860617691554538e+00
8.865599677417254298e+00 2.717188727827979378e+00 8.351648319940963461e+00
9.597954728642753564e-01 2.790210104390268953e+00 5.178098127369083759e-02
6.137433330467315429e+00 2.767427812266231690e+00 2.514931303187633915e+00
6.585159521408760597e+00 2.785087122350731192e+00 7.068518077529652999e+00
8.104346725298912091e+00 2.745591188912718916e+00 7.955900013645686997e+00
8.485207567898207515e+00 2.792124812821096480e+00 8.384393144849507706e+00
9.634548733291454781e+00 2.753555047146255319e+00 5.329029623847299391e+00
1.339262699930339751e-01 2.821659542392505493e+00 4.685493836611716034e+00
1.134161014555073344e+00 2.874182959690389616e+00 7.094263982387301049e+00
3.226161230956240633e+00 2.847073636921728657e+00 3.715857637242526490e+00
5.023770460603368626e+00 2.815273744379186649e+00 5.047962950353822364e+00
5.611968883140209030e+00 2.889752615170958716e+00 1.896115877412938744e+00
7.569664963634382460e+00 2.831010205879783470e+00 7.991223441519368365e+00
8.797154099707459096e+00 2.860310385868819250e+00 7.841705306419210153e+00
1.198868609054655199e+00 2.957660343045587226e+00 4.798187783341295365e+00
3.157551292245874386e+00 2.938319931480922520e+00 6.894589809272300585e+00
4.250313978610373411e+00 2.954963731566691898e+00 6.358341294668747423e+00
5.501540447637373710e+00 2.938648089482075676e+00 1.836529383972965057e+00
7.509702301566443694e+00 2.929272701605388551e+00 5.011346585706833778e+00
8.953094920093006337e+00 2.895410547151850089e+00 4.782431345358569175e+00
9.059956511659375877e+00 2.893941440999312498e+00 5.096799889474278089e+00
1.029159716633524457e+00 3.015172907044323836e+00 6.652063352628876380e+00
3.759523857328072260e+00 2.983170940241462343e+00 6.164655596879851984e+00
4.503610264163816268e+00 3.046787463265530516e+00 2.823136487131190808e+00
5.451047739924052671e+00 2.972237295074182661e+00 6.221504986582282015e+00
6.703701505619374501e+00 3.019763366598710252e+00 5.633809736000461754e+00
6.961434894244696636e+00 3.009440391969140371e+00 7.580884535452002027e+00
7.082265537725889182e+00 3.047864993419246105e+00 9.113548403882152371e+00
7.260709255231960313e+00 2.973274162463208636e+00 6.803314833809653628e+00
7.656254731449450901e+00 3.040392785697536127e+00 5.301416352555689215e+00
7.742684735268239749e+00 2.971668767221540719e+00 7.103243030241518596e+00
8.577365098387225828e+00 3.042660491141475188e+00 8.491537139609892648e+00
8.863272000537140372e+00 3.037958168323648511e+00 5.369459667013793958e-01
5.425174430077414622e-02 3.050063217715041297e+00 6.829871665615501186e+00
3.246379602502321493e+00 3.080404679721834960e+00 4.539593562370738411e+00
3.791490889812575205e+00 3.057218937391911417e+00 2.766434239752452395e+00
4.016498197282189153e+00 3.065150941698910891e+00 2.843872294076971396e+00
5.072080226892318855e+00 3.053285484830905006e+00 4.423951545072750235e+00
6.271481591653871313e+00 3.080299548102672702e+00 7.730123768793380812e+00
8.521998522873852622e+00 3.094046677230194220e+00 9.343752964987368514e+00
9.349672099193401920e+00 3.105954873647212011e+00 8.742149525005856958e+00
9.611258717616410152e+00 3.108008278101925370e+00 3.763780725309322506e+00
9.749010642709935226e+00 3.072560223262673418e+00 5.360510404521788175e+00
9.824718565094679334e+00 3.048362974347230914e+00 5.185433281139870232e+00
2.561699153200330814e-01 3.133169193446835088e+00 7.343583550587711173e+00
1.493268143075519916e+00 3.203205305412991422e+00 6.308099469307094864e+00
2.417256907535795030e+00 3.139320133231931820e+00 6.490369684931579286e+00
4.568542297265505425e+00 3.158479373854262473e+00 4.125781224638747524e+00
6.530954508707636386e+00 3.150554252756270213e+00 7.161053630615334065e+00
6.760499454621139215e+00 3.166216858326814432e+00 8.535112167075940448e+00
7.787280569434388511e+00 3.148947806598113353e+00 7.962911824655673598e+00
8.075620693384788495e+00 3.206485612244446060e+00 8.569857991999441538e+00
8.486804830545722211e+00 3.166182651496158407e+00 6.076185641999833464e+00
8.842101241908942200e+00 3.198465115818663662e+00 7.110941838397704551e+00
9.801358272372752367e+00 3.171520986607053949e+00 7.940269429966287262e+00
1.307224218713959774e+00 3.220530222897730610e+00 4.857250905112572070e+00
5.145609058119049450e+00 3.204518928194587168e+00 9.279390859319658347e-01
5.381071904351266255e+00 3.248630353305263618e+00 6.436429914800271490e+00
8.940285085599528614e+00 3.227002005799156859e+00 4.567980149853182681e+00
6.732876976076967779e+00 3.339111237511953600e+00 2.395426755843321320e+00
6.983127736322341406e+00 3.316067500482280828e+00 7.022481054236369147e+00
7.193528233484595802e+00 3.298173876844884056e+00 7.547597041023584197e+00
7.446534235826579362e+00 3.353591100027111249e+00 7.691430070697533594e+00
7.989152832682402838e+00 3.323599964330018253e+00 7.020098160287824740e+00
8.275076090207338808e+00 3.303449308846009735e+00 7.228669376772230315e+00
8.331101751882433959e+00 3.331682026236113536e+00 8.425052401824443038e+00
8.717942871554335227e+00 3.300580590530514780e+00 6.545327614349343293e+00
1.507253081310097720e+00 3.429299126374273587e+00 4.188643180045700021e+00
4.700421178313007431e+00 3.398909525476427440e+00 3.681462838298116935e+00
6.669587003632674538e+00 3.407248151590219098e+00 8.842795555513433214e+00
7.572049630236783457e+00 3.404962246074423771e+00 8.135094297066327584e+00
7.693224116169018245e+00 3.424831630131660809e+00 5.967387983996621514e+00
8.540354834431020947e+00 3.377260364161422057e+00 7.192217602735109239e+00
8.864939105145133169e+00 3.419283917925461935e+00 5.243798330858952639e+00
9.600883570822134061e+00 3.432341166214398331e+00 4.687578957537064106e+00
9.617971349827223904e+00 3.362044367200323514e+00 8.202429744805993295e+00
9.922708565030383454e+00 3.433527939818801222e+00 7.310401497772543777e+00
6.344805365238005201e+00 3.486038467190612167e+00 7.924959098602497143e+00
6.675004430251631149e+00 3.481439321097171913e+00 2.833483487146335023e+00
8.001504099406760773e+00 3.453555564181707283e+00 8.691296705658714927e+00
8.400041402792531642e+00 3.467840477972143454e+00 6.166191561860932424e+00
8.874313632963167109e+00 3.450020625311736922e+00 5.035694957179861930e+00
9.223837168781503948e+00 3.490912511649804095e+00 8.421090171837873228e+00
9.646176403330013471e+00 3.479956260656532407e+00 6.160143943181090265e+00
1.179622954611781349e+00 3.572323199199874288e+00 4.950784356057762459e+00
1.361245397998594786e+00 3.574246675702108078e+00 4.054229092952850166e+00
2.251296280445078235e+00 3.576600335092836591e+00 5.029421905327049025e+00
4.997356328574856121e+00 3.518334881099122846e+00 2.094331341214942022e+00
5.719917010544736335e+00 3.585246936969627374e+00 3.608224752655475154e+00
8.183981921715492547e+00 3.541454322348820849e+00 9.132910596501243816e+00
9.733738782804401524e+00 3.565768767529867933e+00 7.398261541795331908e+00
3.685278041494659540e-01 3.638466455825371426e+00 4.973548016003328520e+00
8.695099948840039339e-01 3.621998162594278980e+00 2.023625908471619272e+00
1.487764967366539626e+00 3.651428722516441017e+00 5.659265001230391334e+00
1.977579969579826402e+00 3.637671031616039663e+00 5.800101583520438808e+00
4.103164899458053405e+00 3.668085252764411663e+00 4.615174893856405447e+00
5.095864430051070038e+00 3.656400298986134167e+00 6.225764449945758727e+00
5.536477563482550046e+00 3.650661747691011705e+00 4.598735333349416088e+00
6.643557363528961091e+00 3.629404213812199131e+00 7.380166357056088700e+00
6.784617359077153687e+00 3.628134145121027387e+00 2.843799131442193762e+00
6.735917145887655444e+00 3.643574976094642093e+00 6.983445317234345140e+00
7.121413592613647481e+00 3.641455579959682165e+00 6.779563470620218801e+00
7.212205905588643162e+00 3.651583681797275105e+00 9.056168651726071772e+00
7.416597062572783727e+00 3.653791905675780161e+00 8.710720287105168325e+00
7.758207904830786816e+00 3.648383701898911813e+00 8.000494627209576493e+00
5.272647249904271582e+00 3.691779666399580329e+00 6.950217877468062966e+00
5.652872129083717390e+00 3.696766134179272800e+00 3.020675286991442832e+00
6.315825919340079864e+00 3.723371158824107852e+00 6.394119878941605606e+00
8.145811864161087712e+00 3.743089944889278264e+00 5.184130524937863527e+00
2.994096767616193366e-01 3.774767891195772940e+00 5.334627540256844824e+00
3.409286660197552443e-01 3.782879582520222606e+00 3.543488165885791741e+00
1.954607099354844557e+00 3.824512467788956371e+00 6.737699154688394643e+00
4.248579825389120934e+00 3.780293140300583943e+00 4.061782498147275433e+00
4.716748094770390587e+00 3.789902846074413745e+00 2.346540222334696502e+00
5.114759573384766611e+00 3.796351256378703631e+00 3.348443867359062409e+00
5.841206477677356901e+00 3.763908356454766402e+00 3.751899878130374066e+00
6.775601457956786255e+00 3.799428100510501949e+00 6.913268106611871744e+00
6.829154203747999752e+00 3.787115322233655768e+00 9.651484182519180166e+00
7.054978911347686399e+00 3.772239661717716075e+00 6.430191972690277868e-01
7.742279227385250095e+00 3.779813048527438823e+00 1.345368933062666805e+00
7.826989556139293924e+00 3.804534987916225575e+00 6.687889990478205426e+00
7.989966027014054895e+00 3.781808154595310612e+00 7.285455021618565397e+00
9.635562416669328556e+00 3.807104300395182328e+00 5.001697822336200083e+00
7.425618345667914788e-01 3.872621950415194192e+00 6.607619055789861306e+00
8.509973220378950209e-01 3.848395618649485428e+00 7.221096261514724723e+00
7.509270235135865335e+00 3.889196139558129595e+00 7.648983439097079007e+00
7.576898407492514309e+00 3.852450946200077553e+00 7.485746632844280768e+00
7.990426036844787916e+00 3.839403415383169538e+00 7.192701045723248754e+00
7.996126016223631616e+00 3.881254605780862565e+00 9.984238347367925925e+00
8.169482423877333588e+00 3.883233476083840063e+00 8.080086301255512637e+00
1.079885255580443015e+00 3.918443224319926532e+00 7.013144092293648768e+00
1.740129642609954619e+00 3.942651928486176516e+00 2.467990529873129280e+00
4.950744753532648978e+00 3.959589897718164053e+00 3.427790325482402256e+00
4.959220889795457055e+00 3.958773261201738780e+00 5.333688795244048819e+00
5.759699829263318804e+00 3.953547128037223857e+00 4.654308078090071632e+00
6.866361247736371354e+00 3.964818007726008453e+00 6.555076258746596274e+00
7.472049234011552521e+00 3.970448235364187450e+00 7.519645418503730028e+00
7.896292726071799883e+00 3.908194527223652237e+00 8.399640337988723005e+00
8.041244632208581322e+00 3.933821757329425850e+00 6.958692511257771329e+00
8.370807752618963704e+00 3.912033898178117752e+00 8.242303976070285643e+00
4.410335642343536922e-01 4.029353843497409216e+00 7.565393943393883269e+00
3.758150180754961767e+00 4.057803303362226721e+00 6.130850886039942438e+00
4.757219558534039550e+00 4.046774007492886405e+00 5.499269086375784710e+00
6.438860813269219108e+00 4.062322901073211590e+00 7.569894531025836315e+00
7.311397481078524052e+00 4.012897192469446317e+00 9.595836949613683942e+00
7.852196619663676991e+00 3.992389615814799342e+00 9.892575839596860376e+00
8.390206959855746049e+00 3.986461233910704394e+00 8.918924003014993218e+00
5.414159054403855365e+00 4.131249881500304255e+00 1.093438173764414323e+00
7.024357829494562111e+00 4.076228770745957242e+00 8.259761227232246483e+00
7.214276613775223446e+00 4.135799003292785159e+00 1.681788743294195254e-01
7.248089450034116865e+00 4.107342664581971725e+00 8.612323630997350321e+00
7.238537269004355679e+00 4.115170327072052103e+00 8.649568686252120386e+00
7.624246613985349086e+00 4.121931512449871882e+00 2.483157202019353083e+00
8.009682463142205222e+00 4.110424338228026109e+00 9.000159237009453861e+00
8.172207558085645474e+00 4.083999987164710355e+00 1.059935728052548431e-01
8.553439680450390270e+00 4.064491771730886605e+00 8.064102457994092532e+00
8.777336678845712115e+00 4.101916571719708138e+00 8.135857525423027425e+00
9.054929622555988544e+00 4.099327541031234645e+00 9.092157411589248284e+00
2.992817813220726375e+00 4.181171574013506032e+00 8.156925396821344876e+00
4.486452696663527639e+00 4.197869998867992614e+00 3.054627680236127407e+00
5.022285408784599170e+00 4.182641718535760944e+00 5.855005961830755723e+00
5.685297584248089287e+00 4.142091846447456760e+00 5.122492327262061274e+00
6.323309344506300000e+00 4.160376434811769997e+00 4.473920059079567579e+00
6.664032228192365181e+00 4.176717524922888281e+00 6.418046659342246940e+00
6.888842731759488913e+00 4.193084194040880064e+00 6.436660885817240718e+00
7.066725263325398743e+00 4.205558201831672172e+00 8.158971665086849345e-01
7.189058884675541883e+00 4.161713522452783920e+00 9.413410247822547205e+00
7.607600363063085069e+00 4.168403805250068928e+00 8.905083486184203423e+00
8.780910345761455460e+00 4.200689576188810115e+00 9.710357367344606416e+00
9.286211933015682263e+00 4.196827760410399399e+00 9.786904430334599780e+00
9.487281951202692909e+00 4.159884512515231947e+00 9.134678185360826319e+00
5.554525860273945348e+00 4.220246140430201187e+00 4.972939133733383699e+00
6.689026060605900881e+00 4.253063990880501244e+00 3.155369791966258664e+00
7.027529371660234503e+00 4.248754496379753220e+00 9.557407401000650893e+00
7.121990129993852392e+00 4.238886164549408697e+00 8.248206471235725701e+00
8.038677224301959967e+00 4.230837808496603181e+00 1.969309037045345434e+00
8.980762649167242984e+00 4.272937600805073011e+00 8.772998016289145440e+00
4.251963646994969537e+00 4.349561610629251618e+00 4.276931006458926987e+00
4.281928364924532104e+00 4.344306223012966761e+00 5.650582749036119345e+00
4.941753777871992881e+00 4.360014106229833430e+00 4.387445309268038329e+00
5.018880958274943183e+00 4.316206738557280431e+00 3.472057974419823001e+00
7.112867383186888937e+00 4.330029305606050372e+00 7.364221764915967583e+00
7.273611213728235825e+00 4.331821039464490042e+00 7.625681421069735677e+00
7.568167872139284214e+00 4.349407391129447298e+00 2.117783575404377672e+00
8.772883782173417799e+00 4.333792737669568851e+00 7.711860123366388819e+00
4.515852875679799983e-01 4.405952797905484886e+00 8.399556508188581461e+00
1.080884553398230086e+00 4.430098667575657068e+00 7.584657608406416784e+00
5.608018738847777129e+00 4.388134583123785681e+00 7.906370936688644768e+00
5.627598435692151568e+00 4.449251123623704451e+00 6.327189306884492659e+00
5.788618589610882381e+00 4.443371449718738653e+00 6.863431510806385027e+00
5.863343589175468829e+00 4.406566596841667405e+00 6.832541883848491260e+00
8.092776099429851655e+00 4.404419013203987987e+00 8.528684442648389208e+00
8.515142736178480831e+00 4.417005239842789699e+00 4.913598717203827571e-01
8.958688511198303672e+00 4.447811948974904617e+00 6.654935101107422035e+00
9.338344019976409172e+00 4.404245364162672871e+00 8.613460187160059789e+00
2.126393970826319535e+00 4.513031251439580949e+00 7.033355694483640619e+00
4.823487967460031278e+00 4.524181064100292637e+00 7.800056586369382705e-01
5.485485233109376857e+00 4.490192422639392333e+00 8.123389276166054884e+00
5.788053477778182909e+00 4.463078454002953777e+00 7.383238219334907981e+00
5.975153725846625186e+00 4.492029719331007698e+00 4.113620092907569692e+00
6.383128952019226254e+00 4.522965704619661409e+00 7.004650289411237907e+00
8.513851297970349563e+00 4.476204950372381752e+00 9.084070541556050316e+00
8.615789394379557820e+00 4.467807194896486145e+00 2.090730221888347784e-01
8.877769678454615843e+00 4.513321575383602458e+00 6.771492573821970673e+00
9.529992793380705152e+00 4.507581979116899618e+00 6.769760801654177484e+00
9.939728447845253001e+00 4.488263688045820210e+00 7.362116839843304561e+00
9.741779207073103519e-01 4.572859903342346932e+00 5.109949867567657122e+00
6.766164739791132199e+00 4.600785796306712250e+00 7.559651487980893592e+00
7.685458822656084266e+00 4.531318177159751492e+00 9.620382916635024984e+00
8.227145285930719254e+00 4.571698149969965819e+00 1.300362460654334029e+00
8.706180688245702015e+00 4.583508553641665983e+00 9.933840335227481333e+00
2.211803141512295401e+00 4.684524715878551682e+00 7.195092549097705792e+00
3.598823635727957715e+00 4.609567390412085963e+00 3.761482963828183035e+00
3.826393174274762998e+00 4.682200814773771036e+00 6.417293236130083400e+00
7.142686081080661609e+00 4.685459818618133987e+00 7.465211247240508996e+00
7.776597462451272591e+00 4.619837446652826252e+00 2.116156918439512591e+00
9.617332367274727289e+00 4.672771795805933159e+00 6.382527981990957500e+00
2.753267822657424091e+00 4.753401758023464652e+00 8.187610149349147548e+00
5.983592468001203812e+00 4.716522187396578580e+00 9.468473551254842135e+00
6.562743299774090211e+00 4.689625038041699057e+00 8.414857776673667189e+00
7.765492831603141966e+00 4.750106146093543202e+00 8.691516217544043243e+00
7.822611586729832922e+00 4.687666106924025300e+00 2.995541963755223858e+00
7.886753309532932299e+00 4.724052636062414656e+00 9.706947606616404656e+00
8.281257007218210120e+00 4.692405027132211082e+00 5.315471399787622175e+00
9.285404402299764826e+00 4.710578114902253866e+00 4.653049085716306488e-01
9.496940114422088186e+00 4.748601010125446109e+00 6.973895974205732706e+00
9.654905666681585785e+00 4.734636336810681634e+00 7.849299989814527478e+00
5.396011892436506585e+00 4.800475343062553080e+00 6.224772728064746907e+00
6.766285022062077381e+00 4.786075863672758501e+00 8.499163284586300549e+00
6.990281756635324584e+00 4.802904713095771605e+00 7.863945521776883885e-01
7.219147026006576873e+00 4.796246390199282672e+00 1.153400591139390308e+00
7.225180978850453073e+00 4.822227117687773124e+00 6.455571418770698067e+00
7.548881404651256233e+00 4.787532057185937440e+00 8.025106198529890378e+00
8.023524534123929186e+00 4.790264484191642858e+00 3.866462845509497370e+00
8.590206197611394145e+00 4.791216419439596308e+00 8.851586144818043067e+00
8.636229326118026961e+00 4.793068580160123382e+00 7.856611416959084160e+00
1.977234015403874778e+00 4.901954610549657865e+00 8.399995539192959271e+00
5.108971601128560636e+00 4.891415292190264275e+00 4.857319273392485925e+00
5.748428851977049447e+00 4.890675886707618325e+00 5.226680193988626044e+00
6.281579589356116600e+00 4.898534186600035589e+00 9.730728947502342407e+00
6.803091775572739586e+00 4.865278184735487343e+00 9.134921074584843481e+00
6.894321113550414104e+00 4.911615643285849764e+00 1.700524060758062728e+00
7.516814968285047804e+00 4.853979920973551465e+00 8.663956221879859143e+00
7.918604904218713436e+00 4.891822457148938597e+00 8.419165065967188610e+00
8.717806794463742293e+00 4.868115347754704558e+00 8.495411751549578838e+00
9.065567879968860154e+00 4.901176180546602978e+00 6.395574114568411517e+00
6.567460530671429098e+00 4.981080901708811126e+00 3.724277210560350548e-01
6.773073478902265521e+00 4.950829422722677009e+00 8.608884848786061639e+00
9.092364956385106112e+00 4.966371272681331384e+00 6.550497742135259926e+00
1.505927790501283114e+00 5.006853753175581900e+00 3.930970422425529520e+00
2.552873084906134515e+00 5.045726145639217286e+00 9.101466716706944737e+00
4.274659356819571876e+00 5.007920940861384729e+00 5.416492835983138576e+00
5.373998875833841282e+00 5.000517195380215441e+00 1.467574270602863828e-01
5.712964606157539649e+00 5.003676285208644714e+00 7.802610391019123348e+00
8.553831787715785451e-01 5.146626052438378451e+00 5.098710106461940228e+00
2.373970516913242790e+00 5.152236349790921821e+00 7.194661743639354512e+00
4.660204928193848239e+00 5.093009042595106450e+00 6.137045693984515715e+00
5.150355210731678568e+00 5.127887773342634681e+00 5.337562825787384391e+00
5.235993627428460861e+00 5.077577117909124027e+00 3.434037582953743062e+00
6.114229151003153895e+00 5.140456959824125427e+00 6.608346072868156895e+00
6.942196092510364736e+00 5.082552663365969892e+00 8.895561026834533536e+00
7.168377336213037410e+00 5.138357369418141474e+00 7.979074143875299008e+00
7.194494169507482439e+00 5.104211755971292952e+00 9.122481030141193159e+00
7.573741745542263537e+00 5.156167825589108133e+00 1.259035692152989661e-01
7.917576799222014294e+00 5.099815993912299561e+00 6.339982068067445908e+00
4.577039336712329209e+00 5.192607363807963061e+00 9.787237082378400288e+00
5.616712471539105245e+00 5.191400969064354776e+00 5.081793728084400996e+00
5.778198229752124604e+00 5.227633995115340326e+00 9.976494236052053211e+00
6.857836106283962785e+00 5.160085118264475135e+00 1.946614284869770062e+00
6.884932011067821378e+00 5.165277165842857343e+00 9.960226373644188058e+00
7.839669665031761880e+00 5.160508856857831006e+00 4.562241142602497135e+00
7.952612920756614301e+00 5.191366314475621024e+00 3.584069944046751610e-01
8.332892265611855365e+00 5.196732838138983901e+00 8.016558768219056219e+00
4.928805094824955546e+00 5.280351385897132488e+00 5.528757663118073040e+00
6.612717536584692191e+00 5.304319981706758114e+00 7.466241663108917237e+00
6.642140102550832204e+00 5.249720000394350272e+00 7.401049194150074229e+00
6.732477637851369323e+00 5.282947620849547832e+00 9.710037781159639891e+00
6.828357549808199423e+00 5.255795132795260116e+00 7.865252410070270095e+00
7.295393138632202401e+00 5.248030638575091444e+00 6.174009154411990608e+00
7.452690371910950518e+00 5.286828296319633580e+00 1.289620086897674822e+00
7.521482598064751279e+00 5.271447439659779910e+00 8.765411945395479520e+00
7.717709374799555100e+00 5.245430662135937006e+00 2.431829579786227713e-01
4.574418308955851664e+00 5.373675489746039702e+00 7.929693816485685609e+00
4.914856846853014716e+00 5.369844419360555676e+00 8.108901864565877915e+00
5.789419379360257523e+00 5.387440066116042203e+00 3.980028395017676246e+00
7.257635965375021314e+00 5.354125476125068950e+00 8.496522708935088986e+00
4.889814058104460237e+00 5.395113749889056898e+00 9.922215280888821098e+00
5.051674646696627136e+00 5.428473010371593688e+00 5.980540975889563349e+00
6.282463200432630401e+00 5.452491203518210483e+00 6.917175257632081298e+00
6.842691538834507980e+00 5.448017219783098497e+00 9.843229097985258136e+00
7.232800711129657500e+00 5.402100572974955384e+00 4.829289873422365487e-02
7.194393490116705259e+00 5.434917462007817335e+00 1.245183976508524415e+00
7.275970636115292933e+00 5.423654193066809626e+00 7.434147402671341887e+00
7.565091871007582291e+00 5.407359899865245012e+00 6.510763608119923163e+00
8.054288069095058233e+00 5.404735402403408884e+00 7.497484016936283524e+00
8.670667273708771106e+00 5.410811990469420962e+00 7.146502948143204748e+00
9.005525659422772833e+00 5.461866604342101361e+00 9.442163756152622156e+00
7.581329664620353181e-01 5.505458397600019538e+00 5.747109839407888998e+00
2.666130542345553245e+00 5.489799045166700253e+00 7.405505582123432795e+00
4.824173959797941613e+00 5.503945747334106464e+00 8.433393354982223755e+00
5.378815283546757087e+00 5.537540283862330881e+00 4.216801641354003038e+00
7.148924974194877713e+00 5.511646567111718298e+00 7.116401228903552756e+00
7.389502846927959112e+00 5.512370106458102548e+00 6.880271799082147144e-01
8.037454500857077022e+00 5.514444244736416145e+00 4.797962733589045126e-02
8.702131712668944585e-01 5.600347292599828108e+00 6.665186207933793128e+00
5.016676290255829507e+00 5.570667006670363186e+00 2.794230437981348736e+00
5.063104754882406411e+00 5.582355026263918774e+00 9.457100786013487692e+00
5.120316042714533111e+00 5.619073814489071950e+00 8.407307383916130306e+00
6.564957174729182832e+00 5.626420117644652663e+00 7.493430654783297395e-01
6.855355643465509630e+00 5.554110298645561272e+00 9.613588081330467716e+00
6.903747452483925073e+00 5.576358587047574922e+00 1.431539534664810764e-01
7.732512314447701485e+00 5.577715360756746676e+00 1.147765118706403076e+00
8.392515821635226914e+00 5.551045683302896272e+00 8.247313508454567454e+00
3.253164218633512572e+00 5.628052421201073408e+00 8.260672846258389157e+00
3.580613142309327479e+00 5.649276722998605393e+00 6.233004449044077688e+00
6.197798678820763740e+00 5.702276624312510478e+00 7.535516131297251619e+00
6.649029147496010594e+00 5.687167744282217718e+00 8.928053718269416406e-01
6.720211448845693880e+00 5.630992105771758460e+00 8.244596615547830964e+00
7.646188917596576928e+00 5.699566197458604044e+00 5.389002634305215977e+00
8.121587414421444606e+00 5.631429906413968567e+00 7.006237807856968702e-01
8.130135932332500204e+00 5.700414157313527852e+00 5.069660840434234927e+00
4.836675764125076604e+00 5.746648029253549339e+00 9.291754045041958676e+00
7.726464799525935234e+00 5.774579728528874689e+00 5.312184074863093741e+00
2.080998298716220773e+00 5.785167374634902160e+00 7.477227376683309501e+00
4.681806816484657574e+00 5.835869791653905736e+00 8.509778737668639792e+00
5.979955667548675358e+00 5.789338657604202965e+00 5.455588672968858077e+00
6.406195306330878303e+00 5.822345544634911718e+00 5.650685614500105203e+00
6.677704165166384875e+00 5.794468839002391292e+00 4.992862507505213543e+00
9.193965667747526993e+00 5.819782899855217906e+00 5.307561632878764479e-01
4.794626570880169858e+00 5.909567057290252556e+00 9.392789348067170252e+00
5.796417196944648964e+00 5.881837743768754123e+00 4.015927203300384551e-01
6.352845082809584376e+00 5.896358619658068179e+00 7.144469689115555688e+00
6.641122873352620637e+00 5.860329350249116054e+00 4.940264761487580536e-01
6.716535928976787417e+00 5.904891618125259534e+00 1.612968659668352567e+00
6.895323990830429572e+00 5.905113173313098152e+00 7.483111543926322939e-01
7.600320513097225117e+00 5.874590654021664804e+00 4.140372844429364818e+00
8.435377696118369073e+00 5.866306283276911060e+00 7.672070946554820914e+00
8.752939787523937198e+00 5.877475050913623100e+00 8.023239430324306198e+00
3.201792971431801638e-01 5.963241137259052138e+00 6.714534943895483110e+00
2.756092265098952332e+00 6.013186664090568456e+00 9.426938141488649947e+00
4.625472886070602918e+00 5.963049595830065996e+00 8.938255689006918914e+00
5.825161738905965336e+00 5.946160698511907761e+00 9.565035621694132573e+00
7.042131591270747393e+00 5.991820421236434768e+00 6.571975149252503590e-01
7.992185743913866602e+00 5.996342997120335916e+00 4.311512398697081139e+00
5.371949940740184282e+00 6.055529733760173450e+00 9.001365377240150067e+00
6.463417990803823621e+00 6.083540816667099449e+00 4.345964399275885626e+00
8.199104904000362737e+00 6.055252064741033280e+00 3.090261752844936094e+00
5.451899703875138670e+00 6.108386047027822841e+00 8.915095938632045858e+00
6.815545038830050473e+00 6.109651876061462872e+00 1.515654984983391351e+00
7.077676646025176765e+00 6.129817541455018670e+00 3.929621583916071081e+00
5.729601933488306820e+00 6.193352393554750535e+00 4.995699610895778520e+00
5.742695629512212463e+00 6.231626536808246186e+00 9.838497267824013903e+00
6.868740030613729175e+00 6.220500240745114873e+00 8.689162192563854248e+00
6.893742856362634619e+00 6.227346087696122190e+00 4.234781862524495955e-01
7.893888737690740065e+00 6.234326577250569379e+00 5.021911883014103850e+00
4.592111216741595614e-01 6.316592449039198698e+00 1.192427010234578533e-01
6.076115064677865441e+00 6.254214415178992681e+00 4.124698899835114396e+00
7.109720181768163449e+00 6.257984463259825603e+00 4.351805344572163392e+00
7.571182743931119674e+00 6.321238236643564434e+00 8.134193623937459705e+00
8.559148054221164870e+00 6.321287178280705632e+00 7.160830835198259692e+00
9.044571249680471325e+00 6.321768093859680526e+00 1.883175447735570884e+00
6.353687528219028380e+00 6.353143984678980338e+00 4.796435748498398821e-01
6.334772203906497978e+00 6.356374997602748600e+00 7.042101798301766635e+00
6.466647011741138762e+00 6.384048348508380322e+00 9.573565458917297377e+00
6.986287190082011378e+00 6.396575576499424542e+00 9.541628328410595827e+00
7.249118084222038405e+00 6.402512085888624860e+00 5.293052763627486890e+00
8.126169812347530552e+00 6.380104781187302621e+00 4.682432570584713183e+00
3.387753899905207255e+00 6.429669175142175064e+00 1.509195235088139353e-01
6.104180273265171763e+00 6.428765122160355894e+00 6.041677535492035567e+00
7.012840821069401542e+00 7.065022555348607014e+00 6.012797850112763243e+00
3.687743599925761284e-01 6.495497484091970364e+00 8.289583705683780224e+00
4.703221382216540292e+00 6.518910994761438538e+00 8.824022893868361805e+00
5.401690305367982781e+00 6.522792187580200185e+00 8.048033067868257007e+00
5.649198107878100394e+00 6.496803282893200304e+00 5.028780917809704931e+00
6.429214935451923907e+00 6.551964092301604481e+00 6.889016361751622242e+00
6.568869653322836122e+00 6.526610904367760924e+00 5.661406806778117584e+00
6.977347759231081525e+00 5.914057586675592226e+00 6.158061037710627517e+00
7.923661566206282814e+00 6.530634724238861821e+00 4.196671865279608227e+00
8.299780851245831315e+00 6.498242990507938188e+00 6.688064741097790034e+00
4.416388687908883171e+00 6.618511210427081792e+00 6.148571231231843015e+00
6.305331677924393752e+00 6.564911364679888450e+00 6.484321542463444388e+00
6.675865732284117726e+00 6.570524053613083559e+00 8.224470771948769965e+00
5.859874099238042255e+00 6.655439416337194380e+00 6.953417878731332991e+00
6.039140147994510599e+00 6.713683150552926193e+00 8.049707324612509041e+00
6.443233056414697124e+00 6.711479744248813439e+00 3.969853592728457559e-02
6.534606617225362513e+00 6.715706124273959077e+00 6.958813785598224833e+00
7.715815822290790216e+00 6.702553004614308918e+00 4.564048355026177006e+00
4.558482871865461306e+00 6.741470398936716180e+00 7.476645377737691334e+00
5.536415245124204354e+00 6.737528019696869208e+00 1.028200185322408061e-02
5.547892165103631257e+00 6.764621808668547231e+00 8.590937472750628245e+00
5.749634431566398973e+00 6.796374611935709353e+00 8.419387013675157405e+00
6.310332644119331924e+00 6.739650010059824226e+00 6.442934736640740789e-01
6.277022319200643352e+00 6.769015249674561474e+00 4.887764368359768241e+00
4.754350150555528565e+00 6.855689820193769712e+00 8.016044555562197971e+00
5.728480226107423690e+00 6.816251886338161370e+00 7.030830068452381676e-01
5.775280829273396144e+00 6.811327724029531794e+00 5.664786237192137364e+00
6.390661217860285959e+00 6.834104333453266733e+00 3.932463162113724042e+00
6.470417748144685177e+00 6.862536746113669039e+00 4.420209867824357985e+00
9.626516270303547174e+00 6.871675034540393412e+00 9.888728452039590167e-01
7.114260125498917953e-01 6.905024772388901333e+00 6.207299935204657615e+00
3.709424600097639413e+00 6.900179133811492171e+00 7.516421632025886979e+00
5.236431934263431565e+00 6.891230923997033742e+00 5.827544306610343838e+00
5.353188958785927376e+00 6.894002679142167800e+00 8.768195801309170534e+00
6.025464239484501938e+00 6.935306753450794837e+00 3.841162307428235501e+00
6.111445553761202021e+00 6.907613406330255224e+00 8.035041394001348536e+00
6.229217960413500066e+00 6.916153042633689019e+00 8.328498280638626738e+00
6.719161845978598890e+00 6.946391731940729564e+00 8.687620774986953620e+00
7.174185588463281249e+00 6.944117157737848878e+00 5.292456918200743488e+00
7.657905961411076490e+00 6.938024131540441175e+00 8.030817474265488087e+00
1.105512761423415036e+00 7.011992176068345906e+00 7.672142231412916402e+00
1.445751725262531373e+00 6.993529238231904976e+00 9.324113150727907140e+00
4.074471181737671976e+00 6.990006299095202991e+00 6.509446607045750177e+00
6.700389897207768897e+00 6.970072121527797648e+00 8.528074656973148038e+00
7.488525958092625778e+00 6.990246564975696408e+00 3.536232320010196162e+00
7.448938260207881967e+00 6.976972096208693408e+00 7.979695088063101238e+00
1.917426516181243712e-01 7.107043567782303839e+00 9.224342001128061241e+00
4.231478051686486275e+00 7.059100172565400122e+00 8.718886981422151905e+00
5.170444545041021911e+00 7.098347920090166241e+00 7.030632823158267541e+00
5.219468245263751527e+00 7.044705879373097446e+00 9.003320071272360892e+00
5.386648729888810827e+00 7.091353825216488715e+00 5.260820377906027190e+00
5.338558087170323319e+00 7.065682494844650385e+00 9.149218375566388062e+00
5.498566425561808302e+00 7.050234093576733585e+00 9.770918841270828992e+00
5.970496002073022446e+00 7.067627530170911498e+00 8.185610911722697836e+00
6.580117740372611657e+00 7.049560301645350968e+00 5.208983597938280141e+00
6.561899802094258050e+00 7.061356822647732123e+00 6.789594962293912239e+00
9.441202580977481773e+00 7.101052380330814096e+00 1.927891085337586574e+00
3.521265181376560527e+00 7.161488669746948865e+00 7.747825106087359970e+00
4.606676663678172190e+00 7.160082918938146079e+00 3.926395200080981418e+00
5.512953800554573291e+00 7.158877767772706235e+00 8.481040204734164867e-01
5.903538357183089502e+00 7.119335228457336129e+00 9.108114621020350299e+00
6.256061748506910547e+00 7.121465862975048466e+00 7.661690886886637353e-01
6.890149288198285760e+00 7.183325017379550204e+00 6.488902674380335966e+00
6.886710341287177073e+00 7.157149298492718081e+00 8.732460194667755360e+00
1.414993181530061150e+00 7.252042556756373770e+00 9.005658222871401719e+00
3.871180644750895627e+00 7.208401998309422964e+00 7.544433516215288904e+00
4.352188350069126521e+00 7.246798611082809316e+00 1.236437196856464027e+00
4.671693325586792511e+00 7.216165662019518479e+00 1.699965724734994188e-01
5.023146924795058865e+00 7.264057985995648892e+00 7.079975705811314413e+00
5.318218750090579761e+00 7.244649955074194736e+00 8.434127688859046623e-01
5.811940823489774921e+00 7.222961736495049578e+00 3.385798592519377870e-01
5.914340376303488078e+00 7.218296750615104784e+00 9.636923771219230161e+00
7.033653209556062436e+00 7.211988466084439331e+00 4.836788996458350809e+00
6.746337584206671956e+00 7.270475223746188931e+00 6.932371397205423058e+00
3.306670934310556476e+00 7.355686968841268047e+00 7.752578224160695086e+00
3.704025266734878308e+00 7.352467812802393254e+00 7.717924413112182691e+00
4.714545731129935469e+00 7.410129979691562951e+00 8.039355491435678402e+00
5.595010198408123081e+00 7.387898589510002445e+00 4.674906761283772028e+00
5.611542682141227978e+00 7.400899477077935273e+00 7.569747634809266046e+00
5.888793279244445955e+00 7.387964257832750015e+00 9.651810739852987098e+00
6.556086471923903147e+00 7.422327208824866851e+00 3.055875458999731675e-01
2.025750006508188483e-01 7.486457197287158749e+00 2.474040703460749224e-01
1.818287150236040262e+00 7.470652736832741780e+00 8.769160845110196334e+00
3.963459727762121076e+00 7.446077637247173975e+00 7.260174410601616835e+00
4.753524059426978532e+00 7.488677200210441143e+00 8.551445560008641422e+00
6.564394646552743851e+00 7.454466166460549381e+00 2.640474005779926969e-01
6.567981506448339779e+00 7.429909856820200886e+00 6.049712451482377462e-01
6.860817500298359128e+00 7.468396830877250814e+00 6.573436262727048174e-01
7.930228177522288924e+00 7.447933985879738650e+00 6.231153255534080060e+00
4.485048975619582379e+00 7.576892127964253376e+00 8.954496895733182527e+00
4.470547576548223212e+00 7.557538654809355272e+00 9.945613398718961662e+00
5.855516866352060035e+00 7.544765793024417633e+00 2.865194108786297988e+00
5.804804991637397826e+00 7.563737823068787947e+00 5.179482643884605331e+00
6.098401324388673217e+00 7.567912203503233570e+00 4.220767323997498544e+00
1.045699708771705705e+00 7.628634735555528401e+00 8.229726358870097513e+00
3.745707249385604953e+00 7.624375752636849413e+00 1.169598466882552090e+00
4.814887378272762142e+00 7.631115542596113244e+00 6.712753504179895359e+00
5.947029429260707545e+00 7.636025044766310721e+00 6.826809177514028271e+00
4.141882940127215917e+00 7.670458012968292216e+00 6.458677756370936329e+00
4.427783431119348023e+00 7.700520726715360809e+00 9.678777119787904226e+00
6.362665167621395668e+00 7.717997044100505022e+00 6.195905751270521122e+00
6.454035683133360735e+00 7.669676560739167925e+00 8.358286414545929688e+00
7.354215408014294297e+00 7.718486140641718229e+00 4.050076374547860958e+00
4.008758647660164876e+00 7.793084406125306174e+00 8.273201763510932949e+00
5.189543426076236976e+00 7.800794270182521473e+00 7.309463666423164696e+00
4.055315932743589258e+00 7.874988941105383056e+00 8.124489326945004919e+00
4.527947650305293337e+00 7.869360820525596267e+00 7.297613101288808579e+00
4.785763371489569096e+00 7.871103924146438224e+00 5.795655405885996814e+00
4.919397465330268560e+00 7.860176700582305998e+00 8.939765003560781409e+00
5.044092244058962393e+00 7.872170045920007020e+00 5.713663203422846004e-02
5.078732491079868794e+00 7.867535328220862212e+00 1.596052424066610520e+00
5.385493562097112275e+00 7.842252460522153967e+00 5.105796778217507992e+00
5.436726813115747348e+00 7.854535742268827114e+00 8.431229611368237897e+00
6.617867557796163425e+00 7.815427944591576193e+00 5.970421619842723793e+00
6.605192487985761751e+00 7.828044238498495844e+00 9.614837054841865793e+00
7.008361043367392185e+00 7.872244731513920790e+00 8.375209136023666900e+00
2.611634467933582338e-01 7.950463280627331208e+00 2.104796566449949502e+00
3.990406892696408914e+00 7.915437379217120650e+00 8.180200792054812098e+00
4.559690584973210115e+00 7.946172113869864440e+00 6.480278594440093798e+00
4.697659546998106173e+00 7.926428592637630999e+00 9.144109369153859745e+00
4.946956623372912532e+00 7.935840276448297814e+00 5.833435905313779202e+00
5.290121322726330177e+00 7.911910771205554305e+00 8.892569697734986178e+00
5.271375816784520829e+00 7.920037362349651389e+00 9.243030128224793529e+00
6.111329203179775682e+00 7.890489413699327770e+00 9.529009577154059940e+00
7.876683704407569486e+00 7.901429868946696189e+00 6.454266077101268095e+00
2.000579750354822828e+00 8.018704564173175342e+00 9.974452594622821522e+00
3.986101703454692391e+00 8.027118197168750413e+00 8.057400760387999128e+00
4.000868999239390433e+00 8.035539783514087375e+00 7.810161851111711018e-01
4.972906129926788488e+00 8.015200878444545651e+00 6.112261246759908673e+00
5.547897388435134580e+00 8.025419347748318444e+00 6.513739451985594009e+00
3.180051616712866291e+00 8.079191772665684113e+00 8.774501443122623812e+00
3.501633735198373731e+00 8.121365896152685337e+00 1.037266499103243422e+00
3.850998827799891444e+00 8.079727772369302841e+00 9.157229123467661935e+00
4.993965002169815648e+00 8.049612053140798196e+00 7.246138251639230532e+00
5.308322552232569436e+00 8.122635352711176537e+00 8.006982180090478352e+00
5.990708732115172630e+00 8.027646876637334117e+00 6.710479094594312244e+00
7.001558877226395694e+00 8.095220749531815585e+00 8.230499845483871368e+00
6.258866159057936696e-02 8.166336966313227919e+00 6.430012955692552268e+00
5.840605988545752858e-01 8.154581457695405433e+00 6.547819313537083019e+00
1.077905346355350513e+00 8.127184316905530892e+00 6.744337415771905597e+00
1.291032708833139475e+00 8.190606140582357142e+00 6.241266878110796945e+00
4.947944408523260229e+00 8.186996395324509734e+00 6.403919670781402118e+00
5.764262923111665771e+00 8.190761207775313579e+00 9.156827619307051691e+00
6.007485509515616329e+00 8.177193544658232227e+00 1.798673640552843178e+00
6.205895040047414213e+00 8.229159590732569640e+00 6.282413296472052266e+00
6.277227374576057173e+00 8.180063098085549100e+00 6.322065177361074539e+00
6.624524556949621612e+00 8.168730015057565907e+00 3.323955502338856505e+00
6.712120050520446135e+00 8.130539053519182602e+00 2.330309567067368803e+00
9.660732070663462068e+00 8.144057386941298660e+00 7.546448033274477218e+00
1.805547191894221193e+00 8.223788532464995527e+00 9.977563732290343879e+00
2.782726204061009234e+00 8.224099548131782456e+00 1.303942549556591501e-01
2.849856424010514644e+00 8.214347017148753594e+00 9.536375909453317590e+00
4.764201963658619476e+00 8.211073589394517924e+00 7.147481799661830948e+00
5.548382463606184700e+00 8.220984365934207005e+00 2.265387827072168125e+00
6.063253633988493263e+00 8.253973439708577331e+00 6.416054463570636246e-01
6.823345422972423080e+00 8.241573901516721534e+00 9.349623871267178643e+00
1.606661754268832731e-01 8.348240844214647183e+00 6.914744669883868156e+00
2.248606073425391649e+00 8.309772919887247866e+00 5.095510279075571303e-02
4.517594786569927301e+00 8.292072470057796352e+00 6.691063582417146272e+00
4.848863024401076416e+00 8.297804899067728002e+00 7.996340135971372831e+00
5.497194112725695803e+00 8.348544788792743532e+00 6.409566929077561426e+00
5.501296672844224744e+00 8.294038845717501829e+00 7.051525790408135208e+00
9.868596150092253438e+00 8.313769017371711811e+00 2.914358196739383011e+00
4.978615327318224537e+00 8.433952199845702324e+00 6.190038037296132778e+00
9.286887884988749065e+00 8.414326752045194979e+00 7.114543161299023311e+00
8.058023393897828512e-01 8.501025410722766296e+00 8.948993294804004961e+00
5.097697877293187574e+00 8.509785716248879694e+00 5.057052927819689181e+00
2.253828119537265584e-01 8.559596829228782511e+00 2.842884641108220922e+00
4.083169739456606884e+00 8.555080520593788762e+00 9.633562317042844825e+00
4.193392038376740238e+00 8.544528563562973744e+00 5.977244502002062809e+00
5.226957166844762526e+00 8.542431287899169945e+00 8.615135936160383423e+00
5.325133113837132726e+00 8.572293209385072998e+00 9.246650871536566285e+00
6.528784040593537341e+00 8.536065716992798258e+00 1.555166561260997948e+00
4.294171203002262516e+00 8.624376342276118379e+00 8.757077871678406567e+00
4.746273606634738407e+00 8.657480137853983848e+00 7.104595559608688049e+00
5.217907212721841326e+00 8.618771816543516096e+00 5.886339740645544438e+00
5.247550375936510747e+00 8.663496168734978298e+00 8.390299724657694469e+00
7.814407145716199210e+00 8.639720227890400395e+00 2.527502517793895009e+00
2.846725839287188586e-01 8.716670508934456052e+00 2.362369168106371209e+00
3.723231438152244888e+00 8.726655623368866799e+00 2.293702421616830023e+00
3.947335191752523009e+00 8.724046363413936689e+00 3.772393781417997527e+00
4.490909200269110890e+00 8.737449389945005862e+00 6.944857049796754112e+00
4.665382264819931457e+00 8.741584993287904837e+00 7.335996593219027417e+00
7.856084566288703108e+00 8.690643651137976988e+00 3.998927722065734436e+00
7.948144723825907754e+00 8.698227693812658146e+00 1.452658756868383527e+00
8.391709087718751903e+00 8.719093853951275008e+00 3.707649661273502151e+00
2.371122986089835294e+00 8.767648782664419826e+00 6.108196259983992071e+00
4.382959130282094939e+00 8.765649017250378705e+00 6.561778138760234746e-01
4.532706676679677749e+00 8.819566989572642512e+00 8.537483279069574493e+00
5.504062092386643457e+00 8.814528020026635602e+00 1.599382241102900171e+00
6.022355430713020041e+00 8.803858097993218834e+00 2.663640919607709545e+00
6.559846705698421765e+00 8.777109701171413647e+00 3.352980059108217059e+00
6.690666370027228638e+00 8.762417839086381832e+00 1.601451511871515576e+00
9.801326784320721686e+00 8.787825130970068344e+00 3.560839015446762623e+00
5.285444916193888787e+00 8.894631171527494828e+00 6.623465325466810327e+00
5.935119335067809310e+00 8.848628526756368018e+00 4.750638115968706110e+00
6.287817851680889802e+00 8.830708397468704618e+00 7.208980874541143891e+00
6.861157036206448012e+00 8.867220579760610732e+00 7.954776502813091454e+00
7.832203622642101237e+00 8.845688759827632808e+00 2.171371032265891010e+00
4.128033745718217240e+00 8.972188638926704485e+00 7.656878362389372583e+00
5.145629420758121242e+00 8.926880700586377060e+00 8.885601680192138918e-01
5.461486372133677492e+00 8.921985684282949691e+00 8.497781150916393855e+00
5.502130545625512958e+00 8.937754127250700620e+00 9.815034960968906930e+00
6.434938140343199109e+00 8.960040513211634305e+00 1.349581568794013142e+00
7.499692984621606051e+00 8.915027951372271886e+00 2.120517464090181381e+00
7.941983609721947168e+00 8.966295136429668133e+00 1.903384249761568725e+00
7.623057509838079837e-02 9.020651527122518942e+00 3.430765443656907276e+00
4.268773719667772193e-01 9.031223931949362793e+00 3.301578225595840355e+00
3.973086366850766549e+00 9.008737429552690301e+00 8.578027037787265385e+00
4.550325882165120461e+00 9.019442604478886238e+00 7.165085668255819495e-01
5.959576027040906609e+00 8.985900732150104986e+00 8.102392834129780397e+00
6.297267533595627853e+00 9.020545614178189453e+00 1.096456518064156338e+00
8.078209589175544991e+00 9.013339669826969214e+00 7.652602476823765265e+00
9.486169212168599429e+00 9.026071342765963124e+00 1.240653464854984289e+00
9.611210980561091688e+00 9.000112901738486215e+00 3.591506189759485324e+00
2.715338223397135486e+00 9.099958906285506188e+00 3.311371869550450597e+00
3.639377918163394732e+00 9.079609523340812061e+00 3.855305453594784382e+00
3.968425458240862014e+00 9.126212397671013221e+00 6.784075418831664983e+00
4.587517149673148609e+00 9.087415736197540284e+00 7.776847418654506683e+00
5.352036189340942052e+00 9.132967688991518784e+00 1.087715050686473006e+00
5.920263286057817709e+00 9.094778728180836325e+00 6.221618007939349937e+00
6.171175727943706946e+00 9.067841722605546551e+00 8.879540052259219607e+00
6.260838669539565693e+00 9.078448889176566894e+00 9.926816662849811124e+00
6.399107422047782379e+00 9.098085650677573355e+00 2.316007535891396962e+00
6.454142611585085731e+00 9.120523559284018589e+00 7.587986794326553763e+00
6.975390182384065163e+00 9.111148983854521433e+00 2.336911697020185308e+00
7.772489240628869034e+00 9.128444644876175573e+00 2.067665675186453278e+00
4.054048123957558758e+00 9.207874723307352127e+00 5.963410180942847028e+00
5.743644947717821303e+00 9.153857220969127795e+00 7.023567226717398526e+00
5.707974957588537457e+00 9.201997692787585947e+00 8.261893765692212455e+00
5.988492433503171952e+00 9.200616426001682058e+00 9.786143158299806188e+00
6.618975100484720819e+00 9.205656624020877032e+00 4.678211255614659336e+00
7.772022120704773940e+00 9.150181596991192379e+00 2.184942727906856952e+00
8.926105369123410682e+00 9.157000498850660364e+00 7.695467320015644930e+00
3.585759279668950139e+00 9.289066200760657921e+00 5.884299332456027543e+00
4.319666070953353199e+00 9.257320022941383897e+00 2.169114223562145227e+00
5.629035875326346527e+00 9.246593791393829420e+00 3.541906647788233276e-01
5.815303003736413068e+00 9.241186210900062648e+00 1.889075450445306448e+00
5.854512798305377075e+00 9.246512267975827370e+00 6.675193245474004833e+00
5.932564498642353357e+00 9.262661056527008441e+00 6.612776148167613499e+00
6.907598383565467515e+00 9.273685928085964036e+00 2.168531553893540575e+00
7.606484743548604932e+00 9.236940288616287020e+00 2.024708241137230580e+00
8.174069950482124369e+00 9.241831115946080644e+00 4.374711531454464009e+00
1.521067468606103756e-01 9.323879966640335581e+00 2.093138008576346909e+00
3.951469217900267950e+00 9.368303414526165440e+00 6.311098648427487801e-01
5.462789717049426841e+00 9.306371952993263363e+00 1.297504295283484543e+00
5.511040898118228171e+00 9.361811486229111523e+00 8.270553894987514809e+00
5.592965835629006399e+00 9.314537737173301579e+00 5.658093395865520847e+00
6.218563694222918770e+00 9.368453495217709204e+00 4.154917682357185171e+00
6.614306790752852550e+00 9.320923142929732563e+00 7.685094296932495794e+00
7.064874331046471667e+00 9.343515881621243580e+00 2.510312900571856076e+00
9.777945380246178431e+00 9.343720313507317243e+00 6.372361617852559057e+00
7.287640874566994054e-01 9.441446763956914623e+00 3.152709416459330338e+00
3.193123621300403947e+00 9.443798639456659316e+00 9.705222319059249259e+00
3.430797306750688058e+00 9.423206084218795908e+00 4.751326871729740553e+00
3.664790553827612207e+00 9.388356780146025926e+00 7.427084141643755189e+00
3.976337954358692972e+00 9.447546615519886615e+00 7.660203740979451226e+00
5.243023597623281518e+00 9.401010491198849905e+00 6.978945360206874060e-01
5.553738319093549869e+00 9.398658793045527204e+00 5.613937292458269113e+00
6.239494507437140847e+00 9.429406331457197865e+00 1.999596596710404128e+00
6.773384266728581515e+00 9.375613772899580312e+00 4.629312036820905085e+00
6.862265758653126824e+00 9.382450375331011116e+00 2.492825286216538760e+00
4.098203637929146659e+00 9.470627500435478296e+00 7.743692641929961873e+00
7.290410169784973249e+00 9.501501046275732776e+00 1.811660972584967944e+00
7.938406086774691950e+00 9.510255063791992924e+00 2.571653736318564754e+00
8.226695814084688863e+00 9.521014453395792998e+00 3.070742583852014373e+00
4.513293117640838403e+00 9.594122571851665171e+00 7.288974105586584429e+00
4.699478478145803884e+00 9.566599192479205982e+00 8.440437278383067232e-01
5.035651563205862935e+00 9.535731528364186360e+00 4.046975795220660643e+00
5.357284869730903232e+00 9.536438039265473066e+00 1.384263859749333303e+00
5.943336972207699631e+00 9.574097117584582151e+00 1.274517023519304626e+00
7.216115557740721442e+00 9.563785774553652530e+00 2.306048920124105894e+00
8.386704848226964604e-01 9.654547402182375393e+00 2.899913782886676117e+00
4.085418512068519803e+00 9.635343070334197790e+00 8.400254175976403559e+00
4.133403942148096810e+00 9.612119762644571352e+00 9.775236811863139863e+00
5.029227643786080115e+00 9.642454370679569564e+00 4.830716680336275104e+00
6.932018967534645526e+00 9.666169273535000883e+00 7.440359059698304023e+00
7.080669823343337832e+00 9.611286049071066984e+00 3.618424723473297355e+00
7.446829977768046227e+00 9.643908134093699402e+00 2.560517850445333199e+00
7.767220243776512767e+00 9.630293084512132396e+00 1.828744035822982505e+00
2.985787989533345677e+00 9.732605349325025301e+00 7.107847335754685858e+00
4.580604897540295539e+00 9.721168055320337231e+00 8.006118448353888084e+00
4.880097678380121984e+00 9.759856671144568452e+00 8.078801942697682037e+00
5.434701079757171982e+00 9.741094588895141015e+00 6.265361254960112092e+00
6.207834351721129629e+00 9.696170792640046443e+00 1.543187385155863622e-01
6.553893511657591375e+00 9.710941063776992621e+00 5.565837420002093694e+00
8.771864573996221992e+00 9.711304870241166398e+00 3.569085611113232304e+00
6.658034631618076071e-02 9.824149345351480989e+00 2.406577176611951696e+00
4.459421305761900989e+00 9.763606725580974199e+00 1.657048475045820979e+00
6.062060362896025012e+00 9.796083391603856327e+00 2.012133760215397249e+00
6.356728037305640733e+00 9.825349517675082467e+00 2.550270111563627928e+00
7.543394917416971879e+00 9.792315226230989822e+00 1.771808103101105480e+00
8.238233181772091740e+00 9.835293988640707141e+00 3.265489963315091337e+00
8.695542129802349862e+00 9.803420364535440967e+00 8.601355790146207880e+00
1.818456872845362060e-01 9.858202628155710912e+00 6.344518850408259247e+00
2.619799243581864889e+00 9.871251409065630256e+00 4.795650914187048919e+00
4.572251238931952955e+00 9.862358873743316323e+00 7.462437387734971672e+00
5.196035428047856897e+00 9.866358829410680542e+00 3.661798751027550480e+00
6.830762553033067341e+00 9.877777395530918270e+00 7.780014096883211216e+00
7.782841716750363403e+00 9.888496182730971640e+00 1.019724676400804997e+00
7.739593790879488289e+00 9.896091306339522831e+00 1.962815935221305264e+00
8.923731175553490047e+00 9.886658035611084472e+00 2.448751237234982447e+00
2.927941762444854490e-01 9.983725570544066841e+00 6.554252903711465628e+00
1.941774462942915225e+00 9.951635218964151264e+00 9.513208743893368791e+00
3.540321417667806614e+00 9.989261077150308310e+00 7.250638865662152099e+00
4.216149374182849741e+00 9.969255624639609792e+00 6.605088228243137571e+00
4.264956267283602109e+00 9.926538958892987097e+00 5.020806167622350991e+00
4.783932703295437072e+00 9.963220201064011405e+00 4.538327517067918926e+00
5.220178982301043824e+00 9.947113424351961442e+00 5.158403451764573155e+00
5.336981878123870260e+00 9.992830037290051592e+00 7.373833558271694955e+00
5.972364064368401948e+00 9.924735668186283277e+00 8.420467417656027465e+00
8.253679654038018398e+00 9.960812093913542498e+00 1.740625711586277991e+00
