2.104407973836427193e+00 1.494618925429391787e-02 7.239688649453706937e+00
3.051856400780634360e+00 1.261869996024859476e-03 5.111758956203522608e+00
5.831101633377511639e+00 2.453100322101522957e-02 7.633816845466256940e-01
5.792062457914271434e+00 9.887390410923596606e-03 2.168128017102596505e+00
5.929081104180493611e+00 7.756278108226327683e-02 3.561831780687869653e-01
7.548182013512240829e+00 1.364783318574980947e-02 4.148440640106890065e+00
7.755586949404366770e+00 6.575933284980101101e-02 3.573130529441286729e+00
4.118526977186316884e+00 1.233541299716340023e-01 7.464984765402395084e+00
4.195293815355240596e+00 1.278403487385285087e-01 8.847666485051529861e+00
5.082609782917383967e+00 8.879293452468564607e-02 4.959618099651247114e+00
6.099406807340324477e+00 1.382461323260775199e-01 1.087970610350161849e+00
6.258943727479998387e+00 1.086005974077597080e-01 1.997969485683436019e+00
7.473045865605381977e+00 1.081409900530607981e-01 3.266373462593129773e+00
8.562686867832479010e+00 1.063067640354893040e-01 5.208333965491993567e+00
9.331569933660432525e+00 1.069182170428081835e-01 6.596226226008772286e+00
9.346617080500111641e+00 1.199238950485811417e-01 7.652502725906368042e+00
2.865317598855130932e+00 1.744727268658178287e-01 4.021207282264203542e+00
3.244760147449743393e+00 1.999421569502107254e-01 6.801845532589286591e+00
4.759961232209512616e+00 1.965229541666781432e-01 4.295845261572646123e+00
5.383384930458522177e+00 2.004604697954204262e-01 9.551558807251898653e-01
5.360286038385130958e+00 1.623973942655244640e-01 6.604931474224692067e+00
5.970622856654364874e+00 1.684788469341641504e-01 5.801376260249448080e+00
6.660660725047326203e+00 1.636685881543629706e-01 3.703445553404807744e-03
6.692289927305696828e+00 1.774327449232525611e-01 7.433570916772806569e+00
7.919360234914977426e+00 1.791933370858023178e-01 2.356103217403256789e+00
8.185228300004176560e+00 1.616029950863898113e-01 2.131561781240086439e+00
3.814022969182611078e+00 2.841016419352471178e-01 9.244954147260953103e-01
5.882587080959902792e+00 2.378771935322082087e-01 2.083731348076750312e+00
6.306357682529505126e+00 2.814196510361156589e-01 4.444526469406714142e+00
7.101724039605006311e+00 3.004442735293471056e-01 2.215712304081178807e+00
7.840682244799788592e+00 2.766975544591240288e-01 2.077612344877879380e+00
8.021704652411472125e+00 2.589000776647314428e-01 1.881219140572659043e+00
7.968905415798491099e+00 2.682690747938675235e-01 5.298437385359592078e+00
9.554558338476187629e+00 2.695530176538010192e-01 1.314218854350016841e+00
3.521009613256121717e+00 3.567772710096577260e-01 6.089813159536410225e+00
5.593798924815738260e+00 3.183048401705840247e-01 2.914339383838358888e+00
5.765882545112019031e+00 3.403345892901507019e-01 2.317481091090709544e+00
6.486409055023989012e+00 3.363455850670169500e-01 2.654990584651265806e+00
7.632788365673050635e+00 3.541425382526062204e-01 2.323254965241796199e+00
9.043214440847025415e+00 3.797481594568006269e-01 5.571955594174093918e+00
3.968570887186539942e-02 4.003492185055679276e-01 2.656291395711694925e+00
5.567721360035182698e+00 3.943120422132379010e-01 2.511829905704067389e+00
5.929768950714066733e+00 4.027513102134843148e-01 9.417579214870661630e+00
7.052417305648762458e+00 4.680570174814638884e-01 1.676067611791917322e+00
9.431444487349009975e+00 4.331395892990254071e-01 5.605331026215000456e+00
4.798702792457900657e-01 4.984369679537161701e-01 2.704049245980551408e+00
5.634708903569194405e+00 4.880171259242109816e-01 9.857944531169270164e+00
5.889071266889802203e+00 4.745895590598736558e-01 6.903035192027251910e+00
6.174158082076820264e+00 5.282517984771074593e-01 4.034696217685435293e+00
6.257976798750539693e+00 4.760939589157164864e-01 1.472751046151089094e+00
8.844541336795412434e+00 5.119072978877359237e-01 8.147510952290526021e+00
3.300490762222249241e+00 6.246848736860390883e-01 7.343205938319377957e+00
4.377844596284250045e+00 6.171952495122112747e-01 7.066455842694053802e-01
4.674662361136773470e+00 6.120834570371253003e-01 5.255370978016932426e+00
5.136777057808812330e+00 5.476007744156713430e-01 9.387679414591312721e+00
5.225900311326932446e+00 6.002397201849385411e-01 3.133775104011168100e+00
5.346348444088225627e+00 5.697868797853590239e-01 6.692897645022735098e+00
5.451704694220453895e+00 5.534819970644571097e-01 7.655758443996321105e+00
7.832330552288902403e+00 5.585370304871200009e-01 5.801888190346126351e+00
8.170339588352911520e+00 5.967520968053048325e-01 1.815594674327644764e+00
3.828764169069158729e+00 6.637048219708348018e-01 8.008436776246952160e-01
5.701600291419774535e+00 6.514052037971076459e-01 5.018973394256766696e+00
6.236725221534483943e+00 6.369375813130440100e-01 4.542874225412330880e+00
9.348696456806440125e+00 6.313707194289338576e-01 6.855659161896824116e+00
9.961098909854365857e+00 6.980212381412708167e-01 2.557024228270668331e+00
5.619625081143394318e+00 7.058882573936693383e-01 5.095849801713526084e+00
6.381692120951224290e+00 7.060784891682654330e-01 2.799576814443757833e+00
6.839884364828876073e+00 7.233712087192449847e-01 9.623357404034820206e+00
8.289677826569619157e+00 7.520721677565798124e-01 7.785231082477446662e+00
9.225335751612149693e+00 7.464117346981458123e-01 3.292236534545994520e+00
1.148077060641208291e+00 8.572940962321945468e-01 5.912044973845048901e+00
4.554245005469713448e+00 8.302975345630190240e-01 3.687898513726050265e+00
4.593689478599462639e+00 8.524502586587509034e-01 6.294034409297960764e+00
4.847590965972162103e+00 8.194618449504886826e-01 5.668968119191606370e+00
4.935512999248820698e+00 8.177966521892211516e-01 5.840361121350072793e+00
6.086707452049320288e+00 8.052699044714163312e-01 4.841817633706670954e+00
6.184624848310663836e+00 8.061082345662904380e-01 5.175654879271095687e+00
6.264319958477921446e+00 7.955158375176950569e-01 2.915197005194480440e+00
6.349306373658704317e+00 8.388516692163533461e-01 9.771579369891053801e+00
9.924284644886583351e+00 8.359109800171833360e-01 7.324795113757128995e+00
4.624681533138027767e+00 8.935088693300622387e-01 5.761403705026592270e+00
5.573426305602552588e+00 8.787806985788881864e-01 6.770176667240179746e+00
5.804259374471593347e+00 8.717611118345198751e-01 7.045820385737394886e+00
6.694556381114055377e+00 8.738583653087946823e-01 4.022174099976346895e+00
8.361961049595032947e+00 9.008279340259263135e-01 7.730972855881260486e+00
8.540087798584590217e+00 9.068115973927863838e-01 3.141519055551727391e+00
9.153621514804321180e+00 9.078042160646893066e-01 4.786316886688524619e+00
9.782320928906335311e+00 9.192893279073709456e-01 4.705681623575390660e+00
4.413072856031751812e+00 9.546308283467472844e-01 6.033404417831211397e+00
4.785650419055428983e+00 1.009136954490997162e+00 6.433510088232221591e+00
8.187650079542001080e+00 9.489742587375861183e-01 3.191029248172133626e-01
8.263116773789869640e+00 9.450816627698264139e-01 7.364826137401890627e+00
9.316941293548172354e+00 1.012354937254707821e+00 8.186174384040569407e+00
3.698958055786353949e+00 1.030786914419158373e+00 5.912588672474506701e+00
4.522984454458442549e+00 1.085032932448418697e+00 6.974968519545820200e+00
4.847093989738727515e+00 1.061337320821984509e+00 5.276646043316065793e+00
7.485876871927384713e+00 1.040903599891022324e+00 5.901878444844818716e+00
4.034231477305219471e+00 1.120577526513889755e+00 1.868902003967108705e+00
4.751897610805500882e+00 1.111731362072084117e+00 3.566709031560600707e+00
4.717830325347645903e+00 1.112397949609809533e+00 5.115002848609217168e+00
5.466971493354795264e+00 1.151718889800254608e+00 6.848541604267770033e+00
5.481503498677678721e+00 1.105154907703840284e+00 3.390665254721995758e+00
6.304025897318974003e+00 1.163241768777175889e+00 1.249132395762435621e+00
6.282783554290563899e+00 1.134416185976338642e+00 7.723496356743313029e+00
7.577744647247539156e+00 1.145449224878466454e+00 7.029155037624446045e+00
8.909071250158387301e+00 1.108344741439781123e+00 1.591150969923339265e+00
9.865316912863999477e+00 1.123190177794016087e+00 3.596572412618831205e+00
5.653009658212083011e+00 1.230506100176515405e+00 5.057711675860705469e+00
8.076344398664003776e+00 1.243639750755255680e+00 1.355529775024273409e-01
1.741087338558398701e+00 1.327149236777492414e+00 9.379482118252269629e+00
5.106789094675701079e+00 1.294781055407462356e+00 5.226001869779796749e+00
6.276929121460044669e+00 1.273540613727635940e+00 5.418328819186164047e+00
9.281136880030176783e+00 1.270197051355329343e+00 4.917277255584199480e+00
9.844486264373710327e+00 1.323459668735889494e+00 8.023849672698428748e+00
5.844038576805411722e+00 1.336509161652246647e+00 4.621680704818195373e+00
8.706373754617747096e+00 1.340503593639765123e+00 1.584534151264830881e-01
5.152408179994298620e-02 1.478591672839368432e+00 3.865425983628845152e+00
4.694772140709936536e+00 1.452590133368633074e+00 3.043447583467816298e+00
6.219117441624932852e+00 1.427051995967739462e+00 5.775986627582720967e-01
6.201497441517054732e+00 1.457732580696985636e+00 6.339903612324826909e+00
6.916855310058801720e+00 1.468482420335019079e+00 5.936362652019960606e+00
7.011514014128202632e+00 1.449171388221266676e+00 3.201702985713553051e+00
7.169968529241367960e+00 1.444252052801968667e+00 2.986559106458200219e+00
7.633388015063653498e+00 1.415143398927267704e+00 6.101865742529509085e+00
8.435784339548636268e+00 1.459308772908126439e+00 7.262350921501832701e+00
8.846168301224254904e+00 1.467388468200191420e+00 7.180994736526196576e+00
9.779308959776406240e+00 1.469871934256121282e+00 7.236798727651551744e+00
4.226285409962811990e+00 1.552345204582672000e+00 7.158577755043417312e+00
4.599448197873363675e+00 1.547289872560126289e+00 2.519338177907675114e+00
4.657780871634514597e+00 1.516157213007963467e+00 3.146409715136798901e+00
5.315540381420789551e+00 1.508349405116497177e+00 7.197109909605829969e+00
5.644923049306873608e+00 1.562881692561342240e+00 8.090328834064514751e+00
6.063644479086876871e+00 1.497975673526302343e+00 7.069886362361913257e+00
6.331981776445930521e+00 1.488059165988267152e+00 8.027234421459558789e+00
7.476541214708467997e+00 1.537468247736568649e+00 8.255690785855783531e+00
8.185344410731545395e+00 1.496326756685273818e+00 6.562108753247912318e+00
9.382548244705281704e+00 1.515237940467204503e+00 4.219308313172127178e+00
4.668816490980363554e+00 1.624404253716592139e+00 4.482995641099719819e+00
5.088572701520817532e+00 1.606002515924159546e+00 2.906180673109687085e+00
5.737667502618836401e+00 1.617920991994366897e+00 5.805905129256349717e+00
5.908774545652301313e+00 1.604295129453176649e+00 3.444999543589458924e+00
8.375577378049319677e+00 1.627217377768487960e+00 9.894163564474396377e-01
4.670700170369890714e+00 1.685346881250918027e+00 5.708897053596277971e+00
5.170940647930716061e+00 1.692226234954245845e+00 2.367791151800553884e+00
6.237189802209611500e+00 1.647620290237550522e+00 5.399228125197531369e+00
8.424138719777040762e+00 1.643893966056499067e+00 6.426097621692645312e+00
8.504543287325622813e+00 1.678718564172437366e+00 5.707102168380382423e+00
7.725478778961788473e-01 1.738153648146484320e+00 5.128216348456819063e+00
4.657040107040346655e+00 1.777160356458657997e+00 6.729524899668271942e+00
5.387658990500110434e+00 1.722134698454926394e+00 2.641862754988445694e+00
6.154357682065790591e+00 1.723795096368533120e+00 3.085706052552597001e+00
4.435653732009182448e+00 1.859455004353626428e+00 4.200503568978592561e+00
5.309741531609151188e+00 1.868609718604939074e+00 2.588246135071179843e+00
5.260605710445215522e+00 1.823312746765697767e+00 3.740923336811288635e+00
6.521318546622582701e+00 1.842099718645512141e+00 6.442536489223483542e+00
9.476609636826125893e+00 1.805595116209717688e+00 5.488789900073111738e+00
9.615134362212321761e+00 1.808228554589874193e+00 8.858577324639618666e+00
9.693823142718795083e+00 1.843050163697900867e+00 8.728854651105734774e+00
5.170326912110474460e+00 1.886298930836782350e+00 2.627011894087152744e+00
5.304084825838923933e+00 1.928442542117791980e+00 3.636346573475496058e+00
9.405011738167933899e+00 1.909300052855373409e+00 3.023695498102381141e+00
9.648384691759449794e+00 1.889880391958853378e+00 8.218786810645299923e+00
9.945036128227251027e+00 1.907281343290575748e+00 5.013172370950113255e+00
3.833738535490164523e+00 2.030794077739546566e+00 5.871846581759164074e+00
4.907143694114699528e+00 1.990957107444393248e+00 1.922946428518981232e+00
4.853032969351244397e+00 1.990283642855682711e+00 2.157564440951613705e+00
5.768015670671390538e+00 1.966995717352479023e+00 4.364646930244758138e+00
6.442887853427956557e+00 1.981036520037709803e+00 7.164645710264121448e+00
7.693468677461860139e+00 1.969452250779237801e+00 3.347451364172767896e+00
7.942783772467057801e+00 2.009482453815357950e+00 6.813518420788417629e+00
8.274421517974483109e+00 2.025933767125945639e+00 7.986571984365669508e+00
1.329134804843081774e+00 2.038687233763273543e+00 6.504349264288283194e+00
4.354249817038452264e+00 2.071157191064817216e+00 2.287631257933664397e+00
4.392874759863569345e+00 2.057713249935591904e+00 4.723471557408423394e+00
6.402357499311641220e+00 2.043727052420561741e+00 1.478812487530944519e+00
7.909336454373157466e+00 2.085628572881957687e+00 5.570334406104881175e+00
9.482896715830987588e+00 2.084882237806537475e+00 2.870241023246170808e+00
3.252784692522676935e-02 2.145227379800506817e+00 5.486695076689241723e+00
4.608478080441400504e-01 2.112013443784185984e+00 4.659481780336687251e+00
5.455787173795365597e+00 2.158108752993156187e+00 1.019204764484013537e-01
6.290330744061220614e+00 2.144604516881813527e+00 6.977116275027125170e+00
7.710296012208987193e+00 2.175151503685716747e+00 4.990598031240411458e+00
1.233244976319491482e+00 2.236688759966351636e+00 4.841624225026349038e+00
8.052282092211916265e+00 2.207881243782264136e+00 4.881108931951280816e+00
8.173755428219690700e+00 2.209770460859955321e+00 5.809008138509828001e+00
1.362842001101022715e+00 2.314358877269608428e+00 2.209885718593540993e+00
4.877474089311882643e+00 2.283345605661732947e+00 7.939308366397593630e+00
5.127426869708056500e+00 2.282580618486352186e+00 5.489330585618575675e+00
5.207308744559176361e+00 2.317114345144917653e+00 2.849280628476368538e+00
5.381597706767763611e+00 2.304795501356882159e+00 5.842138143059909083e+00
6.218763524390693576e+00 2.290793086315653149e+00 8.124437920359559584e+00
6.505841576692477091e+00 2.279777650245529141e+00 5.959039433909200767e+00
7.631240013057148275e+00 2.296551525597489540e+00 7.708198446951562310e+00
7.897180112239231775e+00 2.269059714476828304e+00 4.613877124837181043e+00
8.295285945535058048e+00 2.336538153736184231e+00 7.806619044750964242e+00
9.176202316709204609e+00 2.331418735007179777e+00 4.391527289690326796e+00
9.419258516446143759e+00 2.317998518090079507e+00 5.473360896790847363e+00
1.119905250703890076e-01 2.366016133485145279e+00 6.864020242600624044e+00
6.472256761761238764e+00 2.412509116648336338e+00 4.843805082045104626e+00
7.057493213769216567e+00 2.407079699726207167e+00 1.065739853531005643e+00
8.580754312678301687e+00 2.346906428321141380e+00 5.502092840210867308e+00
3.880184227255705220e-01 2.488723255913155352e+00 3.790918257124907598e+00
1.496446117732755043e+00 2.460285283384647137e+00 6.795127556183746087e+00
1.619911851929025648e+00 2.489464171406359672e+00 1.857655614267787580e+00
3.564657782229512684e+00 2.451636135025542451e+00 2.258119963775690131e+00
3.858201588131456639e+00 2.434010824165961928e+00 5.551894353529161386e+00
6.119974466078016206e+00 2.459059796751975391e+00 1.607521579927472466e+00
2.236830910778332959e-01 2.577207555645529169e+00 3.679133789720291148e+00
1.462479284503567900e+00 2.502475005216791004e+00 2.323542556802644654e+00
1.575653632539461446e+00 2.542479755862196100e+00 6.614684883099672064e+00
2.214961072516593354e+00 2.572491921358506239e+00 3.689514935900069403e+00
3.574340635221812335e+00 2.507121273857650934e+00 2.830760253826293038e+00
4.764001256810293405e+00 2.522590678553367827e+00 6.206471843954128431e+00
7.231125007658674164e+00 2.551839417283636724e+00 6.716554230250209478e+00
7.595667071335356901e+00 2.523245618947720814e+00 6.794040371191672811e+00
8.167781428316162717e+00 2.507830036494754111e+00 7.660365260431714063e+00
4.452370908292493823e+00 2.622253621255533851e+00 5.878638566011233024e+00
5.973124779819336538e+00 2.624574784882366174e+00 5.921182273745829505e+00
7.123021530741874940e+00 2.606372887778292124e+00 6.448302961755008944e+00
7.313684392926029787e+00 2.649157005212733118e+00 8.575532679505874611e+00
8.586542988163218482e+00 2.598860227234250253e+00 8.174903406696007124e+00
5.786120512298802865e+00 2.723850974169405248e+00 4.433997748586295806e+00
5.986206947770726927e+00 2.701740956297702834e+00 2.248374698508062597e+00
6.281211087670424575e+00 2.701680656598582253e+00 4.714768902793213812e+00
6.453833053448699175e+00 2.659839320323428957e+00 7.925500708187311005e+00
6.840646096715978786e+00 2.729624721845703483e+00 5.685462607967444182e-01
7.005430374446583563e+00 2.714352702031467945e+00 6.869296148972559024e+00
8.868975778631320139e+00 2.715216569968203153e+00 8.353564007610518871e+00
9.590776520180434028e-01 2.789993671422682731e+00 5.097752907101478492e-02
6.138188873913136945e+00 2.767150705886954221e+00 2.514427745314857354e+00
6.583884781857193502e+00 2.782896663787676417e+00 7.068886540872899360e+00
8.105343298022775755e+00 2.743789968680359959e+00 7.957273242300022531e+00
8.486151908840604108e+00 2.789726149660758825e+00 8.386788050978264408e+00
9.636634984318222408e+00 2.752047238124656126e+00 5.328774673703849274e+00
1.322383590325408864e-01 2.821334900982442662e+00 4.685231983451311422e+00
1.132857952187565242e+00 2.873468976508683603e+00 7.095498558796099253e+00
3.224608919615422398e+00 2.846596398491655577e+00 3.715118175590740979e+00
5.022734218335553003e+00 2.814713130245807715e+00 5.047497607081494309e+00
5.614796376364557418e+00 2.888220168428284662e+00 1.896025247958728954e+00
7.569440531601401290e+00 2.828202529754091366e+00 7.992919720656743721e+00
8.800017862117581302e+00 2.858940181699128669e+00 7.841790171842847990e+00
1.197268309080131043e+00 2.956195212556989027e+00 4.797656844984651947e+00
3.156147603027465998e+00 2.937598425384439160e+00 6.895433830573661993e+00
4.248744260801085915e+00 2.954477202832948457e+00 6.359223816288755771e+00
5.497794055087987353e+00 2.939973267838138504e+00 1.832939013886224711e+00
7.510070452380039896e+00 2.928646752500902561e+00 5.009562611437260671e+00
8.954282972091840875e+00 2.894362345262893932e+00 4.780701545469549174e+00
9.061733794356509719e+00 2.893044675316637004e+00 5.096618966698519770e+00
1.027475099426325311e+00 3.014690645346411735e+00 6.652197016068787327e+00
3.757524503880689259e+00 2.982685466317545053e+00 6.164975027454449474e+00
4.502818862953793300e+00 3.046558012456516362e+00 2.821888353385977322e+00
5.450171028782466287e+00 2.971011292175026242e+00 6.221448554034806122e+00
6.703834142468160451e+00 3.019146275562244686e+00 5.632827289426503015e+00
6.960672748137701760e+00 3.007109968330329508e+00 7.582257302963803625e+00
7.081830146581522989e+00 3.045650148716195993e+00 9.116566688096494175e+00
7.261526552691535130e+00 2.972452166785487737e+00 6.802563089529239271e+00
7.657243604608312992e+00 3.040123577118108322e+00 5.300769218151160089e+00
7.743872842285638214e+00 2.969669008820562617e+00 7.103138779984952578e+00
8.580007486339379597e+00 3.041704940407433444e+00 8.494173056505964325e+00
8.864269291854157018e+00 3.037479022913240900e+00 5.357880188461405790e-01
5.245241840403719324e-02 3.049691233871523188e+00 6.830011438064842011e+00
3.244777470442078648e+00 3.079953444388126016e+00 4.539178179558023274e+00
3.788657240280731919e+00 3.057221649956276543e+00 2.764780120770449212e+00
4.016134535178613518e+00 3.065119080072229885e+00 2.843158726941852787e+00
5.071301364458387972e+00 3.052656735751952510e+00 4.423222568588936809e+00
6.269551546893652905e+00 3.078751596390215006e+00 7.731516112997524282e+00
8.523495951578846430e+00 3.092412261822540920e+00 9.346646278741831182e+00
9.352287849866932845e+00 3.104724773030986817e+00 8.744248585546188224e+00
9.612980970292424487e+00 3.107809263462766758e+00 3.762554094723611797e+00
9.750949263524484323e+00 3.073060136937222353e+00 5.362178726588007649e+00
9.828378124990431175e+00 3.048095932516874829e+00 5.182886111983194155e+00
2.546278168295312838e-01 3.132692109405014413e+00 7.344511912891556804e+00
1.492077569907142465e+00 3.202798751982172121e+00 6.308142741414391352e+00
2.416139049207376210e+00 3.138686799301988017e+00 6.490742599188433104e+00
4.567078569965428159e+00 3.157794841440839217e+00 4.125136126528770042e+00
6.529170101550612948e+00 3.149235675740750917e+00 7.161515826555388209e+00
6.759322459585853871e+00 3.164173778919558089e+00 8.537012626647648261e+00
7.788535631742293575e+00 3.147042417632073708e+00 7.963981526668121091e+00
8.076285445659166840e+00 3.203579582740773368e+00 8.572396968138082940e+00
8.488711019738897079e+00 3.164786886488585971e+00 6.075067611223694541e+00
8.845436557361924912e+00 3.197146324905348003e+00 7.110742304245509793e+00
9.804459259921923575e+00 3.170393444436175656e+00 7.940694524321317616e+00
1.306460799020908281e+00 3.220510120515875485e+00 4.857048729906956908e+00
5.144945039280498733e+00 3.204220741580367182e+00 9.261267784931013214e-01
5.379858784900596547e+00 3.248054448910759007e+00 6.437208211266371549e+00
8.941610414658397232e+00 3.227179722393002326e+00 4.565922159716629736e+00
6.733512259922948218e+00 3.338527498831559637e+00 2.393622951691223744e+00
6.983103860201943291e+00 3.314521846956659523e+00 7.022338991779577100e+00
7.192881631745638771e+00 3.296736981657327981e+00 7.548224472694766263e+00
7.447134290138208712e+00 3.351981408724779232e+00 7.692397739682490965e+00
7.990440633064262776e+00 3.322338841102095763e+00 7.018958989406245408e+00
8.276892558931770338e+00 3.301884105797866731e+00 7.228948252048639667e+00
8.333540376049731080e+00 3.330781674055661945e+00 8.426520267750960969e+00
8.720528137554676817e+00 3.299834785741716292e+00 6.544752562506578997e+00
1.506910818813458786e+00 3.428451333293649927e+00 4.188436246320378586e+00
4.699226651869086169e+00 3.398473058073938624e+00 3.680353823834982663e+00
6.667877972544385301e+00 3.405940348032893805e+00 8.845513053699789907e+00
7.571684282025385571e+00 3.403259961227935282e+00 8.137315088834842669e+00
7.694082851636501630e+00 3.424465012649873685e+00 5.966091835122004028e+00
8.543629304662360369e+00 3.376921657358766371e+00 7.192106976316033240e+00
8.866390940205167936e+00 3.419270961636544648e+00 5.244814641722779669e+00
9.603143686376874655e+00 3.432417953145430634e+00 4.686128174276904979e+00
9.620886367943940698e+00 3.361641893606189591e+00 8.203605894382885566e+00
9.926490839261958854e+00 3.432359499211415255e+00 7.309992046664392618e+00
6.343022325717080356e+00 3.485108919786732429e+00 7.926873587957159906e+00
6.674200535727486283e+00 3.479363345658403439e+00 2.832512954427096830e+00
8.002161661782745128e+00 3.452614011102107305e+00 8.694463894627272538e+00
8.401584331332067279e+00 3.468215710204252566e+00 6.165218137232027829e+00
8.875780638397207767e+00 3.450691479273582551e+00 5.033133372307103670e+00
9.226484532105207137e+00 3.490472378785806740e+00 8.422499456391557615e+00
9.648730565625729838e+00 3.479681073674187886e+00 6.159866054753249998e+00
1.178114673473911189e+00 3.572842203123593130e+00 4.950602551964752074e+00
1.359265883482620563e+00 3.575021988293269892e+00 4.052631956453936368e+00
2.250209535564673846e+00 3.576448499268022108e+00 5.028996736799013156e+00
4.996704447826857631e+00 3.518290928458611688e+00 2.092532695105019158e+00
5.719536168996635972e+00 3.584096113281880935e+00 3.606596190776029776e+00
8.185361095817377475e+00 3.540001861094852931e+00 9.136366191780897594e+00
9.735622391838173684e+00 3.566082401812781466e+00 7.398798584215960261e+00
3.668531528625916804e-01 3.638328109407590105e+00 4.972856511922995715e+00
8.683639946443884039e-01 3.621967664972437717e+00 2.022769248117815888e+00
1.486247619213445059e+00 3.651405944224031419e+00 5.659162168411405958e+00
1.976671826718389147e+00 3.637539667339687810e+00 5.800091138126905577e+00
4.101354962803779536e+00 3.667793944188027844e+00 4.614848778260155271e+00
5.094359881432168002e+00 3.655908306580637479e+00 6.225962845275244462e+00
5.535834090264619256e+00 3.649712018759005971e+00 4.597784707050327491e+00
6.642138484562845946e+00 3.628585658913626055e+00 7.381476382766601674e+00
6.786634421103406645e+00 3.629740998304193944e+00 2.842968680610287180e+00
6.734180063109707071e+00 3.640941475518104209e+00 6.984085219033197234e+00
7.122536143155761224e+00 3.640778824449421247e+00 6.778226569323028805e+00
7.211563143069513515e+00 3.649874899714102838e+00 9.059477753229391084e+00
7.416602027530199592e+00 3.651866750459754396e+00 8.713071520966540362e+00
7.759465376539711912e+00 3.647820118375907139e+00 8.001511993827371327e+00
5.270884254571202909e+00 3.690994929248930134e+00 6.951226659343861414e+00
5.652830599979988158e+00 3.696751635159000404e+00 3.018978187337948427e+00
6.314745890991018129e+00 3.722470349672648560e+00 6.393162594297718826e+00
8.146896441049102933e+00 3.743274292026623762e+00 5.182861748776664612e+00
2.975818942000688638e-01 3.774947650827540357e+00 5.334993714629636230e+00
3.395388840102766537e-01 3.782959553740192327e+00 3.542785858613010763e+00
1.953446033721777386e+00 3.824266053493250439e+00 6.738127115737501782e+00
4.246873602973349371e+00 3.780230401911131466e+00 4.060802434755295565e+00
4.715580740694599093e+00 3.790296592328002312e+00 2.345025077574425687e+00
5.114910466195823346e+00 3.795395086152556274e+00 3.346631336492796649e+00
5.841941994473678790e+00 3.764449981396784661e+00 3.751406161418888718e+00
6.775214115454370578e+00 3.801249859206643933e+00 6.912289609695946524e+00
6.827953918776558773e+00 3.785590987913050043e+00 9.654760892373595027e+00
7.055121357115187841e+00 3.771110924022719857e+00 6.414048514905403842e-01
7.743231822459078373e+00 3.778993006797050747e+00 1.344140845553639885e+00
7.828050091882392536e+00 3.804510395001757139e+00 6.685917288851677576e+00
7.992103525108769979e+00 3.778787937972757582e+00 7.290245306201439845e+00
9.637858674581869067e+00 3.807836515467485583e+00 5.000989844938344753e+00
7.407630952897179544e-01 3.872671266366713105e+00 6.607450456447770293e+00
8.491350448808001605e-01 3.847989225933384994e+00 7.222238394790202243e+00
7.509684427030538956e+00 3.888033788632891508e+00 7.653867230283174727e+00
7.580139715986438986e+00 3.849947556070444143e+00 7.483376474787103660e+00
7.992318530313646363e+00 3.842357095432927139e+00 7.188422015625834050e+00
7.998381479913462933e+00 3.879373499819250615e+00 9.988355087408868016e+00
8.170767283955239435e+00 3.882932016226565697e+00 8.080080390825749248e+00
1.079189775130778628e+00 3.918545534429319854e+00 7.013265751698932959e+00
1.739074768216052558e+00 3.942741278290285756e+00 2.467092905577832784e+00
4.948963429246602708e+00 3.960154647498030478e+00 3.426871720613853700e+00
4.958582382747795947e+00 3.957948833851696602e+00 5.332556551299461489e+00
5.760009255516797211e+00 3.953310427168150731e+00 4.653146059058569151e+00
6.866799371727484669e+00 3.963678110907215668e+00 6.554099076220119890e+00
7.470295427412625422e+00 3.973873737800909911e+00 7.517983367962047581e+00
7.897175134127507157e+00 3.907969722533543688e+00 8.401549569074509449e+00
8.043667013776012453e+00 3.935100721834828619e+00 6.956700583967114326e+00
8.373508740940314610e+00 3.911517644929333848e+00 8.244553000655937325e+00
4.392185540889841366e-01 4.029305742336854124e+00 7.566258942528011566e+00
3.756310614385596658e+00 4.057453091149240798e+00 6.131054789256749515e+00
4.754889031670048283e+00 4.046575163458048685e+00 5.499310334500430386e+00
6.437217981999326710e+00 4.061890334833997862e+00 7.571071643254301264e+00
7.312244079336814195e+00 4.011149866895958205e+00 9.599978053123784605e+00
7.851846738988697005e+00 3.992563745588765478e+00 9.895211928547562152e+00
8.392524357203253516e+00 3.985857922896951067e+00 8.921467489047824273e+00
5.413620605136488351e+00 4.131114678819260533e+00 1.091953156229284350e+00
7.021951927784254366e+00 4.073721877529314916e+00 8.261000665736482063e+00
7.214562398440857116e+00 4.135120197923368934e+00 1.660565761596720091e-01
7.251714814066167136e+00 4.103623015102926708e+00 8.599476911024412473e+00
7.233888318344348534e+00 4.117994128617917582e+00 8.667384563293364153e+00
7.625205983179707658e+00 4.121255884152229321e+00 2.482687956338819557e+00
8.010986504002136854e+00 4.110234464856833192e+00 9.003354812339326330e+00
8.172907516368105973e+00 4.083184530430551185e+00 1.042396286829107843e-01
8.555582429830417723e+00 4.064878530995875927e+00 8.063971082380536615e+00
8.781778837272435467e+00 4.102214317922434184e+00 8.137088124548810697e+00
9.057348635046032825e+00 4.098753169261989626e+00 9.094751554182735731e+00
2.991618597917856892e+00 4.180394033263146625e+00 8.157995944198900062e+00
4.484939462866463167e+00 4.198345553041536782e+00 3.053066160633357118e+00
5.021099210221656506e+00 4.182546764426053443e+00 5.855296657493045842e+00
5.686154750648523937e+00 4.141229633874749183e+00 5.123264520654207566e+00
6.324154539277430764e+00 4.160229030635431258e+00 4.472865425979797749e+00
6.662061756312631644e+00 4.177219680166193605e+00 6.416315094384291484e+00
6.890709260767399869e+00 4.194400897492291946e+00 6.434841585495324701e+00
7.066848785248764031e+00 4.204882974132538642e+00 8.146069764204819652e-01
7.189213379331953924e+00 4.161266113937248434e+00 9.415065363364174544e+00
7.608301863646238061e+00 4.168319840930854170e+00 8.908118522321807120e+00
8.782589864115244893e+00 4.200261622404243944e+00 9.713086176808392480e+00
9.288552784045133848e+00 4.196680689060955594e+00 9.789391331423479059e+00
9.490506444768055161e+00 4.159838670860217746e+00 9.136667940181709469e+00
5.553022294442912177e+00 4.220816995826038642e+00 4.971211410010283771e+00
6.689495849227197866e+00 4.253280396094264226e+00 3.154326967412221183e+00
7.025727745772218924e+00 4.249134928485062801e+00 9.561448722212771756e+00
7.122239054309959627e+00 4.240492451563826926e+00 8.249006413155768769e+00
8.040450523415582751e+00 4.230215267948767455e+00 1.968225369174388728e+00
8.983295201803649377e+00 4.273238466521799062e+00 8.774438816862764057e+00
4.250255638838394745e+00 4.350054511755770292e+00 4.276101131743869743e+00
4.279932926821162553e+00 4.344235419861795400e+00 5.650393716124797017e+00
4.940619688511160845e+00 4.360216663692566996e+00 4.386379133143108788e+00
5.018173315216461816e+00 4.317369066589870741e+00 3.470862432808846432e+00
7.112598706698610052e+00 4.330026486524399587e+00 7.363295837172211478e+00
7.274320702373518799e+00 4.332414326317927333e+00 7.626771276754396922e+00
7.568358184067154326e+00 4.348878347811109712e+00 2.116648843721720574e+00
8.775801767991891822e+00 4.334349173684632461e+00 7.711561481672003282e+00
4.502225182763119893e-01 4.405861549599110916e+00 8.400506042355946335e+00
1.079560883385110248e+00 4.430280894494864619e+00 7.585524479113072260e+00
5.606642432141729415e+00 4.386876236670871343e+00 7.907043329521099118e+00
5.626645784073984302e+00 4.448819869063798116e+00 6.326731084437223096e+00
5.780759474669258324e+00 4.446225441538618206e+00 6.866170476779450915e+00
5.868228566158111725e+00 4.403159825484845413e+00 6.829952848592586001e+00
8.094665904811584767e+00 4.405125244123500039e+00 8.530269439363076245e+00
8.516205193608554325e+00 4.416482258728763988e+00 4.909286303237764271e-01
8.962204688453269341e+00 4.446467587866634652e+00 6.652137523688012699e+00
9.341808753123787668e+00 4.404952823693157882e+00 8.614481686514592340e+00
2.124619778794197611e+00 4.512030281826681311e+00 7.032911577391260494e+00
4.822539829880668982e+00 4.524142204495341879e+00 7.785508860159514599e-01
5.483234426541321760e+00 4.489733550954746022e+00 8.125817480024139172e+00
5.786292055583613703e+00 4.462697514269056143e+00 7.384189247300698256e+00
5.975308157684524168e+00 4.492350442791172682e+00 4.112225526089953398e+00
6.382471684780337107e+00 4.523196274560294938e+00 7.004548128961705089e+00
8.515842412041630283e+00 4.476746315971825929e+00 9.086980214349134499e+00
8.617369919138123890e+00 4.467656533678476372e+00 2.068526848455026768e-01
8.878094191417275738e+00 4.514810738529630108e+00 6.773452037007786863e+00
9.533080714620220775e+00 4.507108775734534944e+00 6.769386526647046765e+00
9.942803345760024669e+00 4.488563272769895640e+00 7.362505507513024128e+00
9.728132246231565583e-01 4.573031743637055335e+00 5.109617886786653074e+00
6.764950267238103443e+00 4.601013484835614342e+00 7.560349469015907431e+00
7.685853993566398756e+00 4.531277125055942712e+00 9.623449206530343858e+00
8.228633504813879895e+00 4.571420171581832115e+00 1.299400669796291208e+00
8.707744802190102718e+00 4.584221094269308239e+00 9.936798936129635607e+00
2.210757858406493082e+00 4.684983779836865203e+00 7.196320111701164812e+00
3.597167336021851014e+00 4.609997267579754698e+00 3.760502442726184835e+00
3.824621730396101427e+00 4.682183104998538958e+00 6.417664396356366652e+00
7.143433618537377683e+00 4.686903624708135929e+00 7.465041610566556685e+00
7.778001392892536003e+00 4.620631467013789795e+00 2.115360448839478824e+00
9.620420251476833329e+00 4.673302678261236132e+00 6.381365822525065568e+00
2.751935435564416998e+00 4.753103056810626725e+00 8.188639188038905559e+00
5.982168386362653578e+00 4.715617088046212935e+00 9.470612883512178115e+00
6.559906233942261800e+00 4.688650214892268409e+00 8.415847212881942596e+00
7.767506778715006277e+00 4.750586483217567491e+00 8.694209898640318457e+00
7.823759105792690960e+00 4.687772224333389914e+00 2.994739609703215510e+00
7.888524729432018212e+00 4.725352233090782228e+00 9.710376239173490021e+00
8.282883209720784734e+00 4.692632562237720073e+00 5.314435612989747426e+00
9.286933564132510810e+00 4.710493378690475019e+00 4.642419983637593450e-01
9.499762907060485873e+00 4.749953304579445756e+00 6.974619102800169834e+00
9.657733105757809966e+00 4.735436392303145503e+00 7.850100936426052556e+00
5.394700809509583195e+00 4.800818692598348036e+00 6.224647421169524186e+00
6.766196136017364360e+00 4.785017807517062849e+00 8.500121948084798262e+00
6.990092182443591540e+00 4.802200056829376784e+00 7.847239055579903200e-01
7.219723153199676169e+00 4.795409955951148717e+00 1.152533635269546330e+00
7.225994206276109111e+00 4.822552955323886614e+00 6.454645044147892641e+00
7.550131998467573879e+00 4.788421415624145361e+00 8.025571423263730964e+00
8.024864774618393426e+00 4.790194535822384303e+00 3.865311493213294369e+00
8.592446985463027431e+00 4.792804908559221033e+00 8.853890534467744544e+00
8.638787334227817638e+00 4.794265007327067174e+00 7.856880433863234536e+00
1.975696356914536267e+00 4.901766805650917824e+00 8.401066101471569070e+00
5.107641527814203997e+00 4.891678211021081246e+00 4.856015964493408887e+00
5.748623439937960100e+00 4.890355905288065408e+00 5.226134212296319248e+00
6.280881169940782272e+00 4.898059794937473121e+00 9.733660157764180809e+00
6.802079575764548913e+00 4.864837574538404041e+00 9.138083943390709507e+00
6.894248849647959254e+00 4.910977984507506555e+00 1.699511719284994005e+00
7.516879169649929970e+00 4.854927510853088712e+00 8.665913167922903781e+00
7.920765194607469972e+00 4.893491103208866377e+00 8.420022240673532110e+00
8.720675439727548550e+00 4.869594282341962455e+00 8.496493066098466329e+00
9.067288939460077302e+00 4.901395692829478179e+00 6.392157554009260778e+00
6.566758015854873065e+00 4.980357780097779852e+00 3.704150271688484430e-01
6.772162178965952961e+00 4.952937744696466638e+00 8.611464860909439523e+00
9.095015320869693554e+00 4.968799158382675607e+00 6.552151740066573637e+00
1.504696046260617370e+00 5.007209214034425315e+00 3.930266775113934408e+00
2.551567097378919513e+00 5.045428682593974479e+00 9.102865964680734834e+00
4.272709127564891851e+00 5.008283995557110124e+00 5.415826196453499719e+00
5.373275706426829501e+00 5.000331881269413969e+00 1.450842750204634490e-01
5.711515576716639231e+00 5.003769078703243167e+00 7.803600004531205947e+00
8.539408361402897052e-01 5.147139552000529861e+00 5.098268590703014524e+00
2.372500624431757466e+00 5.152396112172709763e+00 7.194830411216583954e+00
4.658347241518193904e+00 5.093110121222665043e+00 6.137315540571875339e+00
5.149435067439103619e+00 5.128046224489016147e+00 5.336669854532041235e+00
5.235267456547499698e+00 5.078075732380685992e+00 3.432623026433649471e+00
6.113518910122327732e+00 5.140746845319990932e+00 6.607654460093044690e+00
6.941971212960034165e+00 5.083791177895045976e+00 8.897750995271907826e+00
7.169240093987909290e+00 5.139487394686355515e+00 7.979892325441618972e+00
7.195669607267207724e+00 5.105220392837398258e+00 9.125745457779926184e+00
7.573180110533214382e+00 5.154752906952278835e+00 1.225933231187162908e-01
7.919536040843515146e+00 5.100359480954253399e+00 6.339073622395323682e+00
4.575253479038701165e+00 5.191622517471169651e+00 9.789322255963696762e+00
5.616296025107936352e+00 5.192188489174205834e+00 5.080525200269283559e+00
5.777411791572514943e+00 5.227330394262306612e+00 9.979337006545700106e+00
6.857806277067626688e+00 5.160571537106956264e+00 1.946488168116222051e+00
6.885721281144274286e+00 5.164427239198541741e+00 9.964457669412974283e+00
7.840948941802640348e+00 5.160320122108434049e+00 4.561101507799767418e+00
7.955073622836504654e+00 5.190751809030468067e+00 3.574741241107045608e-01
8.334916009638126511e+00 5.198009486093588372e+00 8.017150478883664277e+00
4.926870490959363025e+00 5.281164143931205146e+00 5.528364562771553636e+00
6.609866510427784725e+00 5.309453912936081821e+00 7.471805385885209816e+00
6.644177795317093960e+00 5.245874165982880477e+00 7.395793495540473828e+00
6.731324163816525541e+00 5.282153015640192351e+00 9.711902616316438142e+00
6.827982848430931284e+00 5.256924939353558202e+00 7.866401697538765170e+00
7.296144481438129326e+00 5.248630704969722061e+00 6.172721987494904639e+00
7.454286961512535115e+00 5.286337082302177137e+00 1.289341601249753166e+00
7.523175314568013583e+00 5.273491273574445692e+00 8.767826455885314729e+00
7.719067425465364174e+00 5.246024451328570315e+00 2.418844352924282570e-01
4.572068262353165657e+00 5.373085083289966590e+00 7.929875568825806020e+00
4.913711642627841769e+00 5.368822322035084582e+00 8.109141126279835632e+00
5.789340222079328413e+00 5.387701557925591800e+00 3.978505904339006527e+00
7.258344986782205410e+00 5.356057775337155213e+00 8.497797261652724643e+00
4.888981109263641933e+00 5.394730438848609033e+00 9.925120793109289963e+00
5.050495195488972300e+00 5.429154808813072108e+00 5.980605030477520678e+00
6.281906050269988384e+00 5.453001930722257029e+00 6.916747789607406105e+00
6.843548481941610362e+00 5.449758629987364600e+00 9.847762986143749231e+00
7.233113504592074250e+00 5.402012128514572353e+00 4.553238956383549862e-02
7.194254707586858366e+00 5.435403102742723647e+00 1.244653961680959542e+00
7.277541924286037300e+00 5.424991882741633020e+00 7.434573070326533362e+00
7.566613264353782675e+00 5.408569975071021219e+00 6.510380995961432049e+00
8.055973111667992015e+00 5.406053530744980407e+00 7.497438979623497701e+00
8.672996809544061492e+00 5.412091853349664916e+00 7.146310065521985777e+00
9.007465673838975562e+00 5.463017116861341727e+00 9.444038803497539547e+00
7.566792043575225613e-01 5.505844146143751061e+00 5.746955619766723089e+00
2.664916354817385091e+00 5.490064774630488031e+00 7.405997054414565461e+00
4.822044195395622346e+00 5.502717808706729663e+00 8.434991580751100670e+00
5.377719895766199798e+00 5.538153145051278869e+00 4.215591502994600503e+00
7.149896109312048331e+00 5.513068776740453814e+00 7.115567362432833498e+00
7.390500397539925714e+00 5.512545005358847838e+00 6.866401397960035791e-01
8.039100704575044887e+00 5.515230159031303536e+00 4.563801734518452280e-02
8.688563504650329561e-01 5.600549556088024516e+00 6.665351572141887004e+00
5.015809235454862680e+00 5.571146177123154963e+00 2.792914141348993518e+00
5.062820003956538528e+00 5.581210880753699755e+00 9.459682610532105684e+00
5.120204330900440581e+00 5.618872255028019680e+00 8.408424859450970956e+00
6.562635376473546778e+00 5.624798354064049377e+00 7.465898435049895809e-01
6.856133755235029881e+00 5.556207466277898632e+00 9.614917779747257143e+00
6.903469544235838029e+00 5.576312836534021322e+00 1.404597993132750133e-01
7.734332254910491145e+00 5.578455378885267990e+00 1.147205582404196456e+00
8.394604009049517757e+00 5.552956007260632099e+00 8.248916872651790300e+00
3.251611403920222632e+00 5.627899986573788205e+00 8.261665543082605367e+00
3.578820490027908363e+00 5.649513412336416351e+00 6.232821782174054803e+00
6.196810776192705816e+00 5.702886844075541362e+00 7.536464340691479080e+00
6.649131931825358777e+00 5.687478997241275813e+00 8.943210838230620796e-01
6.720078218980528817e+00 5.632215823544596489e+00 8.246037933129560571e+00
7.645054392300878021e+00 5.697561414382032119e+00 5.390760684288652627e+00
8.123421382069007990e+00 5.632111793587345261e+00 6.995822591692243408e-01
8.132548240947560458e+00 5.700589594561382256e+00 5.068793262360125951e+00
4.835247131092690331e+00 5.744787863602448752e+00 9.292766815952742121e+00
7.730146825681563527e+00 5.777103109636155587e+00 5.309494405370003278e+00
2.079263527035227987e+00 5.785572267294435633e+00 7.477705072461045432e+00
4.679593901353838348e+00 5.836001864209197976e+00 8.510727101441560194e+00
5.979414963246122205e+00 5.789443095003685258e+00 5.454821941869619550e+00
6.406614186329650629e+00 5.822381038132814268e+00 5.650184647816038463e+00
6.678205156227501327e+00 5.794398110940891300e+00 4.991813794057451403e+00
9.195317852359870869e+00 5.820073137410814113e+00 5.296467299052537436e-01
4.792538573833104998e+00 5.911311789055640808e+00 9.396334192161949872e+00
5.795374242666342823e+00 5.881605987144167713e+00 3.999972778859138822e-01
6.352744693841064993e+00 5.897082029552370486e+00 7.144494548977950110e+00
6.640123879684238339e+00 5.860599920906790494e+00 4.912275468369921017e-01
6.715959657698993723e+00 5.904395730087022010e+00 1.613162491461077819e+00
6.894955605087996098e+00 5.905210489724368905e+00 7.484232297601299821e-01
7.601326023758517181e+00 5.874475801595744784e+00 4.138825498144615977e+00
8.437379602697209435e+00 5.868064064761371768e+00 7.672372165532373778e+00
8.755679029091391286e+00 5.879221867916005984e+00 8.024315566518065879e+00
3.185450618822525115e-01 5.963572600033675286e+00 6.714712394541637153e+00
2.754748451061227676e+00 6.013173714569797212e+00 9.428353318475041434e+00
4.623234293870718936e+00 5.962958787904540259e+00 8.939863930912480328e+00
5.825060677422516875e+00 5.945922746580758478e+00 9.567383415148480452e+00
7.045000823541860413e+00 5.993522308848378444e+00 6.552257193863265661e-01
7.994247393330869755e+00 5.996500498402681067e+00 4.310265161832226966e+00
5.368870305051992808e+00 6.053618320840889133e+00 9.006066153457895851e+00
6.463667336036235334e+00 6.083547780020508000e+00 4.344705783018989464e+00
8.200478761902855851e+00 6.055646011432550324e+00 3.089202291218110741e+00
5.454148347499032212e+00 6.109889067909188398e+00 8.914004715044274718e+00
6.816256108216812493e+00 6.111404848593819494e+00 1.514867537379154694e+00
7.078243294218143689e+00 6.130067868248065821e+00 3.927671090269043042e+00
5.728934519451160945e+00 6.193078494136884160e+00 4.994471203487043098e+00
5.742369867324851995e+00 6.232145827138261041e+00 9.841700508493659072e+00
6.869709246658533885e+00 6.221214261999564066e+00 8.691095139733652886e+00
6.894478935447669876e+00 6.228890507243909802e+00 4.210265549311461575e-01
7.895639498640188769e+00 6.235273616543421049e+00 5.021593782488755764e+00
4.584992765465378817e-01 6.316670751709922982e+00 1.185688698203454516e-01
6.075485225159604319e+00 6.254557047195614672e+00 4.123074212576947950e+00
7.110501010032133529e+00 6.258575824668302090e+00 4.350830648816360835e+00
7.572946088317005220e+00 6.322516946821512107e+00 8.135295695902819091e+00
8.561381232686386511e+00 6.322803327990122568e+00 7.161035438624857363e+00
9.045887405314170238e+00 6.322037555864729264e+00 1.882404663024700664e+00
6.353110716463195473e+00 6.353224797330743634e+00 4.779637355598943538e-01
6.334461882939267596e+00 6.356016869932248348e+00 7.043057513173765827e+00
6.467111947364892366e+00 6.384773109499014332e+00 9.576156110578253333e+00
6.987625954934992834e+00 6.397610073174133660e+00 9.544064286196103808e+00
7.250369637674236145e+00 6.403193908755764774e+00 5.292456292764089021e+00
8.128690020489063528e+00 6.381132713352721808e+00 4.681715375360600895e+00
3.386890668786698200e+00 6.429736708684430369e+00 1.497787520343478174e-01
6.103723247027531329e+00 6.429110828814427414e+00 6.041089010941312232e+00
7.003559566832452177e+00 6.718191997053001074e+00 6.056366289555676019e+00
3.673605767533325572e-01 6.495605669840013974e+00 8.290126674431013143e+00
4.701410053119790433e+00 6.519042950559996719e+00 8.825675302700242142e+00
5.400632631058537747e+00 6.522533389203876375e+00 8.048367222251240349e+00
5.648041537227801889e+00 6.497907166207372853e+00 5.027686276943590826e+00
6.429317894062013039e+00 6.551889033166824916e+00 6.888215193918659551e+00
6.569332647399593661e+00 6.527386749176971037e+00 5.660603497147114638e+00
6.989446106712525975e+00 6.262539288821316497e+00 6.113871112158687282e+00
7.925465763232114824e+00 6.531683790115247135e+00 4.195098990865320232e+00
8.301725965519885619e+00 6.499631109677592278e+00 6.687817598310232370e+00
4.414753251601860384e+00 6.618489652032131687e+00 6.147884512872112239e+00
6.305338882166029002e+00 6.565544818895986623e+00 6.483502888683217336e+00
6.677056557433783013e+00 6.570983783204179751e+00 8.225220873648574127e+00
5.858862683824134443e+00 6.655957185261180520e+00 6.953490153872538215e+00
6.038726802979827113e+00 6.711838916449408998e+00 8.049801583782659975e+00
6.443385021324464113e+00 6.711841795927992571e+00 3.711273576901827354e-02
6.536577750194652481e+00 6.717913600483514713e+00 6.959989755287890212e+00
7.717182878373917809e+00 6.704053424770174630e+00 4.563377522668723429e+00
4.556961531990991077e+00 6.740995693753415452e+00 7.476764126944898337e+00
5.535559211289222681e+00 6.737536835541385827e+00 8.166313730078967464e-03
5.547209438728705422e+00 6.764317081229377138e+00 8.592543428686322926e+00
5.749847665502773708e+00 6.796643886974438331e+00 8.420370592671583054e+00
6.310352198318020633e+00 6.739852846054555258e+00 6.432697057060733359e-01
6.276968527303409928e+00 6.769808579468699961e+00 4.886752595244214348e+00
4.752988663421437998e+00 6.855424631089968024e+00 8.016797713800082548e+00
5.727761036004435979e+00 6.815897024912299429e+00 7.020504201758314133e-01
5.774875554282117740e+00 6.812027623510351404e+00 5.664167670799759691e+00
6.391177819727760223e+00 6.834820083437428195e+00 3.930781821297945289e+00
6.470839952605958345e+00 6.863595228891936628e+00 4.419050073270449630e+00
9.627738359927132450e+00 6.872063041992614529e+00 9.879006514411650119e-01
7.100747534898329549e-01 6.905396168092468479e+00 6.207148801161626039e+00
3.707256612580399846e+00 6.898744934282269092e+00 7.516250291413266282e+00
5.235171297540930802e+00 6.891556207639355947e+00 5.826987823504188313e+00
5.352156959638530331e+00 6.894285241509678919e+00 8.769613591443418343e+00
6.024632704915670267e+00 6.936189859814311909e+00 3.839498842024242187e+00
6.112902266948777807e+00 6.909501239999850775e+00 8.034042490110762103e+00
6.230712541506290947e+00 6.917089584486451947e+00 8.330692758445959356e+00
6.720333525127687224e+00 6.946356896125107205e+00 8.692262657976030482e+00
7.175739599847787531e+00 6.945602656499651140e+00 5.292007964235398987e+00
7.661450926771982139e+00 6.939360794612456473e+00 8.032060390480515011e+00
1.104126614764605829e+00 7.012288736473746731e+00 7.672419650589182183e+00
1.444519167296713480e+00 6.993367597299731564e+00 9.325525376756015561e+00
4.072411431325385855e+00 6.989995722536864520e+00 6.508910922121741827e+00
6.701304957705328746e+00 6.971468114500884994e+00 8.526691540514802270e+00
7.489563313194927296e+00 6.991005006863487914e+00 3.534977299391452554e+00
7.449298787681367884e+00 6.978836655884872009e+00 7.980045682822556330e+00
1.904691745409540782e-01 7.107289903408092968e+00 9.225093346818606932e+00
4.229398164959559558e+00 7.058976759709001847e+00 8.720593015413768967e+00
5.170632337510275178e+00 7.097210551285693114e+00 7.030174946196932950e+00
5.216904054067743601e+00 7.045273030896481714e+00 9.004489808114440663e+00
5.385502661911121258e+00 7.092006853970028502e+00 5.259760862023481920e+00
5.339117261480819110e+00 7.066515258108670317e+00 9.153547449169526118e+00
5.497857235005234600e+00 7.050502140510250371e+00 9.774203666139035462e+00
5.969848373235660866e+00 7.070308069180736510e+00 8.186707905971285726e+00
6.580671060479665435e+00 7.051043434228950524e+00 5.208323795008512391e+00
6.562421197657918981e+00 7.062701881141156157e+00 6.789369952251704809e+00
9.442533926034258229e+00 7.101527771829263536e+00 1.927196941402426145e+00
3.518253211961881455e+00 7.160352048630307387e+00 7.748948470130777366e+00
4.605460831883773309e+00 7.160705791758038785e+00 3.925335539988031641e+00
5.513466551593289466e+00 7.158777299354573742e+00 8.474361729198185422e-01
5.904327468974601700e+00 7.120137155275978458e+00 9.110203008896080590e+00
6.255914130234179638e+00 7.122149707342060765e+00 7.657010322446288209e-01
6.892036508931239425e+00 7.184867599530404547e+00 6.488399589488345498e+00
6.889343305799881634e+00 7.159613573964755950e+00 8.734901089541697417e+00
1.413484634730765688e+00 7.252501544648565002e+00 9.006319816858210814e+00
3.870283967072337905e+00 7.208177638497204498e+00 7.544172366755041992e+00
4.351223559699028520e+00 7.246851789631566731e+00 1.235581578260031677e+00
4.670696260757583929e+00 7.216310920293146580e+00 1.684486299036403456e-01
5.021362451801204330e+00 7.264942544019563186e+00 7.080283833642660341e+00
5.315666635216434344e+00 7.245745442842078887e+00 8.424334095721760507e-01
5.811359885274165471e+00 7.223773050882732250e+00 3.364887174170022588e-01
5.915372709371943039e+00 7.216634347685836559e+00 9.639656640457211267e+00
7.034826165982183355e+00 7.213655132978680662e+00 4.835779881934788804e+00
6.748222559858141345e+00 7.272688164251039922e+00 6.933322342573050356e+00
3.303194976819490591e+00 7.356492193457715878e+00 7.753294517226155591e+00
3.702204355082349352e+00 7.354083456789490825e+00 7.718951212474324919e+00
4.713468061239800555e+00 7.410523709974658146e+00 8.039991387757822849e+00
5.594243224469422238e+00 7.388878025510861924e+00 4.673426555917965075e+00
5.611777605919956891e+00 7.401763617728946087e+00 7.570270255687924887e+00
5.888877726360915332e+00 7.391438728856758011e+00 9.654958480174062885e+00
6.554407291097918531e+00 7.415257975878634333e+00 3.127239029443537044e-01
2.018621471242347254e-01 7.486716539668277548e+00 2.467823571621683421e-01
1.817221041643183099e+00 7.471250059571424629e+00 8.769787352657882451e+00
3.961650261391290506e+00 7.446921399454798696e+00 7.259382417373216434e+00
4.752455769547393238e+00 7.489094955560947398e+00 8.552668832549819911e+00
6.566897168053831280e+00 7.463391067783379462e+00 2.511478754365711330e-01
6.567996034153336105e+00 7.430860159160424416e+00 6.048826277472850732e-01
6.862957386431975060e+00 7.469352234940772384e+00 6.566108702270179176e-01
7.932135385690846086e+00 7.449160679937866014e+00 6.230918102525180302e+00
4.483114901973609179e+00 7.577177862111756923e+00 8.956595034866872140e+00
4.469619659648931709e+00 7.557690537260353558e+00 9.948929767059333074e+00
5.855103187245072505e+00 7.545170027404058288e+00 2.864343051650888761e+00
5.804985334739895642e+00 7.565017031677585990e+00 5.178607347957389528e+00
6.098378773957534804e+00 7.569303203706107652e+00 4.219596203829440562e+00
1.044299059938794016e+00 7.629265410710353912e+00 8.230162810239873394e+00
3.744557683509460055e+00 7.624415643894648653e+00 1.168879585477372585e+00
4.813799778942819962e+00 7.631046644511824795e+00 6.712319837875853068e+00
5.947582811187333007e+00 7.636814664305089373e+00 6.827121788537666269e+00
4.139368113558765216e+00 7.670821770995604361e+00 6.457865109072872478e+00
4.426440656065469881e+00 7.701514347710585184e+00 9.680789979588064753e+00
6.363421676145707195e+00 7.718828509532121629e+00 6.195390990528519382e+00
6.455024278852906860e+00 7.671477532030204216e+00 8.359399930312786609e+00
7.355274857467096083e+00 7.719616431124156186e+00 4.049376248361304498e+00
4.006582019656192095e+00 7.789883846686452173e+00 8.278608270588566853e+00
5.189823821721867070e+00 7.801134380306232075e+00 7.310171445642062338e+00
4.059480447774081568e+00 7.872248592819874879e+00 8.120399581366273267e+00
4.525970152588319806e+00 7.869808867744284342e+00 7.298079408700784754e+00
4.781991851134002047e+00 7.870666882573696732e+00 5.793289115497126218e+00
4.918619198418118899e+00 7.861238976210932705e+00 8.941279532512945494e+00
5.043506083174920107e+00 7.872792510262827115e+00 5.540363994365640754e-02
5.077850669042058840e+00 7.867867175454886564e+00 1.595304444551402412e+00
5.384717076712567163e+00 7.843583904813289820e+00 5.104522510222547993e+00
5.437183373541078169e+00 7.855632790071500615e+00 8.432261313208915254e+00
6.619659065308505674e+00 7.817147038598255548e+00 5.969236121198874478e+00
6.606570039307487541e+00 7.829130739403920458e+00 9.617247175031758744e+00
7.010208049133296981e+00 7.873144193477176422e+00 8.376909678666919490e+00
2.602963944408007713e-01 7.950540897208267843e+00 2.104166794498987691e+00
3.983411850394364517e+00 7.920002938459401065e+00 8.185392246999469990e+00
4.557555922245497548e+00 7.946587020819417369e+00 6.479393087561803100e+00
4.695993056155493228e+00 7.928019657251100583e+00 9.147004357668265584e+00
4.948024477140005928e+00 7.937100798129698376e+00 5.831524770932247748e+00
5.290499440260068909e+00 7.913207791807145064e+00 8.893984945769778605e+00
5.271320109635460049e+00 7.921279285315252494e+00 9.246301691818830548e+00
6.112017069658068458e+00 7.892012360570003437e+00 9.531440819996419123e+00
7.878418919393417319e+00 7.903223706480503097e+00 6.454404783272980950e+00
2.000174794542317613e+00 8.018529949627199116e+00 9.975683735983764677e+00
3.983099684701487675e+00 8.032445044091954145e+00 8.054945452562382258e+00
4.000076176077568491e+00 8.036010979871880622e+00 7.797333003605736446e-01
4.972358537144553559e+00 8.015753584379439189e+00 6.111489165321195571e+00
5.548077723822527396e+00 8.025818158637253674e+00 6.513448456172263867e+00
3.178050149331978602e+00 8.080030897206373908e+00 8.775673204358266588e+00
3.500269898417669001e+00 8.122041600988428200e+00 1.036459486729487622e+00
3.849201489093990070e+00 8.080608027122487158e+00 9.159147025046181056e+00
4.993849507208977911e+00 8.050787195812791452e+00 7.246815635933677058e+00
5.308724197732614059e+00 8.123976408824146844e+00 8.007658256987781442e+00
6.090947525670929785e+00 8.122962814991431912e+00 6.511982443536917131e+00
7.003233660204951860e+00 8.097896672749893554e+00 8.230865078167832749e+00
6.094758993668172864e-02 8.166779407978108196e+00 6.429683719762286032e+00
5.828554406957937584e-01 8.155127118768517036e+00 6.547702309680193622e+00
1.076894036909856300e+00 8.127792624281457989e+00 6.744724964524918320e+00
1.289990041604940130e+00 8.191298897225880893e+00 6.240864308469041610e+00
4.947163820604990825e+00 8.188239191157965280e+00 6.403993312539240534e+00
5.765113005096205612e+00 8.192480351067537470e+00 9.158832544257979436e+00
6.007193573169869794e+00 8.177272084933017382e+00 1.797828663972178109e+00
6.105911472068772383e+00 8.137051087003539962e+00 6.482095128493421399e+00
6.280624328496026365e+00 8.182428521242675501e+00 6.320059756914683469e+00
6.624830840503788565e+00 8.169304867971824535e+00 3.323399087172301591e+00
6.712469426643312254e+00 8.130570030200601650e+00 2.329657222701645658e+00
9.662374072798792568e+00 8.144908705935939963e+00 7.547000795769275960e+00
1.803793244904373427e+00 8.225126092994139881e+00 9.978710880104719294e+00
2.782132372392045916e+00 8.224504777234891151e+00 1.294193771257294290e-01
2.848560966111490345e+00 8.215101049699196523e+00 9.537769426240066295e+00
4.762720767848849235e+00 8.212650302159191895e+00 7.147598579796374807e+00
5.547520886046163113e+00 8.221409212098382824e+00 2.264913074361457834e+00
6.063252790166480111e+00 8.254737081978834823e+00 6.399661626925959856e-01
6.824827420648494680e+00 8.243247345295516837e+00 9.351357326055216745e+00
1.592405901110784949e-01 8.349008390224728515e+00 6.915299286361614506e+00
2.247594142635048087e+00 8.310240436446331813e+00 5.004784095093715857e-02
4.515419100365661187e+00 8.293676325946211847e+00 6.690575931690433187e+00
4.847979031252387827e+00 8.299302629840955348e+00 7.997244764686962881e+00
5.497565374645608571e+00 8.350734979099378563e+00 6.408788485283860581e+00
5.501985559472695186e+00 8.295790555106012931e+00 7.052114409669869133e+00
9.870018670661520943e+00 8.314225690936897450e+00 2.913774346777651125e+00
4.977644243551899272e+00 8.436582544805791173e+00 6.188768781378221284e+00
9.288304640250560240e+00 8.415442880053237928e+00 7.114683359006686914e+00
8.046065246585021313e-01 8.501781135319722793e+00 8.949614513403741256e+00
5.096916011284440273e+00 8.511177877987746498e+00 5.055755068288585896e+00
2.243933097702590640e-01 8.559618910454227958e+00 2.842658069712595381e+00
4.082102141209786872e+00 8.556451685569593124e+00 9.635729922127151070e+00
4.191513827826399030e+00 8.545832908460177180e+00 5.976173116530616447e+00
5.226630310011570302e+00 8.543671884464668409e+00 8.617741276681089246e+00
5.324957122378400243e+00 8.574333274068582256e+00 9.249018127977979731e+00
6.528665418171080148e+00 8.535303936290379312e+00 1.553832613565362397e+00
4.292643705723833136e+00 8.625785045794824413e+00 8.759134356886944417e+00
4.746344398938586728e+00 8.659375384232607331e+00 7.104102969771728837e+00
5.217734818044955425e+00 8.620909903030961274e+00 5.884786046911184343e+00
5.247274340700148088e+00 8.665600593836336074e+00 8.390447707868958105e+00
7.815790445875341774e+00 8.639279292737420235e+00 2.527797378967119535e+00
2.838895644824236397e-01 8.717002151776821250e+00 2.361549556426003615e+00
3.722114757368210736e+00 8.727353622144853773e+00 2.293092998375692915e+00
3.946513175174837684e+00 8.724693228277640600e+00 3.771599737930485308e+00
4.488698992723340275e+00 8.739787754857456292e+00 6.943991622383244078e+00
4.664273822964381644e+00 8.743940725678108095e+00 7.337550058662859698e+00
7.857033454650772519e+00 8.691586638115333940e+00 3.998821443247911667e+00
7.949542550094229831e+00 8.698311057606062491e+00 1.450646518044163003e+00
8.393206241180219962e+00 8.719829959055683588e+00 3.707388647292842787e+00
2.369698565042717142e+00 8.768574398785027313e+00 6.107976892458625962e+00
4.381604649066820123e+00 8.765590723897897618e+00 6.547151974551372877e-01
4.532011406044438750e+00 8.821731558239168436e+00 8.538838959119912531e+00
5.503229157136590999e+00 8.814845317902914701e+00 1.598787066287802094e+00
6.021642822530701267e+00 8.804598683504837098e+00 2.663540236863204402e+00
6.559948707530289802e+00 8.778223379655701208e+00 3.352803804438563962e+00
6.691860528248771089e+00 8.763321429202918011e+00 1.600385861975985202e+00
9.803368187610470130e+00 8.787878051722104900e+00 3.560540297535244036e+00
5.285147967629296062e+00 8.897111826695093484e+00 6.623221370160612409e+00
5.935211251084662187e+00 8.850010950707584811e+00 4.749863946818016380e+00
6.289099205351712740e+00 8.832367286997541811e+00 7.209170871327343022e+00
6.862863362626683283e+00 8.868803795864382167e+00 7.955809665504188999e+00
7.834478741619065545e+00 8.843801767007095194e+00 2.171367462014053729e+00
4.126080808303902892e+00 8.973285048908619999e+00 7.657407250584615355e+00
5.144660414233321433e+00 8.926870516045990911e+00 8.869010778579311527e-01
5.461927499673487674e+00 8.924410432322096298e+00 8.499627910028111799e+00
5.501907086634967747e+00 8.939347396088662023e+00 9.817271495806307868e+00
6.435393167353431920e+00 8.961080838534559945e+00 1.348340390754471096e+00
7.498936080430408602e+00 8.913840945115877545e+00 2.119661651601781660e+00
7.945162950302978366e+00 8.965985261999829703e+00 1.900501204356553231e+00
7.462860454500266916e-02 9.021131924716817352e+00 3.430956939244179882e+00
4.264033298302239983e-01 9.031595625057185828e+00 3.301426488270487791e+00
3.971255126024174853e+00 9.010604491459288212e+00 8.579462211319455633e+00
4.549648921745136576e+00 9.020717254359720272e+00 7.152938678539981776e-01
5.960883976620337421e+00 8.987519950268497482e+00 8.103021973893515195e+00
6.297184806788626688e+00 9.021701535757269852e+00 1.093843438817896807e+00
8.079571422843974560e+00 9.014789701228835384e+00 7.653109504479114200e+00
9.487351013762241436e+00 9.026703546157257563e+00 1.239747530478245707e+00
9.611980437803373079e+00 9.001661607505134555e+00 3.591410863468008863e+00
2.714283869670413907e+00 9.100800369851429039e+00 3.310778344522097072e+00
3.638164445832988036e+00 9.080862611274872265e+00 3.854676229525636266e+00
3.966655805128334933e+00 9.127943106127540673e+00 6.783619683703816072e+00
4.587065456399571417e+00 9.089363961407991965e+00 7.777799321183076486e+00
5.351470772704986167e+00 9.133434058587914350e+00 1.086203542050784510e+00
5.921219288244017775e+00 9.096757370337227755e+00 6.220513700052590522e+00
6.172256991612529831e+00 9.069857178420999588e+00 8.881209894606531208e+00
6.262121021567991441e+00 9.079754474691664967e+00 9.929006567094306845e+00
6.398446259238337319e+00 9.098732387959538315e+00 2.315799734048899161e+00
6.454751498790944453e+00 9.121917211908828094e+00 7.588215009066431094e+00
6.975614819981616144e+00 9.109687252250127543e+00 2.336852416014363776e+00
7.775378114869185175e+00 9.128475358752432101e+00 2.062483820843310944e+00
4.052947421078158641e+00 9.209641177463744555e+00 5.962728246652518216e+00
5.743901939142028290e+00 9.156177878983116969e+00 7.024608419590128605e+00
5.709222006429725660e+00 9.204108515243028421e+00 8.262939701083178434e+00
5.988531563921812406e+00 9.202714412672074573e+00 9.787713416857924287e+00
6.618826469264528889e+00 9.206231620742526545e+00 4.678227440987109631e+00
7.774419558148656151e+00 9.152337427678560289e+00 2.190235474540149774e+00
8.927435547495464974e+00 9.158276534151156056e+00 7.695956172704303100e+00
3.583958929961923001e+00 9.290627428714618219e+00 5.883691436481678139e+00
4.318723136085008463e+00 9.258361984498916897e+00 2.168670761336420227e+00
5.629102493910929539e+00 9.247566486957945031e+00 3.521236238760454551e-01
5.814383779601441482e+00 9.242324432856863226e+00 1.888634657000687778e+00
5.850513330274075940e+00 9.248232871756339790e+00 6.678772281443667858e+00
5.938411558777904276e+00 9.266349807172602482e+00 6.608890646848331940e+00
6.906844967491414522e+00 9.275274639554623946e+00 2.165953948907986870e+00
7.605342227460465843e+00 9.239487611942392320e+00 2.022344865168584249e+00
8.175245385951949828e+00 9.243220267702927373e+00 4.374893706053104125e+00
1.512793379486181977e-01 9.324418974833621476e+00 2.092313023588850296e+00
3.950288876291701001e+00 9.369427402092087576e+00 6.299751321578764829e-01
5.462844305376536980e+00 9.307362481977246915e+00 1.296830869074590220e+00
5.510302292673948443e+00 9.365326561141269934e+00 8.271613668484462778e+00
5.595428616570814917e+00 9.311636917731975771e+00 5.659864034098811558e+00
6.218562915451895989e+00 9.370154690609153292e+00 4.154264324897466665e+00
6.615966950704910587e+00 9.323686509383744436e+00 7.686078938039360153e+00
7.066659818948391347e+00 9.344700313577551043e+00 2.511923190288470664e+00
9.779168053359606816e+00 9.344767080764038170e+00 6.372429308798225556e+00
7.280785460303351719e-01 9.442027146036117813e+00 3.152857867833411820e+00
3.192140456327549281e+00 9.445018396537069094e+00 9.706459936779864961e+00
3.429654957673991866e+00 9.424425059877274080e+00 4.750790244860561451e+00
3.662323891276741961e+00 9.389937798034083016e+00 7.427022292938557868e+00
3.972135006221472420e+00 9.449303831988508762e+00 7.659204900344763089e+00
5.242514281703565260e+00 9.402698130107307151e+00 6.959347708935181842e-01
5.551454274111800480e+00 9.405815626208326563e+00 5.610540740917773661e+00
6.239313383061856122e+00 9.430977609697400510e+00 1.998719237132291049e+00
6.775124319599808764e+00 9.378347520299413986e+00 4.628816358130953823e+00
6.859972144720211773e+00 9.384855910405342172e+00 2.493737129471105707e+00
4.099321528393114811e+00 9.473467421786638809e+00 7.746366407533064269e+00
7.290072142916418585e+00 9.503007779276403610e+00 1.809432416017784373e+00
7.940223027359912145e+00 9.511921250374767212e+00 2.571965079498824913e+00
8.228059462291000159e+00 9.521856209287779649e+00 3.070604745147244241e+00
4.512679137315771527e+00 9.596156604623091724e+00 7.288393286378896718e+00
4.698494302038423776e+00 9.568270336984390667e+00 8.428876127313374989e-01
5.035059041676317015e+00 9.536978989411418084e+00 4.046252979468590638e+00
5.356067699432940366e+00 9.539293339190408005e+00 1.383998313499269273e+00
5.943544659304402344e+00 9.576102744696520119e+00 1.273090498862997855e+00
7.216536860725915048e+00 9.566676481599303727e+00 2.305259688115884220e+00
8.383305589934495483e-01 9.655803109655616723e+00 2.899074629621716248e+00
4.084165997672975834e+00 9.637656511987017893e+00 8.401804254489810830e+00
4.132845507076432945e+00 9.613664726712315201e+00 9.776761348080627911e+00
5.028787550512235249e+00 9.643901145223654936e+00 4.830027371488217369e+00
6.933551717684196092e+00 9.668307452546603287e+00 7.440208155024986780e+00
7.081163267202907896e+00 9.613001155318871227e+00 3.618464393459274397e+00
7.447893785780611786e+00 9.646465018347132769e+00 2.561426863247767027e+00
7.769488370801849619e+00 9.631356425004536703e+00 1.826815928552947499e+00
2.984031160809395455e+00 9.734108834078570638e+00 7.107913739491511507e+00
4.579559475997596607e+00 9.723772234969136008e+00 8.007207535584658586e+00
4.880680228989699110e+00 9.762620550335359582e+00 8.080107237333910675e+00
5.434534739220184818e+00 9.743919289200821510e+00 6.265126926197524426e+00
6.208111345132267367e+00 9.697409270214219390e+00 1.527207884485116685e-01
6.554800635145404897e+00 9.713023603888899515e+00 5.565629874350557671e+00
8.773344365216949825e+00 9.712632629954752517e+00 3.569180004389499672e+00
6.567451483345546071e-02 9.825099422807072713e+00 2.406158889259600198e+00
4.458472743895623758e+00 9.765122079893835405e+00 1.656458663095549344e+00
6.061420932612801238e+00 9.798693084091615546e+00 2.011463857440098035e+00
6.356310302833731107e+00 9.827669335936597861e+00 2.550337286669416059e+00
7.542992838803270317e+00 9.795162858105793902e+00 1.769412771794538486e+00
8.239251784973522064e+00 9.837398810264961213e+00 3.265776192351388829e+00
8.696539489374471188e+00 9.804652704158581145e+00 8.602084196231299273e+00
1.804322266891839610e-01 9.858480558159497420e+00 6.343672936082968228e+00
2.618699850454474731e+00 9.872462237028630128e+00 4.795298848440478601e+00
4.571926149187891752e+00 9.865794166445146729e+00 7.462809388128326837e+00
5.195646943995262390e+00 9.868140104184712769e+00 3.660998997081329698e+00
6.831789945435212452e+00 9.880382554055858080e+00 7.780995479951291038e+00
7.783616397307193679e+00 9.889876619594613061e+00 1.017966319338538428e+00
7.741121594730713262e+00 9.899664319176400440e+00 1.962752717924023838e+00
8.925232588140429968e+00 9.887929488043127435e+00 2.448224203625570361e+00
2.923216038920610771e-01 9.985078140760226262e+00 6.555198362322468775e+00
1.940883976570733971e+00 9.952617074988969748e+00 9.513916009984921374e+00
3.538942563780035577e+00 9.991562114126283589e+00 7.250783341898573653e+00
4.215285070007366741e+00 9.971659335040735428e+00 6.604688112992563198e+00
4.263971777096904781e+00 9.928362318038409740e+00 5.020383375078067978e+00
4.783215091324028556e+00 9.965289300618785262e+00 4.537566173082750787e+00
5.220071547579530069e+00 9.949500132075485226e+00 5.158131413896188455e+00
5.337222488728828651e+00 9.995566282582732498e+00 7.374126267022418801e+00
5.972884620556167867e+00 9.927320022604828154e+00 8.421565487800915406e+00
8.255444941543400361e+00 9.962614678647344846e+00 1.739455786105914115e+00
