2.113961328760270764e+00 2.522971563832411557e-02 7.235020523089183975e+00
3.062747662148254779e+00 1.512197031125464206e-02 5.113132323741868213e+00
5.834380772141910754e+00 3.850336299736793061e-02 7.760192924719377938e-01
5.800808127428548566e+00 4.492857796126177583e-02 2.176949693095307392e+00
5.929719614764504598e+00 8.719584162672530669e-02 3.742270257520269316e-01
7.542068300056349983e+00 3.134071985833600249e-02 4.149976367564632618e+00
7.744950910301115599e+00 8.196918478629267035e-02 3.575692475924193925e+00
4.126804201535503758e+00 1.391992035858984345e-01 7.456161212271828376e+00
4.202168556337755767e+00 1.392889631109102133e-01 8.838388105694750863e+00
5.088571915840740090e+00 1.137295564015789184e-01 4.962444620853765365e+00
6.097167124082773171e+00 1.509446360096322048e-01 1.099430741700415659e+00
6.251284086248879213e+00 1.272395273945279293e-01 2.010916713068571227e+00
7.469393160685097399e+00 1.238465722583448336e-01 3.273873719991155617e+00
8.553806244040943696e+00 1.254344535620235679e-01 5.211900308074891797e+00
9.320626473590122529e+00 1.254446323384997841e-01 6.595191606960511876e+00
9.336063571060940092e+00 1.376371974407780419e-01 7.646368752923516254e+00
2.875681716198050797e+00 1.864595299468546630e-01 4.025349034511069846e+00
3.256206378418047720e+00 2.145927405521082521e-01 6.797186684384492139e+00
4.769094937686389812e+00 2.169547446788426814e-01 4.301532032551129703e+00
5.391636999821357357e+00 2.105133884136606293e-01 9.664391314447955406e-01
5.365116590870034230e+00 1.917539824695819184e-01 6.600364423707160810e+00
5.968864625237137567e+00 1.931226091879675311e-01 5.798876418781572895e+00
6.657999185051993507e+00 1.720778711112710413e-01 1.687583592954776737e-02
6.689712647471357521e+00 1.985470209108095574e-01 7.425323532043938357e+00
7.908620848457244890e+00 1.991762851042360727e-01 2.348188000224731287e+00
8.160900152040564848e+00 1.809101068240716037e-01 2.136061461550848861e+00
3.822414177466649576e+00 2.981511497340160188e-01 9.321742389943088458e-01
5.880505496886824446e+00 2.462404322677117507e-01 2.107148232501493634e+00
6.300985115501847034e+00 3.105918749027839487e-01 4.448847076934960398e+00
7.099156333712793199e+00 3.144809716801031385e-01 2.224045892063099217e+00
7.843842352532018225e+00 2.867179374135124803e-01 2.091240487634014933e+00
8.010486601975239651e+00 2.733425773999215158e-01 1.908391145505112352e+00
7.963226689883025955e+00 2.877072560817791613e-01 5.301993636269746624e+00
9.545436596829695475e+00 2.777012636869536921e-01 1.322253970086537667e+00
3.534032251214454412e+00 3.731979617468763610e-01 6.087922009109547616e+00
5.597747386382465606e+00 3.394368159269901541e-01 2.915700089472003764e+00
5.768724971108907695e+00 3.489334785796814886e-01 2.325138230651952131e+00
6.479834068125978064e+00 3.567518646421654616e-01 2.662346006027299872e+00
7.635217610281417322e+00 3.610348614377908438e-01 2.325844839544103593e+00
9.035625478586513992e+00 3.968616941427398626e-01 5.572564991712393834e+00
5.107882268543394166e-02 4.070488105492490183e-01 2.660585311609511727e+00
5.582240117220843345e+00 4.063961105039904931e-01 2.516674853012186741e+00
5.930953422059273450e+00 4.170194797099638917e-01 9.408539714141513244e+00
7.048118584614791793e+00 4.776744292392778313e-01 1.691341189065996176e+00
9.413327170893385443e+00 4.479797454249612176e-01 5.605583895889357571e+00
4.843331208651151520e-01 5.042192488068601985e-01 2.708007819420194640e+00
5.639038005351962646e+00 4.988233456879990202e-01 9.842845489338603926e+00
5.884651150045176138e+00 5.023572961560968109e-01 6.895404718795502319e+00
6.173976792521183476e+00 5.474657684524284473e-01 4.045409527075878309e+00
6.256123890330608006e+00 4.848072205833606763e-01 1.486508141768336788e+00
8.836067112799931067e+00 5.307248250924245792e-01 8.135528068163202065e+00
3.312007175442125195e+00 6.354027140268501128e-01 7.334326083402870289e+00
4.381109777253614723e+00 6.247268317146541516e-01 7.193230985793577226e-01
4.689433869726548743e+00 6.395441770444434404e-01 5.261973105011986007e+00
5.143767192393013943e+00 5.584961429333841210e-01 9.376965431868166334e+00
5.235020036690815282e+00 6.188014632891376543e-01 3.139854728318669519e+00
5.355565142869274986e+00 5.933729104941181109e-01 6.686653663194172204e+00
5.457763756408816391e+00 5.728265707261488426e-01 7.641148281327666325e+00
7.825205620704162257e+00 5.795338772438038966e-01 5.801292005278497754e+00
8.157408610962299633e+00 5.970454744332269748e-01 1.830588139239641254e+00
3.838119354882906897e+00 6.667773434215997774e-01 8.126590490315739324e-01
5.479710886179099738e+00 7.777886323154383774e-01 5.187885216077797068e+00
6.230810178296892765e+00 6.542358088882693767e-01 4.550244013050503078e+00
9.335788554740030776e+00 6.460191322502453204e-01 6.853729347099973168e+00
9.949346176704946032e+00 7.062338484778221126e-01 2.564139197860964892e+00
5.852451537155030081e+00 6.277779979915871778e-01 4.929968360568945052e+00
6.363517526723970086e+00 7.261956177554955705e-01 2.819979930062538109e+00
6.835851560974361973e+00 7.365088361749629886e-01 9.610858712163725670e+00
8.295845900123145711e+00 7.973842360808931495e-01 7.764181921671410080e+00
9.214028914405428594e+00 7.579796971045236198e-01 3.298596643160067732e+00
1.158427984245433695e+00 8.673239747790255638e-01 5.910717506129284260e+00
4.569831955026750769e+00 8.513082677804300058e-01 3.691579691779620642e+00
4.610344255071708197e+00 8.773918554365915945e-01 6.283492112658068507e+00
4.854285426426759642e+00 8.438449323952275094e-01 5.688599044695270557e+00
4.923998388214967825e+00 8.403581318136883471e-01 5.817011864984198866e+00
6.082335532055676453e+00 8.214169839383402838e-01 4.849360253196603132e+00
6.174821638196830165e+00 8.268644796393975760e-01 5.169816993906054314e+00
6.275401639913871676e+00 7.957419938868124376e-01 2.907663503525575344e+00
6.351013533099979291e+00 8.486245084478747369e-01 9.756601342511970643e+00
9.907300533962484224e+00 8.499780110791479437e-01 7.321167144528984316e+00
4.651892208659651473e+00 9.074820800101706109e-01 5.760595112698022824e+00
5.575733004907552193e+00 8.997228475953311655e-01 6.768410604197584668e+00
5.800616399954275693e+00 8.902598023955812234e-01 7.029628371436601242e+00
6.686007687791067688e+00 8.869046498321324634e-01 4.028952946725411266e+00
8.342689209405602213e+00 8.975410835824695344e-01 7.725474251274077275e+00
8.530788845519044372e+00 9.163237288599153096e-01 3.148407624071095867e+00
9.144449245994895392e+00 9.258075071750424545e-01 4.792960133605827622e+00
9.764373887380893180e+00 9.328051099498344545e-01 4.710495388048968834e+00
4.438503587497776515e+00 9.672968613951589134e-01 6.029176901897865370e+00
4.789497201682653582e+00 1.019423008485294435e+00 6.419602058634987785e+00
8.181475941540366392e+00 9.614425645612205695e-01 3.281539227017784555e-01
8.257838139964711388e+00 9.663450020564974263e-01 7.365055883025060091e+00
9.305136571471905427e+00 1.027791945597063439e+00 8.175101357569751315e+00
3.716564871546850668e+00 1.042898013539273361e+00 5.911193032875003972e+00
4.536507626844564101e+00 1.100453372661430063e+00 6.961683817540809116e+00
4.850500000683851454e+00 1.079894293073252243e+00 5.271315808781781520e+00
7.481500525247090749e+00 1.062874241465471492e+00 5.904345447363052557e+00
4.045323174834769553e+00 1.130787643283069244e+00 1.880710340781255319e+00
4.761171593730295193e+00 1.124896178081081111e+00 3.571886375087904852e+00
4.744167295538185058e+00 1.121510017051309482e+00 5.136872024544945958e+00
5.476981502016418091e+00 1.158336568231408847e+00 6.839615427373257894e+00
5.483398117656268056e+00 1.120963636971805677e+00 3.395806739283297127e+00
6.302687153599991099e+00 1.169666263879785895e+00 1.263406372441195913e+00
6.283144346595493701e+00 1.155864622211212112e+00 7.711270684562753885e+00
7.575080848211287687e+00 1.167458930467077494e+00 7.023508141477909028e+00
8.898329900907576473e+00 1.114112371842510107e+00 1.600476585841209332e+00
9.850539331068327797e+00 1.132001691333563098e+00 3.603104226015669820e+00
5.656491629465938864e+00 1.239987339389111209e+00 5.060448656380462040e+00
8.074663150287964442e+00 1.245303348075490923e+00 1.511609073525272962e-01
1.748746985235174023e+00 1.333333674493345722e+00 9.371922484448312218e+00
5.108365446657579412e+00 1.300335612051818579e+00 5.230343847641446331e+00
6.270769993575368240e+00 1.292122106374505197e+00 5.418294565141539287e+00
9.267283925644864695e+00 1.279680345180866041e+00 4.920520118788132891e+00
9.826300526618730657e+00 1.336574298996953569e+00 8.016603278241088759e+00
5.843686260879628946e+00 1.346086391210274513e+00 4.632148814837708350e+00
8.696491800559096319e+00 1.344902487574930916e+00 1.704023918652817771e-01
6.268526357744713673e-02 1.486027963478861125e+00 3.869103848477850605e+00
4.635713703298981692e+00 1.553190768647687126e+00 3.251596135800937315e+00
6.219085319772406528e+00 1.432658347918235986e+00 5.941697106484826740e-01
6.202263968765470814e+00 1.476775739626595030e+00 6.337376578643207026e+00
6.912081644403612835e+00 1.486140881001063452e+00 5.938123258706669461e+00
7.009615863256739132e+00 1.457259500415512221e+00 3.201437282419706154e+00
7.155475732839094327e+00 1.452114409941188455e+00 3.004692719107804777e+00
7.626589354364814000e+00 1.431585180513325284e+00 6.101956036495258751e+00
8.426495605739228623e+00 1.475621026295991900e+00 7.256273048074483256e+00
8.826487433325624465e+00 1.482783058055996417e+00 7.177889324262576309e+00
9.760857067313340352e+00 1.479811748993886233e+00 7.234949606070387063e+00
4.242242690941352201e+00 1.561627113727132254e+00 7.145757738402359394e+00
4.616831309252603432e+00 1.561503529215968467e+00 2.534183862163552181e+00
4.750673144096337452e+00 1.440378942575353260e+00 2.950008679687618596e+00
5.326029288606227929e+00 1.518249407626859782e+00 7.182843390813223650e+00
5.654249382578659500e+00 1.576699301038735346e+00 8.073718457312441643e+00
6.066225973329892440e+00 1.514673528866608443e+00 7.060203898058231786e+00
6.333410598666937119e+00 1.504083687336095654e+00 8.009764623128509342e+00
7.474591016519832820e+00 1.558449154274091253e+00 8.239799401666438428e+00
8.179586529626693192e+00 1.519187809853838278e+00 6.558798517693796626e+00
9.368877210142681378e+00 1.524221107960354704e+00 4.228561637246389004e+00
4.678729290412105613e+00 1.637472638168524952e+00 4.487663434821191899e+00
5.095222843122659384e+00 1.621319573525055624e+00 2.908816944543107574e+00
5.741957845725677245e+00 1.630029476400769450e+00 5.803909536539960889e+00
5.905236808509908286e+00 1.613991978321237308e+00 3.449640741278274803e+00
8.367900223669376913e+00 1.631136716304661949e+00 9.996866630296714629e-01
4.684270211066823286e+00 1.692856890004760473e+00 5.707491995558447329e+00
5.178710593074532298e+00 1.712709917430716988e+00 2.400050921222398159e+00
6.234060465322249556e+00 1.654284420663106658e+00 5.403602480290476961e+00
8.403943039336693843e+00 1.657309626122172475e+00 6.429448607731020893e+00
8.490299999695366751e+00 1.696195887333499464e+00 5.711296521113153446e+00
7.836035276083681556e-01 1.748924402779401532e+00 5.127995098940868246e+00
4.669623504457104168e+00 1.784713368783808374e+00 6.720452891653598826e+00
5.359468089036575122e+00 1.759483361129466683e+00 2.644129830253524993e+00
6.146721341363091007e+00 1.729654212611928088e+00 3.097364228916697826e+00
4.451827421821934472e+00 1.866748368784592937e+00 4.210132022205383073e+00
5.275115977394245093e+00 1.855400010804126865e+00 2.617644274522359815e+00
5.276755756440192791e+00 1.856395009334404822e+00 3.719985450336891653e+00
6.519529077504609305e+00 1.858049134494569987e+00 6.440768094675556554e+00
9.458551244610355013e+00 1.819618162439009534e+00 5.489207407010566087e+00
9.619346279492269502e+00 1.828312934345531549e+00 8.812226565501543263e+00
9.659041373451852763e+00 1.846101061391768550e+00 8.744655413665118004e+00
5.224108533473361682e+00 1.873816315671979815e+00 2.625855940975431846e+00
5.298168284111764770e+00 1.908155078028010543e+00 3.667018495394818167e+00
9.396688013182632915e+00 1.923333350109901474e+00 3.025033478491123251e+00
9.630725031636846012e+00 1.899928824142697259e+00 8.212598066508961736e+00
9.923857178822823144e+00 1.916445341195988750e+00 5.018551544995985658e+00
3.852004870552822702e+00 2.041878003381722984e+00 5.868726428174647403e+00
4.912402797309261437e+00 1.995896209152341783e+00 1.957820465799350096e+00
4.866395744912973775e+00 1.993305530128393954e+00 2.167017890616465436e+00
5.768433923691823395e+00 1.974653228350847556e+00 4.371872458188216015e+00
6.441230147444365173e+00 2.003046618127855449e+00 7.149695345542292912e+00
7.683316360940187550e+00 1.975132769347163642e+00 3.356848515118157295e+00
7.932878294354011040e+00 2.027387982561047686e+00 6.811814854542109998e+00
8.263282194160570526e+00 2.055133019362037405e+00 7.970328738119864198e+00
1.341760591177665773e+00 2.052560336118374629e+00 6.502753581102199476e+00
4.371487884896588128e+00 2.075268215832969165e+00 2.301739963010716483e+00
4.408414193636097878e+00 2.063666240430130472e+00 4.726383422118249911e+00
6.398273282832347419e+00 2.051485933755809121e+00 1.493880004806040773e+00
7.905313317872986190e+00 2.100534642076588465e+00 5.577719590463524391e+00
9.466138623893019854e+00 2.079781116763576687e+00 2.887786868171351440e+00
4.692372747107866060e-02 2.151680199926377046e+00 5.485525538587270766e+00
4.740737149188071209e-01 2.119774529684436359e+00 4.662770302433555614e+00
5.459148303564954396e+00 2.162515873685342704e+00 1.172739498457170404e-01
6.301528034575441417e+00 2.154840570526563415e+00 6.975294449699159571e+00
7.710578314359576524e+00 2.188379901191454202e+00 4.997178730125646950e+00
1.242512064841720942e+00 2.245699476165117225e+00 4.844301197663158476e+00
8.034242406915796053e+00 2.219899374607573250e+00 4.888535900930889078e+00
8.160877016522963601e+00 2.219792161211961545e+00 5.809146799636790703e+00
1.380010111559876851e+00 2.330896007559635219e+00 2.221702317520023229e+00
4.889965074925466837e+00 2.292614543538316063e+00 7.925058834672329411e+00
5.137324371978674087e+00 2.290516919037476562e+00 5.494515644639398566e+00
5.212060254380585178e+00 2.312564301217641560e+00 2.856220797216279639e+00
5.387312720009631128e+00 2.313831120261006014e+00 5.839544378970380478e+00
6.228990738570270302e+00 2.308635693425730384e+00 8.105831349996366342e+00
6.504922365966780085e+00 2.291081318559848423e+00 5.963709151014507270e+00
7.630398922075508850e+00 2.322424906061884453e+00 7.698375165890607441e+00
7.890826387944659182e+00 2.276348509179881852e+00 4.635764834825808478e+00
8.275120571129980007e+00 2.364996461569051078e+00 7.796508748782360776e+00
9.161640132190932206e+00 2.339848159075136103e+00 4.404000388542716138e+00
9.401140770653007905e+00 2.328594891823968283e+00 5.474329018897259758e+00
1.259088111185687198e-01 2.374659873585971415e+00 6.860278258617967140e+00
6.465333318349731684e+00 2.424225138851317851e+00 4.850682579151113671e+00
7.051343049786346739e+00 2.412714830103714903e+00 1.078937818284192662e+00
8.564568689194981488e+00 2.356265144256683097e+00 5.508197926455846272e+00
3.874029017970183064e-01 2.500081972504068162e+00 3.788742613070801291e+00
1.511683969335854805e+00 2.476130545345219591e+00 6.773994514785504073e+00
1.626293156144144714e+00 2.492312217800273455e+00 1.871870852795390672e+00
3.578877880193184424e+00 2.456914389597575354e+00 2.273193602763941001e+00
3.875670448595571305e+00 2.439760277087771101e+00 5.555094782427006272e+00
6.118554464968426920e+00 2.463217534488477245e+00 1.624612698186533422e+00
2.490047001143731453e-01 2.574175005608808853e+00 3.694131824253155116e+00
1.467697004041585540e+00 2.496124161806478892e+00 2.322291787645973216e+00
1.577737358769877307e+00 2.544448477028543376e+00 6.625386739159139893e+00
2.226621424555866202e+00 2.578462473147450584e+00 3.696210814776208942e+00
3.590273778569804897e+00 2.514623475475637804e+00 2.838645017801264991e+00
4.775205792914015923e+00 2.531225270927328186e+00 6.198806275068703187e+00
7.224206243847896225e+00 2.578300001680824405e+00 6.717266706324248382e+00
7.580472807460537865e+00 2.544131414596506602e+00 6.795723048892186036e+00
8.158899326039868782e+00 2.523424748558393382e+00 7.665743366589573782e+00
4.467832185360535391e+00 2.628221580613193886e+00 5.879686250551001692e+00
5.976867717231094446e+00 2.632289858171725339e+00 5.923992209989556557e+00
7.123815178971696582e+00 2.621608995754057592e+00 6.467295928747325284e+00
7.315566601672764513e+00 2.673200829591430683e+00 8.552552974374586725e+00
8.567862175729516139e+00 2.627062323777296982e+00 8.166339770517591745e+00
5.787656545071981462e+00 2.729087158028703719e+00 4.443257404597983573e+00
5.985884110812933478e+00 2.707279839821835843e+00 2.265635426092843741e+00
6.279500350435736955e+00 2.703591487957296646e+00 4.724556729465424709e+00
6.462510147339250999e+00 2.678575406289974037e+00 7.909103021241010723e+00
6.838564780816335897e+00 2.733890224460669316e+00 5.850500004183425418e-01
7.014107330635638071e+00 2.732699900736348830e+00 6.865094787516683894e+00
8.837002136775742756e+00 2.733776431893379044e+00 8.335502626042337937e+00
9.657669218787647836e-01 2.792087761465103402e+00 5.850671457510894791e-02
6.130973789892447456e+00 2.769681241873812372e+00 2.519085843796647239e+00
6.595835448150806357e+00 2.803505896259123720e+00 7.065441212137297811e+00
8.095930758590865750e+00 2.760597281617218623e+00 7.944357259752763412e+00
8.477294208613942672e+00 2.812231807826488517e+00 8.364280102256369531e+00
9.617102123299352101e+00 2.766292570698539954e+00 5.331112472552941739e+00
1.480267602446724839e-01 2.824477953944402486e+00 4.687697334985514885e+00
1.145048281790967071e+00 2.880261250249609883e+00 7.083892972082529660e+00
3.239103304342608070e+00 2.851138969370076381e+00 3.722084144489666624e+00
5.032371779544528856e+00 2.819976375800678170e+00 5.051891559179138014e+00
5.579188844546931314e+00 2.906627054214124595e+00 1.891954314988500752e+00
7.571510629468940934e+00 2.854578769925869342e+00 7.976987706227946617e+00
8.773016880293198483e+00 2.871706331987050387e+00 7.841072905586330855e+00
1.212276363481346930e+00 2.970188207508204670e+00 4.802674913228050180e+00
3.169275821561397422e+00 2.944443502265999157e+00 6.887526590558785244e+00
4.263413273314315965e+00 2.959072128502264754e+00 6.350952337637254530e+00
5.541905094624395289e+00 2.923460559703709549e+00 1.871559950331760369e+00
7.506577078192444574e+00 2.934459850465945152e+00 5.026379704736037013e+00
8.943089007451339612e+00 2.904139160193417890e+00 4.797019344836813914e+00
9.044971339029444835e+00 2.901396488635157755e+00 5.098246242115781257e+00
1.043258541029407294e+00 3.019294785049094543e+00 6.650971142167416694e+00
3.776237244947019178e+00 2.987290359917460503e+00 6.161982998199416528e+00
4.510201317539166865e+00 3.048724290601525944e+00 2.833588620829700755e+00
5.458309743690393567e+00 2.982523481759160600e+00 6.222009433960460356e+00
6.702510481526044117e+00 3.024899289343003339e+00 5.642051586690811860e+00
6.967756256051588437e+00 3.029016182754564301e+00 7.569277370936282168e+00
7.085915219299537604e+00 3.066401736453257865e+00 9.088215329929560937e+00
7.253703744578173129e+00 2.979975339902299236e+00 6.809540977826210373e+00
7.647871446599559420e+00 3.042509895980561208e+00 5.306826400709407920e+00
7.732682943360565275e+00 2.988287325487531731e+00 7.104038583417681352e+00
8.555133918420164463e+00 3.050482351647049839e+00 8.469339709615383072e+00
8.854880384224252055e+00 3.041909484296379418e+00 5.466449318885899800e-01
6.930256465749241868e-02 3.053279951312972251e+00 6.828715932739696015e+00
3.259748603866684746e+00 3.084249768888344789e+00 4.543108055779285337e+00
3.815594082781964769e+00 3.057231126091049411e+00 2.780452300176477376e+00
4.019046232737048641e+00 3.065421004055510767e+00 2.849735668376132569e+00
5.078500642858114311e+00 3.058511313052384661e+00 4.430033945307009446e+00
6.287661246484448796e+00 3.093326942498234366e+00 7.718418863906236105e+00
8.509338865827954734e+00 3.107784815135383738e+00 9.319445493973626427e+00
9.327639032828141552e+00 3.116238659944285061e+00 8.724511515250551241e+00
9.596777596339657990e+00 3.109576327864390421e+00 3.774070587197066118e+00
9.733252251802934296e+00 3.068021559915198537e+00 5.345178396530519294e+00
9.793298166024781537e+00 3.050582141954443216e+00 5.208187261683290714e+00
2.690590629010843893e-01 3.137258410837240774e+00 7.335799279233434333e+00
1.503211037702827380e+00 3.206702256579523347e+00 6.307751236227330693e+00
2.426588622959837238e+00 3.144718389018931859e+00 6.487246437713050540e+00
4.580736133951202049e+00 3.164200793000958356e+00 4.131242191404687070e+00
6.545908588309787390e+00 3.161561459832186838e+00 7.157147733199290762e+00
6.770275584414640946e+00 3.183252178962074908e+00 8.519089255129348004e+00
7.776635377766368151e+00 3.164932443596275125e+00 7.953903700757994244e+00
8.070093379796778876e+00 3.230982030291242424e+00 8.548614445582451538e+00
8.470714591952086536e+00 3.177889425466087658e+00 6.085633190626072775e+00
8.814021034261649845e+00 3.209479716257232162e+00 7.112654842258636201e+00
9.775257808697608297e+00 3.180926040761152152e+00 7.936714724873153770e+00
1.313535247804147321e+00 3.220695970813166831e+00 4.858925498848638114e+00
5.151130373314562583e+00 3.207004835889314620e+00 9.431191337015727427e-01
5.391188986376453940e+00 3.253400328235847461e+00 6.429911156939324357e+00
8.929130752197561804e+00 3.225367692671903264e+00 4.585301157609068312e+00
6.727497548020105356e+00 3.343962850127929709e+00 2.410581490749857725e+00
6.983186717819810596e+00 3.329069121519482977e+00 7.023692836786286975e+00
7.198933918830736189e+00 3.310384569892703688e+00 7.542354778804400084e+00
7.441377846393580242e+00 3.367063237692757838e+00 7.683138302374237227e+00
7.978314972375561531e+00 3.334194718392717860e+00 7.029665335679702309e+00
8.259875715974176913e+00 3.316515719685535046e+00 7.226298093026275460e+00
8.310441182640614599e+00 3.339163903545790735e+00 8.412864074301557693e+00
8.696169796831576093e+00 3.306777552853743529e+00 6.550155326994373084e+00
1.509844603573973654e+00 3.436723688736765148e+00 4.190168018452578025e+00
4.710369282261974710e+00 3.402583763264982242e+00 3.690794826431506692e+00
6.683781785311284196e+00 3.418043027024876945e+00 8.819945327999711537e+00
7.575191364057799248e+00 3.419107438338084393e+00 8.116187612501573057e+00
7.685951093775819309e+00 3.427801942369947508e+00 5.978260985505349012e+00
8.512661123581962030e+00 3.380047161688837232e+00 7.193175823815536774e+00
8.852804752291433488e+00 3.419361394539921051e+00 5.234387413490717122e+00
9.581876308527586872e+00 3.431593160141346743e+00 4.699768784043455661e+00
9.593454205148898239e+00 3.365342269878914827e+00 8.192541114805454328e+00
9.890626374580037350e+00 3.443447010080572745e+00 7.313968368073851423e+00
6.359786157204299073e+00 3.493916426108762963e+00 7.908880539507632257e+00
6.682748337167581099e+00 3.500228773658212056e+00 2.841743392138369906e+00
7.996109454843008280e+00 3.461316169122207853e+00 8.664728627214870471e+00
8.387070320236279741e+00 3.464537621191448924e+00 6.174366399730075727e+00
8.861912185761132932e+00 3.444126275589616260e+00 5.058037181780893121e+00
9.201543789363119785e+00 3.494538345755830999e+00 8.409286509146349786e+00
9.624699932146906889e+00 3.482170367569639602e+00 6.162463907602017343e+00
1.192231261609181914e+00 3.568046044434319608e+00 4.952290862234350222e+00
1.378020379072742330e+00 3.567582661220994655e+00 4.067825782343200913e+00
2.260359458185862369e+00 3.577965914287413618e+00 5.033000827303745872e+00
5.002762327038341894e+00 3.518703647419214597e+00 2.109425492862471607e+00
5.723162523030870474e+00 3.595040988862601150e+00 3.622071609732561814e+00
8.172271058013016898e+00 3.553822765250243876e+00 9.103907695419415802e+00
9.718174565383847607e+00 3.562880413644353705e+00 7.393638677235520262e+00
3.825253619930049087e-01 3.639752301937898338e+00 4.979388079055488525e+00
8.790778383722199774e-01 3.622333674287561589e+00 2.030803555643034830e+00
1.500464536431282081e+00 3.651718390993425878e+00 5.660139115523191933e+00
1.985159060091196803e+00 3.638869342063221879e+00 5.800198555680085022e+00
4.118257729560578895e+00 3.670585729893820481e+00 4.617905976634487430e+00
5.108441809306702552e+00 3.660522885064350085e+00 6.224115702579736009e+00
5.541795027930258577e+00 3.658605718176382471e+00 4.606706127701838405e+00
6.655579216106145779e+00 3.636323727514577886e+00 7.369176588054108024e+00
6.766587384725527343e+00 3.613138908608963362e+00 2.850608425262116441e+00
6.750862940203606222e+00 3.667595291399989854e+00 6.977129296699907002e+00
7.111677403673473563e+00 3.647102508684634259e+00 6.790823788962330632e+00
7.217756598432643500e+00 3.665630810944838558e+00 9.028701799782389514e+00
7.417037110075789030e+00 3.669251932907377167e+00 8.691287842200893010e+00
7.747689373534345947e+00 3.652797857495791334e+00 7.991874868106043195e+00
5.287395551842299923e+00 3.698341833021307146e+00 6.941814997430578060e+00
5.653174208051316540e+00 3.696879545715919146e+00 3.034901288800647023e+00
6.324932589687318085e+00 3.730944753421060689e+00 6.402235529733923514e+00
8.136666795113551842e+00 3.741434340364703015e+00 5.194789198236994920e+00
3.147079602467421910e-01 3.773356457783124895e+00 5.331539050551242553e+00
3.525431861815926382e-01 3.782311058234487433e+00 3.549377194101522637e+00
1.964322407427213868e+00 3.826659212708379165e+00 6.734106070417366752e+00
4.262826546645795744e+00 3.780820914782560216e+00 4.069995108841299114e+00
4.726504111308397427e+00 3.786605594421568632e+00 2.359249057156953100e+00
5.113191476069602892e+00 3.804674339107320336e+00 3.363786967852473886e+00
5.834792282676436237e+00 3.759129852485962431e+00 3.755865895683767608e+00
6.778392450721387519e+00 3.782202232107080953e+00 6.922552038229275340e+00
6.839300518688187225e+00 3.799910937174356018e+00 9.623963087839300101e+00
7.053747859682498955e+00 3.781670523850120258e+00 6.565464204171709284e-01
7.734280734591234996e+00 3.786649035870919278e+00 1.355671039166150393e+00
7.818031907278489179e+00 3.804647223137867851e+00 6.704567540603204812e+00
8.008610412796739908e+00 3.741800679888331427e+00 7.277520981245864107e+00
9.616278048385733968e+00 3.800833336575606847e+00 5.007631471126088307e+00
7.576271665736986627e-01 3.872314873005144431e+00 6.609062489985394251e+00
8.666665323140119170e-01 3.851907263789335012e+00 7.211445991000394962e+00
7.505682806554748510e+00 3.901151403571554432e+00 7.599071353257326855e+00
7.544636868806982477e+00 3.877988867282495811e+00 7.510462754827369025e+00
7.937939554176162815e+00 3.879813029542881431e+00 7.196379229213505369e+00
7.976492165464813766e+00 3.897515396614861238e+00 9.949055876769365980e+00
8.159012087220819609e+00 3.885716584624057113e+00 8.080436463543108516e+00
1.085618195674700193e+00 3.917658818520836306e+00 7.012192542885001600e+00
1.748934458872429598e+00 3.941990910785068358e+00 2.475515536011156481e+00
4.965890621824747164e+00 3.954600374858716183e+00 3.435424382897759532e+00
4.964357481225181168e+00 3.965756507893766880e+00 5.343331398571050883e+00
5.757008979592661113e+00 3.955443669506680138e+00 4.664107812621013593e+00
6.862434968285785253e+00 3.974783058243422484e+00 6.562972910732070453e+00
7.491625990766724641e+00 3.934630355669300528e+00 7.537278915512830579e+00
7.889211282046492357e+00 3.909902226229584166e+00 8.383687217456300189e+00
8.020765984438273932e+00 3.922855772653339734e+00 6.975717650097005063e+00
8.348037355619970512e+00 3.916275371360764535e+00 8.223371034718212513e+00
4.562305907487879120e-01 4.029853311204107058e+00 7.558136509567249028e+00
3.773536382537947986e+00 4.060814579592945783e+00 6.129158962245046638e+00
4.776845841818072813e+00 4.048392484877517461e+00 5.498797689575495085e+00
6.452761008194311643e+00 4.065962970372185126e+00 7.560240266398706055e+00
7.304171675245451745e+00 4.027757336778919672e+00 9.560796103830011106e+00
7.855845039113513728e+00 3.990359704244314631e+00 9.870742251989488736e+00
8.370496593906171512e+00 3.991477215179031646e+00 8.897687067814540995e+00
5.418655635700955209e+00 4.132376433209807409e+00 1.105878087822618649e+00
7.043037189440660484e+00 4.099577487960824662e+00 8.249570662297479373e+00
7.211861504882024931e+00 4.141444956223056195e+00 1.859632619622415550e-01
6.173495647592920577e+00 4.245424181662154517e+00 7.709121620570638100e+00
8.325267696922921346e+00 3.988625415124603002e+00 9.508063655897871058e+00
7.616176448137828459e+00 4.127548279701558798e+00 2.487053429664714432e+00
7.997958680602359038e+00 4.111586062037654088e+00 8.974042750883617359e+00
8.166347854027426578e+00 4.090784253367726109e+00 1.207122512768796230e-01
8.535688014445099725e+00 4.061215677608172037e+00 8.065320756829315485e+00
8.739595131396265870e+00 4.099198167301706164e+00 8.125465172206677522e+00
9.034505401222364895e+00 4.104077507171385086e+00 9.070338629635404715e+00
3.002867044457813606e+00 4.187746237559962559e+00 8.147936880341747568e+00
4.499106585403964687e+00 4.193925737173908708e+00 3.067778613938906052e+00
5.032169246804190976e+00 4.183458617489545617e+00 5.852576538290252373e+00
5.677537181750091477e+00 4.149546082015998394e+00 5.115421475273749685e+00
6.316156051171648578e+00 4.161524037817685873e+00 4.482793897662205040e+00
6.681348343245017141e+00 4.172395330673814406e+00 6.432875015759686121e+00
6.872445542300111399e+00 4.181791047139309825e+00 6.452027145070833747e+00
7.065667991671917392e+00 4.211177575456825473e+00 8.267124807014682997e-01
7.187740306415385305e+00 4.165426635048180337e+00 9.400070992128188863e+00
7.601862201320669143e+00 4.165112265699428384e+00 8.880794931703828610e+00
8.766722966029480091e+00 4.204192702627813638e+00 9.687418909057054606e+00
9.266514520962928714e+00 4.197967006273887414e+00 9.766007200112186482e+00
9.460139569423287043e+00 4.160187782944301027e+00 9.117957270054805718e+00
5.567557333446119472e+00 4.215076661728009988e+00 4.988054652141981293e+00
6.685019050739455793e+00 4.251162684925129831e+00 3.164095208146111116e+00
7.043233263761733198e+00 4.245156621982047795e+00 9.523267209944291878e+00
7.117422690550293751e+00 4.223821367734496235e+00 8.240822565903325625e+00
8.023738504767033319e+00 4.236021546677414484e+00 1.978404790153200921e+00
8.959444393393580341e+00 4.270315524484743719e+00 8.760941751202791394e+00
4.266238007792804154e+00 4.345487584666160252e+00 4.283861760804567709e+00
4.298646945270254704e+00 4.344949994399129878e+00 5.652177134611435783e+00
4.951170469177349709e+00 4.358255373891541495e+00 4.396410656735312728e+00
5.024810814935271708e+00 4.306391963989310234e+00 3.482109621790720144e+00
7.115040887133641689e+00 4.329919852228860222e+00 7.372211125005488697e+00
7.267454323764382274e+00 4.326818109411155966e+00 7.616288423905164251e+00
7.566592000076637348e+00 4.353843061891957689e+00 2.127272678262811745e+00
8.748360956053380377e+00 4.328998074161404475e+00 7.714430255923343083e+00
4.630000022830079720e-01 4.406803924498825076e+00 8.391598487813769935e+00
1.091972341144930692e+00 4.428657424335102455e+00 7.577386692173250893e+00
5.619514348303582096e+00 4.398758333425377920e+00 7.900883993767604530e+00
5.635586756634490158e+00 4.452828877922390127e+00 6.330925775829681079e+00
6.565751964544755737e+00 4.057763114631215196e+00 6.588471077985816216e+00
5.111475697670393892e+00 4.796695801336096743e+00 7.106282779568098285e+00
8.077000364594685067e+00 4.398355998870520089e+00 8.515550360251312512e+00
8.506277729401826804e+00 4.421340600329333625e+00 4.948527954523573857e-01
8.926804078801763964e+00 4.460735712902351935e+00 6.681720231776734131e+00
9.309210459370021340e+00 4.398199429890561341e+00 8.604901056559645767e+00
2.141392348715824401e+00 4.521757394818815001e+00 7.037275055836945015e+00
4.831435677015218033e+00 4.524509552528018119e+00 7.921736665886802697e-01
5.504534212356849920e+00 4.493929528815375107e+00 8.102825398750251651e+00
5.802814945860090390e+00 4.466261593313965328e+00 7.375389726697850534e+00
5.973819838819321326e+00 4.489239725297544226e+00 4.125331398970753405e+00
6.388840621101208761e+00 4.520953415539028519e+00 7.005429747152271958e+00
8.497106559147079352e+00 4.471376339608106321e+00 9.059575083826645781e+00
8.602479919964483912e+00 4.468978870563240058e+00 2.278260380668595819e-01
8.877412633965160893e+00 4.498939907982403952e+00 6.751723473601084713e+00
9.504033104793712994e+00 4.511522596474905278e+00 6.772963913173985162e+00
9.913900751259410171e+00 4.485647955673162990e+00 7.358855957326614572e+00
9.856062543819874566e-01 4.571529100683584979e+00 5.112735346616815946e+00
6.776395380191088336e+00 4.598578728891523859e+00 7.553812477740176945e+00
7.682294254497593400e+00 4.531566352936251540e+00 9.594621602049842934e+00
8.214636610461225175e+00 4.573943320304822535e+00 1.308453620262838069e+00
8.693018811117749323e+00 4.577411331134638495e+00 9.908979275770962047e+00
2.220456242267673908e+00 4.680518901767207751e+00 7.184615718624740133e+00
3.612675351978668736e+00 4.606050061057298528e+00 3.769719992658275398e+00
3.841239533026855391e+00 4.682416362146700095e+00 6.414198194860734503e+00
7.136274715482386455e+00 4.673062977053342060e+00 7.466580849368421369e+00
7.764757551236025179e+00 4.613030940095097954e+00 2.122825668458982573e+00
9.591385503091633069e+00 4.668200667104520640e+00 6.392308693200208225e+00
2.764447088965154897e+00 4.755962285644785403e+00 8.178973475575531893e+00
5.995476730336481097e+00 4.724092370035437582e+00 9.450558569164122957e+00
6.586796206644135232e+00 4.697929316558006718e+00 8.406628319021560714e+00
7.748631152014478829e+00 4.746162445081846037e+00 8.668970889438588401e+00
7.812961933552341698e+00 4.686674529438250580e+00 3.002259042782950527e+00
7.871795871443523218e+00 4.712861331822546518e+00 9.678041179691016183e+00
8.267572750245145485e+00 4.690334505376103635e+00 5.324180015989641745e+00
9.272573875565900181e+00 4.711210847565394211e+00 4.742217160811821319e-01
9.473232576336986455e+00 4.737059701796252575e+00 6.967722476556429179e+00
9.631168929014126689e+00 4.727817483849720226e+00 7.842584315584536725e+00
5.406999032097874469e+00 4.797543546986908325e+00 6.225872955574305756e+00
6.766870690537276190e+00 4.795539386080807986e+00 8.491430162358453160e+00
6.991884042366510066e+00 4.808800855487820769e+00 8.004273423553103228e-01
7.214307741882282521e+00 4.803233900132861223e+00 1.160635811150206642e+00
7.218000075016537842e+00 4.819802171338266383e+00 6.463148197168044895e+00
7.538374052718193497e+00 4.780028396900938503e+00 8.021121701729871489e+00
8.012288383513290313e+00 4.790712613163799816e+00 3.876094738186190547e+00
8.571366295173621808e+00 4.777695434521460172e+00 8.832239893049816715e+00
8.614745527176630446e+00 4.782906893910134905e+00 7.854371436363064340e+00
1.990126465161980995e+00 4.903589814318371154e+00 8.391025293370011795e+00
5.120094743134939286e+00 4.889152000940149456e+00 4.868280432355893694e+00
5.746735053798902371e+00 4.893257235549654638e+00 5.231223746200454272e+00
6.287442384494622338e+00 4.902470018963434484e+00 9.706150467157335981e+00
6.811636928203827601e+00 4.869014266289802606e+00 9.108317844684409081e+00
6.894912670005532540e+00 4.916979743906591871e+00 1.709031176343647207e+00
7.516551000734600585e+00 4.846008941813447102e+00 8.647528123322571147e+00
7.900471792587783426e+00 4.877737737648367933e+00 8.412058345206876453e+00
8.693750081143843289e+00 4.855528188484099061e+00 8.486395481598325574e+00
9.051531316809125371e+00 4.900207359928871576e+00 6.426849190137394530e+00
6.573369800932235663e+00 4.987132722433929466e+00 3.892914493083238225e-01
6.780375695853006590e+00 4.932315830228559683e+00 8.586447682758496569e+00
9.069705703035445765e+00 4.944769983086630738e+00 6.534106493295080753e+00
1.516252953598919095e+00 5.003978866216902688e+00 3.936874107973738823e+00
2.563832326337302625e+00 5.048267964777254591e+00 9.089736100290014775e+00
4.291028387998117921e+00 5.004928374961418847e+00 5.422098459670808168e+00
5.380066299708173183e+00 5.002070942105304674e+00 1.607789801199071000e-01
5.725171049352832497e+00 5.002810557549425496e+00 7.794325171700795529e+00
8.674731265719437534e-01 5.142426307548113584e+00 5.102423137473639514e+00
2.386319071949164261e+00 5.150986402213849402e+00 7.193235150223618035e+00
4.675829476629816739e+00 5.092184419000030715e+00 6.134796207289295644e+00
5.158117148076301284e+00 5.126557658680328977e+00 5.345101234756801212e+00
5.242085031484755575e+00 5.073365006999819293e+00 3.445928922639858172e+00
6.120406772402680495e+00 5.137923203171237851e+00 6.614147754619887465e+00
6.944178839561830685e+00 5.072127442508461037e+00 8.877336423687529177e+00
7.161031714484130895e+00 5.128806576045076504e+00 7.972178018023243773e+00
7.184606601418428440e+00 5.095663085421992200e+00 9.095025941633958055e+00
7.579172259342077389e+00 5.168313785255104875e+00 1.542110100565853292e-01
7.900963760992437912e+00 5.095122154813146231e+00 6.347640577601326939e+00
4.592056075312445529e+00 5.200905830559837462e+00 9.769730741717605582e+00
5.620232004190004460e+00 5.184569072541259871e+00 5.092461300329116369e+00
5.784799311825851831e+00 5.230151747222890002e+00 9.952639352358295000e+00
6.858118089075411206e+00 5.155930307426842774e+00 1.947585367101465792e+00
6.878205626728934874e+00 5.172615610436684719e+00 9.924450173594143720e+00
7.828923680758109960e+00 5.161950791640496305e+00 4.571795355575494213e+00
7.931760157082834439e+00 5.196492463358167058e+00 3.661029545610494651e-01
8.315880900971915679e+00 5.185905519009900821e+00 8.011594305340050681e+00
4.945171114087782094e+00 5.273522993741137199e+00 5.532004527704973640e+00
6.880076183332764828e+00 4.507165778573034132e+00 6.832459870202480801e+00
6.381440816033699726e+00 6.035638711987248328e+00 8.032067621148343051e+00
6.742583991734540483e+00 5.290182319744587858e+00 9.694818259492377521e+00
6.831525244927072471e+00 5.246265995375861024e+00 7.855869679833008767e+00
7.287948208271709305e+00 5.243121504287411305e+00 6.185016117666325641e+00
7.439193788440066513e+00 5.290972713877225786e+00 1.291887620390406610e+00
7.507262109720352683e+00 5.254218962746435295e+00 8.745139597640909201e+00
7.705793021604078419e+00 5.240152882013315860e+00 2.536844738410068412e-01
4.594211248705653006e+00 5.378675075508740022e+00 7.928187135394858309e+00
4.924472824237761337e+00 5.378493964126283444e+00 8.106934990078320524e+00
5.790087461062949359e+00 5.385141944737881659e+00 3.992816869328095208e+00
7.251706869726798566e+00 5.337822200558668406e+00 8.485839704912621073e+00
4.896771465180776772e+00 5.398326046471754402e+00 9.897820038756403704e+00
5.061635686060031780e+00 5.422712195263136969e+00 5.979979921574261503e+00
6.287249412754176703e+00 5.448055344340883899e+00 6.920643954150644817e+00
6.835299065929643980e+00 5.432968023057205720e+00 9.804609948134935138e+00
7.230200008981520376e+00 5.402801421203108134e+00 7.151107047651532322e-02
7.195687858845301932e+00 5.430725245457604267e+00 1.249627116116398984e+00
7.262775519342170583e+00 5.412324917324563778e+00 7.430448692466442573e+00
7.551958193604957792e+00 5.396907822517306386e+00 6.513823711700874597e+00
8.040163586329667211e+00 5.393535082520492629e+00 7.497852221257687688e+00
8.651121205674787262e+00 5.399935385843885882e+00 7.148131203778891773e+00
8.989259722513022410e+00 5.452132443846545051e+00 9.426438596819727067e+00
7.703396917976343961e-01 5.502329122239380865e+00 5.748406283144896989e+00
2.676332863049927457e+00 5.487635312142016275e+00 7.401378214643012932e+00
4.842175034353323859e+00 5.514296650698371494e+00 8.419952745488336276e+00
5.388054934150546593e+00 5.532308838171930532e+00 4.226962129074083308e+00
7.140826166338388958e+00 5.499495611381734150e+00 7.123232899053827616e+00
7.381099479677879494e+00 5.510828367194939403e+00 6.996647522134586961e-01
8.023580037493436734e+00 5.507738555518884915e+00 6.770101682403842358e-02
8.816062596692346709e-01 5.598754782215217496e+00 6.663795460286555894e+00
5.023972093521919646e+00 5.566660740870489121e+00 2.805256174739119146e+00
5.065426205021712036e+00 5.592094742318625578e+00 9.435367805852017398e+00
5.121106354859488619e+00 5.620742360001498739e+00 8.397898656604287027e+00
6.585639939082462035e+00 5.640851668823164466e+00 7.741711858178801364e-01
6.848745931198923387e+00 5.535989618095204179e+00 9.602902468145680714e+00
6.906130782924867262e+00 5.576679428732856714e+00 1.658211692171083218e-01
7.717196816501989076e+00 5.571423100487555402e+00 1.152469170503435336e+00
8.375030500513361176e+00 5.534902234846800440e+00 8.233860757025770027e+00
3.266225899161054436e+00 5.629372725356338591e+00 8.252337721795575121e+00
3.595691531036295352e+00 5.647385574261853947e+00 6.234540489999730539e+00
6.206187830866382704e+00 5.697116086759745457e+00 7.527680303040545695e+00
6.647119100596823316e+00 5.683879509115531192e+00 8.781177287662833564e-01
6.721325650862527645e+00 5.620613835901727029e+00 8.232444642905150545e+00
7.662414316028264949e+00 5.722275101873883330e+00 5.367643859665999884e+00
8.106193593589091861e+00 5.625628482675310238e+00 7.093342586699573626e-01
8.109950253237952822e+00 5.698755467128620467e+00 5.076925402064164317e+00
4.848387062620306054e+00 5.763316708629699470e+00 9.283871167933359203e+00
7.688977330660202725e+00 5.746939104757361250e+00 5.341281511782010938e+00
2.095578960492197051e+00 5.781844254452158438e+00 7.473216328550815746e+00
4.700459471689947044e+00 5.834740033772129131e+00 8.501766879949144595e+00
5.984527006084260137e+00 5.788250329219180479e+00 5.461991021043264283e+00
6.402660496692766046e+00 5.821494455559238723e+00 5.654874434702129804e+00
6.673516745557297014e+00 5.794814561718257373e+00 5.001571292435574634e+00
9.182651059072476585e+00 5.817272119803920560e+00 5.400621721927945096e-01
4.812568187755582372e+00 5.893742799157944745e+00 9.362279645644202120e+00
5.805212746663218404e+00 5.883780416720263418e+00 4.150050902687657528e-01
6.353727899326036876e+00 5.890093961283129786e+00 7.144310815420975125e+00
6.649701690297707302e+00 5.858031738997489413e+00 5.176553075440223362e-01
6.721537035886417932e+00 5.909329247761626824e+00 1.611136063634426296e+00
6.899240087830192714e+00 5.904862943448181412e+00 7.466817775268397295e-01
7.592000863516238596e+00 5.875446490719833825e+00 4.153327357266890729e+00
8.418607677344787987e+00 5.851427564692876615e+00 7.669562944269324056e+00
8.729961501064725127e+00 5.862683405194307085e+00 8.014196280644291903e+00
3.339023335779384150e-01 5.960559822410979258e+00 6.713048835052729757e+00
2.767390545024166926e+00 6.013344023702534180e+00 9.415073295498730843e+00
4.644327402979240738e+00 5.963801935068716809e+00 8.924766669206029235e+00
5.826004128226919043e+00 5.948165913366056934e+00 9.545334161952755636e+00
7.017004944262899890e+00 5.976827759155915132e+00 6.742858910202980116e-01
7.974953954684256274e+00 5.994952369999322350e+00 4.321952028923414346e+00
5.407578316571552968e+00 6.078186872590316092e+00 8.951431584780459971e+00
6.461379764329769237e+00 6.083348676922631704e+00 4.356519675990922380e+00
8.187599919342162025e+00 6.051866672310688422e+00 3.099138966503617088e+00
5.423286310611434402e+00 6.089105584377214164e+00 8.934684887628357330e+00
6.809479429938821049e+00 6.094572387800692326e+00 1.522389677406463360e+00
7.073003115451284906e+00 6.127632219463865937e+00 3.945931717751574475e+00
5.735237791823632136e+00 6.195668033855634249e+00 5.005968839242296298e+00
5.745448094965821539e+00 6.227229715440486757e+00 9.811591587189099073e+00
6.860610402096225968e+00 6.214461160198350598e+00 8.672930043621486007e+00
6.887558262045534008e+00 6.214199261413582143e+00 4.441211508318847478e-01
7.879341461203622998e+00 6.226277991619444840e+00 5.024467062680308516e+00
4.651918795512045568e-01 6.316016223141519781e+00 1.248845795832733419e-01
6.081502791580053469e+00 6.251266622018887276e+00 4.138245994213868961e+00
7.103266587309627234e+00 6.252893122181848007e+00 4.359884017121059330e+00
7.556419645777294747e+00 6.310440492390879008e+00 8.124960590198565313e+00
8.540463170135382143e+00 6.308448169183868970e+00 7.159142680208054443e+00
9.033560314064327912e+00 6.319427794253709152e+00 1.889644898664757378e+00
6.358537933172219603e+00 6.352462391585147472e+00 4.938115076319344876e-01
6.337328764496879430e+00 6.359512574771898130e+00 7.034208534610192132e+00
6.462773895210332853e+00 6.377951499585267747e+00 9.551815181907318930e+00
6.975077965519442813e+00 6.387868499837033198e+00 9.521169144467737766e+00
7.238877042806135087e+00 6.396629898857692176e+00 5.297501728706650148e+00
8.105113981324112871e+00 6.371378381311526340e+00 4.688418119863322353e+00
3.395018994150573732e+00 6.429142340692959756e+00 1.604774513005824965e-01
6.107492982497295664e+00 6.425717266855762944e+00 6.046392082932674050e+00
7.036067867300327627e+00 8.240426480636887874e+00 5.866939964164037846e+00
3.806538626573972017e-01 6.494672019094847037e+00 8.285027256912107063e+00
4.718483057986328610e+00 6.517811816618744203e+00 8.810146899598231940e+00
5.410600534679547380e+00 6.525005933872690456e+00 8.045280942146970204e+00
5.658959617200410186e+00 6.487418761437559134e+00 5.037883900715138807e+00
6.428494377669964344e+00 6.553133476286918224e+00 6.896264164825803178e+00
6.564003947955830753e+00 6.520146792943968705e+00 5.667090406894001120e+00
6.933479412155499233e+00 4.722351969117088544e+00 6.312138078950228604e+00
7.908607930203858771e+00 6.521729661600533134e+00 4.209876868953406515e+00
8.283615743595483139e+00 6.486500847470155762e+00 6.690182608636410677e+00
4.430205206244579585e+00 6.618735403680812368e+00 6.154350212124002795e+00
6.304736350432126990e+00 6.559599561376867172e+00 6.491590329188882791e+00
6.665859336030647952e+00 6.566648588356789773e+00 8.218192647124741512e+00
5.868325944392361215e+00 6.651075879136625346e+00 6.952880181534194293e+00
6.042918154014824239e+00 6.730345710518292002e+00 8.049178047178877193e+00
6.441907357386212674e+00 6.708233575795653714e+00 6.143410094131733501e-02
6.517490002574030328e+00 6.696381312337417846e+00 6.949157996786285985e+00
7.704491420512479039e+00 6.689892366317448769e+00 4.569629075264193929e+00
4.571326301679900617e+00 6.745529314065055182e+00 7.475681292910397957e+00
5.543615454550649524e+00 6.737435198050270913e+00 2.804682059723727361e-02
5.553751161085494381e+00 6.767166697833680189e+00 8.577396990070415228e+00
5.747878429343107776e+00 6.794141049284059264e+00 8.411147595317890691e+00
6.310469461430225024e+00 6.738386481992909793e+00 6.532877979593771922e-01
6.277611502402367982e+00 6.762323881576364215e+00 4.896231380904257691e+00
4.765843037638357593e+00 6.857962391951732073e+00 8.009713608094498838e+00
5.734649694162824218e+00 6.819219969495274647e+00 7.117900976560267434e-01
5.778675272721603307e+00 6.805353856467689866e+00 5.669907649986704712e+00
6.386392977368080537e+00 6.828092477649315484e+00 3.946487613491040047e+00
6.467022042149720207e+00 6.853714820017686726e+00 4.429848348996051399e+00
9.616308156994143985e+00 6.868346301563674317e+00 9.970291314814963002e-01
7.228041524151531672e-01 6.902004128089981094e+00 6.208575963308883061e+00
3.727709269222446942e+00 6.912452743415967937e+00 7.517929883384798728e+00
5.247142359801721945e+00 6.888402174607733741e+00 5.832169197965873408e+00
5.361929982894479529e+00 6.891695179465937571e+00 8.756359083801511289e+00
6.032650338333660933e+00 6.927904529573249093e+00 3.855093857843437277e+00
6.098883319217790699e+00 6.891077279778561326e+00 8.043750229445580047e+00
6.216356288652891138e+00 6.908256291189484699e+00 8.309785417124494700e+00
6.708877392954585517e+00 6.947092921690768641e+00 8.645171930105128411e+00
7.161273132688242171e+00 6.932070890290015441e+00 5.296051193070796970e+00
7.627531443457143290e+00 6.926885764480671170e+00 8.020276534326901796e+00
1.117174520971469853e+00 7.009578767703667168e+00 7.669811137164114001e+00
1.456122661405008234e+00 6.994962210297223315e+00 9.312251613783804061e+00
4.091849736041947239e+00 6.990144007999497866e+00 6.513956871829344131e+00
6.693496939495979348e+00 6.958125510969116689e+00 8.543435505044525868e+00
7.479896388197697199e+00 6.983824172519653040e+00 3.546745842214095390e+00
7.446642988048068013e+00 6.961131289854363580e+00 7.976934473353633592e+00
2.024511996662859414e-01 7.105052179082731456e+00 9.218045158190840027e+00
4.248995887204498167e+00 7.060192666362180347e+00 8.704565945753959255e+00
5.168635614619890184e+00 7.108411672745874377e+00 7.034655317405261954e+00
5.241907922175623291e+00 7.040128181312159228e+00 8.994654853067070022e+00
5.396328864138219217e+00 7.085893058628778718e+00 5.269780421366780487e+00
5.333052532298631299e+00 7.058447127348202343e+00 9.111609165097096508e+00
5.504583018054609589e+00 7.047986988383819096e+00 9.743342943917868482e+00
5.976247144304893233e+00 7.044656064087272185e+00 8.176275749840623774e+00
6.575547021459824393e+00 7.037343242379193953e+00 5.214483864886267028e+00
6.557495531460190819e+00 7.050352612053139900e+00 6.791705314222993728e+00
9.430080172925240589e+00 7.096984201222556798e+00 1.933715542745773952e+00
3.546869316108431480e+00 7.171275594091400585e+00 7.738328927146923775e+00
4.616926397632349577e+00 7.154910625782473943e+00 3.935266644693202309e+00
5.508062082446402385e+00 7.160013225668365955e+00 8.537554213778368872e-01
5.896941265372963592e+00 7.112585609371105733e+00 9.090567396794325461e+00
6.258223842091483746e+00 7.115005061435499378e+00 7.699533794001338638e-01
6.874486575478250039e+00 7.171151160827903936e+00 6.492889110449556966e+00
6.864345705217862026e+00 7.136083602487586219e+00 8.711664147492431454e+00
1.427680347627557467e+00 7.248242269521058212e+00 9.000128619998173818e+00
3.878580490244531109e+00 7.210340472706397108e+00 7.546795232554851296e+00
4.360286696787388117e+00 7.246359482875288194e+00 1.243593905859072368e+00
4.680083088599904073e+00 7.214942136558375019e+00 1.829730011387828426e-01
5.038617549695477926e+00 7.256297326657333180e+00 7.077349359016141150e+00
5.340382893377666917e+00 7.235080607016264764e+00 8.515834780686801775e-01
5.816707553072735237e+00 7.216020240567528887e+00 3.562115641095416896e-01
5.905377106070536897e+00 7.234695037648981142e+00 9.614218563481220059e+00
7.023904364798264410e+00 7.198112335073640011e+00 4.845322618163432793e+00
6.730525653234653127e+00 7.251913712889324515e+00 6.924439633593451937e+00
3.336208755987478458e+00 7.348819976766398199e+00 7.746561093121581365e+00
3.719260435720376456e+00 7.338670887273519128e+00 7.709186436079916049e+00
4.723696895897957937e+00 7.406845002201857042e+00 8.034008004647123613e+00
5.601575718123107173e+00 7.379769687536120060e+00 4.687318892530393910e+00
5.609667635979510791e+00 7.393850614664687626e+00 7.565186785009576198e+00
5.888399861718860429e+00 7.356259319846843781e+00 9.625156789788377409e+00
6.786083648275885949e+00 8.245085591538098058e+00 -4.946140842904523938e-01
2.085833447925473649e-01 7.484358692569944793e+00 2.526131301768914650e-01
1.827251122397996586e+00 7.465698942349821010e+00 8.763922960486571156e+00
3.978708764167394385e+00 7.439024700756736941e+00 7.266907035182827990e+00
4.762562588294467325e+00 7.485224468685881760e+00 8.541178789213741851e+00
6.326726986191115287e+00 6.617600909132281828e+00 1.109138409803716474e+00
6.567725232793660162e+00 7.420823491411246309e+00 6.076920801181571186e-01
6.843095877735601462e+00 7.460193439610701915e+00 6.640296536059635546e-01
7.914193149362856339e+00 7.437754180609610799e+00 6.233068042557608379e+00
4.501413595958366543e+00 7.574492441245205043e+00 8.936834420371493337e+00
4.478381529310378362e+00 7.556312943661190218e+00 9.917677174596942535e+00
5.859066590871625735e+00 7.541375546222878867e+00 2.872311256801792112e+00
5.803429894896966701e+00 7.553030583040738932e+00 5.186860268070058844e+00
6.098743728817822785e+00 7.556281041771834239e+00 4.230662134665577945e+00
1.057489761040986131e+00 7.623423409884057200e+00 8.226058804308484795e+00
3.755404640127738780e+00 7.624079044020918516e+00 1.175624191225038473e+00
4.824129479608856741e+00 7.631735394730696953e+00 6.716475173746839999e+00
5.941660739249820189e+00 7.630462523752862936e+00 6.825576666245440016e+00
4.163097986886405977e+00 7.667439786821052650e+00 6.465528555644007191e+00
4.439108955617542485e+00 7.692139838623894832e+00 9.661993049442449077e+00
6.357302281499674024e+00 7.710531768402887565e+00 6.199263624643146287e+00
6.445768991982746776e+00 7.654500131500984850e+00 8.348969093438800115e+00
7.345402800345350869e+00 7.708976822546354413e+00 4.055977114619291335e+00
4.025988341110779523e+00 7.826205051921510503e+00 8.222673898348492827e+00
5.187515406393774953e+00 7.797975820824569304e+00 7.303458569349530194e+00
4.275687000261479298e+00 8.047840496442960401e+00 7.671178046112052229e+00
4.544744453185271205e+00 7.865618645442138401e+00 7.293706869581473740e+00
4.819406582456763566e+00 7.875677097679377070e+00 5.816285630437754151e+00
4.925961207578114731e+00 7.851289343120839703e+00 8.927092528247973391e+00
5.049052937757214643e+00 7.866950058546109403e+00 7.165935063473451161e-02
5.086188941172771649e+00 7.864736721940682074e+00 1.602336224323233083e+00
5.392154327406102787e+00 7.831077269711055777e+00 5.116488699230428594e+00
5.432952977643163983e+00 7.845321779893104974e+00 8.422546669521469909e+00
6.603738822091340666e+00 7.801065886198241373e+00 5.980013186063104946e+00
6.593675512386949933e+00 7.818896159950147862e+00 9.594611307244269582e+00
6.992919139532625117e+00 7.864863841664483601e+00 8.360835410278117052e+00
2.684769724931109769e-01 7.949898674635397455e+00 2.110077115463422359e+00
3.793109687572923328e+00 7.726103637969524485e+00 8.626737348540000738e+00
4.577706410198701725e+00 7.942706621613313089e+00 6.487744149545704886e+00
4.711891289800250959e+00 7.913066587737862534e+00 9.119661563674753779e+00
4.936223710953766108e+00 7.924518222377953336e+00 5.848951491996601249e+00
5.286968993712817699e+00 7.901017674810661973e+00 8.880758851236992157e+00
5.271865402350880636e+00 7.909591044851608466e+00 9.215485596397490653e+00
6.105600817219699827e+00 7.877679436635068200e+00 9.508608248119010398e+00
7.862107309453497450e+00 7.886357924506048889e+00 6.453035058949510017e+00
2.003886574898077200e+00 8.020348380878104422e+00 9.964149512773619932e+00
4.013523768503033828e+00 7.977274653460542098e+00 8.080520530473631169e+00
4.007567837191329474e+00 8.031613650052559450e+00 7.917724204884415418e-01
4.977428587736681287e+00 8.010531361784991589e+00 6.118730291470978244e+00
5.545466242773975374e+00 8.021735450778127330e+00 6.516792238945344984e+00
3.196906994354371534e+00 8.072180449491304088e+00 8.764668809862676824e+00
3.513145147947532188e+00 8.115732068960694434e+00 1.044035109347159818e+00
3.866148386880585264e+00 8.072343461092769346e+00 9.141135235030624528e+00
4.995073922636853681e+00 8.039720187119719697e+00 7.240455203962275377e+00
5.305046397869054076e+00 8.111349092912611525e+00 8.001267765348984540e+00
5.644723349239755272e+00 7.694980559215393257e+00 7.383767633274578301e+00
6.987564410154973871e+00 8.072509806500939078e+00 8.227577007803882125e+00
7.640869862758184472e-02 8.162717166590576667e+00 6.432785825353377618e+00
5.942178826591142382e-01 8.150089875090261060e+00 6.548803213780697519e+00
1.086444632036213775e+00 8.122161836900131604e+00 6.741086657321989861e+00
1.299831115446155483e+00 8.184862796155524478e+00 6.244651757131527425e+00
4.954519461448063211e+00 8.176620518331848331e+00 6.403325288376187530e+00
5.757167268634620250e+00 8.176311247335238619e+00 9.139985346623923590e+00
6.009979185937591062e+00 8.176521547813807800e+00 1.805815847069904390e+00
6.549921266442124690e+00 8.526223443001004654e+00 5.611394665104629809e+00
6.250382040651861537e+00 8.168288095378265723e+00 6.325519375901078156e+00
6.622056656910288552e+00 8.163889489365498520e+00 3.328614379323712846e+00
6.709265012737501976e+00 8.130306867765209944e+00 2.335779607079484954e+00
9.647015561022056929e+00 8.136839877288576162e+00 7.541810474710302081e+00
1.820433348340308566e+00 8.212493156996263366e+00 9.967940428662023677e+00
2.787755332485371884e+00 8.220753486369950735e+00 1.385601520812243526e-01
2.860776561562284659e+00 8.208059030749669915e+00 9.524692638452256332e+00
4.776804202602367155e+00 8.197716462833904316e+00 7.146574815122926694e+00
5.555686816491478552e+00 8.217416829669712541e+00 2.269363966318485470e+00
6.063296413302821541e+00 8.247654306540317393e+00 6.553800780608447507e-01
6.810962332843683242e+00 8.227488995163909635e+00 9.335084602344194238e+00
1.726763800468764654e-01 8.341883147333142290e+00 6.910087110967024771e+00
2.257144894311258643e+00 8.305906935201226915e+00 5.855798781165412470e-02
4.535940165705147464e+00 8.278585305006583184e+00 6.695176697949045241e+00
4.856408535211585331e+00 8.285194028609115691e+00 7.988748411748675338e+00
5.493403994944757507e+00 8.330311179961434220e+00 6.416118395162042631e+00
5.495682354121653290e+00 8.278844542085749936e+00 7.046838937813767245e+00
9.856740161809561585e+00 8.309855424576799265e+00 2.919259451471295286e+00
4.986763609814111042e+00 8.411781985058267352e+00 6.200746664107049888e+00
9.275080786301616698e+00 8.404883205676874525e+00 7.113372975095812123e+00
8.158801894600151705e-01 8.494760159898746110e+00 8.943786690618260593e+00
5.104388928461477626e+00 8.498077799944159239e+00 5.067923053556357083e+00
2.337345822648649318e-01 8.559502551473524790e+00 2.844780044217743775e+00
4.092202301538011788e+00 8.543600667217688738e+00 9.615400188256295166e+00
4.209257415701895155e+00 8.533572218108247398e+00 5.986269147198503227e+00
5.229817265209224963e+00 8.532197207678214212e+00 8.592979788748079883e+00
5.326674753843353649e+00 8.555144378733636756e+00 9.226764627579690625e+00
6.529965260003285366e+00 8.542639193041466683e+00 1.566415826808547962e+00
4.307096078905665593e+00 8.612584460330623415e+00 8.739788445755268143e+00
4.745656404743738399e+00 8.641706663462299431e+00 7.108910589958670201e+00
5.219491155910400693e+00 8.600862186852790359e+00 5.899338226331513724e+00
5.249910158481298161e+00 8.645652369557117467e+00 8.389280964133327245e+00
7.802800498061730039e+00 8.643483694085869473e+00 2.524884168076582114e+00
2.912955169107646070e-01 8.713972473387688211e+00 2.369249734571168720e+00
3.732676667601503517e+00 8.720838843803313978e+00 2.298814868284452473e+00
3.954312556424036007e+00 8.718675142373813358e+00 3.779058476874192163e+00
4.509682944226172552e+00 8.717755043264341808e+00 6.952302744245900001e+00
4.674836435740181706e+00 8.721663967277260454e+00 7.322662221462655552e+00
7.848207473515053323e+00 8.682681542162486110e+00 3.999836839081759798e+00
7.936486497631722870e+00 8.697549899325952794e+00 1.469570440602194328e+00
8.379234946342913659e+00 8.712864474298314121e+00 3.709848589990240253e+00
2.383156437381782844e+00 8.759944137162674949e+00 6.110041613795636373e+00
4.394464569299209700e+00 8.766263820018886932e+00 6.684488094297824645e-01
4.538600894370841132e+00 8.801371398953852676e+00 8.526133553422026168e+00
5.511135199929310780e+00 8.811896063224718745e+00 1.604358067374525465e+00
6.028425289762799011e+00 8.797615329443008392e+00 2.664479813034873690e+00
6.559102078918316536e+00 8.767735021695862940e+00 3.354468210860997335e+00
6.680644022931568671e+00 8.754690548968612873e+00 1.610371953369854836e+00
9.784162618226597274e+00 8.787425219217055883e+00 3.563360275649222864e+00
5.287945468879119204e+00 8.873847680779956448e+00 6.625528613343869111e+00
5.934523202022593757e+00 8.836956366867134705e+00 4.757179788812000432e+00
6.277155087741085993e+00 8.816883552704226190e+00 7.207527928001850270e+00
6.846926790147333186e+00 8.853927478752261493e+00 7.946119614056330605e+00
7.812814902695327746e+00 8.862531348686106369e+00 2.171008345861079825e+00
4.144495444383658800e+00 8.963064719752841469e+00 7.652423085226880417e+00
5.153838422942875752e+00 8.927012052397273578e+00 9.024790950099541575e-01
5.457830440044920906e+00 8.901577820634479110e+00 8.482300971669642919e+00
5.504078512551220825e+00 8.924369745095233952e+00 9.796279140360388382e+00
6.431168832148014936e+00 8.951307921741971541e+00 1.359950846244667666e+00
7.506882919162197965e+00 8.925529855291774339e+00 2.127667767461160597e+00
7.915185273894955742e+00 8.968837041395183007e+00 1.928136381226536855e+00
8.976387556143100577e-02 9.016722330050042089e+00 3.429139525469346861e+00
4.308771782017737362e-01 9.028182096025593850e+00 3.302862117154228283e+00
3.988537976100123394e+00 8.993068948636230076e+00 8.565961503101231500e+00
4.555997659462052596e+00 9.008703470759048315e+00 7.266662761845941176e-01
5.948629803777678582e+00 8.972276886794066542e+00 8.097139866250913087e+00
6.298104155416575978e+00 9.010809749482117326e+00 1.118492302426195018e+00
8.066872889625031462e+00 9.001113530384827754e+00 7.648331105900429527e+00
9.476334375923197939e+00 9.020700244315893457e+00 1.248240693925972256e+00
9.604955228304289605e+00 8.986915392595488328e+00 3.592282164887126150e+00
2.724258467724887112e+00 9.092955977169156156e+00 3.316347773224658901e+00
3.649667955687127652e+00 9.069132990931249694e+00 3.860580127314109156e+00
3.983380216710171950e+00 9.111698255855873896e+00 6.787935037927684157e+00
4.591356542384470885e+00 9.071044681739131477e+00 7.768866978567920967e+00
5.356884979981951567e+00 9.129140844980851099e+00 1.100437016084345743e+00
5.912312334581833362e+00 9.078225957497437548e+00 6.230715084936983672e+00
6.162167771940490368e+00 9.050903953880819586e+00 8.865530838876832576e+00
6.250078426151194577e+00 9.067495617213193526e+00 9.908405649316714303e+00
6.404803829862292019e+00 9.092644810839784597e+00 2.317731778494125372e+00
6.449244744205735458e+00 9.108946621527501009e+00 7.586183435335149383e+00
6.973517657043546869e+00 9.124175282212462434e+00 2.337277779564970182e+00
7.775626307453000763e+00 9.105922018467182966e+00 2.061564941746854451e+00
4.063364781060132103e+00 9.193076815101534294e+00 5.969155491003019343e+00
5.741581183405332744e+00 9.134401029463482757e+00 7.014990412270048381e+00
5.697351328732767506e+00 9.184439940957933146e+00 8.253143474237271349e+00
5.988300651659534068e+00 9.182977845633914171e+00 9.773004187560639267e+00
6.620686032730105808e+00 9.201096857191064515e+00 4.678004514133943914e+00
7.722791976931087987e+00 9.154536689715264686e+00 2.188683979813007774e+00
8.915026894946786129e+00 9.146233583136297085e+00 7.691363125072236073e+00
3.600958777348581386e+00 9.276001552104164105e+00 5.889410001581010690e+00
4.327664866773911712e+00 9.248598346653995605e+00 2.172829930676797972e+00
5.628549326008521092e+00 9.238437246894577015e+00 3.715188553103558888e-01
5.823113297004894662e+00 9.231639250900261828e+00 1.892748999089035600e+00
5.836607074189592126e+00 9.218267685940205070e+00 6.705945068275201315e+00
5.935122326792682479e+00 9.245676842871478840e+00 6.584457030804767186e+00
6.914373874446949841e+00 9.260125209111965461e+00 2.190957056901003064e+00
7.617870273194460751e+00 9.214062707226544191e+00 2.045910032084846897e+00
8.164296682796820193e+00 9.230106656167990309e+00 4.373224816698254358e+00
1.591047287705244506e-01 9.319443063795780802e+00 2.100056969605489154e+00
3.961433028085442842e+00 9.358916053284225711e+00 6.406172696934289146e-01
5.462328877550670647e+00 9.298204111979817554e+00 1.303159346426395082e+00
5.517546723562796629e+00 9.332056303029087729e+00 8.261651360144693257e+00
5.545106780439245320e+00 9.403528298068877689e+00 5.603940759466590649e+00
6.218707262049260720e+00 9.354160453788429308e+00 4.160411901891206909e+00
6.600368789714353923e+00 9.297585483847150556e+00 7.676804782851839093e+00
7.048936402325697514e+00 9.333459090594512730e+00 2.496392606731493657e+00
9.767765635859007034e+00 9.334867769738849574e+00 6.371794284402729325e+00
7.345952492633081032e-01 9.436696126237112736e+00 3.151424356495386991e+00
3.201433617412026145e+00 9.433602107671454462e+00 9.694851430233740075e+00
3.440475677223467699e+00 9.413028896093505793e+00 4.755831345314844860e+00
3.685585779467643430e+00 9.375086916550602112e+00 7.427601274860162306e+00
4.016256501536641821e+00 9.433615816545003696e+00 7.671684938182705693e+00
5.247375868528754594e+00 9.386853371798226320e+00 7.143572861013782749e-01
5.600379710939102473e+00 9.274022982193230291e+00 5.681676253028122403e+00
6.241094580164318728e+00 9.416223668425153903e+00 2.006929963524004989e+00
6.758584037476993878e+00 9.352259197995149265e+00 4.633636537425700475e+00
6.882888142099232276e+00 9.361916826626092814e+00 2.484859636134684191e+00
4.084461328119642687e+00 9.445991330857015811e+00 7.718211068888277460e+00
7.293400401429355639e+00 9.488812222745639957e+00 1.830485248164860579e+00
7.923176663407682341e+00 9.496259471198889912e+00 2.568979770555184672e+00
8.215369064273412292e+00 9.513917899564070524e+00 3.071928582409996000e+00
4.518546932678711769e+00 9.577106572247046756e+00 7.293937602735381276e+00
4.707828183619472640e+00 9.552576244213177858e+00 8.537311229529167544e-01
5.040725000231837782e+00 9.525293784949104392e+00 4.053033841379336977e+00
5.367671912380974852e+00 9.512244405666152147e+00 1.386347964690026302e+00
5.941670786739866372e+00 9.557218877785359723e+00 1.286471583797071716e+00
7.212579881880706978e+00 9.539297502849063193e+00 2.312701712932134779e+00
8.415683553715487264e-01 9.644051877834808550e+00 2.906987716672095878e+00
4.096022473144851794e+00 9.615929242259095844e+00 8.387247257992967775e+00
4.138165065124921327e+00 9.599187235419153197e+00 9.762459102322855742e+00
5.033029400270438991e+00 9.630352313273757403e+00 4.836478801492678059e+00
6.919266758251009897e+00 9.648218454628107565e+00 7.441637190927616885e+00
7.076639845347774127e+00 9.596859621311319088e+00 3.618112465039089010e+00
7.437919343434013619e+00 9.622316940502013694e+00 2.552724713967819969e+00
7.748043869946325657e+00 9.621678528010974674e+00 1.844982041838930442e+00
3.000610871679689318e+00 9.720030078191008727e+00 7.107295130433087138e+00
4.589573380050893547e+00 9.699326219008151284e+00 7.996999003311728416e+00
4.875154677580298745e+00 9.736586056014820301e+00 8.067761904268545337e+00
5.436203512379714553e+00 9.717407759854987503e+00 6.267349465758858429e+00
6.205610797853192473e+00 9.685770057869161676e+00 1.677127924469370424e-01
6.546432341867786775e+00 9.693363832729348317e+00 5.567599221089865935e+00
8.759546572414580012e+00 9.700105055243586349e+00 3.568303661159649032e+00
7.423279968091642256e-02 9.816264436612829769e+00 2.410085912585687939e+00
4.467464052818179709e+00 9.750919131586066158e+00 1.661982225519071044e+00
6.067550318186523128e+00 9.774146821884535541e+00 2.017737344113039288e+00
6.360330275228868402e+00 9.805872061043174881e+00 2.549683182145864535e+00
7.547208781121956811e+00 9.768243754240740984e+00 1.792181053097551491e+00
8.229764278283507650e+00 9.817555747277605604e+00 3.263061631809475394e+00
8.687252637419655699e+00 9.793032997829914876e+00 8.595245539698698423e+00
1.938703497634037820e-01 9.856068648798613552e+00 6.351809673137089440e+00
2.629107943161069993e+00 9.861152632709694998e+00 4.798602937531401658e+00
4.575053354897701929e+00 9.833439551756512742e+00 7.459293698652726512e+00
5.199397957989530639e+00 9.851427074457468791e+00 3.668519086911549820e+00
6.822244836832037862e+00 9.855882921216617021e+00 7.771762493190851551e+00
7.776418685021695865e+00 9.876867457433782249e+00 1.034469469013874043e+00
7.726644340454459581e+00 9.865662659456251760e+00 1.963148490994487627e+00
8.911215131950475765e+00 9.875932877938742749e+00 2.453184767709954528e+00
2.967211579559914103e-01 9.972347852392019263e+00 6.546133479997449989e+00
1.949308318641132853e+00 9.943451795436622831e+00 9.507281011025526141e+00
3.551977380175827648e+00 9.969985887809389880e+00 7.249430730026411140e+00
4.223487773488688646e+00 9.949114259656635539e+00 6.608445376050158693e+00
4.273353866863229378e+00 9.911306649646704159e+00 5.024332455967441824e+00
4.790127481795190434e+00 9.945928452331624925e+00 4.544807724560647522e+00
5.221186005538847041e+00 9.927107796082701441e+00 5.160658842465552176e+00
5.335050060873171240e+00 9.969868209802260850e+00 7.371400059936549454e+00
5.968067395923320362e+00 9.903052111912717947e+00 8.411251054243592762e+00
8.238911033002516149e+00 9.945602929087417721e+00 1.750437733646589056e+00
