2.104052879581963520e+00 1.458584930003559155e-02 7.239855878190668115e+00
3.051451410502274975e+00 7.720620440967971860e-04 5.111709864327823816e+00
5.830971547769192576e+00 2.402884746175345393e-02 7.629294197685978496e-01
5.791741809926703510e+00 8.651691175364698005e-03 2.167811673668583961e+00
5.929046023434530355e+00 7.721615577528712082e-02 3.555378979207745038e-01
7.548386185497291123e+00 1.300635258967236182e-02 4.148386100719855030e+00
7.755952790461683399e+00 6.517193910735569196e-02 3.573038077042609562e+00
4.118216511281794112e+00 1.227901469796695011e-01 7.465300275804350960e+00
4.195034851328795611e+00 1.274327930854669000e-01 8.847998048838185525e+00
5.082380126940289955e+00 8.789926821532154100e-02 4.959516096951472441e+00
6.099473509265742166e+00 1.377887865648341759e-01 1.087560167201435224e+00
6.259202267608751313e+00 1.079304416887630069e-01 1.997508624299662916e+00
7.473162826619009991e+00 1.075720526633160423e-01 3.266105380851453077e+00
8.562991067407772050e+00 1.056130075897505349e-01 5.208206573463739275e+00
9.331949550227562895e+00 1.062445669489664180e-01 6.596263411072825988e+00
9.346983087228958098e+00 1.192799381230492950e-01 7.652722371294487402e+00
2.864931902993133050e+00 1.740500653692184096e-01 4.021059902997389912e+00
3.244336383983852379e+00 1.994234722101169699e-01 6.802012341772929460e+00
4.759618250135167372e+00 1.957934075055835499e-01 4.295641793212949366e+00
5.383077524554487070e+00 2.000995329170387471e-01 9.547521791664839164e-01
5.360098825897456898e+00 1.613478570970037218e-01 6.605094564844987914e+00
5.970670369477766748e+00 1.675963480839472441e-01 5.801464464269114885e+00
6.660744992454573854e+00 1.633636915779218546e-01 3.231618837453059494e-03
6.692367817425851406e+00 1.766728096846855722e-01 7.433865780944893586e+00
7.919730375569020708e+00 1.784752411159426511e-01 2.356373247688145600e+00
8.186073275235180802e+00 1.609102387168515613e-01 2.131397854706738926e+00
3.813710825071906285e+00 2.836031262521448992e-01 9.242200350441587275e-01
5.882638757005754115e+00 2.375645551414559686e-01 2.082903085410364508e+00
6.306532459682204106e+00 2.803733201091499483e-01 4.444374254290320181e+00
7.101803002021361166e+00 2.999360701686983877e-01 2.215413988424145053e+00
7.840567913047772564e+00 2.763282521805414671e-01 2.077126347593584832e+00
8.022090205644342831e+00 2.583734641079126204e-01 1.880262516497720249e+00
7.969094338169315783e+00 2.675649148112227982e-01 5.298310097248339012e+00
9.554874141710481439e+00 2.692514893777044893e-01 1.313931392687548882e+00
3.520528892537278409e+00 3.561949252839183844e-01 6.089880882625882563e+00
5.593644255906546903e+00 3.175465124158354246e-01 2.914290406128524413e+00
5.765770181096909752e+00 3.400199151012187615e-01 2.317203484568713723e+00
6.486628694768290515e+00 3.356096783776612025e-01 2.654728788516567128e+00
7.632699961592296134e+00 3.538849330170813490e-01 2.323155723011013585e+00
9.043474807347992694e+00 3.791252394751366550e-01 5.571933987786787057e+00
3.926722436691054696e-02 4.001200529174613330e-01 2.656138286669511572e+00
5.567189804208117820e+00 3.938762887388014278e-01 2.511652986169104818e+00
5.929714651282591120e+00 4.022383903783743886e-01 9.417902825350628504e+00
7.052558983289890726e+00 4.677069783142403514e-01 1.675521073071068567e+00
9.432079410934834485e+00 4.325972360517774673e-01 5.605321618032491848e+00
4.796986434564539659e-01 4.982406090018880462e-01 2.703907538659751975e+00
5.634542873115449879e+00 4.876289839208699517e-01 9.858484319973943144e+00
5.889212501086285911e+00 4.735960012647778550e-01 6.903307393843807205e+00
6.174148667435332527e+00 5.275598492894558733e-01 4.034314677385075321e+00
6.258030021143238919e+00 4.757786130373705680e-01 1.472259329413173168e+00
8.844833271352911197e+00 5.112244844621605111e-01 8.147940198036843995e+00
3.300065333695321623e+00 6.243067688462720088e-01 7.343523620600957535e+00
4.377715671328443747e+00 6.169272952638180652e-01 7.061917224167434393e-01
4.674117670476560349e+00 6.111053258398574384e-01 5.255138041594612730e+00
5.136515197169789104e+00 5.472106362633663013e-01 9.388062714598552461e+00
5.225558586827871999e+00 5.995757398314913722e-01 3.133558069171419991e+00
5.346004003290830475e+00 5.689432302891933579e-01 6.693121651753510370e+00
5.451473896090335280e+00 5.527896644218077693e-01 7.656280111707470581e+00
7.832571647358299138e+00 5.577774661793821753e-01 5.801909923875827602e+00
8.170787957319683770e+00 5.967303285304106364e-01 1.815062372657039180e+00
3.828417951408381814e+00 6.635964215788796583e-01 8.004208898881521872e-01
5.702473995077383506e+00 6.497887481263882048e-01 5.017873285166068342e+00
6.236922354194908813e+00 6.363145252338153757e-01 4.542610569433208845e+00
9.349147324370118639e+00 6.308355750110047344e-01 6.855728556033090726e+00
9.961509171516096828e+00 6.977154479254740194e-01 2.556769336560844152e+00
5.618328550415660594e+00 7.057756054929327227e-01 5.096842076512809960e+00
6.382284556306214718e+00 7.053903638332383874e-01 2.798890587735602509e+00
6.840017484029660366e+00 7.228965925802233183e-01 9.623804174778548770e+00
8.289488437167037205e+00 7.505421667230944838e-01 7.785942116575993666e+00
9.225728992532872041e+00 7.459865799453000434e-01 3.292009261001715092e+00
1.147694798701775820e+00 8.569464759186830038e-01 5.912092586087227986e+00
4.553673446485744236e+00 8.295497579307280489e-01 3.687765762039066697e+00
4.593082655846159490e+00 8.515629291968965786e-01 6.294411170003003875e+00
4.847351714059350947e+00 8.185941411133543788e-01 5.668329740451635068e+00
4.935864768603889452e+00 8.169975562858858842e-01 5.841136916635804255e+00
6.086847333303393448e+00 8.046930436403928466e-01 4.841552623595947402e+00
6.184955695626888073e+00 8.053613890397564035e-01 5.175861943532333420e+00
6.263950872610696052e+00 7.954662485684701467e-01 2.915422956490682616e+00
6.349234848043570523e+00 8.384986589199451279e-01 9.772115031834772481e+00
9.924881857125761542e+00 8.353961303857904142e-01 7.324925218237319235e+00
4.623720198572029538e+00 8.930053466576420851e-01 5.761430840224066152e+00
5.573329624514638425e+00 8.780340974311036106e-01 6.770241647632487592e+00
5.804371522239001990e+00 8.710965228427123286e-01 7.046397267778946372e+00
6.694847061139740596e+00 8.733850965924560006e-01 4.021931837185912073e+00
8.362595124722739470e+00 9.008397765135810475e-01 7.731208509994752731e+00
8.540408226370768574e+00 9.064611270776974372e-01 3.141272664437452455e+00
9.153938589664079473e+00 9.071494403548010510e-01 4.786080005014909489e+00
9.782951916135258941e+00 9.187937594270757513e-01 4.705509730444767058e+00
4.412152422518992978e+00 9.541809364968216745e-01 6.033557752319443246e+00
4.785492878536002692e+00 1.008767391070663599e+00 6.434000092802728332e+00
8.187861182816414285e+00 9.485225026852469599e-01 3.187774702051980880e-01
8.263293348249680648e+00 9.443089003614111299e-01 7.364821008591392548e+00
9.317353597107832286e+00 1.011792143892133566e+00 8.186570768906786810e+00
3.698314066332384353e+00 1.030359083481015459e+00 5.912638383109025675e+00
4.522486719258700383e+00 1.084483690160915836e+00 6.975442840464642913e+00
4.846936026747133752e+00 1.060685375976477829e+00 5.276810142655736335e+00
7.486019750201373668e+00 1.040110250648730084e+00 5.901790532948187007e+00
4.033822866941426000e+00 1.120215693632178766e+00 1.868479367022342075e+00
4.751550506866721868e+00 1.111260078169681975e+00 3.566523636140108700e+00
4.716896051498813414e+00 1.112066149704579843e+00 5.114252539629143612e+00
5.466601052134811844e+00 1.151474250454449066e+00 6.848859878801802914e+00
5.481418513252000579e+00 1.104591193988508468e+00 3.390479496707598628e+00
6.304061831840485297e+00 1.163006737500143384e+00 1.248621466740134078e+00
6.282759066984546337e+00 1.133646014655023571e+00 7.723933343438046606e+00
7.577827183135513955e+00 1.144654206525965501e+00 7.029356912875168284e+00
8.909445595819796893e+00 1.108128131278430795e+00 1.590817507418727850e+00
9.865835708639046686e+00 1.122862345294771025e+00 3.596338813902300036e+00
5.652870845247688791e+00 1.230161908788846903e+00 5.057612764278404782e+00
8.076396633290629623e+00 1.243570853459596837e+00 1.349955071303885479e-01
1.740804100792316733e+00 1.326936071750877799e+00 9.379752747511446387e+00
5.106711063480318558e+00 1.294580924957368984e+00 5.225847319239568023e+00
6.277133419496971456e+00 1.272872629755033902e+00 5.418330689429073921e+00
9.281621496248339653e+00 1.269843565762042381e+00 4.917160500378658483e+00
9.845127760217938118e+00 1.322978448013793606e+00 8.024109148560729210e+00
5.844034991532637946e+00 1.336161627600531698e+00 4.621308216299865101e+00
8.706717927667217083e+00 1.340337854912277527e+00 1.580266958205354677e-01
5.111498963589110323e-02 1.478338893256803566e+00 3.865294369223078341e+00
4.694630754633625003e+00 1.451272821418641223e+00 3.041896792771334734e+00
6.219107912910008196e+00 1.426847569472836863e+00 5.770050266323956123e-01
6.201455260821682636e+00 1.457046638028840491e+00 6.339994014909605013e+00
6.917012606615271508e+00 1.467843599086645856e+00 5.936300503614333479e+00
7.011575512340970207e+00 1.448873507798676963e+00 3.201705024055690796e+00
7.170466765508383133e+00 1.443963224907379939e+00 2.985920073719088741e+00
7.633618151875047886e+00 1.414546145669747457e+00 6.101863749354447641e+00
8.436106535156703501e+00 1.458715121063811182e+00 7.262568738513012434e+00
8.846860097263329337e+00 1.466827332247546467e+00 7.181105923066226637e+00
9.779960073062850867e+00 1.469503770009966459e+00 7.236865045363119364e+00
4.225701887241959831e+00 1.552016130162092278e+00 7.159035742549454184e+00
4.598814634514057254e+00 1.546786113019741782e+00 2.518807136870323315e+00
4.656685617617799977e+00 1.516589720638692906e+00 3.147536739684466234e+00
5.315151248229478931e+00 1.507993758447932375e+00 7.197619926608089358e+00
5.644577995599902920e+00 1.562385722348266670e+00 8.090922484271089843e+00
6.063538421232095743e+00 1.497373664737097654e+00 7.070232711887900479e+00
6.331918608633881007e+00 1.487481777266159044e+00 8.027858757903780784e+00
7.476600100886410694e+00 1.536711226511524586e+00 8.256259060502845415e+00
8.185542406492420042e+00 1.495500923389198267e+00 6.562225164250099496e+00
9.383026986594904528e+00 1.514903952874448123e+00 4.218977974710598211e+00
4.668445760510120834e+00 1.623939681043325978e+00 4.482828159923379019e+00
5.088324249930739285e+00 1.605451414123244991e+00 2.906085384180664200e+00
5.737497278209320761e+00 1.617484335321130562e+00 5.805975977425776868e+00
5.908886217289351706e+00 1.603945447203376506e+00 3.444833635654462434e+00
8.375843476083359107e+00 1.627067888263278750e+00 9.890487424093958868e-01
4.670199555561575622e+00 1.685079023359788319e+00 5.708947591402608879e+00
5.170641157944261046e+00 1.691509119141916484e+00 2.366646918498044094e+00
6.237285434183803545e+00 1.647376504765056149e+00 5.399072743622783221e+00
8.424846229915495144e+00 1.643400695485884633e+00 6.425981511463120022e+00
8.505041582744214068e+00 1.678081850663442731e+00 5.706952217316747067e+00
7.721423501915624099e-01 1.737781342929149764e+00 5.128224464541267125e+00
4.656576236453652484e+00 1.776891705915093045e+00 6.729849164697986552e+00
5.388536659907163795e+00 1.720892491629783638e+00 2.641754219248801050e+00
6.154615520548870400e+00 1.723579542041365098e+00 3.085291267549731486e+00
4.435060168096855548e+00 1.859196329519601676e+00 4.200160648385232953e+00
5.310681915646729756e+00 1.869102326735067043e+00 2.587275906460249075e+00
5.260078290666559298e+00 1.822290454683181959e+00 3.741503959612491492e+00
6.521368692465950190e+00 1.841521900932366229e+00 6.442599573029404780e+00
9.477245981161971145e+00 1.805080266982651782e+00 5.488775361048469748e+00
9.615087591519378307e+00 1.807549447384242391e+00 8.860042158905031329e+00
9.694947890635638998e+00 1.842879563151538669e+00 8.728483118338967728e+00
5.168769380386236456e+00 1.886610791795418240e+00 2.626977991819884561e+00
5.304214157317943545e+00 1.929005421291877909e+00 3.635416623676761994e+00
9.405306055088312078e+00 1.908797159024640866e+00 3.023636833992484174e+00
9.649007909296656749e+00 1.889508807492216613e+00 8.219008256402910106e+00
9.945784922564353536e+00 1.906940089348137413e+00 5.012979475143064967e+00
3.833070813883714401e+00 2.030403750633484883e+00 5.871958134116298744e+00
4.906941543727795008e+00 1.990779322966115483e+00 1.921718769797023718e+00
4.852547490285709308e+00 1.990177836765977482e+00 2.157211543622065797e+00
5.767985094384540545e+00 1.966717771331224274e+00 4.364390160765720950e+00
6.442931685061861202e+00 1.980248990042230872e+00 7.165175340521766856e+00
7.693820498834019972e+00 1.969238801429600283e+00 3.347115059611580179e+00
7.943127757567996383e+00 2.008831760574157244e+00 6.813578909132157690e+00
8.274809061273758815e+00 2.024884098073168825e+00 7.987153507910877082e+00
1.328673866095695821e+00 2.038204245826360061e+00 6.504406599235673880e+00
4.353623024062301283e+00 2.071011867555712538e+00 2.287127692043013472e+00
4.392302889428862933e+00 2.057501866675423230e+00 4.723368375965378618e+00
6.402493152975656798e+00 2.043444339800400300e+00 1.478273805027252141e+00
7.909469869763787742e+00 2.085084605488557230e+00 5.570072139795066768e+00
9.483482443606634504e+00 2.085039863464690946e+00 2.869624278589966604e+00
3.200456963550921130e-02 2.145010645162595431e+00 5.486737070679541084e+00
4.603654408190239744e-01 2.111749557468372895e+00 4.659364567517227940e+00
5.455658039747452115e+00 2.157950266241110526e+00 1.013711870189812625e-01
6.289921112968618999e+00 2.144229504414544518e+00 6.977186659304200234e+00
7.710277561033963778e+00 2.174667473273358631e+00 4.990359425915441349e+00
1.232903526353092527e+00 2.236379441584633643e+00 4.841528867497842725e+00
8.052910896801334317e+00 2.207439749201346224e+00 4.880840031783217903e+00
8.174204178481256022e+00 2.209399580300275723e+00 5.809002611764643831e+00
1.362227408065944223e+00 2.313793723753698295e+00 2.209471217059760129e+00
4.877016607897073364e+00 2.283015428266806701e+00 7.939817704656199737e+00
5.127057775494973768e+00 2.282295527564099480e+00 5.489146029912121527e+00
5.207125719004553233e+00 2.317271926781200531e+00 2.849028303506571103e+00
5.381376921241944444e+00 2.304469114760911541e+00 5.842229788819324199e+00
6.218387813682314302e+00 2.290151478897789694e+00 8.125102926780252588e+00
6.505860511474063301e+00 2.279366335666684673e+00 5.958872072169492995e+00
7.631261183562550343e+00 2.295618656915082934e+00 7.708551199715214075e+00
7.897397192574489466e+00 2.268786521453387550e+00 4.613100890254987263e+00
8.295993313514911094e+00 2.335521491227748658e+00 7.806975373082665648e+00
9.176714113913732263e+00 2.331103309112611655e+00 4.391080828765140609e+00
9.419897470561599206e+00 2.317604788571161478e+00 5.473326954998448457e+00
1.114852465734079423e-01 2.365720634278460910e+00 6.864154477582633973e+00
6.472488080985318248e+00 2.412083551122737646e+00 4.843558144877150085e+00
7.057705209134967461e+00 2.406871710635037687e+00 1.065266391844567728e+00
8.581323862455782603e+00 2.346558803431907148e+00 5.501875617062498947e+00
3.880075843677793790e-01 2.488343780250935833e+00 3.790978988625473889e+00
1.495906191852169664e+00 2.459745481459627570e+00 6.795852667367410227e+00
1.619673153276134148e+00 2.489372525897024513e+00 1.857151108986240917e+00
3.564139476329976297e+00 2.451452653859758080e+00 2.257580493688530865e+00
3.857563119757396741e+00 2.433811645287321745e+00 5.551780562102005767e+00
6.120015237216364312e+00 2.458906257025924802e+00 1.606909750259435832e+00
2.227942023542716088e-01 2.577317408483229322e+00 3.678614631631393017e+00
1.462275968433878415e+00 2.502698585159062183e+00 2.323576424586352829e+00
1.575555483567759429e+00 2.542406734852416861e+00 6.614333200580531980e+00
2.214533146300369459e+00 2.572290425370747258e+00 3.689275787535666318e+00
3.573760746052638382e+00 2.506858978209008271e+00 2.830478302521253653e+00
4.763585449353239021e+00 2.522283522301381975e+00 6.206745234991755567e+00
7.231356535499037008e+00 2.550887782840653539e+00 6.716526683074593329e+00
7.596198052880592577e+00 2.522490575732073026e+00 6.793979597127614234e+00
8.168096882747340359e+00 2.507256327976738142e+00 7.660180414471380317e+00
4.451804280191691277e+00 2.622043478542734896e+00 5.878601865183927799e+00
5.972976671909366431e+00 2.624293200474729915e+00 5.921080944606924135e+00
7.122985391868519756e+00 2.605821481349122948e+00 6.447634411128247756e+00
7.313610232807437939e+00 2.648290333380265871e+00 8.576354885267472028e+00
8.587204131726766221e+00 2.597850435821122517e+00 8.175213922582674542e+00
5.786049412875716058e+00 2.723658558671792740e+00 4.433666559029803445e+00
5.986210701793110545e+00 2.701538280250543433e+00 2.247761811398483633e+00
6.281258632412635379e+00 2.701603216133415586e+00 4.714419995771462979e+00
6.453514264146132717e+00 2.659164731747019061e+00 7.926085171978444421e+00
6.840713959650537745e+00 2.729467356853922055e+00 5.679557360212865724e-01
7.005114947688020344e+00 2.713686834869679654e+00 6.869441948939124742e+00
8.870102845656493429e+00 2.714546239795740057e+00 8.354206649745918867e+00
9.588324969549725241e-01 2.789928543188376686e+00 5.070772185644693841e-02
6.138434238123792852e+00 2.767053412829433512e+00 2.514258227324105199e+00
6.583448985736831460e+00 2.782155929978226361e+00 7.069010379869055782e+00
8.105672074600450472e+00 2.743177157931047550e+00 7.957734165418241190e+00
8.486463968774771160e+00 2.788912933092946300e+00 8.387591824261637186e+00
9.637330372233337883e+00 2.751530785725030626e+00 5.328688767991964781e+00
1.316665029521947861e-01 2.821237373864758702e+00 4.685144094493136180e+00
1.132415009520429727e+00 2.873239273760923140e+00 7.095912930799358698e+00
3.224078778529629208e+00 2.846443373462717474e+00 3.714870104868845946e+00
5.022373845270863946e+00 2.814524736604246957e+00 5.047341608502005528e+00
5.615711543129032535e+00 2.887715800850053416e+00 1.895980059369115178e+00
7.569359206283138519e+00 2.827253383132405595e+00 7.993489225772927753e+00
8.800973610687229609e+00 2.858471103854253403e+00 7.841819083276919677e+00
1.196725270028434096e+00 2.955715239948858652e+00 4.797478801355528510e+00
3.155668630627183724e+00 2.937363132897218065e+00 6.895717250121007780e+00
4.248207285836404168e+00 2.954317520161598765e+00 6.359520131184629221e+00
5.496556511072825835e+00 2.940404273735525820e+00 1.831748383029643268e+00
7.510186189133992940e+00 2.928427016909835867e+00 5.008963975078696507e+00
8.954675989938616354e+00 2.893999555462351658e+00 4.780121269367070269e+00
9.062324496435255838e+00 2.892732660327100191e+00 5.096557762028899319e+00
1.026904289827013539e+00 3.014539220829751009e+00 6.652241985277604464e+00
3.756843747891140062e+00 2.982528399760275395e+00 6.165082297206375017e+00
4.502544880441899267e+00 3.046483048060433685e+00 2.821469272028819919e+00
5.449866111932728963e+00 2.970597539077942884e+00 6.221429845692513894e+00
6.703869533301027417e+00 3.018931042661398667e+00 5.632497487845412820e+00
6.960410616374524295e+00 3.006322868506591917e+00 7.582718619175064845e+00
7.081679158242455863e+00 3.044901610837668748e+00 9.117579674865531558e+00
7.261793487909363520e+00 2.972167755718078563e+00 6.802310763555943218e+00
7.657568008229546308e+00 3.040022926204905218e+00 5.300551716359024113e+00
7.744265248880676467e+00 2.968989406149633581e+00 7.103104070544750570e+00
8.580889794170175833e+00 3.041375075278783147e+00 8.495057309671111057e+00
8.864600178208579706e+00 3.037310334624407471e+00 5.353992330991677040e-01
5.184396153323983514e-02 3.049577443368482577e+00 6.830058403071459949e+00
3.244230394775906579e+00 3.079810301226873825e+00 4.539038859874159115e+00
3.787700389952600943e+00 3.057226985966913446e+00 2.764225627266519769e+00
4.016002180469836702e+00 3.065112283845712327e+00 2.842918427838858175e+00
5.071027822366905191e+00 3.052444707417272696e+00 4.422977195262905781e+00
6.268897217971917790e+00 3.078227639605377597e+00 7.731983440094970739e+00
8.523994498610237613e+00 3.091856164818378438e+00 9.347617377222347201e+00
9.353161849338821554e+00 3.104302905000238866e+00 8.744953120420710491e+00
9.613554494425992303e+00 3.107731115804520883e+00 3.762142311422592478e+00
9.751597866852518948e+00 3.073215033068919411e+00 5.362732417650661887e+00
9.829598709812787050e+00 3.047994875150492167e+00 5.182037524975855902e+00
2.541058799637023746e-01 3.132542578082978757e+00 7.344823576271901189e+00
1.491672344711314047e+00 3.202672906236226247e+00 6.308157310006881957e+00
2.415757072300925401e+00 3.138483448394212338e+00 6.490867833087454741e+00
4.566576171417779051e+00 3.157567466341555384e+00 4.124919573420707586e+00
6.528564148233745534e+00 3.148786658330309240e+00 7.161670762185502248e+00
6.758922260966856221e+00 3.163483109999145171e+00 8.537650613392937515e+00
7.788951504290432482e+00 3.146395403646589095e+00 7.964340614689209730e+00
8.076504347796888084e+00 3.202597413548196492e+00 8.573249151611346264e+00
8.489345021043586570e+00 3.164308049954848379e+00 6.074692687948632042e+00
8.846551048347855328e+00 3.196693413313950849e+00 7.110675494552910259e+00
9.805496132356839922e+00 3.170004815752064609e+00 7.940837300619246975e+00
1.306198728823144029e+00 3.220514141754673432e+00 4.856980761485768738e+00
5.144717014941049271e+00 3.204120208445852214e+00 9.255182938881281185e-01
5.379441974920416314e+00 3.247858781509157744e+00 6.437469554000273320e+00
8.942050215179262906e+00 3.227227746124392116e+00 4.565231552429217743e+00
6.733719619971795467e+00 3.338325409500645602e+00 2.393017508648478842e+00
6.983089557152004190e+00 3.313995982940340035e+00 7.022291543685417636e+00
7.192659197431080287e+00 3.296247789703143027e+00 7.548435434615495154e+00
7.447330340426567830e+00 3.351433672363034244e+00 7.692722360772624057e+00
7.990867872803090854e+00 3.321906521062291340e+00 7.018576842699904006e+00
8.277497797910445598e+00 3.301349245962764023e+00 7.229041870511189849e+00
8.334353786431686117e+00 3.330471268348537350e+00 8.427013227477866408e+00
8.721390936981382680e+00 3.299573737931519535e+00 6.544559567412632006e+00
1.506789561557238422e+00 3.428179129754827859e+00 4.188365663817874562e+00
4.698816313287537128e+00 3.398328124063461964e+00 3.679981500829542007e+00
6.667300038029592812e+00 3.405496689470296712e+00 8.846425036119818230e+00
7.571557373832186855e+00 3.402681375223787885e+00 8.138060291480275765e+00
7.694365137079472561e+00 3.424331369898698796e+00 5.965657005522423617e+00
8.544722852612800068e+00 3.376798145128347084e+00 7.192070050517777702e+00
8.866874001947707029e+00 3.419255322115988704e+00 5.245151383706868842e+00
9.603898270779129831e+00 3.432431792548356508e+00 4.685641284932921202e+00
9.621861396639859620e+00 3.361496817334494125e+00 8.204000596464933182e+00
9.927755438813054667e+00 3.431957289404655498e+00 7.309855307201104324e+00
6.342418722446651280e+00 3.484792086770746700e+00 7.927516287037406961e+00
6.673929429404060087e+00 3.478666321795707894e+00 2.832187717493744650e+00
8.002378939172720251e+00 3.452289804564517617e+00 8.695526244950411154e+00
8.402097485913827768e+00 3.468330289961497392e+00 6.164891390675951044e+00
8.876268182712243160e+00 3.450904372915568175e+00 5.032277655606909761e+00
9.227369687393132125e+00 3.490315163433203693e+00 8.422972522383860294e+00
9.649584178463577189e+00 3.479577044323082902e+00 6.159772782403244662e+00
1.177603833750931805e+00 3.573028086265315650e+00 4.950541445431997367e+00
1.358597938329805022e+00 3.575292434839860256e+00 4.052096909343715581e+00
2.249838828461450557e+00 3.576408734633422792e+00 5.028854057889028617e+00
4.996479828128455480e+00 3.518276193011274700e+00 2.091928911520597900e+00
5.719400491572492307e+00 3.583706484628834676e+00 3.606050365305133010e+00
8.185820554682354810e+00 3.539507064340312592e+00 9.137525816295973158e+00
9.736252872048485330e+00 3.566175887519211773e+00 7.398978254560784507e+00
3.662872715924009315e-01 3.638293917230011942e+00 4.972624733647443840e+00
8.679758631532437096e-01 3.621967309685206970e+00 2.022481600813286651e+00
1.485733750135229236e+00 3.651409906181845688e+00 5.659127702186124154e+00
1.976361842846865224e+00 3.637506752499766627e+00 5.800087659022423736e+00
4.100737223972260814e+00 3.667703040094516531e+00 4.614739443787295059e+00
5.093845544660369207e+00 3.655742418151859852e+00 6.226029624502157134e+00
5.535606816125556939e+00 3.649388813773581930e+00 4.597465497986571670e+00
6.641657265162129065e+00 3.628304518276334711e+00 7.381916063751775781e+00
6.787301106324025390e+00 3.630266388421796719e+00 2.842689178771048653e+00
6.733593401833268821e+00 3.640058843252324206e+00 6.984295995373262400e+00
7.122906837196241625e+00 3.640543385333163240e+00 6.777778701452899845e+00
7.211344048459979561e+00 3.649295682283431930e+00 9.060588191852648521e+00
7.416600036941204621e+00 3.651214260579282556e+00 8.713860699140258959e+00
7.759883419274483884e+00 3.647622322052146426e+00 8.001853775323265694e+00
5.270285539968896593e+00 3.690730080705364458e+00 6.951565519432431728e+00
5.652809963308695451e+00 3.696743508120728716e+00 3.018408486225424348e+00
6.314376675253830840e+00 3.722160769022209159e+00 6.392841774000228128e+00
8.147255952565563675e+00 3.743324400367988858e+00 5.182435878138972996e+00
2.969650960299353715e-01 3.775020083836461815e+00 5.335116504884446442e+00
3.390691772198860532e-01 3.782998093905420411e+00 3.542550078672848546e+00
1.953052210272674394e+00 3.824193680485336699e+00 6.738270812871849813e+00
4.246291895838258945e+00 3.780214221070597347e+00 4.060473385028110727e+00
4.715183659254077675e+00 3.790429957441398656e+00 2.344516383916071867e+00
5.114952423951624638e+00 3.795074955084785984e+00 3.346023541438032822e+00
5.842180096600051442e+00 3.764625309106226947e+00 3.751239143269543330e+00
6.775077433062008048e+00 3.801844928413108171e+00 6.911966272423342161e+00
6.827548327090654290e+00 3.785075051451300077e+00 9.655860537257307641e+00
7.055165953946366919e+00 3.770726942284448491e+00 6.408628813565409033e-01
7.743548344236213410e+00 3.778710500870146483e+00 1.343728516939767470e+00
7.828401892476207991e+00 3.804492058030386481e+00 6.685255999837944607e+00
7.992818851071318953e+00 3.777803286259112880e+00 7.291788622563537103e+00
9.638626344408288915e+00 3.808069978647250053e+00 5.000752163831912789e+00
7.401561943806089783e-01 3.872699276700807935e+00 6.607393982632125073e+00
8.485072410960208256e-01 3.847863638829123190e+00 7.222621438410111061e+00
7.509819830394041773e+00 3.887643235402935993e+00 7.655475846444285359e+00
7.581205605756888843e+00 3.849115368897686906e+00 7.482598715533896439e+00
7.992947912653729503e+00 3.843300264184180470e+00 7.187051293086881287e+00
7.999132804305660649e+00 3.878738274484711201e+00 9.989734464753249554e+00
8.171196093665315630e+00 3.882822203287696450e+00 8.080081115397376834e+00
1.078952823612362000e+00 3.918590657260587751e+00 7.013306953594725002e+00
1.738717361406035167e+00 3.942780963365077440e+00 2.466791509394160808e+00
4.948360079709545722e+00 3.960343066690994007e+00 3.426563103391627063e+00
4.958355268202508270e+00 3.957672863404592345e+00 5.332177311623814475e+00
5.760103110087442246e+00 3.953223591553790328e+00 4.652755973583305504e+00
6.866940125312160248e+00 3.963288474849758103e+00 6.553769792790490989e+00
7.469721244387488746e+00 3.974989922217317062e+00 7.517438329008246711e+00
7.897468705088232177e+00 3.907886126128899740e+00 8.402190343764237568e+00
8.044476054691742206e+00 3.935519299983765151e+00 6.956033804248489716e+00
8.374411751513482827e+00 3.911335431061138124e+00 8.245307271836537666e+00
4.386068945736120162e-01 4.029300405585093614e+00 7.566549342110655552e+00
3.755686890399067224e+00 4.057343669538878039e+00 6.131123322715724910e+00
4.754096579090671071e+00 4.046510804639667391e+00 5.499323634175242503e+00
6.436663084040288751e+00 4.061739368124771765e+00 7.571466826451091592e+00
7.312524422821292447e+00 4.010558840979032702e+00 9.601365945860759865e+00
7.851730502040056514e+00 3.992613422024803960e+00 9.896099070269320563e+00
8.393299537515403586e+00 3.985647296520607341e+00 8.922321030349245063e+00
5.413437115284880363e+00 4.131067997736920461e+00 1.091454556536357146e+00
7.021145497807282254e+00 4.072880493962220960e+00 8.261416918074669269e+00
7.214656256248381361e+00 4.134887174938604915e+00 1.653441225692270367e-01
7.252684681821239820e+00 4.102570125362126952e+00 8.596130567849440851e+00
7.232574093619875910e+00 4.118732873975002207e+00 8.672405316976881551e+00
7.625525084151314914e+00 4.121020331890142607e+00 2.482530270094197800e+00
8.011422086148169086e+00 4.110163183369961892e+00 9.004427134114601827e+00
8.173140603045926156e+00 4.082904073480452034e+00 1.036508037775868418e-01
8.556300143867504815e+00 4.064999159617138424e+00 8.063927435398763777e+00
8.783265202707012165e+00 4.102304062779984939e+00 8.137500775453773372e+00
9.058158543931323692e+00 4.098551656045961167e+00 9.095622026544070593e+00
2.991213306633812241e+00 4.180139617854795375e+00 8.158355369323837536e+00
4.484426791433784310e+00 4.198508426864292709e+00 3.052542809729284823e+00
5.020692178259009708e+00 4.182514576702434539e+00 5.855394264400668902e+00
5.686430112309145635e+00 4.140933635933985002e+00 5.123520630725869829e+00
6.324431767648817093e+00 4.160169276293951057e+00 4.472511158222147287e+00
6.661400267629272065e+00 4.177378816799090622e+00 6.415735181658044795e+00
6.891328622003083382e+00 4.194832085824552692e+00 6.434231596628838368e+00
7.066888027877229916e+00 4.204650776480250762e+00 8.141738374733766825e-01
7.189262101252929860e+00 4.161110550559408594e+00 9.415623299091876675e+00
7.608535126182660591e+00 4.168284633661441418e+00 8.909136897066648686e+00
8.783151931554080249e+00 4.200110154828233355e+00 9.714002195280677654e+00
9.289336933258301343e+00 4.196622978198083054e+00 9.790226089140555032e+00
9.491586928200288042e+00 4.159814119476125782e+00 9.137335715124084601e+00
5.552509609037266536e+00 4.220999680957809197e+00 4.970634280648486225e+00
6.689649735471359548e+00 4.253344735906266827e+00 3.153976735677451959e+00
7.025123716681351382e+00 4.249255798287967067e+00 9.562803763323996620e+00
7.122317023828156124e+00 4.241018318361970962e+00 8.249275657378465354e+00
8.041043416050207782e+00 4.229997608058893910e+00 1.967861665425125750e+00
8.984143653798703610e+00 4.273330361766286778e+00 8.774922572924323205e+00
4.249675597676043637e+00 4.350227816610633624e+00 4.275822626847391561e+00
4.279256010222058038e+00 4.344219397981839315e+00 5.650330345120251785e+00
4.940229651114060871e+00 4.360285003597411446e+00 4.386021448138887280e+00
5.017930956587894897e+00 4.317758646184156390e+00 3.470461211570393001e+00
7.112506286138045475e+00 4.330017971572072355e+00 7.362985712955762096e+00
7.274556088379929619e+00 4.332605920018533396e+00 7.627136659722431489e+00
7.568420192770275889e+00 4.348692764283190293e+00 2.116267820710726610e+00
8.776779080945404488e+00 4.334525718520531257e+00 7.711461444049927394e+00
4.497636714700129490e-01 4.405840953583602726e+00 8.400824856959140163e+00
1.079114947100010102e+00 4.430352493922197432e+00 7.585815510833537445e+00
5.606177520302937367e+00 4.386451829237251410e+00 7.907270016739853524e+00
5.626322337665746076e+00 4.448670597899432089e+00 6.326577539361120550e+00
5.778251884066939681e+00 4.447112931674026548e+00 6.867035295078479429e+00
5.869731996256132511e+00 4.402077638437619456e+00 6.829138223026720134e+00
8.095298539525465742e+00 4.405353858016654911e+00 8.530801321588745267e+00
8.516560868626816827e+00 4.416299065253780576e+00 4.907831378017131208e-01
8.963374030717329077e+00 4.446011979899565425e+00 6.651211489982705949e+00
9.342970201612798675e+00 4.405180571655730404e+00 8.614824691071513385e+00
2.124023065492400608e+00 4.511705742671881403e+00 7.032763530495719451e+00
4.822220297265375599e+00 4.524129617641317047e+00 7.780622086899636747e-01
5.482477674187062000e+00 4.489577191155495584e+00 8.126631633533328625e+00
5.785698464880045577e+00 4.462565978281569201e+00 7.384508493915822314e+00
5.975355409525787032e+00 4.492449246861609069e+00 4.111757196758362376e+00
6.382248920868758724e+00 4.523266842736523685e+00 7.004513884713565730e+00
8.516509485065943963e+00 4.476919840294050879e+00 9.087956588991305651e+00
8.617899121991651867e+00 4.467598270620551482e+00 2.061079059168721139e-01
8.878211032106516853e+00 4.515292561839802765e+00 6.774096910632919410e+00
9.534115829178999135e+00 4.506938709039566504e+00 6.769261237631544859e+00
9.943834333151636784e+00 4.488652482899539997e+00 7.362635979386073615e+00
9.723536900810657579e-01 4.573101999601351331e+00 5.109506454880630599e+00
6.764541604787059903e+00 4.601083089088052525e+00 7.560583861407911499e+00
7.685986008601920716e+00 4.531257397928684760e+00 9.624478633781253123e+00
8.229132004152100777e+00 4.571318615854555567e+00 1.299077749775718438e+00
8.708269006830931858e+00 4.584452632903236236e+00 9.937791958730803898e+00
2.210405208882891603e+00 4.685146489732390229e+00 7.196731293188414647e+00
3.596608644736166482e+00 4.610151012656264591e+00 3.760173397231272308e+00
3.824024902687051863e+00 4.682185129445820770e+00 6.417789083747903689e+00
7.143683318228656987e+00 4.687380024618613028e+00 7.464984372055674555e+00
7.778471286475785007e+00 4.620888823395618239e+00 2.115093090313079127e+00
9.621455765776779856e+00 4.673468827100029976e+00 6.380975961393426488e+00
2.751487354012747133e+00 4.753010006955433298e+00 8.188984654078804937e+00
5.981689545547991926e+00 4.715310569811458130e+00 9.471331109734531850e+00
6.558954748780954525e+00 4.688319303817801043e+00 8.416180664475799489e+00
7.768181298243478139e+00 4.750740729035456411e+00 8.695113609492784335e+00
7.824143189393456765e+00 4.687797574020573066e+00 2.994470212930399722e+00
7.889118155691158485e+00 4.725781267278514441e+00 9.711526675325929503e+00
8.283427961729612932e+00 4.692696382793328347e+00 5.314087113576553278e+00
9.287446306809883367e+00 4.710456274271915156e+00 4.638851684174457590e-01
9.500709763336768532e+00 4.750395266642033931e+00 6.974861252551435520e+00
9.658681601005643103e+00 4.735694191007513432e+00 7.850369794417755287e+00
5.394259316614128608e+00 4.800930085204692332e+00 6.224605912692704912e+00
6.766165595747069439e+00 4.784659966034134015e+00 8.500445795192812071e+00
6.990028031972631339e+00 4.801958237157864851e+00 7.841631241255123674e-01
7.219915892357968268e+00 4.795122978215873744e+00 1.152242400722547355e+00
7.226266178206303792e+00 4.822653091710253470e+00 6.454334313093501585e+00
7.550551126214058328e+00 4.788711776904903239e+00 8.025727567724164402e+00
8.025313987484899769e+00 4.790159205817468013e+00 3.864924887003825305e+00
8.593198582179770284e+00 4.793329284280881453e+00 8.854663881949445425e+00
8.639645161805407980e+00 4.794656539424564379e+00 7.856970763650202194e+00
1.975179867217704999e+00 4.901712127406782749e+00 8.401425527806770432e+00
5.107188461682552472e+00 4.891760153247949994e+00 4.855578509423324363e+00
5.748686743547740008e+00 4.890236489192361979e+00 5.225950806749530386e+00
6.280646454647257571e+00 4.897897194157324385e+00 9.734644080451886339e+00
6.801739948680519454e+00 4.864684800853483537e+00 9.139144873449721374e+00
6.894224137120555262e+00 4.910757733876846665e+00 1.699172017664975165e+00
7.516901140717936691e+00 4.855237664730368330e+00 8.666569628270581305e+00
7.921489394171756793e+00 4.894042663404110982e+00 8.420310252857941435e+00
8.721637974762513679e+00 4.870081238328653583e+00 8.496856235043644290e+00
9.067868050203792052e+00 4.901461698964459046e+00 6.391021987691122064e+00
6.566522218432691460e+00 4.980111029665033939e+00 3.697393825969240710e-01
6.771855109010793683e+00 4.953635488326435521e+00 8.612327237072356922e+00
9.095902979941792310e+00 4.969597610589645775e+00 6.552696214387742302e+00
1.504282474842550732e+00 5.007340657384018456e+00 3.930030554696010370e+00
2.551128773089534008e+00 5.045335263154965055e+00 9.103335734669208534e+00
4.272054494516235756e+00 5.008416817371057483e+00 5.415602526351429802e+00
5.373032987693834528e+00 5.000268635855462662e+00 1.445225194628822485e-01
5.711029523298252641e+00 5.003797130461467901e+00 7.803932076125925654e+00
8.534570230261376844e-01 5.147324546499556064e+00 5.098120385420330081e+00
2.372007731619890869e+00 5.152459493123696888e+00 7.194886989780766129e+00
4.657724670664422639e+00 5.093147735426214240e+00 6.137406286499822450e+00
5.149130006972640672e+00 5.128094842402405540e+00 5.336370365075018718e+00
5.235024374078961706e+00 5.078241284633190133e+00 3.432148221626003526e+00
6.113282430250017718e+00 5.140837449791114899e+00 6.607422575524605435e+00
6.941896451241293065e+00 5.084200876716336026e+00 8.898486419951373350e+00
7.169530139068418961e+00 5.139859300042500578e+00 7.980166523319085492e+00
7.196064137008514550e+00 5.105552671298677403e+00 9.126840600633441269e+00
7.572995564181549177e+00 5.154273499987882090e+00 1.214846302087870256e-01
7.920193162007804766e+00 5.100530895760993388e+00 6.338769166833396085e+00
4.574654654516606023e+00 5.191293156660866437e+00 9.790022220056677327e+00
5.616159775660226394e+00 5.192440195006724046e+00 5.080099450163432451e+00
5.777148369347964163e+00 5.227226521069777476e+00 9.980291308120593285e+00
6.857796875987109964e+00 5.160727952695606469e+00 1.946445483618866268e+00
6.885985991059923705e+00 5.164138800168155186e+00 9.965876530656130328e+00
7.841378697036537559e+00 5.160244502396698962e+00 4.560719253411434693e+00
7.955899020645112785e+00 5.190538847721793303e+00 3.571602501893919035e-01
8.335595412043749874e+00 5.198428572237985712e+00 8.017349081919466158e+00
4.926227087437226260e+00 5.281438476690949457e+00 5.528232427832412199e+00
6.608960884682299586e+00 5.311078108731637215e+00 7.473562738470233668e+00
6.644813988218689182e+00 5.244668965198061805e+00 7.394138356478748619e+00
6.730939840542134789e+00 5.281884904896497090e+00 9.712530672346746385e+00
6.827858814329095694e+00 5.257296552323685646e+00 7.866786220826642584e+00
7.296396574550262137e+00 5.248823174232160937e+00 6.172290109608240982e+00
7.454823149093314782e+00 5.286165657441895149e+00 1.289247753927725837e+00
7.523744154128316985e+00 5.274170020164500094e+00 8.768636621152465338e+00
7.719521313673891605e+00 5.246216306076262548e+00 2.414465812880498552e-01
4.571281258028737859e+00 5.372888843316843577e+00 7.929936819766102651e+00
4.913328700054464093e+00 5.368479934376548357e+00 8.109221753995152326e+00
5.789317205523843768e+00 5.387782011400950921e+00 3.977994709135517226e+00
7.258584271327539028e+00 5.356699062731016703e+00 8.498225049114520147e+00
4.888702319625156001e+00 5.394601998004302068e+00 9.926096099097382108e+00
5.050104324555784174e+00 5.429383080740059597e+00 5.980626688838248661e+00
6.281722972312152820e+00 5.453167010329039499e+00 6.916604064092776838e+00
6.843836157881714399e+00 5.450336673130577125e+00 9.849281926649357644e+00
7.233219423931480208e+00 5.401977334426467436e+00 4.460578827351643905e-02
7.194210100646849959e+00 5.435559384425648233e+00 1.244475948927187270e+00
7.278070268913175767e+00 5.425432668505358436e+00 7.434715004252919535e+00
7.567123966400623125e+00 5.408965900603892152e+00 6.510251495630164698e+00
8.056539569142433521e+00 5.406486126357142652e+00 7.497423504982764442e+00
8.673779618160187610e+00 5.412510486343215632e+00 7.146245310836860654e+00
9.008117891559546564e+00 5.463394893838469990e+00 9.444668221715298628e+00
7.561925877832220699e-01 5.505985991706834781e+00 5.746903869833472456e+00
2.664510555957677163e+00 5.490162655826290816e+00 7.406162067274078886e+00
4.821331720384582020e+00 5.502306429166119450e+00 8.435528030813232547e+00
5.377358861756594166e+00 5.538354249951002117e+00 4.215185062959376339e+00
7.150223771085832958e+00 5.513538125898753250e+00 7.115286159931666354e+00
7.390836487448019909e+00 5.512597591395224761e+00 6.861744993978364793e-01
8.039654112667012242e+00 5.515487199563868792e+00 4.485219575866337960e-02
8.684024985758908022e-01 5.600629054395605877e+00 6.665407104327062626e+00
5.015521365158060796e+00 5.571307042962293288e+00 2.792472226088768217e+00
5.062725625764029402e+00 5.580827355338918494e+00 9.460548999428937123e+00
5.120168263077516713e+00 5.618803944675843098e+00 8.408799939691746772e+00
6.561863143658682951e+00 5.624253462162661421e+00 7.456732168109527770e-01
6.856395909493889107e+00 5.556904197740166751e+00 9.615366445657675953e+00
6.903377662275591575e+00 5.576292913737723289e+00 1.395556207029787776e-01
7.734944457288095876e+00 5.578696461342602220e+00 1.147017662930340354e+00
8.395306256964653713e+00 5.553587904036493050e+00 8.249454946325439408e+00
3.251092251228404617e+00 5.627854688199611211e+00 8.261998801053758612e+00
3.578222793704359361e+00 5.649601949804852197e+00 6.232760500702060114e+00
6.196482262163833354e+00 5.703086500002248371e+00 7.536781782465411084e+00
6.649163772737347600e+00 5.687575920190872658e+00 8.948210220889966093e-01
6.720035789963304751e+00 5.632620448277352310e+00 8.246521388049309564e+00
7.644696315888506177e+00 5.696893784687010687e+00 5.391331605895144818e+00
8.124038389315771269e+00 5.632333305036747007e+00 6.992324845436824754e-01
8.133362356757892542e+00 5.700633737773186382e+00 5.068501698156604007e+00
4.834768380625630080e+00 5.744168796929601584e+00 9.293109750420182280e+00
7.731366402451582687e+00 5.777918601767878748e+00 5.308611198500340578e+00
2.078683688061103929e+00 5.785717600952292372e+00 7.477865454105447895e+00
4.678854295470307179e+00 5.836047088601524990e+00 8.511045290704537081e+00
5.979241003105065566e+00 5.789468221033384765e+00 5.454564694160630722e+00
6.406762089115296099e+00 5.822380520955032779e+00 5.650018026367368051e+00
6.678378710013318731e+00 5.794362093710402561e+00 4.991461659901105463e+00
9.195773467576589866e+00 5.820162004476086892e+00 5.292742641814777160e-01
4.791842134360511984e+00 5.911892496596006019e+00 9.397521034964290365e+00
5.795026531972206740e+00 5.881526070324301969e+00 3.994616340076855288e-01
6.352716589156428562e+00 5.897317761355887811e+00 7.144501848439213099e+00
6.639791866432543266e+00 5.860686294969513987e+00 4.902890809173368059e-01
6.715769858066446218e+00 5.904225325531270663e+00 1.613226499163124439e+00
6.894838233571875641e+00 5.905240881564883360e+00 7.484574196389394141e-01
7.601667832113799150e+00 5.874426311915945220e+00 4.138306250174492718e+00
8.438053870980301241e+00 5.868643988855430038e+00 7.672473262114688275e+00
8.756600633505977171e+00 5.879798332150053319e+00 8.024676705829310919e+00
3.179987737091558575e-01 5.963695508158938452e+00 6.714771984877906164e+00
2.754299827152846269e+00 6.013174949305248873e+00 9.428828434007259673e+00
4.622486005219310634e+00 5.962929340810745771e+00 8.940403959100805764e+00
5.825029199553775072e+00 5.945840800620481481e+00 9.568171565895546848e+00
7.045961379142276826e+00 5.994085129343437401e+00 6.545663955148274260e-01
7.994943153162749283e+00 5.996542096002445810e+00 4.309846722740212854e+00
5.367864143746410299e+00 6.052992120234335083e+00 9.007617900256855492e+00
6.463758076366322491e+00 6.083540384363764986e+00 4.344283135715627964e+00
8.200943487304838797e+00 6.055767838791133784e+00 3.088846596184656068e+00
5.454882123968429752e+00 6.110375527613483015e+00 8.913664604263431102e+00
6.816497639756331495e+00 6.111985948748309028e+00 1.514603859618838477e+00
7.078439050145496125e+00 6.130141723114677532e+00 3.927016445945381129e+00
5.728720949472132951e+00 6.192980351992149579e+00 4.994058661454886305e+00
5.742263582426023305e+00 6.232318180601032154e+00 9.842775671983449826e+00
6.870038184879351917e+00 6.221448412414322782e+00 8.691743946301867751e+00
6.894729023534751811e+00 6.229403393031589964e+00 4.202039678160894853e-01
7.896232680040388807e+00 6.235581427081510419e+00 5.021485696517512309e+00
4.582626836282467364e-01 6.316705487002730379e+00 1.183426048410677611e-01
6.075282528785071356e+00 6.254664712693180917e+00 4.122528750467654213e+00
7.110769520172749658e+00 6.258763697151136896e+00 4.350503020175965574e+00
7.573541855423330915e+00 6.322938250994694087e+00 8.135665543490656404e+00
8.562134635795018767e+00 6.323301534254287759e+00 7.161104270445806108e+00
9.046332405114798192e+00 6.322118366517012866e+00 1.882145932412943701e+00
6.352920565751979609e+00 6.353248395694657269e+00 4.773997267524361376e-01
6.334363432751738188e+00 6.355891455298098514e+00 7.043378900056074698e+00
6.467271512869229078e+00 6.385012683400083766e+00 9.577025717006804939e+00
6.988078765896590383e+00 6.397952458057659442e+00 9.544881967867315353e+00
7.250798338443429358e+00 6.403411385561159186e+00 5.292250336913871145e+00
8.129541160068200156e+00 6.381466313870738816e+00 4.681474311138711819e+00
3.386604381011355080e+00 6.429763081183169859e+00 1.493958129737092411e-01
6.103574188445657356e+00 6.429219421245787380e+00 6.040890800352543444e+00
6.996683539140120089e+00 6.480569579817197834e+00 6.086297277354161039e+00
3.668891146467881947e-01 6.495651934205184830e+00 8.290308979402182032e+00
4.700806766526570257e+00 6.519088208293847053e+00 8.826229958433961187e+00
5.400283307159738477e+00 6.522445084332542997e+00 8.048479582207956895e+00
5.647664728929464140e+00 6.498272296734038278e+00 5.027318509537682445e+00
6.429359919150474667e+00 6.551860021798352918e+00 6.887949391521102527e+00
6.569483207188960172e+00 6.527643087467502880e+00 5.660320113352632632e+00
6.997303727146976016e+00 6.500682910251465607e+00 6.083758477651478813e+00
7.926077080064567681e+00 6.532024962910414345e+00 4.194571123829261339e+00
8.302384771384616613e+00 6.500086284970860717e+00 6.687734926978237127e+00
4.414214095566904916e+00 6.618486042833540139e+00 6.147654036209852180e+00
6.305343283009958277e+00 6.565751759671250909e+00 6.483231457653040763e+00
6.677461238712925962e+00 6.571132715181289718e+00 8.225472715816227520e+00
5.858529724866719413e+00 6.656125972098533516e+00 6.953514370268234046e+00
6.038595447292019358e+00 6.711221952865317419e+00 8.049834476039915643e+00
6.443439892223802978e+00 6.711960007119279759e+00 3.624466191520073211e-02
6.537244049490800180e+00 6.718644867880367855e+00 6.960385730102806257e+00
7.717648595792911514e+00 6.704546362761258038e+00 4.563152130660521166e+00
4.556458006959791973e+00 6.740838181018563802e+00 7.476804180691354773e+00
5.535276005445520120e+00 6.737538559744651323e+00 7.456067319792822681e-03
5.546986266495572693e+00 6.764212947223500194e+00 8.593082283256901377e+00
5.749924908095419340e+00 6.796731932877456472e+00 8.420701022114309708e+00
6.310363267810447319e+00 6.739917649094797625e+00 6.429258335711806049e-01
6.276960737697267589e+00 6.770067878634192127e+00 4.886412751697708501e+00
4.752538062733061786e+00 6.855336665641044824e+00 8.017050753585388989e+00
5.727524424833505989e+00 6.815775997012956111e+00 7.017036094746699204e-01
5.774750041361900621e+00 6.812258488100866316e+00 5.663959738256640009e+00
6.391360305519766527e+00 6.835053474792951889e+00 3.930217226177671552e+00
6.470991541199113684e+00 6.863943071184598566e+00 4.418660543947190433e+00
9.628152350369649781e+00 6.872184223991391505e+00 9.875742684206416655e-01
7.096260391490670782e-01 6.905532025591791800e+00 6.207098072438533620e+00
3.706535997922417280e+00 6.898269245397192329e+00 7.516193213149994889e+00
5.234759796278610544e+00 6.891663993461737192e+00 5.826800753520386067e+00
5.351816266921155751e+00 6.894379386662211395e+00 8.770089936567872613e+00
6.024363944320708875e+00 6.936481259258344245e+00 3.838940728300146432e+00
6.113396067485249219e+00 6.910127786486390811e+00 8.033709373972444112e+00
6.231218397168401424e+00 6.917399890007447816e+00 8.331427853972520836e+00
6.720730572265569691e+00 6.946342663403204831e+00 8.693806751805134070e+00
7.176269364516469906e+00 6.946095539138027242e+00 5.291858597339748727e+00
7.662642977749428042e+00 6.939802428372765064e+00 8.032477073136414347e+00
1.103666172528780187e+00 7.012397870507681041e+00 7.672512800320593129e+00
1.444109588769049157e+00 6.993320960466705039e+00 9.325999408141928626e+00
4.071729412480929788e+00 6.989996622065758558e+00 6.508731148591528459e+00
6.701620888639650886e+00 6.971931045280465256e+00 8.526242725533860423e+00
7.489918552839577082e+00 6.991250812853290419e+00 3.534556257825546943e+00
7.449428992156228446e+00 6.979454443468239511e+00 7.980164322587446790e+00
1.900455357763844999e-01 7.107381602516396057e+00 9.225345619152744092e+00
4.228706195346817687e+00 7.058937929823630775e+00 8.721165245165071411e+00
5.170701022238686662e+00 7.096830112750637909e+00 7.030021893770848962e+00
5.216053102577898670e+00 7.045463622560776074e+00 9.004887833516677986e+00
5.385130299010506327e+00 7.092224036273451659e+00 5.259405410693970495e+00
5.339306511289937163e+00 7.066792710570596547e+00 9.154994585692065812e+00
5.497624257087768029e+00 7.050591048567302010e+00 9.775306245601607102e+00
5.969639210150146091e+00 7.071202307393882336e+00 8.187075986202881239e+00
6.580867235840965002e+00 7.051535285696746591e+00 5.208102979033240487e+00
6.562605641852551130e+00 7.063151415751719675e+00 6.789293393874593185e+00
9.442985460942423970e+00 7.101677713429503491e+00 1.926963911839832733e+00
3.517250742792738194e+00 7.159976430919965829e+00 7.749325364440421637e+00
4.605063791997100253e+00 7.160917074506810920e+00 3.924979750539997703e+00
5.513641075369756450e+00 7.158743927450483824e+00 8.472120453480411761e-01
5.904597889977271308e+00 7.120403872054930972e+00 9.110903959974200106e+00
6.255869934685231115e+00 7.122375993241083947e+00 7.655437488609272423e-01
6.892680762255169569e+00 7.185379692132885410e+00 6.488220136481912093e+00
6.890231326847624516e+00 7.160433905758414319e+00 8.735719034803928196e+00
1.412983026683733989e+00 7.252663316870716415e+00 9.006542049157276963e+00
3.869989631774039207e+00 7.208106116631389781e+00 7.544085897989939227e+00
4.350902777506610697e+00 7.246872184355598989e+00 1.235294324788899445e+00
4.670366858388600662e+00 7.216360087379831256e+00 1.679290191246030073e-01
5.020773446855461231e+00 7.265237728170603759e+00 7.080386797184461400e+00
5.314819435158053551e+00 7.246110531345699712e+00 8.421043528583963544e-01
5.811169718572775089e+00 7.224043297570910127e+00 3.357868877605350022e-01
5.915723096102390777e+00 7.216084944278458480e+00 9.640575014739429349e+00
7.035229170109712271e+00 7.214206447263669553e+00 4.835441462163203141e+00
6.748863633700618259e+00 7.273427205497146275e+00 6.933640298351092746e+00
3.302036399479740147e+00 7.356767483855228384e+00 7.753534724890371876e+00
3.701600043693289877e+00 7.354628849323946227e+00 7.719295518699071934e+00
4.713114264185450430e+00 7.410656821658173854e+00 8.040205085507196259e+00
5.593999472286520280e+00 7.389203981410161326e+00 4.672930001305100944e+00
5.611863941550049084e+00 7.402052253397755521e+00 7.570447726173243908e+00
5.888912965597192795e+00 7.392591789776138178e+00 9.656014079236250325e+00
6.553942545942714304e+00 7.413243533226583359e+00 3.146446906729293280e-01
2.016271377567657175e-01 7.486812039380474459e+00 2.465735982248293268e-01
1.816868714075673186e+00 7.471457856943077402e+00 8.769997733613951851e+00
3.961051211364351232e+00 7.447207899039415047e+00 7.259116640974185408e+00
4.752103664248054748e+00 7.489236105521031917e+00 8.553079197771946696e+00
6.567649306687748378e+00 7.466019707919007153e+00 2.472936245987830128e-01
6.568007617750905247e+00 7.431176969192819115e+00 6.048526450475794070e-01
6.863680496559278588e+00 7.469668429712000624e+00 6.563639100604192755e-01
7.932782722858106261e+00 7.449563982625432068e+00 6.230838773679932885e+00
4.482473245185584432e+00 7.577274134392565585e+00 8.957297849524593403e+00
4.469313933926780003e+00 7.557742978287783409e+00 9.950042470557615815e+00
5.854973668067492198e+00 7.545302616784837824e+00 2.864057220245148194e+00
5.805058018143243181e+00 7.565442721240678736e+00 5.178313914675865881e+00
6.098383325515472464e+00 7.569764993022019439e+00 4.219204497972078194e+00
1.043834571024738089e+00 7.629485835951732575e+00 8.230309358659583907e+00
3.744178637389590669e+00 7.624432336312500169e+00 1.168638182835759709e+00
4.813445571042760385e+00 7.631025100642679249e+00 6.712173957584695927e+00
5.947777675853266999e+00 7.637080665993962292e+00 6.827227200966423659e+00
4.138534750812207008e+00 7.670947499033338168e+00 6.457592317168567853e+00
4.425996273176044937e+00 7.701848933077608095e+00 9.681466226383127704e+00
6.363688516040390653e+00 7.719101918863611189e+00 6.195215285998765253e+00
6.455363519818423157e+00 7.672077964964319818e+00 8.359773899848551793e+00
7.355639394858325630e+00 7.719987568339756301e+00 4.049141816326293331e+00
4.005863571347608065e+00 7.788839754330480147e+00 8.280389009611770490e+00
5.189927746306110201e+00 7.801249529488236689e+00 7.310408254496488567e+00
4.060784209009026924e+00 7.871392540717017106e+00 8.119116082682955593e+00
4.525316971051474013e+00 7.869961202274168954e+00 7.298235010040537318e+00
4.780746816088532469e+00 7.870525202052275127e+00 5.792498433319700268e+00
4.918365114210761391e+00 7.861595755672565744e+00 8.941788118481527547e+00
5.043315622097839679e+00 7.873001341336927972e+00 5.482182320697115419e-02
5.077562740803175600e+00 7.867978338715600373e+00 1.595053288681841597e+00
5.384469306635359942e+00 7.844029007956789812e+00 5.104094694859666603e+00
5.437344533923791801e+00 7.855999917051057047e+00 8.432607762192283474e+00
6.620271000663880301e+00 7.817716057269970875e+00 5.968839075594959631e+00
6.607038744065699909e+00 7.829491897997611360e+00 9.618056196354418219e+00
7.010835498206521521e+00 7.873442041413317050e+00 8.377480052981038483e+00
2.600111721114845009e-01 7.950576484912358133e+00 2.103955349391545049e+00
3.981162078457231690e+00 7.921479039485292972e+00 8.187059823490692168e+00
4.556851047059242710e+00 7.946728248575301912e+00 6.479095893971035025e+00
4.695443569353021651e+00 7.928554690691438367e+00 9.147973997263047607e+00
4.948387052836322297e+00 7.937520764249260452e+00 5.830881241915585989e+00
5.290633635291941417e+00 7.913642350493945266e+00 8.894460483324737154e+00
5.271308314490030789e+00 7.921695433598481273e+00 9.247399360736013207e+00
6.112254610957557510e+00 7.892521013506691219e+00 9.532256946225846406e+00
7.879010298954898239e+00 7.903818267868315317e+00 6.454451748521837118e+00
2.000043901306128191e+00 8.018477806731665325e+00 9.976097164109532400e+00
3.982108911140765706e+00 8.034206640091650087e+00 8.054141072832866399e+00
3.999817205684196963e+00 8.036171504584677550e+00 7.793026024114745320e-01
4.972186460469898428e+00 8.015938877440198951e+00 6.111230275313680238e+00
5.548147999913413564e+00 8.025949489277152793e+00 6.513353268816849173e+00
3.177385361050702350e+00 8.080317259394167451e+00 8.776066625231358387e+00
3.499819562628412317e+00 8.122272012600856073e+00 1.036188533413170187e+00
3.848605592241671758e+00 8.080906394701397488e+00 9.159791303699652332e+00
4.993821441916713511e+00 8.051182277494529416e+00 7.247042246596585358e+00
5.308868201690065902e+00 8.124425910849650379e+00 8.007885122531725131e+00
6.088913503721911091e+00 8.122762841359485009e+00 6.514380011327558506e+00
7.003803781283634677e+00 8.098788648047321459e+00 8.230988504007671125e+00
6.040325718243357012e-02 8.166938286635897271e+00 6.429573248627445281e+00
5.824578301721947682e-01 8.155320197970686635e+00 6.547663036111558199e+00
1.076561919508927545e+00 8.128006180293461114e+00 6.744855073554365532e+00
1.289647911101943434e+00 8.191540748864024835e+00 6.240729185541437296e+00
4.946913979386233784e+00 8.188656301782689440e+00 6.404018040875380180e+00
5.765405841038031554e+00 8.193055592349637095e+00 9.159505508707596277e+00
6.007103279609369295e+00 8.177295272916614621e+00 1.797545715622046902e+00
6.108238592098336639e+00 8.138265568583777920e+00 6.480079966368414546e+00
6.281589431432303527e+00 8.183271331258088921e+00 6.319401686723197464e+00
6.624943883447267368e+00 8.169492603812141596e+00 3.323212411531887511e+00
6.712595601656031086e+00 8.130575671171442309e+00 2.329438144065491656e+00
9.662931769068768162e+00 8.145184997959084683e+00 7.547186358421401842e+00
1.803211120282272706e+00 8.225580423088112880e+00 9.979095976115077704e+00
2.781939555850847512e+00 8.224645781767581099e+00 1.290923059136747097e-01
2.848132848902914738e+00 8.215358754992170276e+00 9.538237287056228197e+00
4.762234827007294058e+00 8.213179979912615281e+00 7.147637574805646210e+00
5.547241186337373620e+00 8.221550262809532938e+00 2.264753599426207575e+00
6.063259877658735419e+00 8.254991029261102398e+00 6.394158107866997343e-01
6.825332015114263129e+00 8.243805067953372756e+00 9.351939229033165546e+00
1.587687854281080169e-01 8.349275922079332446e+00 6.915485445128302544e+00
2.247260820864506847e+00 8.310402857624065831e+00 4.974328617856486889e-02
4.514700230731665265e+00 8.294216124019111902e+00 6.690412202510047202e+00
4.847692293184218570e+00 8.299806058236189443e+00 7.997548598458179114e+00
5.497699512584221182e+00 8.351468625414224078e+00 6.408527414943245404e+00
5.502227682308470591e+00 8.296376328507374609e+00 7.052311970216843307e+00
9.870502949382073510e+00 8.314369175636002751e+00 2.913578327121010503e+00
4.977329836373939109e+00 8.437464419069790722e+00 6.188343334007778473e+00
9.288787638534484969e+00 8.415808383784206370e+00 7.114730421323489651e+00
8.042115745120175241e-01 8.502042716862350247e+00 8.949823091307830936e+00
5.096666229772948142e+00 8.511644899058476099e+00 5.055319336404873631e+00
2.240681489090356471e-01 8.559635886437751751e+00 2.842581971868475943e+00
4.081751459967118301e+00 8.556914672325527604e+00 9.636457817820907934e+00
4.190895299492125581e+00 8.546273363313893867e+00 5.975813571714179595e+00
5.226529601763989064e+00 8.544088816860000435e+00 8.618614470258444626e+00
5.324906128799613114e+00 8.575017264244632287e+00 9.249812679454713304e+00
6.528634756206360024e+00 8.535045509742307246e+00 1.553384897472900317e+00
4.292139831196781330e+00 8.626259927332203148e+00 8.759824429955452629e+00
4.746378605436572862e+00 8.660013012347327788e+00 7.103938368414523197e+00
5.217688626888663528e+00 8.621626476016244212e+00 5.884264513153384613e+00
5.247190903304932874e+00 8.666305756773128977e+00 8.390498735800225205e+00
7.816263427512637918e+00 8.639124944123281580e+00 2.527895912378636645e+00
2.836337996775997183e-01 8.717122591993661018e+00 2.361274427962062550e+00
3.721749619932291697e+00 8.727591656264436892e+00 2.292888490885298225e+00
3.946248716919328103e+00 8.724913748295222149e+00 3.771333180987891165e+00
4.487968959699672133e+00 8.740573834285736865e+00 6.943701984705718644e+00
4.663912782586385752e+00 8.744731713605254697e+00 7.338069777375276104e+00
7.857361805644505814e+00 8.691895686956046418e+00 3.998785756817892612e+00
7.950019566498897738e+00 8.698332908161855670e+00 1.449971093651591492e+00
8.393717905042667127e+00 8.720068841864542009e+00 3.707301017189636116e+00
2.369230409268415549e+00 8.768892173359539299e+00 6.107903259910103522e+00
4.381158281498303886e+00 8.765573526760892520e+00 6.542241165664883784e-01
4.531787064182156932e+00 8.822459272504168837e+00 8.539294128461632383e+00
5.502958911495918315e+00 8.814950714572539425e+00 1.598587163736613359e+00
6.021414088687006227e+00 8.804844547024325507e+00 2.663506331316960019e+00
6.559993818271268928e+00 8.778592807198572601e+00 3.352744580167694277e+00
6.692269727478581842e+00 8.763620089564110316e+00 1.600027774783258527e+00
9.804060526472806458e+00 8.787886842004047239e+00 3.560440100586181877e+00
5.285059154423732863e+00 8.897943502185244213e+00 6.623139913538446777e+00
5.935254442928170171e+00 8.850471926565646186e+00 4.749604036187672129e+00
6.289539625957724311e+00 8.832920350120033959e+00 7.209235754313013445e+00
6.863445443854327976e+00 8.869330920406694574e+00 7.956156525506830945e+00
7.835249492774217117e+00 8.843166266707241263e+00 2.171364244803958066e+00
4.125435322627873269e+00 8.973655452149658984e+00 7.657585021210454812e+00
5.144343770334701915e+00 8.926866963755667683e+00 8.863441876668940456e-01
5.462084780260944683e+00 8.925223103561735982e+00 8.500247979905447338e+00
5.501840058896640961e+00 8.939881257406499415e+00 9.818022341515851181e+00
6.435554632783754059e+00 8.961426912555637614e+00 1.347923378800586436e+00
7.498694502431884068e+00 8.913439351088326745e+00 2.119374019741374848e+00
7.946236952525128849e+00 8.965875474969742243e+00 1.899536065972634802e+00
7.409870844937746504e-02 9.021302747668839217e+00 3.431021109064376962e+00
4.262519648008590289e-01 9.031729513231326223e+00 3.301375601633185664e+00
3.970649663433052812e+00 9.011233509700948829e+00 8.579943720632613235e+00
4.549429609397694918e+00 9.021145879101567289e+00 7.148859164570564584e-01
5.961332532787798399e+00 8.988061043169826902e+00 8.103233247339449719e+00
6.297166220068648457e+00 9.022086564945951181e+00 1.092966808628251130e+00
8.080037513187599885e+00 9.015269757077309265e+00 7.653279724719301846e+00
9.487754953613181996e+00 9.026907807754156465e+00 1.239443369131278061e+00
9.612247499407848395e+00 9.002171565502841588e+00 3.591378743960929043e+00
2.713940234798337237e+00 9.101088684454152755e+00 3.310579075477433797e+00
3.637768934834340939e+00 9.081286645840718208e+00 3.854464870126052212e+00
3.966073035385624834e+00 9.128526930083976865e+00 6.783466823310244642e+00
4.586923992113378645e+00 9.090019138463992121e+00 7.778118881846385335e+00
5.351290266401018236e+00 9.133590292553515511e+00 1.085696393949838079e+00
5.921551517126973252e+00 9.097419974026090372e+00 6.220142945533845946e+00
6.172628864564170925e+00 9.070531171458025455e+00 8.881770404354544013e+00
6.262559001576492257e+00 9.080190446872091314e+00 9.929741513313127044e+00
6.398234662222373359e+00 9.098946140258314941e+00 2.315729835640028433e+00
6.454966685460924225e+00 9.122382097450534744e+00 7.588292256674158409e+00
6.975699659231112015e+00 9.109196078554587572e+00 2.336831770535690467e+00
7.776352454694738903e+00 9.128491051037926240e+00 2.060797207123569841e+00
4.052589953294143399e+00 9.210236932856812331e+00 5.962499363619651938e+00
5.743999251531991312e+00 9.156954915826394981e+00 7.024958816809540707e+00
5.709649329404729023e+00 9.204816342832955911e+00 8.263290896670609342e+00
5.988553287641659395e+00 9.203416673512274215e+00 9.788240747305062328e+00
6.618790056666802535e+00 9.206421785165781912e+00 4.678232239125408753e+00
7.775228706724426786e+00 9.153044578316034574e+00 2.191952721759716560e+00
8.927890446467300123e+00 9.158697102194089723e+00 7.696120287794036230e+00
3.583366343586160685e+00 9.291155419922464631e+00 5.883487427752996268e+00
4.318416989284246554e+00 9.258713503490207941e+00 2.168521844577500524e+00
5.629133310013395786e+00 9.247891776570709155e+00 3.514297528976385587e-01
5.814085374839119247e+00 9.242704669507977755e+00 1.888486648522688771e+00
5.849258541315768056e+00 9.248825293819724180e+00 6.679910036351164315e+00
5.940308985910016659e+00 9.267570152454737809e+00 6.607650296433364545e+00
6.906603721359422465e+00 9.275802603190477669e+00 2.165092514271085733e+00
7.604976104231087497e+00 9.240329852700172708e+00 2.021557557613654410e+00
8.175650065742626538e+00 9.243679117403974743e+00 4.374954890204525881e+00
1.510091775833381500e-01 9.324608582274601432e+00 2.092036054588834570e+00
3.949901143715523588e+00 9.369806750756202618e+00 6.295942300464866248e-01
5.462871671042261568e+00 9.307694781140899210e+00 1.296604842573610972e+00
5.510065621282659976e+00 9.366504083026928384e+00 8.271969361804746512e+00
5.596231501289133270e+00 9.310739830212570567e+00 5.660416445683091879e+00
6.218574660904295115e+00 9.370722524121271491e+00 4.154045041535493255e+00
6.616533818300105452e+00 9.324609611708687851e+00 7.686409256970881287e+00
7.067264150768197695e+00 9.345092740046268887e+00 2.512461483747479463e+00
9.779586861237769213e+00 9.345109389085278551e+00 6.372452023924792819e+00
7.278571487108904670e-01 9.442230636184405057e+00 3.152907494072235028e+00
3.191818712068616115e+00 9.445431309142072962e+00 9.706875457733975310e+00
3.429283309780264410e+00 9.424838532558466042e+00 4.750610095918147202e+00
3.661506529399379595e+00 9.390471556443440448e+00 7.427001526236484352e+00
3.970751982955194048e+00 9.449899019889933527e+00 7.658881309851594210e+00
5.242352394913599056e+00 9.403264119583376157e+00 6.952770307535336425e-01
5.550736047419179364e+00 9.408138411906158183e+00 5.609442209202198271e+00
6.239262806896626934e+00 9.431502367164828371e+00 1.998424635574572950e+00
6.775718453004519581e+00 9.379258624720179682e+00 4.628650537918255203e+00
6.859218748664762444e+00 9.385657435222597655e+00 2.494041433440246980e+00
4.099690515747259845e+00 9.474419678306334802e+00 7.747252407823187248e+00
7.289968752799714125e+00 9.503508646790068681e+00 1.808684811699173167e+00
7.940842313842058964e+00 9.512474273385107537e+00 2.572069125022963476e+00
8.228527050506649232e+00 9.522132017274984150e+00 3.070558607177558574e+00
4.512484267429101692e+00 9.596840980810435795e+00 7.288198720755287852e+00
4.698173296373275853e+00 9.568831957142229783e+00 8.424994852759056796e-01
5.034872469725457655e+00 9.537397715296284773e+00 4.046010297821517554e+00
5.355669399230435168e+00 9.540249840698692196e+00 1.383908456154101962e+00
5.943623995238558777e+00 9.576774001283137494e+00 1.272611582377718431e+00
7.216687744955461170e+00 9.567641183180532138e+00 2.304994857845868328e+00
8.382251950994132894e-01 9.656232481678026502e+00 2.898793107023293736e+00
4.083755596483527484e+00 9.638435036772388997e+00 8.402324525823459567e+00
4.132666727180891009e+00 9.614185050578548442e+00 9.777273182019039055e+00
5.028652414145637017e+00 9.644386857452762030e+00 4.829795998269819535e+00
6.934076723885194582e+00 9.669020965805742662e+00 7.440157574168267729e+00
7.081340076044630116e+00 9.613571971568669383e+00 3.618477668394724844e+00
7.448260688299815691e+00 9.647317596881457291e+00 2.561731253251618323e+00
7.770257742504028009e+00 9.631709493166965785e+00 1.826168982586188205e+00
2.983452113018930429e+00 9.734618159320151065e+00 7.107936040591228632e+00
4.579219695586015604e+00 9.724647458044717752e+00 8.007573225935928463e+00
4.880885470615225152e+00 9.763547980227954781e+00 8.080544720316682472e+00
5.434490965693200337e+00 9.744866449312574730e+00 6.265048325563835618e+00
6.208213009134067484e+00 9.697822842089163231e+00 1.521843114508239503e-01
6.555117063574401826e+00 9.713718815425362862e+00 5.565560130938804306e+00
8.773850762786786106e+00 9.713070707796225278e+00 3.569211665095017416e+00
6.537861898017385820e-02 9.825426848556153558e+00 2.406018450284096222e+00
4.458164593924876407e+00 9.765632009744475539e+00 1.656260618944280338e+00
6.061216966715271326e+00 9.799566653303374508e+00 2.011238922750947733e+00
6.356181082140515137e+00 9.828445018081602313e+00 2.550359678571337163e+00
7.542869355741219195e+00 9.796112977913313813e+00 1.768610115455154563e+00
8.239603741732633324e+00 9.838098540803592584e+00 3.265872094126089920e+00
8.696882950628706865e+00 9.805059840271162841e+00 8.602328750946757197e+00
1.799669906557481158e-01 9.858583237953654432e+00 6.343389991814919249e+00
2.618342053855209794e+00 9.872874324848675442e+00 4.795180655180755203e+00
4.571828102420756323e+00 9.866947847652690839e+00 7.462934097937535149e+00
5.195528690640408342e+00 9.868737681311214871e+00 3.660730510816313732e+00
6.832145269915439023e+00 9.881253117062035685e+00 7.781324805226939922e+00
7.783885428136041895e+00 9.890334910342243546e+00 1.017376037129486877e+00
7.741643044312609412e+00 9.900856216386481279e+00 1.962730477707240961e+00
8.925745758637711802e+00 9.888349006486080839e+00 2.448047253717040128e+00
2.921713000990973086e-01 9.985540089220986459e+00 6.555514748559926552e+00
1.940593460824449057e+00 9.952951977555288821e+00 9.514153480997496359e+00
3.538490834922305872e+00 9.992337870924851373e+00 7.250831852266159672e+00
4.215006819719191000e+00 9.972468126969578961e+00 6.604553844159425147e+00
4.263653741246865359e+00 9.928976344941915499e+00 5.020241451552975853e+00
4.782986726208585004e+00 9.965984516081011435e+00 4.537310589468444455e+00
5.220048023929831693e+00 9.950300888711471003e+00 5.158039999684654653e+00
5.337314614747121766e+00 9.996484022379988232e+00 7.374224551815133921e+00
5.973069592969387109e+00 9.928185568818147289e+00 8.421934093118938591e+00
8.256046710210300787e+00 9.963213627054440025e+00 1.739063064990559848e+00
