8.283395898708867833e+01 1.239659481504776579e+02 -1.726010007904894294e+01
1.279596471408613922e+01 1.037558977072358779e+01 4.519312211884487063e+00
-6.525351136990592771e+00 1.326177584676515835e+02 -1.575925020362312878e+01
-3.047704333346664463e+00 2.012783473177328375e+01 8.054209184939166377e+00
2.289573807526368299e+00 2.280193991129626063e+00 -3.148551026484949666e+00
3.788231501784608213e+00 4.778847425754531031e-01 9.470154001622339557e-01
6.717604333861596722e+00 -2.849864075751448400e+00 -1.774743467750925285e+00
-1.024203194501705216e-01 4.774902711989991388e+00 -1.945762138270243469e+00
-4.764885428277476631e-01 -1.489166545948286791e+00 -5.700961539064291372e+00
3.814028827782896514e+01 2.966558896851670397e+02 1.301460000049918904e+02
-8.575930299263332302e+01 5.980412032537658718e+01 1.942906809880178969e+02
4.304409987367118440e+00 -1.075293653744143896e+01 -5.713299467530449149e+00
6.058549458658930575e+00 1.965581738564475245e+01 -2.673782875454135066e+01
4.313276553753816245e+00 2.437570422457032038e+00 1.672318726769831798e+01
-3.971580747652534438e+00 7.751353722095383603e+01 -2.139170430870859008e+01
5.030635811940760149e+00 1.947581822488201553e+00 6.819251016620631045e-01
6.304114236081422717e+01 2.137925029374778205e+02 5.922658429029194593e+01
1.727902948156987577e+02 1.309653080170825774e+02 -2.312827052326572286e+01
3.870849147794970246e-01 5.280708353078406248e+00 4.009630795682005422e-01
-4.437975643821818750e+01 6.772520878667083366e+01 5.384074952174388784e+01
9.081323926037263572e-01 3.143357752818829010e+00 -2.586412287413495825e+00
3.384461936537906723e+00 -2.178004930124747496e+00 -9.951665634639923042e+00
5.634505432416081305e+01 1.466224232033572434e+02 1.569460340062744876e+02
-2.258993447292650814e+01 2.098870423750223040e+02 -1.211279466426231863e+02
-1.647401945747457930e+01 1.019074048085328457e+02 1.276434706699199921e+02
2.004472562100608002e+01 -1.143834056467829763e+00 -5.277522512852971914e+00
-7.696971888226060798e+01 6.805037231167347045e+01 5.781013493413081505e+01
-6.018307502088589445e+01 7.248172473044763819e+01 2.916180732993347036e+01
3.533354263437183285e+00 1.279815752490919500e+00 -2.518924318355763248e+00
-2.620609625504998874e+00 6.407565412900191326e-01 1.119186890532269629e+01
-5.857963339263313429e+01 2.248868316355363106e+02 1.312476520308685508e+02
-3.082873192185438427e+01 1.166998423722287868e+02 -6.775948082419677121e+01
-1.690094684631573863e+00 4.083639330607934603e+00 -1.387852425471743700e+00
9.119672261669517610e+00 1.647417850788388591e+02 1.214207282614363805e+02
1.500252699945995261e+01 1.155198289726566685e+01 -3.541357890970546318e+00
-2.679305958880023653e+00 1.718648607309520315e+01 -1.433505136388270529e+01
2.050522636660908837e+00 7.576970369291759155e+00 3.097898183515346293e-01
2.861374905302652927e+00 3.068731854825300864e+00 5.644380083887474697e-01
3.422206884177110275e+00 5.260227332161137781e+01 8.038353859270586099e+01
8.200341733624090921e+02 -8.928723728717338872e+02 7.949676674870659099e+02
9.982483889405447997e+01 1.693639498553399960e+02 1.297219287394689502e+02
5.374030862067273873e+00 1.766590214253624325e+01 3.947007132511755145e+01
1.882149876611137529e+00 3.001207354622350998e+00 -1.248974905647147970e+01
4.114675703610105728e+01 1.660729574650347331e+02 1.510894144407384942e+02
-9.000142085152951950e+02 1.025020437455389356e+03 -7.562502580032794413e+02
-7.966444892204123107e+00 5.608192548634312935e+00 2.696191937509719416e+00
-5.883820006956420912e+01 9.613514354380893678e+01 -2.057959956960681325e+02
4.053271543251996789e+00 5.340646723504895999e-01 3.620740928060596442e+00
4.612185969233332017e+00 2.023068734558460591e+00 -3.436243169356283822e+00
-2.538054160604349407e-01 7.871627993774148457e-01 -8.976027601462073235e-01
6.211383584360703480e+00 1.063273661549060201e+01 5.859857240218870444e+00
4.529888659418104169e+01 2.079707264828452082e+02 -3.093458078723867857e+02
-1.023093058562358060e+01 1.179498255233257424e+02 7.398549240264439675e+01
-2.640326938109365251e+00 -1.789741974244241085e-01 9.371400735159514106e-01
-3.518069778543839732e+01 4.241114625898556767e+01 -3.642645498996817388e-02
3.433496827326901091e+00 2.738922651974473155e+00 -2.033703229349860475e+00
1.477369162992000184e+01 -6.558599354278898375e+01 1.244516384951649357e+01
3.542164495079120456e+00 4.199633857961632799e+00 -2.981748687138631837e+00
-1.020636204530311630e+02 2.971748497214506415e+02 8.154580239462555369e+01
-3.421704922361102241e+00 6.199126619968102858e+01 1.101551823849372092e+01
-1.248532463416669636e+01 1.553318168963434687e+02 4.733398520172342927e+01
-3.334370490345478402e+02 2.730486560855086964e+02 3.073854935219691242e+02
-4.916519026057556374e+01 -3.088695312442424523e+01 -3.794317126419366559e+01
8.366083022241825873e-01 8.560150742264582391e+00 -1.010363709043204494e+01
7.887385704507316575e+00 2.769299897997765925e+01 5.416975209325961771e+00
3.864603918696112714e+02 -1.551828240695516854e+02 -3.210689707869209428e+02
3.423703614847038779e+00 2.813213873666288833e+00 -2.470555242548144292e+00
1.026225235705505412e+01 7.937742527847862561e+01 9.768495902926316532e+00
-7.079310332308855891e+01 -2.752581558087629219e+02 4.166435105634336082e+02
6.025151283951649361e+01 -4.212651368739889080e+01 -1.933820774414526511e+01
2.605212047037934440e+02 1.376802356202791202e+02 1.168197302063059340e+02
4.416687951803851320e+00 -7.373305808709159637e-01 -3.446507551802344693e+00
5.768259055290884341e+00 1.588257257735984362e-01 -2.292082383064955042e+00
-2.173171973843030624e+00 3.736686380645283023e+00 1.614438163891174449e+00
2.989987438384054741e+01 2.283053426996931421e+02 -2.174276378679289579e+00
-1.261166851620864282e+00 1.230459690898657144e+01 -1.720264939023329998e+00
3.958405361555876567e+01 -4.357056207697610262e+01 -1.532939561918927041e+01
-2.549459284592342101e+01 8.728624769075840106e+01 1.354207243566462182e+02
5.815650606058146987e-01 1.005692475201436409e+01 5.300948446338129116e+00
5.461443848192051309e-01 3.253946317221717344e+00 -4.062959838891744724e+00
2.498866790961110418e+00 2.188733320298221763e+00 2.323534448838442401e+00
-1.162823980085659741e+03 2.591198199297019187e+02 -1.428185796390212545e+03
4.833786331630971489e+00 2.226444526966841408e+01 -6.828209807289877809e+00
3.896793316109425476e+00 2.092550157860689763e-01 2.191253483728147877e+00
-1.169883901372390067e+00 -5.607997033714717361e+00 -1.602422937737457698e+00
-1.499857661183400692e+00 2.359039268758570529e+01 8.722606264479022542e+00
-1.395868175998759568e+02 2.295076425963026736e+02 1.296146454706263853e+02
-8.463833229525812385e+01 1.931096767259131752e+02 1.360785505079762103e+01
4.723071432393922464e+00 5.573188110997195466e+00 7.250779614393023209e+00
5.842920344585355252e+00 7.882519512333227674e+00 -2.660213829661318918e+00
-2.572370246636523561e+01 5.487310194070390423e+01 8.505389006266140939e+01
5.765264767744936236e+00 4.711008021040631100e+00 -6.584309066043851466e+00
-2.022020644814832124e+01 9.884707479771437022e+01 -3.164699050658489998e+00
1.324647832770076938e+01 1.342249428975331682e+01 -2.051427244447781817e+01
-1.868837945387476829e+00 8.840103011526508681e+00 7.397836726025784237e+00
9.746065806240967078e+00 1.725893549193591525e+01 7.516589523590141653e+00
4.543403006122328947e+00 7.905878262852706229e+00 -5.196480290541732217e+00
1.981817892311304341e+00 5.734821391933015988e+00 -4.683330484486493139e-01
-9.008419865186476727e+01 2.283079111809275901e+02 5.590338512453534037e+01
7.634239119832622578e+01 7.927749631940001507e+01 9.082237975897098181e+01
2.733920340031649587e+01 1.753674418622954256e+00 -1.362654653751354239e+01
1.757616960303728035e+02 -2.049540981537019135e+01 2.602834844027979670e+02
3.921071817491743161e+00 6.627493580461596423e+00 -1.961783039434506826e+00
1.981637090842349513e+00 3.912233423798282761e+00 2.282919928479594684e+00
2.303691302764793836e+00 5.039544884418973858e-01 -1.330274837680431510e+01
-3.418534409451484635e+01 9.707850941622194796e+01 -6.591178369674483406e+01
4.498262991253117349e+00 2.132654488961949113e+01 9.215479544165262382e+00
-1.800473335796998597e+01 -8.540745528191564517e+01 1.228407481462787487e+01
-2.262297447258491090e+01 3.472221595393303062e+01 7.574363678819352685e+01
8.752598699520160608e+01 7.248980748698612331e+01 -9.370107262046130359e+01
5.776169551803712887e-02 1.372499508726047202e+00 -5.373025884956039278e+00
2.116330787543334395e+02 5.150181268105303900e+01 -8.607458072004720862e+01
8.038394168470594536e+01 -1.402063425758893800e+02 -8.460839286428576855e+00
2.335828393210037035e+01 6.877447893373194177e+01 -1.924119293930483110e+01
-2.289928306265074376e-01 1.749711598456946682e+00 -2.048709077023527225e+00
-1.781394346069584458e+02 1.298188005646842953e+02 1.844489499489323237e+02
1.734085881554709943e+02 5.154648041989406693e+01 -1.545200614068621370e+01
4.196157846748859299e+01 1.364382839475373430e+02 1.404578903237297425e+02
2.392435381208952272e+00 6.896961998684487227e+00 -1.214247823806605453e+00
-8.721752931406123821e+01 -1.148875621832920899e+02 9.407290322745444655e+01
2.877519860315697287e+00 4.177698537340602059e+01 3.497271499859516553e+01
-9.163636933556814483e+02 -5.804418634071521410e+02 2.499511635240337910e+03
8.944509324128382559e+02 6.365645015792097183e+02 -2.454919028341415469e+03
2.712353450478894867e+00 2.012398269671798801e+00 4.336744165446691501e-01
2.749656408024102561e+01 1.298891334054712665e+01 3.761971954097258219e+01
4.601273676696099102e+00 2.445648583075545002e+00 -2.667813445271024264e+00
1.146528718542981995e+00 5.955246637102641571e+00 3.426775653004047406e+00
3.725560898201624171e-01 1.173449017531841054e+00 -3.152861292397999726e+00
4.030796657047709175e+00 5.969291254382039114e+00 1.963234359471580426e+00
1.213761385569499680e+02 -6.477075898075844407e+01 -1.488311876949197199e+02
-7.140553688626740225e+00 1.698556712281804693e+01 6.166307130120985747e+00
2.995471752666948095e+00 3.701699145278274372e+00 -1.519922950641184656e+00
4.711442533252983011e+00 8.253244984206753898e+00 -2.356788292825668929e+00
5.030232816928177186e+01 -2.149101748810897661e+01 -1.078762291974351655e+02
4.017957541752668504e+00 3.756030872589233294e+00 -3.320591330996872870e+00
-3.168505875743455391e+01 6.620154758548582663e+01 -2.432050579534289625e+01
4.517413528814503820e+01 1.153642498140549719e+02 1.944462191748343827e+01
8.425369841485075284e+00 3.599520985792511452e-01 -5.473595021761935797e+00
3.560315981063705060e+00 6.226745344628596968e+00 -1.789290639337677735e+00
2.926969350540757908e+00 5.434699804245399335e+00 -8.427056019190393155e-01
1.941597471842785581e+02 -1.574959404187045493e+02 -1.105356926551995457e+03
-1.129084146523446075e-01 1.110961832598981118e+02 7.249691941868820777e+01
1.701504647841068163e+02 1.213620702774467048e+02 2.235578451381117304e+02
-1.409993265779265244e+02 2.073082392238682701e+02 -3.400846578118441244e+01
-5.798393761117059597e+01 1.424208388229835087e+00 -2.947720191728094363e+01
-7.889841745358486946e+01 6.131342150112600820e+01 3.189172841908742129e+01
2.943160849976215410e+00 3.492529678542667382e-01 1.998248599447376428e+00
3.047491082241532467e+02 3.341406068098093840e+01 9.114720470750519610e+00
-5.093987729638204343e+00 1.698713704978267458e+01 -2.341887217973816604e+00
1.385548105521081652e+02 -2.188984947440879480e+01 -1.203497157501177242e+02
-2.147127553518184016e+02 2.478081597985009807e+02 1.166964174329953494e+03
-2.391805014535936635e+01 5.162504171929035834e+01 -6.698507672150313397e+01
5.024961413997817594e+00 8.574532474301014062e+00 -1.375721026875378428e+01
-1.443324296002048504e+04 -3.628274639341202419e+04 -2.846773379596885934e+04
4.082501953805325101e+00 2.279190933063674152e+00 -3.658223990593937880e-01
-3.507911838293914002e+02 2.631816892641569439e+02 -7.860065569242665333e+02
5.471824865341750410e+02 3.140434810061373696e+02 -1.326163795220731572e+03
-5.925731700946698766e+02 -2.721146505511017040e+02 1.304074416977668079e+03
2.968042932631751896e+00 1.862048448538970558e+00 2.196675414880820409e-01
1.445342581573461212e+04 3.629882687249322771e+04 2.848457790851726531e+04
6.375053189374905287e+02 1.413574554290985589e+03 -1.591623527581569761e+03
9.443705190301316943e-01 5.501566176116419626e+00 -2.606176147400035781e+00
6.166753259314867730e-01 9.572955946152584161e+00 2.497537650193356384e+00
-2.646000642758461474e+00 3.333821341222068746e+00 -9.737141009530481117e-01
2.251117604008904891e+02 -7.268005712384342587e+01 -2.188502277290244251e+02
-1.029649714706508092e+02 1.445863461233292924e+02 3.347265655596987699e+02
3.762831750877448922e+00 3.901876419871985746e+00 6.333207444247355156e-01
1.078903976001402576e+01 5.841062398199004235e+01 -2.757281922435812760e+01
7.915917922356027248e+01 -1.093528608186369979e+02 -9.871090943988561150e+01
8.595726635860436726e-01 5.832839455425812503e+00 1.429022939434992701e+00
4.219625380807196180e+00 3.490861863664550313e+00 -3.958288851118508589e+00
6.430213888275623901e+00 1.375057274425342868e+00 -2.123227535941984101e+00
1.571629879706736510e+00 6.469563316796691055e+00 -2.699143217275198348e-01
1.577827532319931159e+01 -3.190456618646560827e+01 -1.957960730847340614e+01
1.003266586015737261e+00 7.991513687486019535e+00 2.142550049612688134e+00
4.031202567816654323e+02 -7.407396864854278817e+01 5.766276674328407807e+02
-6.792056007096823578e+02 -1.375451488064049954e+03 1.639642271788638936e+03
5.145854083537379609e+01 2.843695307437074860e+01 -3.521023784655168853e+00
1.254994553556423753e+01 1.741966723692697627e+01 -1.446461209584851204e+01
-4.437560649700402138e+01 1.326588480042688047e+02 3.983627449590945702e+01
6.292599225508708205e-01 6.058149702943008030e+00 -4.191275514533242541e-01
-4.549015730367319543e-01 6.437060925283266677e+00 -1.747343457741022732e+00
1.511056271932587833e+02 4.539165081598694940e+01 -1.354144315477988947e+01
1.914080972637645317e+01 -1.329427295409900456e+00 7.823257009371705806e+01
-4.756751832937272866e+02 2.122233561091075558e+02 -5.025605890535756544e+02
9.494638383440563434e-01 -1.278774137494434804e+00 -5.861671685232543005e+00
4.950687848399402569e+00 -1.487105788443212173e+00 -8.615121101724973585e+00
-1.533986192476207266e+00 6.810834717411200501e+00 5.472011800425843120e+00
5.112360732090921012e+00 -8.814304026230333378e+00 -5.264835206359895103e+00
2.962238132045163841e+00 2.520982753677978749e+00 -3.319173333248847335e+00
5.535438229674536359e+00 6.914523385091348118e+00 2.079576854777051231e+00
1.518914837139407155e+02 -3.478123569893097056e+01 -6.212971962595432842e+02
-1.547860165630333711e+02 2.068475042596900266e+02 1.665042626969244566e+02
1.790861915430114748e-01 -8.347778803315264895e+00 -6.442464611470102298e+00
2.556963212336170077e+00 3.141843680950623607e+00 -1.798408892021743810e+00
-6.081430392525120965e+01 1.019001982687182704e+02 -2.223159031514194339e+01
3.413356623673869450e+01 -6.073388509540360758e+01 8.587367384783908619e+02
-5.509961130351417324e+00 -1.011077364679408497e+01 -8.463905449444213858e+00
-5.458815465727189231e-01 1.561239731375485107e+00 -5.169351563740731237e+00
2.016731757352372867e+00 6.208884115370093326e+00 -1.283122922245893083e+00
2.256110526298423125e+00 7.631408838745167955e+00 -4.938292233686512045e-01
-4.502846276121346136e+02 3.299513407594139949e+02 -2.585462289448246338e+02
1.840919773416637213e+02 1.238350067924919244e+02 -1.222497635019726658e+02
1.260599744835864158e+02 8.209442801020092872e+01 1.602381800854290006e+01
2.643032474449583002e+00 4.397974147048688387e+00 -2.065772665221421001e+00
-1.918466622433929274e+02 6.849389244490858175e+01 -5.581777066578349178e+01
-3.609225024626908862e+00 2.182818577570950680e+01 -1.710241512191546187e+00
5.382806948059213710e+02 -2.356830713466490295e+02 2.925651368843963382e+02
1.421652795006728809e+00 -4.582608637514731242e+00 -8.835960733347521412e+00
-6.417632886866442732e+01 -7.556979414906903969e+01 1.984898142383234472e+02
1.204779437057463820e+00 3.111726517755998067e+00 -1.310194100624022084e+00
3.850919864463357989e+00 6.968977382282226962e+00 -1.932524157075443116e-01
6.148572456308258438e+00 7.077563355083702490e+00 -3.629287069295435320e+00
-4.987569268093950114e+01 8.185706084201370913e+01 -2.546643724248753315e+01
4.589635745638066533e-01 5.094039796486917737e+00 1.288607042238240741e+00
2.977796839217912961e+01 -1.944623339683488883e+00 -8.420627507455512273e+01
4.259014584549984050e+00 -2.623485381271164485e+00 1.012131922701223985e+00
3.676175802239502133e+00 5.919872837716217084e+00 -3.625977031465789757e+00
8.268143476496138078e+01 2.235751797160916681e+02 8.171728367851690678e+01
3.084798226071658878e+00 3.835790876599888044e+00 -1.316428330292383819e+00
-1.054253059721587116e+00 -7.019276194510782885e-01 -6.791270210691855436e-01
2.656401098431856234e+00 6.154605616983850336e-01 -2.344661919888716195e+00
2.483392517007091405e-01 2.630217207216207775e+00 -2.191644007891018653e+00
7.423382136053362501e+00 -2.709948849461854437e+00 -4.283706589247472607e+00
-6.273844116376454672e+00 1.766509441094616051e+00 -1.589766420744529007e+00
1.271124438052114769e+01 -1.137960059086465847e+01 -2.342966148133529547e+00
6.194097340963987008e+00 5.798607808163371402e+00 2.885608798232702776e-01
3.385467463270958710e+00 5.946500127642453393e-01 -2.820660433267882183e+00
6.764426700649667623e+01 2.708424731895231119e+01 8.405753066418775177e+01
-1.775710247649074480e+00 -1.274021769609362664e+01 -1.314565818039108969e+01
3.586156031811123412e+00 5.319813287586185879e+00 1.003762362027897037e+00
7.314881573650138247e-01 1.112723611177776917e+01 -2.298171157844214108e+00
5.032065264283652972e+00 -1.931634136104822597e+00 -7.263988347059230577e+00
3.010360794020330300e+00 7.026944964621414158e+00 2.563392144959529828e-01
3.758435360207572629e+00 7.349673350539165817e+00 -6.162140980724610806e+00
1.843587645678806837e+02 4.812109383310711053e+01 -9.181855590373313447e+00
2.633516405168514929e+00 4.522371445484419716e+00 -1.827981738430752845e-01
5.105183480708403465e+01 5.765008021643895120e+01 1.179624998920792649e+02
-4.542690725455375400e+01 6.039428943897748070e+01 2.048924347435591997e+01
-1.717049890404018697e+02 3.087969805549312809e+02 2.937860613985785676e+02
-6.617666289282989611e-01 7.652379376942117339e+00 1.619360198376103455e+00
9.836275791741437402e+00 1.612026537136002347e+01 8.568873380992027222e+00
1.732842164046254130e+00 4.517685690386475272e+00 2.649672607560199511e-01
7.849741963213616724e-01 4.179421309522083128e+00 6.303274736004377266e-01
4.398449551738050900e+01 2.318024222295236569e+01 1.250775444841622601e+02
5.184213088757172017e+00 3.343874165833551793e+00 1.756859455537295833e+00
1.926415337203723599e+00 2.499051143404197539e+00 5.966236288090509987e+00
-7.787952879176478049e+00 7.978150359314359008e+00 6.471309769342648899e+00
5.021316061259781094e+01 9.801498406613285752e+00 2.518114613279873737e+01
5.464516770367725762e+00 4.106214442611203275e+00 -8.314846095907071355e-01
2.199018553978327617e+01 -3.672493682657814063e+00 2.099752437750460032e+01
4.989521767444935918e+00 4.821992078112019575e-01 -2.352093759430275988e+00
-5.056742247992236372e-01 1.975051243821888347e+00 -3.853316682121629366e+00
2.629209695388833534e+00 5.067642350559790287e+00 2.322328389747823074e+00
4.789437166763099718e+00 3.165419117242503910e-01 -2.220095308173064552e+00
9.182526628026122850e+00 3.127368373155606784e-01 -8.342912732332619541e+00
-6.936487102574270813e-02 1.314707440342528244e+01 9.290178744619936424e+00
-1.282800577577600354e+00 5.587165443220992955e+00 3.238482299544487297e+00
2.794029264261238321e+00 4.759924220522814053e+00 -8.224198680859291510e-01
-5.991033072513578528e-01 5.983722905192504982e+01 6.908452769163372409e+01
5.109380574936992758e+01 2.903599797568967489e+01 -3.960046363248732604e+00
5.172981390618670794e+00 6.171886114932387812e+00 -3.852314897756971668e+00
3.309285192351907426e+03 8.729102820019659703e+03 -4.927268352344593950e+03
-3.244020767750318555e+03 -8.721361211025016019e+03 4.976594325997954911e+03
-3.384550216623313901e+01 2.975282628392798046e+01 -3.306262612951754676e+01
1.152409852656657279e+02 2.205794381091579339e+02 -5.799474971328432105e+01
4.565226636568754159e+00 1.479125618954603638e+01 -1.399235377437539896e+00
-7.838344698502581753e-01 1.303692906199455948e+01 -1.178425844079747620e+01
4.434324913101860277e-01 2.038475842040310404e+00 -8.322514783115477766e-01
-2.120928028971648018e+02 1.278358271680699545e+02 1.509248313139592312e+02
4.109390852073535605e+00 5.396512636170862187e+00 6.194809284734018817e+00
-2.840497577931672346e+00 7.683910447971031843e+00 3.890754411658786438e+00
1.470906839536545219e+00 4.696213284930817800e+00 -1.935303363275710509e-01
1.766360689450495958e+00 1.341078162706625720e+00 -1.875627781921214599e+00
4.124371831982870384e-01 -8.985581233911650756e+00 1.284520212721227850e+01
1.216317183602260599e+00 9.099396282962166627e-01 -1.525015467230955490e+00
-5.790238124047773383e+00 4.642246559587456467e+00 1.509589699743139501e+00
7.881120989240981700e-01 2.682999710553465533e+00 -2.625588260835694410e+00
4.825683865834587749e+00 3.183765102537636782e-01 -2.216978684301663893e+00
-2.276972365675851151e+00 -1.638453050839781255e+01 -5.805159797856486392e+00
3.555181315130580888e+00 4.015824324602612627e+00 5.294931500377871858e-01
2.300456425361948387e+00 2.990400435685601543e+00 -3.482701658917104481e+00
7.845781092539331425e+00 2.195116798624769494e+00 -4.231791465666630891e+00
7.235438453784786894e+00 5.260039505603302246e+00 -1.512211075939684157e+01
4.917923963742700799e+00 -1.629409475437637589e+00 -3.048566248853893157e+00
1.454066124460908327e+00 4.426809923787418111e-01 -2.564331075974451757e+00
3.854835171338767186e+00 5.559653189952673102e+00 -1.816828445246014168e+00
3.630901420130644430e-01 2.499043681239686343e+00 3.226489203661232485e-01
4.188613685447041490e+00 2.318579924744884835e+00 -3.223430655914770071e+00
-4.842902105488559039e-01 9.463574289283933183e+00 5.303267336600303139e+00
-2.625219453639586504e+02 -9.831768979272571585e+01 -8.362474054872984652e+01
1.092986940806378016e+01 5.849015275643571954e+01 -3.013052051927023456e+01
-1.306900121423587393e+02 -1.683269935529332884e+02 -2.156231118011885712e+02
-6.339379241929471442e-01 8.150988432702193087e-01 2.401261596896583139e+00
1.180909339106426792e+01 6.299545003992067649e+01 -2.864339072112852946e+01
3.249161998993261413e+00 -3.099931429507549185e-02 -2.584620373698804485e+00
2.926239632046839567e+00 3.671752991607314609e+00 4.748754469934482469e-02
4.557280592285952281e+00 5.731152428150377176e+00 5.410972186289525254e+00
3.643024075958388064e+00 1.237005605728254576e+00 1.769674548479900911e-01
-2.908922525773243137e+02 1.773299947450294383e+02 -3.734622040142373862e+02
4.096099759856660683e+01 8.872103722170000140e+01 7.432886457893616239e+01
1.757180072954828120e+03 -5.253631637255668920e+02 2.753778055175072268e+02
-8.695927365019522348e-01 4.335926682141587385e+00 -9.680386003084596069e+00
4.294981371084504396e+00 -2.408680672511361198e+00 3.752548297961273427e+00
4.795513266994823880e+02 1.559903293888093685e+03 -3.587179718804583217e+02
6.034681328912755660e+00 -2.891141098230110451e+00 2.934334386658654648e-01
2.117355896492910894e+00 4.074829513766324851e+00 1.736009488363748243e+00
2.751014493723510590e+00 8.348144169461026998e-01 -8.467092591208463803e-02
-3.058016769429299231e+00 1.356279226659928661e+01 9.740523288350182440e+00
3.960137010562609916e+00 7.425110368651716364e+00 -8.220526468490396699e-01
1.839813473836418023e+00 1.103134444844534379e+00 -3.589730223943970344e+00
4.046630960440037228e+00 5.591443195148820600e+00 5.641335317999894627e+00
1.477132872329325153e+02 2.345073275888916342e+01 6.334690412648806301e+01
-5.031320167929451692e-01 5.612989543840937401e+00 -3.854073948593788934e+00
2.170269290202826440e+00 5.626599795129084036e+00 6.658658051402536415e+00
3.868275427612641124e+02 -1.887180101138662849e+02 1.819205251415790201e+02
-1.882186805463831991e+00 8.137868917381570810e+00 9.791381569455005263e+00
1.358916633702639487e+00 4.890565828009194149e+00 -1.552886802940308453e+00
8.545466268322262238e+01 5.925249684504881742e+01 5.531056469949804466e+01
1.170418122409367641e+02 8.529961750672595144e+01 4.831944218380102285e+01
6.250798455093470096e+01 1.340000627386994658e+01 -1.772933250729797194e+01
1.794256028870923387e+02 -9.364167862001453102e+01 6.068261680852805284e+01
1.282060696426598412e+01 5.673016767669132321e-01 1.114902695157147861e+01
1.216484179257054432e+00 1.874648421389804476e+00 -8.873808709029258335e-01
3.108922508620652003e+00 5.063588662638983884e+00 -5.731945403155370045e+00
6.443858438630437391e+00 1.439346690503025439e+00 -8.554239033592487829e-01
8.270982711271199772e-01 1.115907323204975654e+00 -6.797625158818443314e-01
-9.960001661501440822e+02 -1.686486620395705359e+03 -2.335087932484259454e+02
-6.234685666418233740e-01 3.903844119553778746e+00 -7.511762006029547578e+00
5.375512230809997405e+00 3.414198569935588345e+00 -1.021763491744700492e+00
3.945014199024599932e+00 7.502038363384053721e-01 7.060180535142135394e-01
9.474175847264214667e+01 -1.345396931968567173e+02 -4.148298014821437505e+02
1.534724092090107739e+00 3.009560554965724499e+00 -2.132189988236279810e+00
2.168700107035147262e+00 3.012968992821090541e+00 -2.724537193923434408e+00
-1.014649426602392213e+00 -1.424107349550975954e+00 -6.733029568607010518e+00
1.673282095155522509e+00 1.881760646247260027e+00 -2.497461013274331787e+00
1.406755547760416505e+02 -1.325656270075363707e+01 -3.314352469959396075e+01
1.202841728512899948e+02 4.769353367342537808e+01 -2.625961971099072656e+01
1.184482314297458515e+03 6.285960665920140400e+02 4.764902046319295437e+02
2.108621615425955298e+01 -7.488380066174672223e+00 -7.835536205687047229e+00
-3.709579629380858279e+01 6.945791943900589160e+01 -6.878946575031912758e+00
2.465747905115790228e+00 -1.398158403553694473e+00 -6.736759152473192458e+00
-3.230762480995379349e+01 -1.168263091265874110e+01 -2.667546735835323091e+01
1.030171308291729702e+03 1.704734854183725474e+03 2.470934968242602849e+02
2.393868307354538594e+00 2.933660374343016741e+00 -3.117604519715862832e+00
3.406559934461665762e+01 1.251766689843515223e+02 -4.715047165002231111e+01
5.054428252439819857e+00 1.111525241855689794e+00 -1.529663662292545645e+01
2.543466880187943602e+01 -3.190488845443282173e+01 9.362255564130784080e+00
4.498956511020509765e+02 -1.816912880170797735e+03 1.995041047515583386e+03
5.171534887369845457e+00 8.466289162197563556e+00 1.040236925747604069e+00
-5.655088469812788787e+00 -1.029036148912759785e+01 -1.260724531066292542e+01
-1.395717367929190722e+01 -4.595943319353169443e+01 4.766320522246471114e+01
3.469257646293534094e+02 -4.551119067721712099e+02 -4.280513440818380388e+01
-3.252511286692568433e+02 4.156573717407439972e+02 9.453124646288023314e+01
-4.738642558276532668e+02 1.824358729956403749e+03 -1.981441873755078177e+03
-7.245963301525096085e+02 4.977699918511264627e+02 -8.658171884972597354e+02
-2.309468878914249679e+00 -8.117993653228752216e-01 -7.653594798559010037e+00
1.137084821239508869e+02 2.205982293468461464e+01 -5.943398877547501513e+00
7.150979376432970991e-01 -1.451557465200747910e-01 -7.441087161086217705e+00
3.182327618680558801e-01 5.887437825684443737e+00 7.002492017342618613e-01
7.060829283171252655e+02 -9.932129372730310024e+01 -1.351728012760477213e+02
-1.835490506657789410e+03 4.135441981084665599e+02 -3.844132499331673785e+02
9.419519650897953511e+01 8.806334145561416449e+01 -1.882097297736847850e+02
6.261396314505709881e+00 -2.488138500171559464e+00 6.863657419856085795e+00
6.842047347187691919e-01 6.968031203975844079e+00 -7.734999329125064271e+00
9.952509563197822762e-02 6.057849911725611491e+00 -7.650857928450498502e-01
2.855793415666292745e+00 1.256076831999855337e+01 6.603764365324739316e+00
-3.118362099401291054e+00 7.281023832666873474e+00 4.165272460264813681e+00
2.277486898212842448e+00 2.710802359002950190e+00 4.889198922365658451e-01
-6.250056928229111008e+02 1.349129220380210086e+02 1.932805338267436071e+02
2.798511474027351120e+00 1.859706235598558077e+00 -1.054710489151829744e+00
8.106855891542996684e-01 -5.800149815089354899e-01 -2.692449369853433971e+00
7.332147132547124784e+02 -4.716176325063768218e+02 7.725364494093943222e+02
-1.087993479459548052e+00 -2.394472702371108852e+01 8.625565289559574467e+00
-2.423715037444736708e+00 7.726342352927590085e+00 -1.266437670041807184e+00
2.438077859591228247e+00 5.331228516936192818e+00 1.777618713431018183e+00
9.556578103921284373e-02 6.474122734141511515e+00 -3.121354688165774327e+00
1.738985002292834370e+00 6.090516767138454135e+00 -3.034341369087188434e-01
8.162853718672868908e+00 5.209173033552044529e+00 -1.033201325556897388e+01
4.806316503697823705e+00 4.552189489175605175e+00 -1.045591024387094503e+00
-6.199838850761788756e+00 5.400363637536103489e+00 -9.019437696482341948e-01
7.108995932167827547e+00 1.287089735624769915e+01 6.017812839762687993e+00
4.833598412381729048e+00 6.496746220049905318e+00 5.208410982271212575e+00
-2.535650459397662644e+02 -4.349925828575402420e+02 -2.613431043433568561e+02
3.080382810219320078e+01 -6.256007783565926417e+01 1.681599998779901739e+00
1.227747694997722050e+01 3.118733254653080600e+00 8.608027084497074655e-02
-2.264743749751741234e+03 -4.841375078803184806e+02 -2.489433632490565287e+03
4.976049804651965225e+00 3.463616549354834540e+00 3.694508432368194484e+00
3.305373508027597218e+00 9.065367290800999456e+00 -2.716261902955287022e-01
3.954834559741089439e-01 7.542268243530837246e+00 -2.270151626137145939e+00
2.930886669751403772e+01 5.540175283617966784e+01 2.911257263570233889e+01
4.334446092528334127e+00 1.841171167512089113e+01 1.103960661224361317e+00
4.406169485729762414e+00 7.337582156594433513e+01 2.015500784775962586e+02
2.626860831652968464e+00 6.040202795740792219e+00 -1.642948234246780714e+00
7.176135084660251184e-01 3.762393790793539416e+00 -2.995233516781591554e+00
1.900090049403971193e+00 2.984212851847467540e+00 -1.728455197476435501e+00
-1.145477883539424369e+00 -1.177212095108990608e+00 4.800047769811050524e-01
2.864872669809225947e+00 -6.150001254716881860e+00 5.228165852973564176e-01
-5.636959219481303762e+02 -2.325882417669481299e+02 -3.057395007818688555e+02
1.244590920411952295e+00 5.065877472780793589e+00 9.476826533919620044e-01
-3.853295641341814903e+00 4.509775914837939936e+00 -6.430034743686141141e+00
4.023904013408104774e+00 -2.514710292574409700e-01 -3.678857445818715100e+00
7.241760623018099530e+00 -4.842591958782710648e+00 -8.886658794075634304e+00
1.679042140819694939e+00 6.120397890749830871e+00 -1.913142651775867620e+00
1.240363874704164815e-01 4.505748356406199306e+00 -1.751066864724182714e+00
1.080638430954977366e+03 -1.184679151266359440e+02 1.069842327404913704e+03
8.586297695459162327e+00 4.813090764129855259e+00 1.263329299839812236e+00
3.390695696902858991e+00 6.461936221305826678e+00 -2.317654518797000573e+00
3.277078194254401389e+00 3.543659539616466514e+00 -5.053111214704891552e+00
5.565594592325998846e+00 6.510738279915003091e+00 1.847238770581776546e+00
6.235868457492848904e+00 2.687912814026770292e+00 2.851177001764354912e+01
3.146036762017642152e-01 5.737050974880630427e+00 1.894808160347551507e+00
1.040936769946048486e+02 5.869340581508198795e+01 9.540982886957779741e+00
-9.683415063523339086e+02 -4.507624173856714265e+02 -4.222898993037897526e+02
2.712885515421449867e+01 8.695215013102583157e+01 -1.359568253051466513e+02
-6.377148186736841806e-01 2.621518714437168773e-01 -5.960836696058606776e-01
-1.202274661275350081e+04 5.629438253322379751e+03 5.832517109296813032e+03
1.205119288697442971e+04 -5.617068578763020923e+03 -5.820660390179733440e+03
6.749069373553296280e+00 3.678957023030082318e+00 -1.034499400043251471e+00
1.060050865105734374e+03 -1.554165216827778409e+02 -8.351496421826714140e+02
3.435161366034007813e+01 -1.770073400799017094e+01 -1.226754143259855923e+01
4.764007409419630967e+00 2.758521393432167734e+00 1.784980999817040170e-01
1.289701728802186267e+02 3.491595154992376138e+01 -3.023245962554745603e+01
7.721628026900987152e+00 1.529348688186814798e+01 -1.541669019485995884e+00
3.699172347093480084e+01 4.211466831263071526e+02 -3.371120581382280648e+02
5.313573914715944646e+00 4.847018984196013847e+00 1.025071236495154192e+00
4.584937739392151101e+00 -7.092692812464999719e+00 1.206672458922805724e+00
3.663360504367422443e+00 -2.109942477840527797e+00 -6.423392637404148342e-01
-6.793667948128334899e+01 8.680372362302463785e+00 -1.244853662314853082e+01
-1.087593980183030453e+03 1.784582531992205361e+02 9.183363833455101712e+02
2.336167585305858108e+00 4.832988207954465487e+00 -1.086144919964516120e+00
-8.845080524962426693e+00 1.009652385578393208e+01 -4.396146250258857080e+00
6.973175180886467928e+00 1.018033058161160298e+00 -1.607846693913872915e+00
-2.458936138076567524e+00 3.099262371994848664e+00 -5.585233826515679567e+00
-9.551386210428007839e-01 4.075821996504933153e+00 5.602478435034278448e+00
3.998157258815363768e+00 2.282623425555249774e+00 -2.023705742063586221e+00
8.296925407689355936e+00 1.160991073637662652e+01 7.110667542546516984e+01
-1.988300900522443371e+01 3.265124162779063965e+01 -2.475325622037623674e+01
2.468242268491724900e+00 8.571525393420815320e+00 2.494733953974161089e+00
6.227836270981085676e+01 5.767772352951465820e+01 -1.614290210149871143e+02
3.115152784742786896e+00 7.000612362248877396e+00 -6.331872537549183555e-01
4.372955660093159835e+00 5.485439651438174913e+00 -1.238385063226134175e+00
-1.493739538062125727e-01 5.295755819352972793e+00 2.235598277575047144e-01
-1.889614430673127732e+00 3.868993791767987300e+00 1.550529327052147632e+00
1.580537541013864455e+01 -5.016024164417665965e+00 -2.178912154536646639e+01
-4.838717645278046930e+00 -1.378246949208979277e+00 -3.740458934874158814e+00
1.247772687608998954e+00 4.218132350542523668e+00 -1.560305858276701763e+00
4.247692662368993233e+00 1.417593521018214275e+01 1.688713228967117619e+00
3.431603893833233343e+01 5.069495719856822546e+01 1.106657643400219229e+02
-8.230095385013674658e+00 5.794778757115307144e+01 -4.279075486856059030e+01
-4.064127713904271388e+01 -9.899695516991916122e+01 4.138535100076126128e+01
2.760908095926290429e+01 -2.262869489338786622e+00 8.755748494293793271e+01
1.229980466615341683e+01 7.679294089289047776e+00 6.001309620980507020e+00
-6.356613548923782275e+00 1.250877583183698238e+00 2.348853510735892325e+00
-3.151263193422573217e-01 2.030131021679106418e+00 1.080044099759047249e+00
-9.883540094056056091e+01 -3.326560386812491288e+01 -7.370373727694241950e+01
-3.338761633860508482e+01 -2.172995801214579714e+01 -1.000953611102896978e+01
2.601390788214459704e+01 1.160362312078890881e+02 -1.355548774617085996e+02
1.276095285148218350e+00 4.749743268809980989e+00 -3.177127848039114966e+00
-4.271030024290121574e+00 -8.430177980557387318e-01 -4.158861507627970688e+00
-2.971380860696358983e+00 1.233182918553698748e+01 1.437029972017836243e+01
-8.867502951424224289e-01 2.798245893045882227e+00 -7.281908805889945047e-01
3.739033387695601007e+00 5.778130483685098184e+00 1.583504074660952110e+00
1.460357687504055590e+00 2.721747844859692123e+00 -4.170100349330276401e+00
-1.062038383460243494e+03 -2.517335253747526735e+02 -2.376009608073842173e+03
2.696442328626783933e+02 -1.319635591348787784e+02 2.869441348104992358e+02
3.303793883233994144e+00 5.779714192842639875e+00 6.555578900842952805e+00
2.478249323567783158e+00 6.001525255787745650e+00 1.110488790494598144e+00
-1.503961436397454747e+02 -2.139148275467025542e+02 6.493047317076845104e+01
5.108590297345634745e+00 8.150310123991729938e+00 -3.099978609209999014e+00
1.357701958225418615e+00 2.527179196311651665e+00 -1.712114372708100962e+00
2.410779657752802230e+00 -6.354773233311095115e-01 -4.423497901577475133e+00
-6.320843538860806632e+00 2.175181152549575891e+00 -9.509275460775516997e-01
8.065944047869360034e-01 2.446953144482678866e+00 -4.977899640642374779e-01
-5.262757653306773253e-01 -1.111287274925071511e+00 -5.861353090433888191e+00
-9.362818267555617524e+00 2.553697979285295183e+00 -2.027318386203673661e+00
-2.347615215579671677e+00 3.179326643519215345e+00 -4.606386802078764831e+00
3.105749518287235222e+00 -8.564257709649083505e-01 -2.346381044347201072e+00
-1.541496274652114362e+00 5.790213409213100348e+00 6.163918093141699250e-01
2.268257056036451047e+01 1.593191485631237825e+01 -1.525635296207643243e+01
-6.237288958073231582e-01 3.810495071195806815e+01 -9.828127375784708875e+01
-1.863449249064701263e+01 9.669081639171080766e+00 1.197935302808867597e+01
-2.239863368886638173e-01 9.038277506410445028e+00 -3.175434848202849381e+00
8.648684465775622243e+01 1.075029194366712915e+01 -6.922986490747094024e+01
7.342381145475420645e+00 3.290171781773609805e-01 -6.010478370402217330e+00
6.191039515223420331e+00 4.980347814154693964e+00 -1.070554543030068650e+01
4.756965321662826263e+00 1.995459841696797465e+00 -3.029623051381811205e+00
9.527113461834724184e-01 8.188190017954219968e+00 9.922260300830116897e-01
5.625799243955491136e+00 2.841998737885370829e+00 2.459959537225075099e+00
-5.933881613206409611e+02 -1.633202485118591994e+03 2.277861963925066675e+02
3.673536109572053761e+02 -3.356455052641456405e+01 5.586893951617574317e+01
1.979506790852189724e+00 8.227598570698972935e-01 -4.427719472523178545e+00
-2.041668121077274134e-01 5.537061623783152697e+00 -4.011533149491024908e+00
-1.584675952180762124e+02 1.338096443175268178e+02 -3.024566301943451663e+02
1.449290956202965219e+00 2.196819027433712712e+00 -5.878171695556385634e-01
1.505870267867501013e+02 2.368760345137519039e+02 7.195494312397785563e+01
2.284878672588048776e+00 1.326488471916103418e+00 -1.113588552491641348e+00
1.721534205272690077e+00 1.497640090887108144e+00 -3.245189368930295082e+00
-4.379749105585901248e+02 7.055423975070269194e+01 1.001156210325226823e+02
7.353061655475640057e-01 6.015525421070265111e+00 -8.984770610500543153e-01
2.064743500994030967e+01 1.305512496782454512e+00 7.511598277798649193e+00
7.829505179213847441e+03 -1.775123993165200955e+04 -1.763898482848190179e+04
-7.811689809527256330e+03 1.775446130698863999e+04 1.765222423545732454e+04
1.052491866646670893e+01 5.764421058979526613e+00 1.409610037463797205e+00
2.366541178499359965e+00 2.387017727129305378e+00 -2.442036330778260655e+00
-4.235886757048072937e+00 1.874923947943422320e+00 5.560409934097272355e+00
-2.765419321501574501e+01 -7.112237737804164794e+01 4.833953883175162503e+01
-1.866382254647869887e+00 8.694740354689166395e+00 4.816571447583299914e-01
-9.084651521793256634e-01 5.444212515714323963e-01 1.678941481519012235e+00
-1.835255571009499320e+00 3.281608050433523438e+00 2.175121402708358431e+01
8.774212259904015099e+00 2.483784268858751787e+01 -8.679724298341717770e+00
2.703896374601582124e+02 -4.469946364131479868e+02 -6.729209897934150320e+01
7.573821258132124035e-01 6.151775098531137687e+00 1.259070033511751507e+00
2.466933795363380977e+00 -6.175883935796761648e+00 2.888102823265012442e-01
-1.356075033104483740e+00 3.515617252592105224e+00 -4.587174541215980561e+00
5.220887455632981400e+00 -2.474807555533518943e+00 -3.564348074669751565e+00
-1.874109049049530284e+01 2.679304534007469840e+01 -3.534198548588297228e+01
-1.979492861913338675e-01 -5.346181275260795118e-01 -3.300209275690717092e+00
1.029209877503483739e+01 9.584415597806111853e-02 3.307429640786062919e+01
7.817730442830535864e+00 3.574502105851482980e+00 -2.881321048156894715e+00
5.624603327548061316e+02 2.818788908894783845e+02 1.780729040808669481e+02
2.236668825826563079e+03 4.052776918878322476e+02 2.539707283827976426e+03
-7.586987010669726805e-01 1.334824756206808871e+01 5.159945550793318070e+00
2.827473023121673368e+00 -1.572267190021400918e+00 -1.597894580172174006e+00
5.491051891400357476e+01 2.507418433172699324e+01 -1.209563278128119279e+01
3.410035059685090353e+00 2.741517811807725025e+00 1.485622079065196832e+00
6.586613468809925820e+00 2.794969175503704051e+00 1.787295386734866209e+00
4.927780547118109311e+00 -1.502545911188933214e+00 -2.816200229059000026e+00
-1.200358053886142695e+00 -2.178632751538544632e+00 7.383607303447304204e+00
-1.783585712997787898e+00 2.147721555761025414e+00 -1.269956480337763427e+00
8.360126584281669437e+00 1.094854168385987769e+01 -1.007871850390998958e+01
2.053564600284752473e+01 8.372950776879665824e+00 -1.191682452157911687e+00
3.188372100071732440e-01 6.867772385578065908e+00 -2.364255563775310875e+00
1.712712226701220075e+01 -1.405973648762138239e+01 -5.846496176582689941e+00
9.723637335377823820e-01 3.480563230383130424e+00 -1.177989349417490228e+00
2.951243365008038300e+00 4.173383637007741953e+00 -1.832956243141097952e+00
-1.054148291742147414e+00 -9.920607741086017839e+00 1.179893656104234445e+01
6.962234448673319775e+01 -4.101984188368852813e+00 5.320239304526775470e+01
1.400082385091226200e+01 -8.023070979514461243e+00 1.440311168770197128e+02
1.010868386111048345e+00 7.977543153466097436e+00 4.164625515565081315e+00
3.989152259356721686e+00 -9.023163332586930929e-02 8.018278810136285628e-01
4.228899441060612219e+00 1.319770974898648308e-01 -8.207546028051457832e-01
1.978080676031637619e+00 3.375021369860694342e+00 -1.108032306334197692e+00
1.190109583843904417e+00 2.928481786091381522e+01 5.935976123214467748e+01
4.467238307995311963e+00 2.255153431709124412e+00 -1.620348184280691939e+00
1.361913619550390564e+01 5.495845010046909351e+01 -5.628478791034446260e+01
-2.806041389325295121e+00 7.969457355675634957e+00 4.249181475332399316e+00
4.573582607659529842e+00 3.763795262529966212e+00 -1.793892579486561445e+00
-7.647517934282922170e+02 1.007257785638032942e+03 -6.917367877262451259e+01
-1.680154087510731387e+01 -2.294195753609007227e+01 1.671392479431796829e+01
2.572239153290362346e+00 4.735664974341554867e+00 1.092236286908687903e+00
1.026011156662218937e+01 -4.486927637772922139e+00 6.766869860139166359e-01
2.010366331947650131e+00 6.351332655961639873e+00 -9.223791232172959820e-01
5.169902032758388888e-01 4.601721150640502245e+00 1.513254863349407842e+00
1.978025831681139213e+00 3.437197639190102905e+00 -1.200104434852273583e+00
1.363650292434087952e+01 1.784359032974833781e+01 5.296786164438792355e+01
8.354565797580112303e+02 -9.829324304670761876e+02 -1.847832410256779312e+01
2.992032816032230702e+00 -3.622578127712947182e+00 -1.166741966768249839e+01
5.666276130487239726e+01 2.097150733474098527e-01 1.720132848263405378e+01
1.760854624359204923e-01 -1.919942154650469135e+00 -1.317472055378537954e+00
2.275499665022022455e+01 2.005366585760742169e+02 -8.745758975998708706e+01
1.781951484427744390e+02 1.786717668461614608e+02 -4.538378607253707742e+01
-2.744910513346455749e-01 6.544497648247308064e+00 1.986143171507155802e+00
-1.473327807964672775e+00 -2.418209182506388277e+00 1.365802915920700578e+00
8.099905189158210561e+00 9.553388853198808306e+01 4.483457075634192535e+01
5.770227747636927518e+01 2.204608333726855207e+01 2.554293677393982165e+01
1.061741111205304122e+02 -2.550273433136715084e+01 5.608737093632382908e+01
2.627850322773090497e+00 5.706761805579806612e+00 4.500558195442817322e+00
-3.671059161934463466e-01 3.983121128181930537e+00 3.183041236677264685e+00
-1.159578000447508828e+02 -1.068772130251904855e+02 2.060738687302497567e+02
3.575953351817822146e+00 3.316466042902364464e+00 8.747146657479316634e-01
-1.601710555458483213e+03 -8.356695828156674679e+02 1.815582480316218152e+03
1.279953176853683416e+01 1.284593391854143931e+02 -1.148541448367276558e+02
2.782416731421309350e+02 4.890903741258853188e+02 3.180486095549043739e+02
1.611223893481719642e+03 8.463503409841584926e+02 -1.836485601204901741e+03
-3.400341101329195226e+01 -1.289649585582975533e+02 1.810773928591823392e+02
-2.488978711241072261e+01 -2.156061852370472920e+01 8.117233041405074800e+01
-6.154138966473063910e-01 4.185439059524529881e+00 -6.154388834204203462e+00
1.989808990246621789e+01 -3.422833569935020392e+01 -3.379789655781492002e+02
4.974974213355606878e+01 -3.790704086861536126e+01 9.867387726412669480e+00
2.624998765559611424e+00 6.863208710782046751e+00 -1.866903105932125939e+00
4.546128220203931036e+00 6.624925701706173342e+00 1.726011245210151479e+00
1.162216088510071632e+00 -5.747253265095094932e+00 8.499047344862063369e+00
5.601757099183834754e+01 -1.726325629012725074e+02 2.327449344891516034e+02
9.432001288341409495e-01 2.374493950554466881e+00 7.882640975501384872e+00
3.033713262802359978e+00 3.508348843511719828e+00 2.308988838245833175e-01
2.886568088935932863e+00 3.102296949275965332e+00 3.577362638770061332e-01
6.174309090469505712e+00 1.665803881143494980e+00 -8.245612336128292696e+00
3.455516973319829788e+01 -1.172589864185265469e+02 6.367610932783983202e+01
7.124006121920551493e+01 -8.865405319564698061e+01 5.693233983349267646e+01
4.717364056018018559e+00 -5.907455811633489873e+00 -1.355317353061689900e+01
6.368747838615307799e+00 2.426588116737975476e+00 3.133011051298438820e-01
-4.770377969620165715e+01 7.453749784101788123e+01 -9.571641911772005074e+00
1.409035917100099677e+00 5.176220404676907805e+00 3.936121608036167174e-01
-2.094020265288290616e+01 -6.268864442333143927e+01 5.707666406057333575e+01
2.660055773775017729e-02 3.831204309780264605e+00 -3.197025101421402837e+00
-7.855698317182537860e-01 4.781104879014455022e+00 -8.695462895801206571e+00
1.839888997025558837e+01 -9.025177913380639438e+01 -7.588800264387612060e+01
4.171110660980912144e+01 2.078763274278180972e+01 3.406876950269899851e+01
-2.697372777870602931e+02 1.671078533844819276e+02 -1.594745427583651676e+01
-1.214275091238220305e+00 -3.573075171802921446e+00 5.137905744292678989e-01
-8.931599004227626537e+00 1.368425382166092996e-01 4.587427723677234326e+01
2.364452533317454308e-01 2.478828539343896686e+00 -4.168307351461718824e+00
-1.770323485394881491e+00 -1.675359314996875426e+01 3.937470034348609715e+01
4.890519121459695029e+00 -5.884587589742706903e-01 3.670907520206490027e+00
7.095433680578940860e-01 6.632524725781697938e+00 -3.434426879640266161e+00
-7.147280200405635497e+00 -2.169461643367120018e+01 -1.564692914336795866e+02
2.394286954458617167e+00 2.019661323248430396e+00 -3.522001484027756479e+00
8.650848368636195218e+00 -2.511137060753757311e+00 7.353677514357195300e+00
-4.287137823373350187e+01 9.142586460661709680e+01 7.190103726469379808e+01
4.755987608548031265e-01 2.674094975300700838e+00 -4.335054276604142665e+00
-1.430403110559491893e+02 2.756811133612012910e+01 2.945990637043696552e+02
1.148437603020485085e+02 -1.790661076236681879e+02 -1.103532174266255481e+02
1.651091999193309512e+00 6.275000294344128982e+00 4.324331187179511815e+00
1.252362219183579706e+00 5.810989154579346838e+00 -3.574046403055982868e+00
-1.239892369583316523e+01 -2.660827521580406341e+01 2.021806191067653202e+01
1.996508233496546492e+00 2.113375810343502970e+00 -2.936308148687278852e+00
-1.764720435094599527e+00 1.817446556009248981e+00 7.841739663162128338e-01
2.158515843122950972e+00 -1.431052722523167020e+01 6.421331074417318874e+00
-9.333202445022370952e+00 1.437892693424614876e+01 -9.193394060282228608e+00
-1.064545967829277906e+00 9.134729918004342863e+00 3.811101713588954887e+00
4.511171937363290807e-01 5.219230148691375248e+00 -9.339126756920284045e-01
9.083614473619672225e-01 -1.582028193422269524e+01 -1.552763170216895583e+00
-8.408274991303700574e+01 -7.999180844763358778e+01 1.877197757984037310e+02
-2.671369925590998662e+01 -1.129099445075278823e+02 1.956277710006608572e+02
-8.994195431457180590e+00 1.191148071891044680e+01 7.977657570121344577e+00
2.295880780222294959e+01 -9.102331437511514878e+01 -8.448027352900999176e+01
1.020096239239180580e+00 8.551461259721804709e+00 -6.800725791597765912e-01
-4.425300076435207508e+00 -2.729799022678250964e+01 -2.244601161384992238e+01
9.381764973476306224e+00 -2.863117122596247732e+00 -1.361859777027769169e+01
1.620447953165079280e+00 5.819429379370154365e+00 -1.271643561369342645e+00
7.791310548230303112e+00 -8.758509764455084223e+01 -9.985859975944759981e+01
5.935035650669524543e-01 5.856204079706290422e+00 2.755228749852128622e+00
4.360043634756356923e+00 -7.291298112972937062e+00 -6.248699877085535093e+00
6.598832773209828417e+00 8.442529252106547588e-01 3.305589309405063680e+00
-2.224329252319564148e+03 7.817650087333670399e+02 1.577460011334258070e+02
8.336033678172158901e+00 9.846569493540318518e+00 2.140317481689676615e+00
1.242442324975783947e+02 -6.528966514492836382e+01 -1.268693433643877881e+02
-3.350439925232478501e-03 2.039220909110474622e+01 -8.215092003778461383e-01
2.723914171222985736e+00 1.685886053853208333e+00 -2.903222912475159845e+00
2.405179521777037976e+00 9.235340502886128178e+00 -1.738866023424443075e+00
2.176391648354915560e+03 -8.308956992815644753e+02 -1.756919360258146980e+02
9.422541559395764921e+01 -8.787857739789015454e+01 -8.732214598647331627e+01
4.075358198417875499e+00 3.090757282310918619e+00 5.911213878700756652e+00
1.076593936072609722e+03 6.308686351782129350e+03 -3.892279711858905102e+03
4.252872344681134509e-01 7.667761906750952150e+00 -5.073354064201279989e+00
-3.708694688437450964e+02 4.438313330096275422e+01 2.243767052219594405e+01
1.359246301569886484e+01 -4.435891566405022246e+00 -6.044414945524529514e+00
1.064275764285788455e+03 4.355121747076754559e+02 2.297934875128863041e+03
1.539395952184726468e+01 5.122432151754236607e+00 -6.775106779691391523e+00
3.438743466130139481e+00 -1.121048621254875588e+00 -3.113218918780848554e+00
3.546700053546091524e+00 7.993210847609944381e+00 -2.189735096802486236e+00
-5.650561456110787972e+00 2.543847266234910265e+01 6.361795107622862488e+00
4.040095618782887641e+02 -9.781772326700136091e+02 9.195383621221949397e+02
-2.832238103892118488e+02 4.552500336444331879e+02 1.016165707267166027e+02
7.697158734351606881e+02 -1.848730927375164583e+02 3.067049924709798461e+02
2.762072584224607458e-03 -9.682421189389402993e-01 1.009482879976644210e+00
2.696244794506387876e+01 5.314849662485526816e-02 2.723760309168227423e+01
1.552875765315847811e+00 1.532235424247922140e+00 -3.253588068046169290e+00
2.107705388004205815e+00 5.087967795792779135e+00 5.398406247130604907e-01
-8.248905505750368405e+00 1.477146946192591415e+01 -6.959888392827511439e+01
2.804204140079153085e+00 5.286841444606908524e+00 8.979979755721105850e-01
-8.832360620165943033e+01 -6.921901195954089303e+01 5.541905573288898523e+01
-4.423225719520598176e+01 -9.303064103037449684e+01 4.320426203414491084e+01
-1.039865155679318377e+03 -6.291313783268800762e+03 3.906493276887335014e+03
-7.433298665548437612e+02 1.668486690237999710e+02 -2.455995612983229535e+02
2.043612407638622841e+00 7.102595802607892139e+00 -8.118365007384771292e-01
6.228700661435420116e+00 -2.335408123058758001e+00 -1.167483494992832505e+01
-9.623711065713434820e+00 -3.025288788790169292e+01 2.301561673586454759e+01
6.302475254783161063e+00 3.507374409398111403e+00 1.578486940309584696e+00
-8.938140453851134426e-01 5.502676023182700327e+00 4.682889988684599825e-01
3.453515994233033126e+00 6.379219107620789586e+00 -2.685784665498122337e+00
5.766959969418992138e-01 -5.980524692251655949e+00 -1.445136722592053946e+00
-4.742091916289338016e+00 1.616413127824256790e+01 6.662050814154744316e+00
-2.262911958432966275e-01 7.568997882125909626e-01 -1.935304190726774565e-01
5.601549132512447571e+00 -7.078311755960828577e+01 3.733345963677854229e+01
7.022057295580429681e+00 5.416905781233035455e+00 -1.500125579320587121e+01
6.952998480437349826e+01 -3.840968266562340006e+01 6.128236433347180423e+01
2.516315895120398949e+01 -7.781077293234098136e+01 -7.329551898982062141e+01
-3.970213790497854944e+00 -6.451448627302811545e+00 -3.438445600780890565e+00
1.068277656203453603e+02 1.656879821683538694e+02 1.664358263269775193e+02
-2.800883354570435912e+00 4.191337296561957970e+00 2.010411276597854346e+00
-3.437077784098079736e+00 5.711212206899083377e+00 2.999324249037629286e+00
-1.680670797692886609e+01 -1.003056649589709934e+02 4.129922487647546347e+01
1.036759946553276190e+00 2.999789096337380112e+00 -2.194564698073233622e+00
-2.069409959067128568e+01 -7.835994641140837658e+00 -4.916926546719389535e+01
2.652598121439082135e+00 5.101625336177764147e-01 -2.161945472446489713e+00
2.657857282361407503e+00 3.855600522929467644e+00 -7.787279395005000104e-01
7.919995487453382332e-02 5.936308409248585161e-01 -1.498310662454384268e+00
-4.504419822536728790e-01 5.835178158442118956e+00 -1.737913033527840101e+00
6.815065755036386008e+00 9.792475582714235571e+00 3.177772146130378950e+00
-3.319293621949142192e+01 -6.094192850069119061e+01 7.262250956423086734e+01
-7.399411100388336493e+00 1.561653683449108598e+01 -2.892671337421548827e+01
-3.602497909471591431e+00 -1.644483795010570626e+00 1.000685687645260558e+00
-5.402452091656923585e+02 7.867783960137053327e+02 -1.170533308849609512e+03
-1.075493434366032020e+01 2.813705836635557733e-02 -9.912245180416694446e-01
2.053836631898234177e+00 4.205188733874205553e+00 -1.529708110832220580e+00
2.139267083554130977e+00 6.090745787891592045e+00 -9.051908116920619474e-01
-3.806773878782138354e+00 4.673760460222592172e+00 1.354569035598475857e+01
6.002578978514685026e+00 -4.679348099427339536e-01 1.341236827223715622e+00
8.668587327907310680e+00 1.619032828321288520e+01 6.452489188679178866e+00
-5.072463038982536091e+03 1.910399682633924954e+02 6.941735464385090381e+03
1.385909652118083812e+00 2.905739026627755628e+00 3.673493830377793090e-01
-7.427963703727382381e+02 -1.046864102939009626e+02 4.479168091019777194e+02
9.641717784632286126e+00 6.819104116801256055e+00 6.140454156188344115e-01
-2.339388766261552632e+01 -5.394136305853060520e+01 5.810606092220730545e+01
-5.120268518924697076e+01 -1.226747114072339713e+02 6.046057978724284965e+01
2.782716351352776396e+00 3.774106199123949068e+00 -4.271149212913957882e+00
3.373104095205046171e+00 2.852694443513266620e+00 -3.347433654080419707e+00
-1.490862797852302712e+01 2.411380405003930605e+01 -4.216642137857502348e+01
-1.209197069310393280e+00 1.008900053055167412e+01 2.750786429667764654e+00
3.932960314196269458e+00 -1.084732532690698248e+00 -8.039130040885609674e+00
4.499923542793571585e+01 -5.945566015900212875e+01 2.654946835048702880e+01
5.092788993500662400e+03 -1.892631474887658101e+02 -6.927122217778449340e+03
-2.777312588073335142e+00 2.506348301293940040e+00 -3.497714762608704397e+00
3.394735469442990983e+00 -6.132155619805683244e+00 3.531051919187086163e+00
7.941276138833424056e+02 7.686456079281511222e+01 -3.770222564876405045e+02
-3.395738289049423742e+01 8.656026101100654557e+01 -1.400285299719627119e+02
2.471754975048211733e+00 1.940872480581368631e+00 -4.329807432060949424e+00
3.354247749333052919e+00 3.575483177119899381e+00 -5.729953074236542321e-01
3.456428150314715619e+00 4.150540709517017035e+00 -5.159014198059015399e+00
7.514310039300282540e+01 -1.118231050483082640e+02 -9.360490143124809492e+01
6.926039373397913756e+00 7.277821059699749462e+00 -1.509585158240520864e+00
2.833492589920913574e+01 3.427295110172887860e+01 3.520278063622279774e+01
-2.848466205720616529e+01 5.800885154097544927e+01 -4.896117395426869479e+01
4.108062840505859015e+00 3.746407697098904421e+00 -6.094304193946917803e-01
2.276678404116490473e+00 6.993025375331230364e+00 -2.340241042804905192e+00
-6.349284047460060521e+01 -6.187818866960942188e+01 5.634154283295031718e+01
2.542901234456104831e+00 5.558832184795006626e+00 1.700142315967320350e+00
1.095600569222880516e+01 -1.353140975553664589e+02 3.400659148654924735e+01
4.906872013158233514e+00 8.172136541977351953e+00 1.491262509258585167e+00
-8.953752255636529753e+02 -7.707384297332677079e+02 1.670737862729230528e+03
1.084379390339621274e+01 8.375148144599240396e+00 -2.560551592914520214e+01
5.018855547289444274e+01 -8.432976658590594354e+01 -1.200883350284864548e+02
2.049248245858843518e+02 -1.417761265706799634e+02 -9.051279905998383413e+01
1.580247060668125414e+01 -8.559888937031463740e+01 -6.527808721574515971e+01
7.746799622496111226e+01 -1.147649640889643763e+02 -9.439320663957937541e+01
3.424721574619697506e+00 4.321960904173511864e+00 1.906770653316419040e+00
6.139056370719485400e+00 -2.442244964447313649e+00 -3.277185233321224800e+00
1.298854800891101746e+01 -6.831304033852634916e+01 1.047119520402797974e+02
9.036607792995338286e+02 7.617752793471174755e+02 -1.672041636988938535e+03
-3.574126689978099591e+01 -2.203654308803834283e+00 -2.786874985160108764e+01
-7.128701165738378975e+00 -5.723092314240528822e+01 4.148505160180206275e+01
4.848542739621020559e+01 -7.590893286526133465e+01 9.671895719319843465e+01
-2.459608399944629431e-01 -1.804607621801619377e+00 4.643296030165827482e+00
1.924719394533099859e+01 -8.869003168693707551e+01 -7.294100898031749125e+01
2.374975184260788197e+01 -4.365570394291079737e+01 7.288498619234678699e+01
3.282590046609198620e+00 4.168790380167466836e+00 -1.067583002517275670e+00
2.189034032543497599e-01 6.563128168338101531e+00 2.263997289995684170e+00
-1.072223023242714213e+01 -1.297090780409096453e+02 2.204854034901445061e+02
1.727755950128826257e+01 -4.931637530455371632e+01 1.000530094278181821e+02
1.316705132811362589e+01 9.942856251704149884e+00 -7.931487667066369207e-01
2.118928883115071642e+02 -2.370440675774000994e+01 1.123880044046159981e+02
-1.377630328291339445e+01 -1.845868016702574153e+02 1.944387459875646016e+02
2.159213136061473648e+01 -2.720179253770333716e+01 1.024174473454485934e+01
5.540653510274191618e+00 1.193856019454019268e+01 2.744526206709753779e+00
7.627121584515576203e+00 -1.069287094194483867e+00 -7.431890189574257732e+00
-6.831073301544874354e-01 1.232303130650523926e+01 -3.752942995781526569e+00
2.460786925970923633e+01 -1.944258220789726721e+01 5.609905786632363345e+01
-5.175769889832267268e+00 -2.826701779447285290e+01 1.567807173314201030e+01
-1.263816776534934583e+01 -1.094107414529879563e+01 2.845112971912404198e+00
4.462731214207494190e+01 -9.065254610077641928e+01 -8.417055571864878516e+01
5.015945991401983939e+00 3.942134251423493829e+00 -4.418976427463238821e+00
2.712842139496182980e+01 -5.178360421715959561e+00 7.734078179356807858e+00
5.186865942327014700e-01 1.993857269207019112e+00 -2.090899746186818398e+00
3.444787949788130632e+00 4.407134037007042204e-01 -1.223362956230882315e+00
1.480496462901328414e+02 2.548179589619722378e+02 -9.517966741766289829e+01
2.145550368548525988e+00 -1.915237594342851821e+02 -1.802854634708583035e+02
8.981256763694226208e+01 1.655933438606498953e+02 1.271183518626323945e+02
6.540643722160846885e+00 6.537806524096994920e+00 1.467401683859190342e+01
4.833947377636364173e+00 5.459394611116938911e+00 -1.513910634923379739e+00
3.260255673107746333e+00 2.694390794236277031e+00 -4.553741203470643484e+00
-5.492975353944167693e+01 -3.240552226304731676e+02 -4.488741042438377349e+01
1.395489973282458607e+01 -4.122024669763655425e+01 8.234353592953340240e+01
1.400945729669693378e+02 -4.592431622141631919e+01 8.416790548840094743e+01
-7.400036404250037947e+01 -5.197578521507732319e+01 6.968146028278852100e+01
-2.444022347637141657e+00 6.153025814555291184e+00 -3.653533165136181537e+00
2.558443103058049672e+00 3.794544990944265450e+00 -4.688477557355529513e+00
-7.972889195113854743e-01 2.189722858643888548e-01 1.570167833744103447e+01
8.226822930969849068e+00 8.499833593245018193e+00 1.688020710741397323e+01
7.161418462358950876e+01 -8.698152035709053109e+01 3.555709051028649981e+01
-4.495163111066113437e+00 3.933588388201440189e+00 -2.068189967260856577e+00
-4.133877840480377586e+01 -1.838758874069434057e+01 -8.841536302810752090e+01
1.159191381242465468e+03 1.594371444552315609e+02 4.860692925570276657e+02
-1.583655217366976942e+01 2.223295788388493399e+00 2.128311272112413732e+01
2.925897356672489025e+01 -1.002454138607110679e+02 7.117894965369046645e+01
1.413353665838428697e+01 -4.156101936709540468e+01 8.252417324934347675e+01
4.693317796532653574e+00 4.969734192864423861e+00 -3.370439027842308199e+00
-5.047985026464697000e+01 -1.665554843447677058e+02 5.291696809890694198e+01
7.701387461214626455e+02 -1.632023250320489387e+04 -6.934795908633785757e+02
2.166701302474417279e+00 3.296118395957951641e+00 -4.231005216322862861e-01
4.108592307097950425e+00 7.720425430009369983e-01 -1.391263543434002381e+00
5.652895636560453241e-01 2.063192841403991729e+00 1.132005949130501898e+00
2.751341400992244779e+00 8.660098068841639574e-01 -1.851089493119012275e+00
2.650663528117286116e+00 1.155723287597233639e+00 -8.271199648622616252e+00
3.506420338224894628e+00 2.459261913438500535e+00 -5.982227734980970268e+00
-1.994694362361390105e+01 -3.853257604383351520e+01 3.692183955706354936e+01
3.573285528068759209e+00 5.309650626909522941e+00 -2.497527619543349342e+00
3.896976466443994980e+00 2.552592467505354179e+00 -1.729341401158070557e+00
-1.428617005246411686e+01 -9.644040976874109106e+01 2.083326929041169819e+02
2.398204172116152666e+00 1.041898991408099917e+01 -2.363084391446925170e-01
-2.629691083296567911e+01 -4.219669718863645613e+01 5.606891029445672814e+01
4.304458085877289619e+01 -7.517236647451132114e+01 1.008413665764178688e+02
-4.796688737156130600e+01 4.410174029390551453e+01 9.594988275041528070e+00
5.823235742252025560e+00 -1.216863439312488993e+01 1.590791218823818465e+00
-1.103102627678708359e+03 -1.956750657549424659e+02 -3.804440707149467471e+02
-7.699199900109448436e+00 -9.195483296280631436e+00 1.171407251807653616e+01
-4.809509519515694720e+00 -5.684175879695906275e+01 -3.793413519859356597e+01
1.251951786193922445e+01 -6.427766906225910404e+00 1.019724789150257133e-01
2.352779617944136703e+01 -1.359282606793075274e+02 1.663990439950773919e+02
-8.138220418616539291e+02 1.630240684738251366e+04 7.099131492062549569e+02
1.374349616581590494e+00 7.764411248608136695e+00 1.886261538376999525e+01
-2.101157539726713708e+01 -1.979851794176768820e+01 2.311465811278356597e+01
2.643050309780846874e+00 5.908021941197610261e+00 -5.500433962894986095e-01
5.722445946936982608e-01 6.576565815799106929e+00 7.193352208446108786e-01
2.443818566647840917e+00 2.115180194877699371e+00 2.332135355637743324e+00
1.007635259483845136e+00 4.364645354682325618e+00 6.231212882387874075e+00
2.619061602181581350e+00 4.523041485128785233e+00 -2.507232463842178127e+00
-1.800608153676200374e+01 -5.198829919168361613e+01 -3.103022470379934461e+01
2.582792158711647801e+01 3.106692753474757041e+01 -6.845194065986793142e+00
-2.275274433969053156e+00 6.937743296245539426e+00 5.046001677994418344e-01
-7.792006942191315488e+01 -1.197261614050371605e+02 -1.520495174081935374e+02
-3.177950941087296144e+01 -8.254850634451518943e+01 5.652136050022391345e+01
-3.005779982565896624e+00 6.112479750974308956e+00 -3.033247815977765782e+01
2.424389588713697474e+00 3.193004291233872749e+00 -1.088247502849192250e+00
-1.730217935886167027e+02 1.451404452685258946e+02 2.909604904562414163e+00
2.327894104308403200e+01 -1.218055207932644279e+01 1.131712802239425386e+01
6.737268436280689776e-03 -1.263429457988868299e+00 1.936857939814163210e+00
-4.516161975957011521e+01 -6.186617034161989892e+01 -8.472153079816609988e+01
7.726890590191031194e+00 -6.601790964607028300e-01 7.279633201192693415e-01
-1.828503118086074863e+01 -1.506156573162530776e+01 3.578046912682665237e+01
-3.836736092429656253e+01 -5.483390579434084344e+01 6.156643249460358902e+01
-2.546468227783265981e+00 -1.219824433734308045e+00 1.468263895905478122e+00
1.503325266897380441e+00 -1.644933290161679906e+01 1.484439455184639201e+01
2.610122346790266779e-01 7.048907133360067245e-01 -1.287908857671891028e+01
-9.266827940478060555e+01 1.039841089487231187e+02 6.627678344398518675e+02
7.397040586365197612e+01 4.865339121186434568e+01 3.020836979781483933e+02
2.198457326918102339e+01 1.303778586486671642e+01 7.701215582795923353e+01
-4.192814325483090698e+01 -9.492771129904458860e+01 4.168707093891102744e+01
2.150012854098201842e+01 -4.491095613534879760e+01 5.450684146839931188e+00
-5.331457823740277746e+01 -6.682299953327961362e+01 7.268683739936636812e+01
1.091017538944176302e+00 -1.022662547220529206e+01 2.235825633301372406e+01
1.686147389325286383e+01 -2.962624196392413296e+02 -6.886565302474082273e+01
4.049201285986010035e+00 4.981659672306326669e+00 3.425991798664957511e+00
2.757354405959868870e+01 9.062393291617132363e+00 3.710643502464967725e+01
2.701669708920115376e+00 9.583832548782044825e+00 7.278336732503951634e-01
-5.345179596410831380e+01 -6.766129698678702198e+01 7.305629265191024047e+01
8.760243132945595423e-01 -1.488458890014287306e+02 -7.399951490384533770e+01
1.879860803454451812e+01 -6.674654683940772770e+01 -2.612451503076320947e+01
7.226943425558245337e+01 -2.305214008493621520e+02 -1.367144024771359909e+02
2.665548170010917595e+00 1.134397324185539624e+01 -8.480058412939298407e+00
3.670171986696698863e+00 -1.117218890740428794e+00 -2.699197675637592830e+00
3.179856975568041548e+02 -2.944210311309711159e+01 1.557807336089166483e+02
7.676084693771597856e+00 -3.699184499506987134e+00 1.341036391229834379e+01
-3.480823290632190314e+00 5.431064228057573828e+00 1.284115658943581817e+00
-8.195983652279528542e+01 -7.971770635451522935e+01 -4.716425244876194256e+01
4.267208673837354915e+00 5.875645741312420789e+00 7.711292817235607444e+00
4.723496976303081851e+01 -3.188765487721281389e+01 9.198293206991411353e+01
-2.789458508487568338e+02 -1.059515454513111195e+02 -2.652539415719131171e+02
-1.192972727460188054e+02 -4.777964997394984437e+01 4.215426669990806374e+01
7.407282168512844578e+01 -1.938687659143583630e+01 7.731080416113915987e+01
2.238788706698797171e+01 -1.111738221171508911e+02 8.842776156949798860e+01
-2.138290730559652104e+02 -1.462420636678371920e+03 -8.903185817505409432e+02
6.113090597344494448e+00 -1.436509392635319671e+01 -6.843947498499468374e+00
4.444972248126158547e+02 -7.758456406146451911e+01 -5.153642106743367535e+00
-6.212854541400461983e+01 -7.012104686788367758e+01 7.964859249815255282e+01
-3.295325789509065117e+01 -1.292318526085602457e+02 1.605262651946014785e+02
1.454330361692318085e+01 -4.377900454310482559e+01 8.153263719336277404e+01
2.456351381128122213e+01 9.605661368084319918e+00 2.064925946921617950e+01
2.506136733927925242e+00 9.027886003697711548e-01 -9.447143627770575591e+00
5.155577106494771300e+00 8.579459940899916148e+00 2.087473439194786096e+01
1.437540863680948799e+00 7.679001035827727861e+00 3.029712905657992117e+00
4.386336716246041156e+00 1.536862281733790780e+01 1.520470917922535747e+01
2.171824330736428887e+00 -4.708040230912725832e+00 -3.132952720219945419e+00
3.861604517134003345e+01 -9.316007458514418715e+01 8.472850066263059432e+01
1.295328017598092174e+01 2.978170401093837238e+00 -4.329535588254408651e+00
-4.680443484461206793e+01 -5.130013919350795248e+01 -8.574496240836980121e+01
5.706598792442379420e+01 -5.830288057315035388e+01 -2.952316647816374928e+00
1.397569503825302917e+01 -1.403441868405847117e+02 -8.378110153612668398e+01
1.115362650913831022e+00 2.049291566444732204e+00 -3.675199974423584592e+00
-3.385573903017785113e+01 -1.878384844773941040e+02 1.773067555451033002e+02
5.769568173674249678e+00 -1.033510797093223577e+00 6.353505976962749990e-01
-6.903795478433043975e+00 -4.961216306899542405e-01 -7.983659555426417853e+01
2.455515318274281356e+02 -1.377690745290999246e+02 2.746264648011328404e+02
-4.155653456742343366e+01 -6.096048657802170112e+01 6.094600469424768363e+01
5.129978371628786249e+01 -1.552337093787037077e+02 1.875378693747102261e+02
-2.742588958238611152e+00 -5.523816217757102720e+01 7.773954388797190518e+01
-6.660102666242488567e+01 -3.368401847408023286e+01 4.317861456619891669e+01
8.115435552366845329e-01 -4.203419078654437868e+00 -7.631706000985781557e+00
8.972631117338168982e-01 5.331238761258335401e+00 5.548617106023127299e+00
2.297806229158564406e+02 1.622148930393016713e+02 3.294279610288957656e+02
1.772145678532720581e+01 -2.277175288760938088e+02 -1.062335529893167347e+02
2.899966373556680992e+02 1.328645214434674926e+03 9.243185166485725404e+02
-6.983001917963621574e-01 -7.039141506380242053e-01 5.225161587189815826e+00
-1.020380805202711905e+00 1.174944897041019054e+01 -3.927247574878419911e+00
-5.616402639787316531e+01 8.972443326764559401e+01 -1.241768746471029203e+02
2.105257476158458374e+00 1.257141258790322347e+00 -3.559946599429554048e+00
-6.869195539247817450e+00 2.548270651292877176e+01 -1.236121583442316663e+01
-1.183494634633152600e+02 -2.258423619677516285e+02 -3.224713242815622039e+02
6.309761487711858763e+01 -1.349595415742048203e+02 -1.205990271196308896e+02
1.736939927409957729e+00 2.306685592211694669e+00 -2.291315778955996585e+00
-2.144272430326126688e+00 7.974721144312100662e+00 -4.197677510548407376e-02
4.609543316013134273e+00 -1.689443060100584981e-01 1.914342331694332433e+00
9.994174771045532424e+00 -4.587439871232984245e+00 2.648882748381541674e+01
1.013998859543650894e+02 -1.696768801007069669e+02 1.205429659946902063e+02
1.477476918120087523e+00 -3.778151323173258191e+00 -3.073569115028850440e+00
4.320834071505882612e+00 1.159168907463753451e+00 -4.358041570958871347e+00
8.306110629019347158e+00 1.004964424578172100e+01 -7.821589439814231604e+00
