2.125185279886454115e+00 3.735266443960598426e-02 7.229562367517444521e+00
3.075549995355896904e+00 3.151242681927871048e-02 5.114750652524967300e+00
5.838147020044034186e+00 5.493355648295288052e-02 7.909471344195084797e-01
5.811594402087495226e+00 8.792167278075360692e-02 2.187267907062278471e+00
5.930378187488399178e+00 9.853653069098361472e-02 3.955089686384550829e-01
7.534723746761848417e+00 5.217053499276413930e-02 4.151767808302625262e+00
7.732258613822215132e+00 1.010702992451845694e-01 3.578634839895484365e+00
4.136542017638529245e+00 1.579281433272760049e-01 7.445706532495929508e+00
4.210201155366954495e+00 1.527575923537023983e-01 8.827371488977963310e+00
5.095543778170595672e+00 1.431977573629423517e-01 4.965836165596130947e+00
6.094372568160324022e+00 1.659036045400991699e-01 1.112943314612544032e+00
6.242060804209380365e+00 1.492312504255407790e-01 2.026354230234864051e+00
7.465028596992043575e+00 1.423450531383182727e-01 3.282684337178594980e+00
8.543283963610267762e+00 1.479013351222180084e-01 5.216085137018051654e+00
9.307722946488564020e+00 1.471813297381967534e-01 6.593971832993169357e+00
9.323576568359088768e+00 1.584343587718562429e-01 7.639172159423750941e+00
2.887849551128277348e+00 2.005852643775153377e-01 4.030344433476354737e+00
3.269707942178036397e+00 2.318830606163626018e-01 6.791708773734784543e+00
4.779787895568738065e+00 2.410445124016574736e-01 4.308307228669608691e+00
5.401314311180792416e+00 2.223286332651013830e-01 9.798041321243573520e-01
5.370781942978008594e+00 2.264274544469309647e-01 6.594923999360089439e+00
5.966847184114524971e+00 2.222113014047908952e-01 5.795954112698918692e+00
6.654841213804080446e+00 1.819476030210088191e-01 3.235002629846456951e-02
6.686633462127571370e+00 2.234881504876141678e-01 7.415566345514754687e+00
7.895836059961128583e+00 2.230549487131689435e-01 2.337841552718856075e+00
8.131095122265296737e+00 2.041336863582845496e-01 2.141116785267365152e+00
3.832271724123474499e+00 3.147852924460249335e-01 9.411892919194744245e-01
5.877222896059596025e+00 2.551011596929482206e-01 2.135464902163111578e+00
6.295146618182819509e+00 3.457410026001929149e-01 4.454925014082354195e+00
7.096087444079588025e+00 3.309799284277564757e-01 2.233860342291847267e+00
7.848424778831772031e+00 2.982427012846223802e-01 2.107438343346058396e+00
7.996893568937494479e+00 2.901582802751988543e-01 1.941704841175508012e+00
7.956442001995154278e+00 3.105474238438692414e-01 5.306130262469506143e+00
9.534648402008908619e+00 2.872819505096942949e-01 1.331734662938307778e+00
3.549409386890113538e+00 3.925834835346834195e-01 6.085694639920765425e+00
5.602430903267027418e+00 3.642918850660594732e-01 2.917282526923025809e+00
5.772285761517958136e+00 3.586926635000829977e-01 2.333847995582063017e+00
6.471977017718815617e+00 3.807420690108864747e-01 2.671184155810102823e+00
7.639192346727481819e+00 3.687149992025940959e-01 2.328109392185893078e+00
9.026758928327245357e+00 4.169598925128039646e-01 5.573293034550935943e+00
6.445855129403615935e-02 4.149783638205242209e-01 2.665670476009878165e+00
5.599413536014035131e+00 4.205493176797286958e-01 2.522146112480062374e+00
5.932298081461231831e+00 4.338012251996367086e-01 9.397877227261970390e+00
7.042970860240809650e+00 4.890512068721857286e-01 1.709285264302374596e+00
9.391864986252359770e+00 4.654122415988276584e-01 5.605836351043127941e+00
4.894576681082195568e-01 5.110380498140473238e-01 2.712672314094815906e+00
5.644115458522213302e+00 5.115375060601006219e-01 9.825014645176487704e+00
5.879285633306716718e+00 5.352682011924027039e-01 6.886404850140365852e+00
6.173865502795319316e+00 5.700111808507656308e-01 4.058265894404233798e+00
6.253843646841754200e+00 4.951589773977747022e-01 1.502735926980553360e+00
8.826001027421050082e+00 5.528489578552047146e-01 8.121484611650769736e+00
3.325596011843210409e+00 6.480304996463428502e-01 7.323866253975610086e+00
4.384868307054100356e+00 6.335846456320528564e-01 7.342825844868058338e-01
4.707040138946901209e+00 6.723438092024588419e-01 5.270136600032623519e+00
5.151949416276009330e+00 5.713352307067857128e-01 9.364321859784135782e+00
5.245681842887347734e+00 6.407322452746544439e-01 3.147020823190633809e+00
5.366447887099098146e+00 6.212418144279069354e-01 6.679337694948620729e+00
5.464899980566383597e+00 5.957689856572310205e-01 7.623802805587052589e+00
7.816770741680362455e+00 6.042855643400510957e-01 5.800622349958970858e+00
8.141947860141071303e+00 5.971184674517884261e-01 1.848588813833701217e+00
3.849095719544600502e+00 6.702746901957519210e-01 8.266123339170334816e-01
4.585148372802956729e+00 1.166528745493764285e+00 5.812425611893177191e+00
6.224019922205894950e+00 6.734417730594499663e-01 4.559583604344985552e+00
9.320561623107277427e+00 6.632527056701159607e-01 6.851482774733161918e+00
9.935455893415957362e+00 7.158579301586837085e-01 2.572475902076601706e+00
6.756740208239848222e+00 2.957790700735132283e-01 4.308426021558763530e+00
6.336659244783430900e+00 7.544943525202763013e-01 2.849469999147692612e+00
6.831038840759852349e+00 7.519254546648961313e-01 9.596015215309879665e+00
8.303944710484845615e+00 8.900586226808739898e-01 7.703223856228666122e+00
9.200615575942240554e+00 7.715572701554147539e-01 3.306137919313833162e+00
1.170577155170589467e+00 8.791998728656672535e-01 5.909176138179716986e+00
4.588254506895268037e+00 8.763387465924261654e-01 3.695961133813014943e+00
4.630326807525082522e+00 9.070338457983918579e-01 6.270975537577966108e+00
4.865243974268357086e+00 8.732699950235061070e-01 5.718653573639604026e+00
4.905061741878637527e+00 8.681535524909206325e-01 5.781686207232237251e+00
6.077790197261392358e+00 8.397166125895653144e-01 4.857871661930970753e+00
6.163838125829345316e+00 8.513456187057713009e-01 5.162634929008519613e+00
6.293697378090751471e+00 7.913939261483958765e-01 2.893294543376719652e+00
6.353023136519546199e+00 8.601292922528712692e-01 9.738870287060265696e+00
9.887209577609183953e+00 8.665269451308228454e-01 7.316919310006274380e+00
4.686842816444239723e+00 9.237654681494541498e-01 5.759292991824350061e+00
5.578538794267716483e+00 9.247845742443692174e-01 6.766469135186810924e+00
5.796044473844007783e+00 9.120461655998151063e-01 7.010331251933669350e+00
6.675844249445689549e+00 9.022195804843068379e-01 4.037059049647483633e+00
8.318972904621320552e+00 8.546256917863762625e-01 7.754938386706598408e+00
8.519694284478507740e+00 9.274634210785126509e-01 3.156532288962724309e+00
9.133643308149036244e+00 9.470431553227678378e-01 4.800832916956993657e+00
9.743183575501914717e+00 9.487386564408079037e-01 4.716175253741852202e+00
4.468861777193605889e+00 9.822908972170352193e-01 6.024240587453523865e+00
4.793667671737887659e+00 1.031279165763002936e+00 6.402505634793415723e+00
8.174147697333497220e+00 9.762644016581750739e-01 3.386937144508056496e-01
8.251461785748842814e+00 9.911466000589064240e-01 7.365507561398440650e+00
9.291167318248241713e+00 1.045923792407593478e+00 8.162086942889526853e+00
3.737409516638666940e+00 1.057205832622701402e+00 5.909535857349095700e+00
4.552433975086453977e+00 1.118638244446444885e+00 6.945928711256526000e+00
4.852819956711936555e+00 1.102526139192785859e+00 5.262811210397633666e+00
7.476286979392144261e+00 1.088898958901734826e+00 5.907309579750990025e+00
4.058562474172731527e+00 1.142984116285025831e+00 1.894618509367969050e+00
4.771999496163851440e+00 1.140377320559954555e+00 3.578436946137680152e+00
4.777685557042826936e+00 1.131427502843785238e+00 5.166005639056697518e+00
5.488973282004933729e+00 1.165658242752261486e+00 6.829023118322058217e+00
5.485514159028474168e+00 1.139664187600597511e+00 3.401943317842825998e+00
6.300967908608177126e+00 1.177218646424748272e+00 1.280293777135819600e+00
6.283644263407477837e+00 1.181235917579131822e+00 7.696773431732770732e+00
7.571821338458836870e+00 1.193493238719510297e+00 7.016725833644252397e+00
8.885656627654451967e+00 1.120853091420847436e+00 1.611481793126644746e+00
9.833112497923092832e+00 1.142379572475440419e+00 3.610788649104707648e+00
5.660386709391378446e+00 1.251913971068644882e+00 5.063864761737722375e+00
8.072714398142272429e+00 1.247087066244580988e+00 1.696238097526950872e-01
1.757743736593421646e+00 1.340631862030170707e+00 9.363031733515235544e+00
5.109706751272231173e+00 1.306556325554409037e+00 5.235814312072880838e+00
6.263456659607706811e+00 1.314303869836408900e+00 5.418367484062433626e+00
9.250926858074103976e+00 1.290580768746806495e+00 4.924224357508238725e+00
9.804841770813204960e+00 1.351929330422191100e+00 8.008085659675160173e+00
5.843222899312108254e+00 1.357571171712652625e+00 4.644533502347468534e+00
8.684802908843970215e+00 1.350008051868434533e+00 1.844849602914284681e-01
7.576937422974926173e-02 1.494831647621254866e+00 3.873432178669735215e+00
4.339037984955279370e+00 1.877362525264276938e+00 4.089287292112711469e+00
6.218946949902763421e+00 1.439281769346222983e+00 6.137542822544104215e-01
6.203206868652965333e+00 1.499313102861397073e+00 6.334394968291018557e+00
6.906427286438358237e+00 1.507101968588103968e+00 5.940352165726036304e+00
7.007878293781889312e+00 1.466721727978178569e+00 3.200523600834241922e+00
7.137719532770411490e+00 1.461430487241296650e+00 3.026826188486332114e+00
7.618472142155425786e+00 1.451117648490404033e+00 6.102174869632997378e+00
8.415536085710783709e+00 1.494875215262604140e+00 7.249187070458503968e+00
8.803111342175698795e+00 1.500938648604413617e+00 7.174299361552314735e+00
9.739145316731223190e+00 1.491446633356051876e+00 7.232797845986560503e+00
4.261083937206017858e+00 1.572459332891329886e+00 7.130539142432967381e+00
4.637939429689308390e+00 1.577942587728526691e+00 2.551382185836341687e+00
5.086246750120928084e+00 1.146763121085767612e+00 2.127560624934728750e+00
5.338355306795857125e+00 1.529861199843466135e+00 7.166005594087252462e+00
5.665323988281208756e+00 1.592948532780668058e+00 8.054081810686987808e+00
6.069348982060843056e+00 1.534257022657532277e+00 7.048769014516656384e+00
6.335129972281695387e+00 1.523006420568634445e+00 7.989055862928166718e+00
7.472250361668518970e+00 1.583225925532471212e+00 8.220997936661209593e+00
8.172969067570367230e+00 1.546335359741584092e+00 6.554693232077962506e+00
9.352758523223576148e+00 1.534786364725274854e+00 4.239481688523443204e+00
4.690378192389617951e+00 1.653089846136543306e+00 4.493068717834615811e+00
5.103995252229905688e+00 1.639611352220475382e+00 2.910628012443502222e+00
5.746835554136894508e+00 1.644413117815872738e+00 5.801590542518037630e+00
5.901035821372248691e+00 1.625461778900767484e+00 3.455178326080362794e+00
8.358826436134252802e+00 1.635709010748712000e+00 1.011788010659285586e+00
4.700247544943346512e+00 1.701532366802868346e+00 5.705816309991210034e+00
5.188685985325720118e+00 1.737771001889197864e+00 2.440613545517591909e+00
6.230212629196078211e+00 1.662212930172794367e+00 5.408780803926200420e+00
8.379713205824678823e+00 1.672939371688151766e+00 6.433680101366708648e+00
8.473305988982795967e+00 1.716881409811395143e+00 5.716365169298395443e+00
7.965974015526119389e-01 1.761653429395894088e+00 5.127741964999414037e+00
4.684415519589267163e+00 1.793517594012825622e+00 6.709714488832087653e+00
5.310932369583969859e+00 1.815275696034682973e+00 2.643563031816199782e+00
6.137631587328052696e+00 1.736623133595939894e+00 3.111214842306311290e+00
4.470913605632786059e+00 1.875327558827683649e+00 4.221266639865768333e+00
5.307389215504618285e+00 1.852767703924261822e+00 2.620314201965522116e+00
5.417082987406509176e+00 2.185535898281716793e+00 3.277230895845261394e+00
6.517442426211266238e+00 1.876888164440685181e+00 6.438609211070547289e+00
9.437215356511249098e+00 1.836118967746734221e+00 5.489771847860701826e+00
9.413746332455739108e+00 1.784332866549848795e+00 8.861224193765924184e+00
9.828536494177949834e+00 1.917283393549070958e+00 8.659655361084691805e+00
5.228006615854565275e+00 1.832945168544079628e+00 2.657513929158163979e+00
5.169530630318009301e+00 1.594169532627031316e+00 4.121487152788382957e+00
9.387296141801096283e+00 1.940891818612902053e+00 3.025699465769000174e+00
9.609865253813421049e+00 1.911711705518369220e+00 8.205330418140254878e+00
9.898780676070657591e+00 1.927172267977328879e+00 5.024882185885586772e+00
3.873501719392406173e+00 2.054960748605869192e+00 5.865026758016493424e+00
4.918377060805532608e+00 2.001541809582453091e+00 2.000620705702879754e+00
4.882464202461101799e+00 1.996934976430858821e+00 2.176771114185351408e+00
5.768759034275459996e+00 1.983822474613575082e+00 4.380545971518229109e+00
6.439090621635413569e+00 2.029292818370503682e+00 7.131572237028063199e+00
7.671296386664765876e+00 1.981822402018234897e+00 3.367900674164880037e+00
7.921228336001535197e+00 2.048436656506903653e+00 6.809729940634648315e+00
8.250059262139780358e+00 2.089922982134767349e+00 7.951196274925797169e+00
1.356665382780011253e+00 2.069044402122159898e+00 6.500848138909034901e+00
4.391885951011262890e+00 2.080093417742259643e+00 2.318365943532502360e+00
4.426832147479978552e+00 2.070682148425783353e+00 4.729807787335991165e+00
6.393379382997631311e+00 2.060618801166458347e+00 1.511757722203208587e+00
7.900504650849583754e+00 2.118145913811547487e+00 5.586680267907936148e+00
9.445890833699456479e+00 2.072750212594121066e+00 2.909396840334264933e+00
6.385508953346111238e-02 2.159332270785180086e+00 5.484168357940879979e+00
4.895913798101362291e-01 2.128961227088266295e+00 4.666668502892830972e+00
5.463074433014281972e+00 2.167691055594013427e+00 1.354081446747592288e-01
6.315061296393571055e+00 2.166472281470924965e+00 6.973457689790784286e+00
7.711067026174129424e+00 2.203982344062187515e+00 5.004734202535429333e+00
1.253368407223492298e+00 2.256293764242367050e+00 4.847468166168233950e+00
8.012490525552122378e+00 2.234048242052853794e+00 4.897070753949022581e+00
8.145494394876545030e+00 2.231563898428134962e+00 5.809344829419899270e+00
1.400908802869110792e+00 2.351766755441421886e+00 2.236337942947903557e+00
4.904702199897443826e+00 2.303575228029856703e+00 7.908250949023235776e+00
5.149050054340515103e+00 2.299848903132387434e+00 5.500596549827572623e+00
5.217787947195203557e+00 2.307146117745694891e+00 2.864387252252196259e+00
5.393927734076477520e+00 2.324430296552857822e+00 5.836337021497874034e+00
6.241106682977406450e+00 2.329720440104111390e+00 8.083827479584341447e+00
6.503824760578263309e+00 2.304440595001417069e+00 5.969306488399158894e+00
7.629570087384893284e+00 2.352994602297890037e+00 7.686842431834821632e+00
7.883337468046953234e+00 2.284904665416088498e+00 4.662078129204155985e+00
8.250958691683090152e+00 2.399441377649484952e+00 7.784118504039182262e+00
9.144456699276460654e+00 2.349678411859082772e+00 4.418596327297372284e+00
9.379696389730229455e+00 2.340941102707353672e+00 5.475555987398729840e+00
1.422983264290148542e-01 2.384850089273825358e+00 6.855875270213093842e+00
6.456954136874674788e+00 2.438237439727916289e+00 4.858710200790806510e+00
7.043996863434124123e+00 2.419317799140115355e+00 1.094519154721568910e+00
8.545444924330851677e+00 2.367288449576379517e+00 5.515548132951494154e+00
3.842393631522800224e-01 2.514746519965153748e+00 3.784484840918430848e+00
1.531061774139644394e+00 2.496333017928439979e+00 6.745969651386466204e+00
1.633687717042993537e+00 2.495685597672071321e+00 1.888710629084093817e+00
3.595628449107007185e+00 2.463195352658120285e+00 2.290917561069131914e+00
3.896337990258087913e+00 2.446564709687867101e+00 5.558919387676055202e+00
6.116879315704171205e+00 2.468062808143462128e+00 1.644811706613457769e+00
2.811290568602577977e-01 2.569429499647847059e+00 3.713430892434940844e+00
1.473110282975718999e+00 2.487366395749298853e+00 2.319852130471233842e+00
1.578732690757128188e+00 2.545339381410252955e+00 6.641083821452534508e+00
2.240373503594625504e+00 2.585548355118584496e+00 3.704123359595821618e+00
3.609114448825442523e+00 2.523536018968131955e+00 2.847959908179486632e+00
4.788324916188652303e+00 2.541387391516841010e+00 6.189658181769312151e+00
7.215578198331833448e+00 2.609879499184082352e+00 6.717808238749609195e+00
7.562263740391554911e+00 2.569026275774132451e+00 6.797590428978225852e+00
8.148920964119726662e+00 2.541357155188084249e+00 7.672640659502800276e+00
4.486160242178224067e+00 2.635212596025374943e+00 5.880956667906973578e+00
5.981319967135457105e+00 2.641308804647720443e+00 5.927210990434872429e+00
7.124952146202359060e+00 2.639918606568000037e+00 6.490473156295849755e+00
7.317800430491267605e+00 2.701319888251684453e+00 8.525449077328664416e+00
8.545832457720541342e+00 2.661021138760187199e+00 8.156491632028259886e+00
5.789364746178998544e+00 2.735310699277149205e+00 4.454220954398748766e+00
5.985832945871823796e+00 2.713666273632361570e+00 2.285215748143558212e+00
6.277401385925465149e+00 2.705818808595622293e+00 4.736198441902558898e+00
6.472909965543593103e+00 2.700667069898664785e+00 7.889630911743415353e+00
6.836077139203522890e+00 2.738904735251756151e+00 6.046129883805757554e-01
7.024651102067665853e+00 2.754358627611714017e+00 6.859684713275676415e+00
8.798628435736123521e+00 2.755952969896914517e+00 8.313865692554688991e+00
9.735942063613468589e-01 2.794588912825688887e+00 6.733990483762729296e-02
6.122262447319480216e+00 2.772536283340317986e+00 2.524266880679308045e+00
6.610072935610622480e+00 2.828215031727189910e+00 7.061386423108256594e+00
8.084758082295545378e+00 2.780318105545109386e+00 7.928960034378857102e+00
8.466991649078750015e+00 2.838858013144361703e+00 8.337659617957420721e+00
9.594377876785538106e+00 2.783585645647877804e+00 5.333688406434477614e+00
1.665781785702504791e-01 2.828280579178577447e+00 4.690653752464278625e+00
1.159402518726552422e+00 2.888312461296104416e+00 7.070105747160366327e+00
3.256216821503587600e+00 2.856539720058746568e+00 3.730339752110450657e+00
5.043746689457241139e+00 2.826233072221106202e+00 5.057029467528604272e+00
4.936072613212676430e+00 3.239372198374943945e+00 1.525321096180341396e+00
7.574131239677935667e+00 2.885917741959393545e+00 7.958178299690592539e+00
8.740877029178701463e+00 2.886548769339116749e+00 7.840433170048943801e+00
1.230067660396281681e+00 2.987172488080642729e+00 4.808660713721185864e+00
3.184751578629025914e+00 2.952597349796443282e+00 6.878291561622038586e+00
4.280710913404892182e+00 2.964450528089056291e+00 6.341238865490229415e+00
6.194958066171349920e+00 2.593234592235839742e+00 2.280152359618158098e+00
7.502483040033276041e+00 2.941359821133487262e+00 5.046451811377878016e+00
8.929839078931815166e+00 2.915718385250922751e+00 4.816499444683207898e+00
9.025057980850327510e+00 2.911281870429476726e+00 5.100008450493234591e+00
1.061899353482375741e+00 3.024705438176684247e+00 6.649603781031641070e+00
3.798292782629139275e+00 2.992739495454316501e+00 6.158468227362266845e+00
4.518979743272872440e+00 3.051321594149683403e+00 2.847410379359007759e+00
5.467884325773233023e+00 2.996110398638475836e+00 6.222698285846798072e+00
6.700908244808209346e+00 3.031765148888634354e+00 5.653106531844597882e+00
6.976439174775354246e+00 3.055666854551236433e+00 7.553512765532802931e+00
7.090688748038703970e+00 3.090645830847798869e+00 9.054835487729423704e+00
7.244239069865134439e+00 2.988828416983930314e+00 6.817438164416951274e+00
7.636660508346865939e+00 3.045236529810554593e+00 5.313958712809800033e+00
7.719590149451448724e+00 3.010263529799139803e+00 7.104968951989716786e+00
8.525771474674737505e+00 3.060363786533655261e+00 8.439733946029324585e+00
8.843769789366763945e+00 3.047093256120789295e+00 5.594232619831063236e-01
8.909164443725474392e-02 3.057520278183751827e+00 6.827194323910724449e+00
3.277458682671591905e+00 3.089332571939348959e+00 4.547794182520441097e+00
3.848761095714986702e+00 3.057370820534321076e+00 2.799425406708051067e+00
4.020976209906772070e+00 3.065674624445078322e+00 2.857095699508945597e+00
5.086920302194500643e+00 3.065390763900929016e+00 4.438135023208706897e+00
6.309162316082239208e+00 3.110734792806161053e+00 7.702860274940438678e+00
8.492504540902979571e+00 3.126286330515118728e+00 9.287337651758212687e+00
9.298395396689489445e+00 3.130034070083636877e+00 8.701232440193642503e+00
9.577665710803925592e+00 3.111600764139276443e+00 3.787612313868444325e+00
9.715175603965841233e+00 3.061049451971122437e+00 5.318577761218753253e+00
9.748637977714755820e+00 3.053915259651785785e+00 5.244832162043911339e+00
2.859071269583461916e-01 3.142607692107714179e+00 7.325526720597018482e+00
1.516348649116379566e+00 3.211331555983694130e+00 6.307306293736134606e+00
2.438883136936746965e+00 3.151897355119848143e+00 6.483134457482579549e+00
4.596820779102333887e+00 3.171859141906694379e+00 4.138548110121360146e+00
6.566018047336375396e+00 3.176424934621454366e+00 7.151880166011379991e+00
6.783060492187888535e+00 3.205499140506103295e+00 8.497726513083293298e+00
7.762414492700115076e+00 3.186330350024267233e+00 7.941687489064966243e+00
8.063171801257325910e+00 3.263713931546057267e+00 8.520709397225093795e+00
8.449128468819257165e+00 3.193472071482470476e+00 6.098302349904518138e+00
8.776794728258970224e+00 3.223987132667125444e+00 7.115053870148330795e+00
9.740644995084995372e+00 3.193468348024005365e+00 7.932041567423725681e+00
1.321719218231019566e+00 3.220628319595851607e+00 4.861051332337913422e+00
5.158400997601328086e+00 3.210260048251520892e+00 9.631312288074467265e-01
5.404617641178870002e+00 3.259478190974352430e+00 6.421249881263349835e+00
8.914370406172954731e+00 3.223051128646247765e+00 4.608273763186446104e+00
6.720376537418630392e+00 3.350391890900383363e+00 2.430709663608058957e+00
6.983232711047291374e+00 3.346858146202396078e+00 7.025178542452321651e+00
7.206396735052026159e+00 3.326854502483658216e+00 7.535352408867039387e+00
7.434573488789325779e+00 3.384758063659560445e+00 7.671572116499689287e+00
7.963898199605599082e+00 3.348397843093333215e+00 7.042348016657665966e+00
8.239794772712400572e+00 3.334028653125983510e+00 7.223183023247101708e+00
8.282759526035411213e+00 3.348999595766187554e+00 8.397139090732546052e+00
8.667191213530646365e+00 3.314890571041714029e+00 6.556497583062894208e+00
1.512472548980379194e+00 3.447284143788313049e+00 4.191456828367794429e+00
4.723420570820042741e+00 3.407541321594266925e+00 3.703347035035135626e+00
6.702244832728242230e+00 3.431876014790181895e+00 8.789692621280000395e+00
7.579746758721810806e+00 3.437597519626229836e+00 8.090128490253913895e+00
7.675891998257320381e+00 3.431740903854162639e+00 5.992815505720349378e+00
8.475387239312066612e+00 3.383772476870218870e+00 7.194560987103059801e+00
8.837041292868825337e+00 3.419696778681295513e+00 5.218570042274327747e+00
9.556760943012250209e+00 3.430577591822989714e+00 4.715866760541387315e+00
9.560993357725843467e+00 3.369775226175899974e+00 8.179414426682949824e+00
9.847162852694282265e+00 3.457200695463920503e+00 7.319085436905966802e+00
6.379626261463683612e+00 3.504493339762026594e+00 7.887305533815223590e+00
6.698370890491700536e+00 3.532471618489691600e+00 2.853376775985513092e+00
7.989635812926742631e+00 3.471027630387169438e+00 8.629593199610809506e+00
8.369839580569895077e+00 3.459827069429559643e+00 6.185167011780473345e+00
8.845225207425231773e+00 3.435766621833929335e+00 5.090816314378422192e+00
9.171928149610902636e+00 3.499448806203540485e+00 8.393813994038589854e+00
9.596248018694598869e+00 3.484978423599089048e+00 6.165411801505424449e+00
1.208864708391189868e+00 3.562371970397030019e+00 4.954195514598674244e+00
1.400894871011269416e+00 3.558027830104077971e+00 4.086522585021379328e+00
2.272276922788834863e+00 3.579774709481790662e+00 5.037737410524964154e+00
5.009847944969845202e+00 3.519204961544216026e+00 2.129311599740172589e+00
5.727830048688638875e+00 3.608532198323812334e+00 3.641075064588691124e+00
8.156999302516663164e+00 3.570524198512050607e+00 9.065909947621726417e+00
9.698545119165245865e+00 3.558498262933467604e+00 7.387138145750062890e+00
4.009305322604728161e-01 3.641521548714028889e+00 4.987145640956671677e+00
8.916489910107718853e-01 3.622773641349334106e+00 2.040240706084418765e+00
1.517261532198583396e+00 3.652108028284932306e+00 5.661295658506025674e+00
1.995175789964971580e+00 3.640437388370767025e+00 5.800334735652173279e+00
4.138226603741396836e+00 3.673910449935769762e+00 4.621433965057951454e+00
5.125070900370915616e+00 3.665908581554160328e+00 6.221805379192543839e+00
5.548850412832085688e+00 3.669105727072299317e+00 4.617296422312446857e+00
6.671821576905907492e+00 3.645667784131020994e+00 7.354232111850359743e+00
6.737307622822469533e+00 3.585903261015353394e+00 2.858848345292385851e+00
6.773557643989266630e+00 3.711308951254282729e+00 6.962074642333137220e+00
7.098107041557863539e+00 3.655068515853046929e+00 6.805267774759520272e+00
7.225069299424610847e+00 3.683310111109115326e+00 8.993284192072437122e+00
7.418393002609294129e+00 3.687710181034383528e+00 8.665888940398808415e+00
7.733854457154526685e+00 3.657778941313833965e+00 7.979845218873855117e+00
5.306686688569890897e+00 3.706759330228879712e+00 6.930967993054746756e+00
5.653587452539263758e+00 3.697099148322607665e+00 3.053730230445716565e+00
6.338191450796788473e+00 3.741202672207015745e+00 6.413181463588374598e+00
8.124492147631022121e+00 3.739169944211386820e+00 5.208864412896367924e+00
3.348353011254733280e-01 3.771473329265592866e+00 5.327373965364945008e+00
3.678306805737155960e-01 3.781620458083703618e+00 3.557129457618058321e+00
1.977133417166804907e+00 3.829447085043165444e+00 6.729328103982773257e+00
4.281704567735419964e+00 3.781533795292104649e+00 4.080870798834155266e+00
4.739417462084282384e+00 3.782226032758517320e+00 2.375984638567133267e+00
5.110367783724093727e+00 3.816613443816851081e+00 3.384576514073009967e+00
5.825800690369117518e+00 3.752094872510340462e+00 3.760698039283267402e+00
6.780273576743254260e+00 3.748299841224228324e+00 6.940396266905795031e+00
6.852946220317556403e+00 3.817020302937981668e+00 9.587678935910588507e+00
7.052067775114676529e+00 3.794094000455090487e+00 6.744166918225709129e-01
7.723793389919478614e+00 3.795691798605805189e+00 1.369267995724734899e+00
7.805777472469795697e+00 3.804818472076231473e+00 6.726740510809265494e+00
8.103924531702030976e+00 3.511326794403235141e+00 7.410762964944339615e+00
9.590867086600118441e+00 3.792405459353026309e+00 5.015416089021361934e+00
7.775143348788928765e-01 3.871947619221500325e+00 6.611036484747765840e+00
8.875440819144064797e-01 3.856619064601502167e+00 7.198464127386430711e+00
7.532176582402655640e+00 3.877086265480908622e+00 7.525801890211462286e+00
7.468229683310090294e+00 3.938339075240191001e+00 7.598225595249592956e+00
7.799463032189816403e+00 4.108641181736778947e+00 7.056495747323298318e+00
7.948297189886067038e+00 3.921123032171443423e+00 9.900294946764754300e+00
8.146425665556090934e+00 3.889214170668919390e+00 8.081484404424234214e+00
1.092929252012848185e+00 3.916591356217885345e+00 7.011107928905518705e+00
1.760558121710777968e+00 3.941166551910665561e+00 2.485444955745941709e+00
4.986694070453208560e+00 3.947181620690090931e+00 3.445260749400000488e+00
4.970743119697921486e+00 3.975237679308553762e+00 5.356466419256477707e+00
5.753417176057178395e+00 3.957813575494957270e+00 4.677175925097497355e+00
6.855721182472933606e+00 3.988622745885919585e+00 6.568431022528540275e+00
7.519048857686686738e+00 3.899640824478753931e+00 7.511011349421513827e+00
7.880894650623722519e+00 3.911961808887471470e+00 8.362202821163135624e+00
7.992049517414507420e+00 3.909497964011975135e+00 6.998552723346723070e+00
8.317720022072828456e+00 3.921912575785859723e+00 8.198168571727798337e+00
4.762079268871175497e-01 4.030575554319071330e+00 7.548543052423798194e+00
3.793938895788112831e+00 4.064838092304976946e+00 6.126946229666819121e+00
4.803315351578895331e+00 4.050285117391353218e+00 5.497705538826977545e+00
6.470833757081416948e+00 4.070918843154649913e+00 7.547842516300852012e+00
7.294050483307897181e+00 4.048165824101139343e+00 9.514095012490486170e+00
7.863941233956734500e+00 3.985598679786410692e+00 9.843481213420878007e+00
8.344255376724206030e+00 3.998053386481038807e+00 8.870006667090269303e+00
5.424620076522828072e+00 4.133890525520122594e+00 1.122304093901330457e+00
7.070246223428375387e+00 4.137360696651318115e+00 8.232288149740163874e+00
7.208652260582357307e+00 4.148838371866041541e+00 2.094367722885809302e-01
5.262642398339476557e+00 4.364060816562321143e+00 6.911638209525523990e+00
9.249568040190325746e+00 3.888437331913005224e+00 1.024805253697297047e+01
7.605505620434460212e+00 4.135049720424199826e+00 2.492118944057633012e+00
7.982996303994541520e+00 4.112766574455950952e+00 8.940760894483384291e+00
8.158677191381464411e+00 4.099638005708039934e+00 1.401819739937571196e-01
8.513209731051246010e+00 4.057184622727256773e+00 8.067286094307601019e+00
8.688358173881335134e+00 4.095136920573776429e+00 8.111459633722049034e+00
9.007106680400617904e+00 4.110340702918048095e+00 9.041539901716941330e+00
3.016149177001061776e+00 4.196437031743370127e+00 8.136015037642708947e+00
4.515788514142019316e+00 4.188677867583423087e+00 3.085130684510828392e+00
5.045091926715556951e+00 4.184637696807342877e+00 5.849274335943306369e+00
5.665341080284664876e+00 4.160399902032191122e+00 5.103752330405964877e+00
6.306648617780820310e+00 4.162971164906100086e+00 4.494573720777452763e+00
6.709365240688340393e+00 4.164844614787967636e+00 6.454375074973309978e+00
6.850994206893682659e+00 4.165248584225469841e+00 6.471330973841086909e+00
7.064272841804791980e+00 4.218589282213968339e+00 8.410120140576702319e-01
7.185382539657930501e+00 4.170508343906634607e+00 9.384603736953391007e+00
7.597126186671941284e+00 4.161325149555503700e+00 8.850661003417172878e+00
8.747303948665653195e+00 4.207833622138301699e+00 9.657316453265927692e+00
9.240071871619612409e+00 4.199247182697027903e+00 9.738403667855587642e+00
9.424027701550752312e+00 4.160527144848112258e+00 9.095867259726333032e+00
5.586675961304933047e+00 4.206973105012754566e+00 5.010414038049033181e+00
6.679689300690295539e+00 4.248646986186028762e+00 3.175640255391633193e+00
7.065779999173274817e+00 4.239163521450169725e+00 9.477548616325128350e+00
7.105908394667979522e+00 4.197298546127080421e+00 8.228158479312838836e+00
8.003836934184324292e+00 4.242952307209637119e+00 1.990451423298515987e+00
8.931115641051693643e+00 4.266763157469344314e+00 8.745157271295214585e+00
4.285126630396247194e+00 4.340049261951618220e+00 4.292960497271987919e+00
4.320932412642180864e+00 4.345778004268189498e+00 5.654235901025287170e+00
4.963592330057201352e+00 4.355708963569961512e+00 4.408203630381816396e+00
5.032786043067243753e+00 4.293279734021108851e+00 3.495419521295404675e+00
7.117866986144687935e+00 4.329221441254174962e+00 7.382684739389619111e+00
7.258897841944470741e+00 4.319941795700955822e+00 7.602785474397308008e+00
7.564601420484615701e+00 4.359931156064427604e+00 2.139734811923444724e+00
8.715934440485417767e+00 4.322476168183332135e+00 7.717931350544038338e+00
4.780178944497239790e-01 4.407980656100647820e+00 8.381136921466477929e+00
1.106565836488892618e+00 4.426771401699530095e+00 7.567801458900875744e+00
5.634565254495099040e+00 4.412858418252107562e+00 7.893922470334968189e+00
5.645841995186312801e+00 4.457423755723049830e+00 6.334465538584777455e+00
7.711219101615194305e+00 3.492425439689252009e+00 6.190965782476332002e+00
3.999476987396955785e+00 5.373559126380405004e+00 7.506479029199121022e+00
8.056667840205108178e+00 4.390443355239096235e+00 8.498415369247025453e+00
8.494747472356797502e+00 4.427057890245943206e+00 4.991239281834563002e-01
8.814742594814614307e+00 4.236974523891325894e+00 6.624807109635162838e+00
9.270479143568975289e+00 4.390085733677377533e+00 8.593712246228582430e+00
2.161615414538646807e+00 4.534061320492541292e+00 7.043080753530331251e+00
4.841952586292596727e+00 4.524990607041012858e+00 8.082107520631734987e-01
5.530043184551671764e+00 4.498492580492028381e+00 8.074931399028717038e+00
5.821960114112835427e+00 4.468662986527670355e+00 7.366814420087408166e+00
5.972032102436661383e+00 4.485447281473048164e+00 4.140857010842583286e+00
6.398142158020895032e+00 4.517547368701704258e+00 7.006095269495938638e+00
8.475072513894280846e+00 4.464535875828411271e+00 9.027224766011721968e+00
8.584794944214138468e+00 4.470387870064770119e+00 2.529902201985654853e-01
8.947186499241940538e+00 4.720703927541095801e+00 6.817742357676579879e+00
9.469664367584824660e+00 4.516814440438171374e+00 6.777383747024451566e+00
9.879713805084472611e+00 4.482156895981982636e+00 7.354638063564175710e+00
1.000659482448429394e+00 4.569843910026775369e+00 5.116435245582081848e+00
6.790222052895603433e+00 4.594153893607164640e+00 7.545903932226357469e+00
7.678645868080211656e+00 4.531920274387938541e+00 9.560853458121753690e+00
8.198031509944728512e+00 4.576802252002955207e+00 1.319227919136446658e+00
8.675631599949017669e+00 4.568919473490179683e+00 9.876005111729989849e+00
2.231549247678350500e+00 4.674465982750290571e+00 7.170199219078798869e+00
3.630893838258161033e+00 4.601495504856839780e+00 3.780692207048811593e+00
3.860927640380819703e+00 4.682705738109432581e+00 6.410142124405894037e+00
7.127709446860299281e+00 4.655532054259961861e+00 7.467877476770517831e+00
7.748921343928147465e+00 4.603834526198103738e+00 2.131610655333021409e+00
9.557005228148728548e+00 4.661996213924941124e+00 6.405389146143278367e+00
2.779225552341729966e+00 4.759328052867241254e+00 8.167527571294048272e+00
6.011019382874245309e+00 4.734089160270211316e+00 9.427058179553331030e+00
6.619083437563403116e+00 4.709906889708740607e+00 8.396382016087674316e+00
7.726530346819842521e+00 4.741779268341453246e+00 8.639099130973987073e+00
7.800063599204753118e+00 4.685291511420365040e+00 3.011128627796067381e+00
7.851963066550751158e+00 4.697471965479542710e+00 9.639685535033377661e+00
8.249389939236694502e+00 4.687358349771046484e+00 5.335696960959586121e+00
9.255621223068832393e+00 4.712000038863330964e+00 4.859859123985013074e-01
9.441921829221303852e+00 4.721447575790834961e+00 6.959284026307495985e+00
9.599727247001759167e+00 4.718684023191646482e+00 7.833735352279370900e+00
5.421244742701286867e+00 4.793700963929628855e+00 6.227090103689866929e+00
6.767584317695553686e+00 4.810839525412724527e+00 8.483035856647573425e+00
6.994073177339835468e+00 4.816621929674639979e+00 8.190165951970026503e-01
7.207904427603417652e+00 4.812409434785566376e+00 1.170001620616770488e+00
7.207287208747658269e+00 4.815585684242457809e+00 6.472479382046292251e+00
7.524595702043740175e+00 4.770176793855761765e+00 8.015580254028211726e+00
7.997340978175859760e+00 4.791177889396315059e+00 3.888714664359514295e+00
8.546496459308112748e+00 4.759492225898302564e+00 8.806682039055637290e+00
8.586337118578413197e+00 4.769312668689848600e+00 7.851479549966088989e+00
2.007148502421285841e+00 4.905738115818258471e+00 8.379227268850632626e+00
5.134789182882935066e+00 4.885973630524317990e+00 4.882723674842795347e+00
5.744448047068985375e+00 4.896520986906996775e+00 5.237155240069304440e+00
6.295177526240774313e+00 4.907684002014323532e+00 9.673823649620729270e+00
6.823105984273959201e+00 4.874198399087717348e+00 9.073043080934292348e+00
6.895682520955753070e+00 4.924270071724889952e+00 1.720342393612419585e+00
7.517126833287018250e+00 4.835734333103983040e+00 8.625730849878662454e+00
7.876552973190501739e+00 4.859157276311870888e+00 8.402819403007235621e+00
8.662104540635484184e+00 4.838630900605350504e+00 8.474607495204104168e+00
9.034897585852792901e+00 4.909297034394914050e+00 6.548394295465175929e+00
6.581261031080973822e+00 4.995136308899569499e+00 4.115142930619744011e-01
6.788788245238148278e+00 4.904903639396055226e+00 8.554108765637934653e+00
9.038137920793710478e+00 4.905202833498456094e+00 6.432724507128654068e+00
1.529883834277445454e+00 5.000203345006228872e+00 3.944680140797375500e+00
2.578309049611051229e+00 5.051627081969070510e+00 9.074260247260962586e+00
4.312919155449372433e+00 5.000756773627371921e+00 5.429359737449566126e+00
5.388116891932398289e+00 5.004174695764326941e+00 1.792686405223590240e-01
5.740941409172867438e+00 5.001354230617833352e+00 7.783621069323982233e+00
8.833836695488727075e-01 5.136927697803677972e+00 5.107358505466988774e+00
2.402661988035372786e+00 5.149335893964185118e+00 7.191324065424385736e+00
4.696507605981396161e+00 5.091018947404462480e+00 6.131752875275370052e+00
5.168295846208334154e+00 5.124664800073259308e+00 5.355127139020770421e+00
5.250177796945458830e+00 5.067735954659793762e+00 3.461710417756646230e+00
6.128812658155488258e+00 5.134522713784273940e+00 6.621333444791364542e+00
6.947122193700810300e+00 5.058300483158724603e+00 8.853628556864245880e+00
7.151172716237079285e+00 5.116215498625290792e+00 7.963274070048814046e+00
7.171520949797496769e+00 5.084222567773371004e+00 9.058508669390596069e+00
7.589044503101939121e+00 5.185489092606232475e+00 1.935814359556974618e-01
7.878851401300360102e+00 5.088526250551552721e+00 6.357666326228832432e+00
4.611992067978040843e+00 5.212031553251672555e+00 9.746602834522281711e+00
5.624856988116527567e+00 5.175095540241035685e+00 5.106533046090975247e+00
5.793502850195784148e+00 5.233492444051826453e+00 9.921167236105224774e+00
6.858569927050747417e+00 5.150421866455116238e+00 1.948663662956266807e+00
6.868999577589928407e+00 5.183179300748239626e+00 9.876405871219366972e+00
7.814567789928490882e+00 5.163761783893054513e+00 4.584362339769770145e+00
7.903573160835724920e+00 5.203255816655447674e+00 3.758890526270756149e-01
8.293440450596653690e+00 5.171457101158357439e+00 8.004977891271600754e+00
4.966926589919026469e+00 5.264259224575688734e+00 5.536086351169748454e+00
7.278659887502628045e+00 3.276272522482361005e+00 5.874513237003410993e+00
5.985147068022311778e+00 7.251461570563660253e+00 8.985158275028107155e+00
6.757429245074323632e+00 5.302119536403374411e+00 9.676282991845466697e+00
6.836370212660659362e+00 5.233846383079884035e+00 7.845920819436368099e+00
7.277866349433995019e+00 5.235481305422972298e+00 6.199612197908431099e+00
7.421010873189322510e+00 5.296626393994641191e+00 1.294686840635685732e+00
7.488361214726677595e+00 5.231393349455582431e+00 8.718315724427929680e+00
7.687871468319021240e+00 5.232253525129734406e+00 2.660210978297526951e-01
4.620477788732974211e+00 5.385248225398516553e+00 7.926026424546138038e+00
4.937053716760933852e+00 5.390025489181967444e+00 8.104338492201444311e+00
5.790955525665708592e+00 5.382020053511578084e+00 4.009809885941389318e+00
7.243930814701553089e+00 5.316168894987867155e+00 8.471915946698736377e+00
4.905868556524413115e+00 5.402666966333048215e+00 9.865527971745919444e+00
5.074770793441770067e+00 5.414882369131472473e+00 5.979110234923969536e+00
6.293072079698085020e+00 5.442334449791331963e+00 6.924399266071135983e+00
6.824725001465774099e+00 5.411729763500396473e+00 9.751609674539928108e+00
7.226714967023418978e+00 5.403687237730641968e+00 1.023573857920915126e-01
7.197749834665805757e+00 5.424904723768239734e+00 1.255540743495781042e+00
7.246173808128062888e+00 5.397435373779186918e+00 7.425375222372669448e+00
7.534781249120100277e+00 5.382346797973015740e+00 6.517596019382313699e+00
8.021729213912269785e+00 5.378533882553250933e+00 7.498287568914854262e+00
8.625377691790570012e+00 5.385408529763905605e+00 7.150338647584851159e+00
8.967776000029868300e+00 5.439176123561067833e+00 9.405621986565941839e+00
7.864604611123580113e-01 5.498231050039718681e+00 5.750113579948823883e+00
2.689821894896303078e+00 5.484693896638654920e+00 7.395894849083732403e+00
4.866275580949499080e+00 5.528062793609703540e+00 8.402069286558097261e+00
5.400327283630703690e+00 5.525333342097169975e+00 4.240345300060120337e+00
7.131045818017585525e+00 5.483396972036846506e+00 7.131822207306437456e+00
7.369898555457776723e+00 5.508649987554357530e+00 7.151105008489659909e-01
8.005000067638128769e+00 5.498636683161280736e+00 9.400679660370785118e-02
8.966136186293954813e-01 5.596728940168798516e+00 6.661931760476912601e+00
5.033675368218688995e+00 5.561421375733551109e+00 2.819856643741543323e+00
5.068276058764848102e+00 5.605449003690502252e+00 9.406445767570492222e+00
5.121614015337863535e+00 5.622912395520186735e+00 8.385372532841149251e+00
6.620574272208043176e+00 5.665115582491299762e+00 8.190852419529368600e-01
6.839705372214007539e+00 5.510472961466145847e+00 9.590424873621232749e+00
6.909387330791544102e+00 5.576926447220379224e+00 1.959929762034130496e-01
7.696781192378088221e+00 5.562965205871289953e+00 1.158778520464864847e+00
8.352073622457163893e+00 5.513467213355053964e+00 8.216058139758111167e+00
3.283534396468260841e+00 5.631073242551482672e+00 8.241322060311423670e+00
3.615633328457006357e+00 5.644901735742184457e+00 6.236566111006711211e+00
6.216612167289746083e+00 5.691173887103687434e+00 7.518125189137228048e+00
6.637139391241776210e+00 5.675015993973219430e+00 8.460715927965646310e-01
6.722617306811423887e+00 5.607107468349887824e+00 8.216735152498475969e+00
7.488562476612029783e+00 5.679208874323335543e+00 6.221881851825497023e+00
8.085766144999144700e+00 5.617854874505226803e+00 7.207602351022067699e-01
8.083263995218967324e+00 5.696505081461742392e+00 5.086057101435050853e+00
4.862448801461668246e+00 5.790321863370294864e+00 9.276218129492093567e+00
7.835170319725857979e+00 5.782786821830753432e+00 4.497178336403548471e+00
2.114843674370492366e+00 5.777407474833712087e+00 7.467910004684966907e+00
4.725283575307841488e+00 5.833171715521785927e+00 8.491016057293307995e+00
5.990544521189929306e+00 5.786562902993969359e+00 5.470215710869673842e+00
6.397661981362380068e+00 5.820018143402995392e+00 5.660155714110125302e+00
6.667816808700751885e+00 5.794992945917105232e+00 5.012752020798856734e+00
9.167742292772786072e+00 5.813910895698711556e+00 5.523195627435849575e-01
4.838126175653296279e+00 5.867634244922665054e+00 9.319031358204201254e+00
5.816962106995864801e+00 5.886373196325092039e+00 4.329448313562137551e-01
6.354437492074541005e+00 5.882358837281305597e+00 7.144154109730432189e+00
6.661562277755664674e+00 5.854866045737613156e+00 5.495557492530066535e-01
6.728371284201973168e+00 5.916344979279235083e+00 1.608115307369875735e+00
6.908123345674526128e+00 5.907230180258294716e+00 7.418208984654252047e-01
7.581070284003827098e+00 5.876511720299415487e+00 4.170447576815108803e+00
8.396552073274047956e+00 5.831632823176015279e+00 7.666303126683374991e+00
8.699669189129524582e+00 5.842988998175719040e+00 8.002265710370867424e+00
3.520177782196064475e-01 5.957075155979870473e+00 6.711098671842020025e+00
2.782369282900588381e+00 6.013617509542848794e+00 9.399443732991199951e+00
4.669424146156328170e+00 5.964743965474967879e+00 8.906978449871697734e+00
5.827045378423431288e+00 5.950841493821671158e+00 9.519381501344529539e+00
6.979119154608431685e+00 5.953880691864789299e+00 6.994806694952732107e-01
7.952142049657881628e+00 5.993218022245126342e+00 4.335722004269792151e+00
5.642334267771237144e+00 6.261654547464662990e+00 8.693843084486685413e+00
6.458614712486487441e+00 6.083067881381229114e+00 4.370360125238837767e+00
8.172362825663791241e+00 6.047337361064528238e+00 3.110810024977735733e+00
5.197663281984700845e+00 5.910077936427359901e+00 9.152038653070050600e+00
6.800753179398297377e+00 6.073540006474225095e+00 1.531776192534064940e+00
7.066786627448939484e+00 6.124794226923095053e+00 3.967455739789267355e+00
5.742633822473837135e+00 6.198986259663101350e+00 5.019427268373085838e+00
5.749054090577654819e+00 6.221333014910570114e+00 9.776000663530982848e+00
6.849557098361325203e+00 6.206651571159540914e+00 8.651442536901951641e+00
6.879252846228822271e+00 6.196112212635958905e+00 4.716731642733725804e-01
7.860260938394387331e+00 6.215602517334260391e+00 5.027443710104199326e+00
4.730657889593683496e-01 6.315296948885915640e+00 1.323081851820493982e-01
6.088636508986247087e+00 6.247356259697360414e+00 4.156133666643605729e+00
7.094793819293335524e+00 6.246124912200428980e+00 4.370307106927208807e+00
7.536946812958186470e+00 6.296374199550664130e+00 8.112895363354713396e+00
8.515896665162710377e+00 6.291458601921592120e+00 7.156951556247188151e+00
9.019017634491495627e+00 6.316294544672666156e+00 1.898163491123441293e+00
6.364758964609738001e+00 6.351304533506117345e+00 5.129896808082446968e-01
6.340571961138188328e+00 6.364671226336715115e+00 7.023851069712767625e+00
6.457650293139381326e+00 6.369992797158801956e+00 9.523001291641715937e+00
6.960227005195870120e+00 6.376454161884534955e+00 9.494046522809423294e+00
7.225568089439567743e+00 6.388765848422630178e+00 5.302832473717830730e+00
8.077325805276462489e+00 6.359854142046213354e+00 4.696188586750559502e+00
3.404592229558206284e+00 6.428490211159688883e+00 1.730377617387735545e-01
6.111417264928562076e+00 6.421565368611159563e+00 6.052489436369419273e+00
7.044678612153850494e+00 9.094120990353536271e+00 5.761818310392483156e+00
3.963296049462329274e-01 6.493601096762555258e+00 8.279012955933767515e+00
4.738733717389013833e+00 6.516350823013286053e+00 8.791781770945499730e+00
5.422396923449478656e+00 6.528211309502464310e+00 8.041953219179102774e+00
5.671899667922658317e+00 6.474667140807625287e+00 5.049747763809456558e+00
6.428549247395865862e+00 6.557223932595229954e+00 6.906746055427365860e+00
6.556783273037170012e+00 6.511647221346249736e+00 5.673824495697738612e+00
6.898429205253965080e+00 3.843319606492570983e+00 6.435329085227138535e+00
7.888742459608000246e+00 6.509849750956064440e+00 4.227354207860690494e+00
8.262510263309447822e+00 6.470990529717507656e+00 6.693036809677639809e+00
4.448386612800534934e+00 6.619023464595262141e+00 6.162005884853551052e+00
6.303538048383747316e+00 6.552755994113326210e+00 6.501746893794221549e+00
6.651844745162987849e+00 6.561616796593335188e+00 8.210074854081948814e+00
5.879288032271795750e+00 6.645394796184310060e+00 6.952385843869514304e+00
6.049059931110312149e+00 6.757148556323082644e+00 8.049815852898753121e+00
6.439848556855516826e+00 6.703045497167336997e+00 9.004271801753166438e-02
6.492985952443007136e+00 6.667838740472751269e+00 6.936341988531935066e+00
7.689768725621026313e+00 6.673086187317812445e+00 4.576868346062317627e+00
4.588298842196271821e+00 6.750863325497407530e+00 7.474444909935879622e+00
5.552922866187505413e+00 6.737206984052381387e+00 5.154934929468137084e-02
5.561947608820123179e+00 6.770537852016587976e+00 8.559262830230007779e+00
5.745824990590772785e+00 6.791256736735062915e+00 8.400321469124603979e+00
6.310720887858123795e+00 6.736379574807124015e+00 6.667302753576583862e-01
6.278333980008490300e+00 6.753544166074505029e+00 4.907238167541327911e+00
4.781206851622143539e+00 6.860944943850229016e+00 8.001316509157367918e+00
5.743076035760823927e+00 6.822865143539360133e+00 7.236402845224191305e-01
5.783012141323962574e+00 6.797441680899794392e+00 5.676582006107560474e+00
6.380649099950074898e+00 6.820148161249957042e+00 3.964948474845153559e+00
6.462471916404263439e+00 6.842115056804029649e+00 4.442541389727919565e+00
9.602861857962661674e+00 6.863909570563752283e+00 1.007791130521544121e+00
7.378535155340523177e-01 6.898040017033770788e+00 6.210307863254525884e+00
3.751894887423532055e+00 6.929093155605328569e+00 7.520017618465345777e+00
5.261247693528653180e+00 6.884612056366064436e+00 5.838306565377251900e+00
5.373816395409495961e+00 6.888789480269433163e+00 8.740811700872944456e+00
6.042350283259922072e+00 6.918091204646445114e+00 3.873605637097270460e+00
6.080795253747803386e+00 6.866109624451591564e+00 8.056345172591191428e+00
6.198086765880923110e+00 6.897436294068577389e+00 8.284360250222729150e+00
6.637225203495194847e+00 6.896680967198785872e+00 8.527722502843825936e+00
7.144381322538210455e+00 6.916512861869596129e+00 5.300372482379133388e+00
7.584887570921186040e+00 6.912802650667707383e+00 8.005953398531046261e+00
1.132551106346672665e+00 7.006397688555666470e+00 7.666716396011059587e+00
1.469828179050960415e+00 6.996936952968176193e+00 9.296546640576377030e+00
4.114731056158933420e+00 6.990296385566029613e+00 6.519972639027646899e+00
6.742864778387980706e+00 6.994216653166276387e+00 8.625929229468068726e+00
7.468471438190646516e+00 6.975256226550381022e+00 3.560602850982012235e+00
7.446120172683235339e+00 6.939822672687417260e+00 7.973925452669810454e+00
2.165972390851359508e-01 7.102436383885079252e+00 9.209753454672878092e+00
4.272204806505969010e+00 7.061765155288974860e+00 8.685930877579856713e+00
5.165061260048597447e+00 7.123544601623004624e+00 7.040592200405823675e+00
5.275673123608415338e+00 7.035013081293397974e+00 8.988815358951642409e+00
5.409131028076296310e+00 7.078567597522949839e+00 5.281703882752271539e+00
5.321948324417194343e+00 7.047650895200857413e+00 9.055908149815156349e+00
5.512634257371892943e+00 7.045011802709273852e+00 9.706926956305894194e+00
5.984633615801219442e+00 7.012642798751558715e+00 8.163681684439314523e+00
6.569374977484499389e+00 7.021419106885777417e+00 5.221434875344362680e+00
6.551570365751286928e+00 7.036072225177771422e+00 6.794960283175064397e+00
9.415422962502638882e+00 7.091582431728718383e+00 1.941409223897901271e+00
3.581413939647013045e+00 7.184670823509530457e+00 7.725481292755508989e+00
4.630473838085306326e+00 7.148091216915814172e+00 3.946976786349742028e+00
5.499098729246513884e+00 7.162524888914324706e+00 8.615465272961406740e-01
5.888443600516838572e+00 7.103582646631656061e+00 9.067180400405019824e+00
6.261074724210981657e+00 7.104798258001713052e+00 7.762320461683803741e-01
6.853655894236363011e+00 7.155537132181276405e+00 6.498991627980611696e+00
6.833660152017012379e+00 7.107141150955357922e+00 8.683025235326123692e+00
1.444425421539424104e+00 7.243209299179760308e+00 8.992887274120613839e+00
3.887616763468817904e+00 7.212794383325171310e+00 7.550253926889585188e+00
4.370950420910635792e+00 7.245782208919342438e+00 1.253041022472486166e+00
4.691054602110968474e+00 7.213322213274537376e+00 2.001142431518357911e-01
5.060420586977397051e+00 7.244884975850858666e+00 7.073897749236722987e+00
5.372224296755531370e+00 7.221058604860296271e+00 8.624214743190804500e-01
5.822209957596457208e+00 7.206534336246752659e+00 3.796447062091707902e-01
5.891333477747761727e+00 7.274773324569922650e+00 9.585990822476027517e+00
7.011051146324954075e+00 7.180036177216931215e+00 4.856487020622610729e+00
6.709430358708011077e+00 7.227180580316543868e+00 6.914156450700493117e+00
3.376890894173458335e+00 7.338525351978758771e+00 7.738767525905632993e+00
3.738792260478167151e+00 7.319283709816996719e+00 7.697004289045128900e+00
4.736301186273139230e+00 7.402323104731635794e+00 8.026782516306425919e+00
5.610240345341860113e+00 7.369101840156969452e+00 4.703768474277893574e+00
5.606504522565830761e+00 7.387115976084331237e+00 7.559181537914227533e+00
5.889855540994968663e+00 7.295690195890471408e+00 9.588155391633776503e+00
6.996952984023875999e+00 9.000395932118323117e+00 -1.222335772226922357e+00
2.165065104168233390e-01 7.481617658940091786e+00 2.594705416580141422e-01
1.839079549274639902e+00 7.459177241599695307e+00 8.757083027268731001e+00
3.998875864668043789e+00 7.429863224610573802e+00 7.275752702873702127e+00
4.774864407074255190e+00 7.480609884197461312e+00 8.527812965216767793e+00
6.107498660426704973e+00 5.846511804943463453e+00 1.881913603694437942e+00
6.567910630404704797e+00 7.408698126772081949e+00 6.174213792494641639e-01
6.820792332776652422e+00 7.449337442795388675e+00 6.746316184401599525e-01
7.893150916351575397e+00 7.424585112910786044e+00 6.235571243539798303e+00
4.523204916260882058e+00 7.571358116776965019e+00 8.913740076431821535e+00
4.488677816403476406e+00 7.554787096267676638e+00 9.880448328133670799e+00
5.863728906946004571e+00 7.536895044910581376e+00 2.881705054064904736e+00
5.801651068800620870e+00 7.538883069183452079e+00 5.196506281464391641e+00
6.099315729306958644e+00 7.541045229166801533e+00 4.243693207739505091e+00
1.073070412191777567e+00 7.616617964362487392e+00 8.221163728669088400e+00
3.768215182431379873e+00 7.623743509656012662e+00 1.183585446514966444e+00
4.836317161811556353e+00 7.632946115075448290e+00 6.721764644592960636e+00
5.933828517149679627e+00 7.621883910275857765e+00 6.825254906381855058e+00
4.191185153369884731e+00 7.663524794031810750e+00 6.474741987342793159e+00
4.454017706544561861e+00 7.680900691187918738e+00 9.640136012584013869e+00
6.351010239710353389e+00 7.700081240800031424e+00 6.202764449539003522e+00
6.434739511725821259e+00 7.634323103224279095e+00 8.336725827802716537e+00
7.333776960460614447e+00 7.696456720581740463e+00 4.063743852199652729e+00
4.044750300436944279e+00 7.864882402257340033e+00 8.165706998848879294e+00
5.185240582658004804e+00 7.794328108393068888e+00 7.295836088655567764e+00
4.792057282965723530e+00 8.368152142823038986e+00 6.679453961898751402e+00
4.567102957199068669e+00 7.861691896530272672e+00 7.288660983730927967e+00
4.875311800485423674e+00 7.887179928801342221e+00 5.848327544333230321e+00
4.934606629066367489e+00 7.839620320582193713e+00 8.910621235974035770e+00
5.055522273039896319e+00 7.860084130811437753e+00 9.079308753028848822e-02
5.096033414981786080e+00 7.861003783793810484e+00 1.610725144324127278e+00
5.400968959046297257e+00 7.816324243799639859e+00 5.130543029449222914e+00
5.428072201636961580e+00 7.833086623786718938e+00 8.410994778886362155e+00
6.585881835112600058e+00 7.782747571394997621e+00 5.992055037037379073e+00
6.578461701405447393e+00 7.806751688700130032e+00 9.567880269300607310e+00
6.972488734288271317e+00 7.855779398941392877e+00 8.341445390544606653e+00
2.781065412918584112e-01 7.949192560464791946e+00 2.117055348299473394e+00
3.313730665325302915e+00 7.382765192816153288e+00 9.605517723362630989e+00
4.601620941807675003e+00 7.938234501366420837e+00 6.497855022214693577e+00
4.731040503156608956e+00 7.895397881628898773e+00 9.087244941317660363e+00
4.910729825418865602e+00 7.904630043004008400e+00 5.865415956786865337e+00
5.282771038630858840e+00 7.886628494849222015e+00 8.865406050251186443e+00
5.272478794573845384e+00 7.895782572766112395e+00 9.178874725791525080e+00
6.098011315574050961e+00 7.860703661518027019e+00 9.481648666256909053e+00
7.842833492047462052e+00 7.866600222812364152e+00 6.451332352502737066e+00
2.007873819716583519e+00 8.022956461205120959e+00 9.950632124961760638e+00
4.048341667050392445e+00 7.918390153603835913e+00 8.104910690465874978e+00
4.016384274613644223e+00 8.026449164927255353e+00 8.059936122149377047e-01
4.982956893511505392e+00 8.004317066795469060e+00 6.127339834510362238e+00
5.540504613910894882e+00 8.016848265942098095e+00 6.520991251992188431e+00
3.219245872462996871e+00 8.062720815618703796e+00 8.751901767999356707e+00
3.528399794309079684e+00 8.108304089427644357e+00 1.052989078201682194e+00
3.885955075351884780e+00 8.062183244322234543e+00 9.119916778642341626e+00
4.996224099796684470e+00 8.026797442059972809e+00 7.233024949399188941e+00
5.300926026435302418e+00 8.096197623534783006e+00 7.993601231593784107e+00
5.387991462506813711e+00 7.442878910964488171e+00 7.874563932874149685e+00
6.969036006930961591e+00 8.041846530374289870e+00 8.224095734499433874e+00
9.467883635757771976e-02 8.157977948228062104e+00 6.436484011257668669e+00
6.076192317235451501e-01 8.144204728065291832e+00 6.550113646930441291e+00
1.097714594958916212e+00 8.115556592776730582e+00 6.736805822704075908e+00
1.311375938657996398e+00 8.177293383621044853e+00 6.249202180569546350e+00
4.963069494624975597e+00 8.163126558327881810e+00 6.402588870073328664e+00
5.747763074291588836e+00 8.157242724063983985e+00 9.117656770419632295e+00
6.013240120899869368e+00 8.175714952811807379e+00 1.815451274041279817e+00
6.797388226690456392e+00 8.734654820164317712e+00 5.123532080483553131e+00
6.225559244215176591e+00 8.150534022312518445e+00 6.328571966970172546e+00
6.618841166170145840e+00 8.157539643959854203e+00 3.334665110426535684e+00
6.705393192021939619e+00 8.130224132320250874e+00 2.343047186939210214e+00
9.628948046398663863e+00 8.127304553140628940e+00 7.535688008701337814e+00
1.840511870696653673e+00 8.197221758614114506e+00 9.955246872562339533e+00
2.794389467081845879e+00 8.216369912654112539e+00 1.492809918247063883e-01
2.875282357148432943e+00 8.199702385112598080e+00 9.509250680827799229e+00
4.792652604498988111e+00 8.179943555561868251e+00 7.145561623091683856e+00
5.565280191267419241e+00 8.212704704304965020e+00 2.274567484458839051e+00
6.063262232102383464e+00 8.239816801639875621e+00 6.737489631096046372e-01
6.794621765387640622e+00 8.208795067874321560e+00 9.315890975041741129e+00
1.885484586005778951e-01 8.333509518574594210e+00 6.903922893086637202e+00
2.268419257676652201e+00 8.300842623325230818e+00 6.855963596821429418e-02
4.560396323386783912e+00 8.260673329991295333e+00 6.701069556849595266e+00
4.866736201110201776e+00 8.268386632605604802e+00 7.978566384779872678e+00
5.487365227540028201e+00 8.306361221736949574e+00 6.424838005262344609e+00
5.487757238327889198e+00 8.258544011028899234e+00 7.041211740214389891e+00
9.841179553003998492e+00 8.304659730997496325e+00 2.925739730669477900e+00
4.997346790826854068e+00 8.382123078123274951e+00 6.215177284274038705e+00
9.259552316863009835e+00 8.392414247885589873e+00 7.111847210946054432e+00
8.291970323141149013e-01 8.486556766212329350e+00 8.936920115304129553e+00
5.113295444387022215e+00 8.482538364008417986e+00 5.082238800482387298e+00
2.447413794106318985e-01 8.559421228692182027e+00 2.847256969661382531e+00
4.104172946396933419e+00 8.528412343018290542e+00 9.591514101759585742e+00
4.230280433096539561e+00 8.519003521181577554e+00 5.998291691195375641e+00
5.233833914892896289e+00 8.519308011390197777e+00 8.562833989931823098e+00
5.328750072281797756e+00 8.532387688279406746e+00 9.200392593536989239e+00
6.531879455936431711e+00 8.552012234719327921e+00 1.581569762110738075e+00
4.324326467665322582e+00 8.597242778265574259e+00 8.717052435430792556e+00
4.744431138056083519e+00 8.621189650219669431e+00 7.115123181082791959e+00
5.221575329071669991e+00 8.577154811528574285e+00 5.916570349384445038e+00
5.253057134896394587e+00 8.621620464972435727e+00 8.388694132847366092e+00
7.787281289895570779e+00 8.648866978586454479e+00 2.521086299186152679e+00
3.000520662911488889e-01 8.710458857894678886e+00 2.378350433586949197e+00
3.745175503454817534e+00 8.713147442909559004e+00 2.305560032597100850e+00
3.963506005550951450e+00 8.711673465445475273e+00 3.787876217312755589e+00
4.534952935681324071e+00 8.691311854390843195e+00 6.962699140011876509e+00
4.687444959773755748e+00 8.694630367284119643e+00 7.303963807950404785e+00
7.837789466941111449e+00 8.672167650796419380e+00 4.001064092989074616e+00
7.921125589914534082e+00 8.696979317011155786e+00 1.492015756145174343e+00
8.362815562317475582e+00 8.704609933503505204e+00 3.712792842920352054e+00
2.399088640502371916e+00 8.749776793173097644e+00 6.112528388584389738e+00
4.409922486671599806e+00 8.767377216283602337e+00 6.846626933254047476e-01
4.546446411601960058e+00 8.777307405751631819e+00 8.511330836922306631e+00
5.520493371529505922e+00 8.808530344548412216e+00 1.610885228161614613e+00
6.036467164784943051e+00 8.789299336450893563e+00 2.665531647029462103e+00
6.558183718962621533e+00 8.755347448802419663e+00 3.356380442184376367e+00
6.667066145504474406e+00 8.744056321575850887e+00 1.622131093540230440e+00
9.761189708928302622e+00 8.787266962080783728e+00 3.566739377617681228e+00
5.291062745295342040e+00 8.846439608121537290e+00 6.628428032776740864e+00
5.933992096548379003e+00 8.821506167377236807e+00 4.765931884722950151e+00
6.263123788005382053e+00 8.798847154544606752e+00 7.205757471875250175e+00
6.828134058015939090e+00 8.836454202765485988e+00 7.934726022461452644e+00
7.786919977460117437e+00 8.884843853489920562e+00 2.169163314546542765e+00
4.166225384867863646e+00 8.951237394638946299e+00 7.646391670959845399e+00
5.164782347030378418e+00 8.927348155379455363e+00 9.208428349307276051e-01
5.452998769663230050e+00 8.874351044598855154e+00 8.461884818444639578e+00
5.506724440435768919e+00 8.906603317919538298e+00 9.771530371399139270e+00
6.426183204535092841e+00 8.939872495219638893e+00 1.373606500922604612e+00
7.517204651377377367e+00 8.939904615951386191e+00 2.137003673809377613e+00
7.875382310351061399e+00 8.975679945426460193e+00 1.958610615302053937e+00
1.077101193061147932e-01 9.011597193537488337e+00 3.426942263831290081e+00
4.360089066610494113e-01 9.024163144783141632e+00 3.304585043165583880e+00
4.009005096189827810e+00 8.972431739083591040e+00 8.550006417663389868e+00
4.563301404112467097e+00 8.994379658299045843e+00 7.399406421867846806e-01
5.934003843177849902e+00 8.954258944520164576e+00 8.090257466751651805e+00
6.299446512744212967e+00 8.997971798816152500e+00 1.147971999474171056e+00
8.051950209976981299e+00 8.984942474381494293e+00 7.642718301010636317e+00
9.463423371592901034e+00 9.013565876731096438e+00 1.258174681671260231e+00
9.597117908813816101e+00 8.969092890352154512e+00 3.593252292836631945e+00
2.736014785884232303e+00 9.083744466833808318e+00 3.322908671089090937e+00
3.663306210081845649e+00 9.055367871234450305e+00 3.867566563452488282e+00
4.003382790886671039e+00 9.092428353714767653e+00 6.793192091714462144e+00
4.596349286070941176e+00 9.049380350763692960e+00 7.758308402795451642e+00
5.363413678132112672e+00 9.124366992355392725e+00 1.117337908223957843e+00
5.902079063860650621e+00 9.056792006936456474e+00 6.242585713304313444e+00
6.150264913747436779e+00 9.028449710428162689e+00 8.847052197305874444e+00
6.235732021733249475e+00 9.053087153947618759e+00 9.884000237199922267e+00
6.412516585175353612e+00 9.085433715868761695e+00 2.319955893395094115e+00
6.443173648157802802e+00 9.094103720162946658e+00 7.584033085326748136e+00
6.970612007053094139e+00 9.144164689620639663e+00 2.337270720532822921e+00
7.902356850049968351e+00 8.948945709884547739e+00 1.693795185359402211e+00
4.075709579014672457e+00 9.173530691684060656e+00 5.976849161683564837e+00
5.738775611432411772e+00 9.109129593153229010e+00 7.002849309560549074e+00
5.682506013922227872e+00 9.161819758390539192e+00 8.241626365498861517e+00
5.988305655070956135e+00 9.159629538122123549e+00 9.755751199590475764e+00
6.624213162046546977e+00 9.196150655066370305e+00 4.677546743015648545e+00
7.539800627950802081e+00 9.284490496695600115e+00 2.556316571211204369e+00
8.900438444245866165e+00 9.131995389488437809e+00 7.685946902854006169e+00
3.621061884771364259e+00 9.258785951192162855e+00 5.896165083598399193e+00
4.338253907687663613e+00 9.237045304535348222e+00 2.177704648251506114e+00
5.627980694245474425e+00 9.227747310630261879e+00 3.944113211275573905e-01
5.833456114934215897e+00 9.219148856597689345e+00 1.897463172322042535e+00
5.725196314261948416e+00 9.159830975785236973e+00 6.834916278975636139e+00
6.025997737149864975e+00 9.244171999815200991e+00 6.459523358502780255e+00
6.924542562333414253e+00 9.241426732468607241e+00 2.223467972084977262e+00
7.631937292590539990e+00 9.183149659161150780e+00 2.074539560356443602e+00
8.151364377470539324e+00 9.214596640370107394e+00 4.371326299206160115e+00
1.683343178698387121e-01 9.313635088950162455e+00 2.109197013529888753e+00
3.974536519836051163e+00 9.346614467862623954e+00 6.530898029824513396e-01
5.461501439482752573e+00 9.287894604318282177e+00 1.310659239375105534e+00
5.526865539516139236e+00 9.291975595796497345e+00 8.249794851344290691e+00
5.484394446261222633e+00 9.521216165156852540e+00 5.527662614884766512e+00
6.219016335668786866e+00 9.335340162770025429e+00 4.167679645400687249e+00
6.581669791265577274e+00 9.266337854560397602e+00 7.665720407764133881e+00
7.023408274748357272e+00 9.319882570652421094e+00 2.476783283348363618e+00
9.754372790260157799e+00 9.323182324588573877e+00 6.371036901503601690e+00
7.423106437716449069e-01 9.430590569305088877e+00 3.149602777229902006e+00
3.212407784106046549e+00 9.420142539786773739e+00 9.681184856720069121e+00
3.453299711794533877e+00 9.399655509567947931e+00 4.761820487548031444e+00
3.713187348415596389e+00 9.357467477110336773e+00 7.428293591123198425e+00
3.992669645731914407e+00 9.374080684002233710e+00 7.624312527861389910e+00
5.253203941658670217e+00 9.368173605120198033e+00 7.361723602093204200e-01
5.659736597515347079e+00 9.109405598141695037e+00 5.775739257127810333e+00
6.243302772295026948e+00 9.398854548954634680e+00 2.016583457098659160e+00
6.738044132159948241e+00 9.320153263021722978e+00 4.639937234143672207e+00
6.915430128556243616e+00 9.333436648909295030e+00 2.473224062363889697e+00
4.143008283609089126e+00 9.454471969780898988e+00 7.747162102044712562e+00
7.297661619954009637e+00 9.472002944570787619e+00 1.855606242432832786e+00
7.902824021042650138e+00 9.477642512738201575e+00 2.565366193672583783e+00
8.200517116856982369e+00 9.504595239320373423e+00 3.073561079952906727e+00
4.525592015847752947e+00 9.554652177210479991e+00 7.300745417110331204e+00
4.718963086219146952e+00 9.534017693331019672e+00 8.664698403670557658e-01
5.047447726627448894e+00 9.511535526339732982e+00 4.061003467048740490e+00
5.381715061647745380e+00 9.479575320391273152e+00 1.388632348562476082e+00
5.939453915104547121e+00 9.534806718661471336e+00 1.302230901306043798e+00
7.207617734073727078e+00 9.506429654869519297e+00 2.321646326929128978e+00
8.453154124000812342e-01 9.630115832307913237e+00 2.916418156265256023e+00
4.110129849341310759e+00 9.590212437323067718e+00 8.370082583290837874e+00
4.144470366931209959e+00 9.582169916143303823e+00 9.745634650003131227e+00
5.038129234316222060e+00 9.614508349525920039e+00 4.844024326609375208e+00
6.902486357784534121e+00 9.624563861299957779e+00 7.443364534975852820e+00
7.071364943897745725e+00 9.577823692785399246e+00 3.617771396661332517e+00
7.426085009432342510e+00 9.593345406496990080e+00 2.542034424686122396e+00
7.721907828279843677e+00 9.611634073714483861e+00 1.866260106784140893e+00
3.020159797055910200e+00 9.703435954817804188e+00 7.106580691520155924e+00
4.601812342590942961e+00 9.670430258544804758e+00 7.984984184664934759e+00
4.868390072118992329e+00 9.705687502740932615e+00 8.052988758286767634e+00
5.438175362532922108e+00 9.686172475487104805e+00 6.270020700285359183e+00
6.202800838916147974e+00 9.672038902816314732e+00 1.853930805442871033e-01
6.536745775145018200e+00 9.669939189416684400e+00 5.569962828990744796e+00
8.743404208083404683e+00 9.685322404905507554e+00 3.567363056609876182e+00
8.429618255859891440e-02 9.805909718052641111e+00 2.414722352209632827e+00
4.478073498629282945e+00 9.734217343184710103e+00 1.668427387994285471e+00
6.075028809589451129e+00 9.745116706054199440e+00 2.025118348022245218e+00
6.365150567135178683e+00 9.780170527133503100e+00 2.548821875124263947e+00
7.553465594991484622e+00 9.736082960246925211e+00 1.819851854940393032e+00
8.218570293695957929e+00 9.794038317234825541e+00 3.259790683564601999e+00
8.676328794784248899e+00 9.779319745110889528e+00 8.587175024707672577e+00
2.100746752313910060e-01 9.853665443445310146e+00 6.362065370143208831e+00
2.641398399120137075e+00 9.847887461615743021e+00 4.802512815437194327e+00
4.578774515633428521e+00 9.794841702316469778e+00 7.455052619180947637e+00
5.203818774956694426e+00 9.831769293582309999e+00 3.677504787852575951e+00
6.811059062020244248e+00 9.826940654935013342e+00 7.760794248532277173e+00
7.767957713619882298e+00 9.861489124124542371e+00 1.053910770385199092e+00
7.708896413209088472e+00 9.824332459223862557e+00 1.962878715770063121e+00
8.894739087317917736e+00 9.861762876382506704e+00 2.459066481134075666e+00
3.015790683599046673e-01 9.957026606619692188e+00 6.534824261854191185e+00
1.959270431709274618e+00 9.932688047410858090e+00 9.499438572595249042e+00
3.567371677336736546e+00 9.944527107390145559e+00 7.247860358744487641e+00
4.233182928290924352e+00 9.922494535231608737e+00 6.612850165339634323e+00
4.284541204747847054e+00 9.891278870172556026e+00 5.028990031771285452e+00
4.798441097919822873e+00 9.923181552410941464e+00 4.553507880669676489e+00
5.222558593571737795e+00 9.900739546227455889e+00 5.163633182048283921e+00
5.332527371520068726e+00 9.939449769407001867e+00 7.368270803387815704e+00
5.962263862303474049e+00 9.874438090221353548e+00 8.398972064946711669e+00
8.219290503436115003e+00 9.925405079588855983e+00 1.763427422689528346e+00
