2.126666455462487004e+00 3.895245585109698150e-02 7.228846142100866068e+00
3.077237805469635212e+00 3.367692255298904147e-02 5.114965563585484709e+00
5.838640875875223735e+00 5.710273964630417642e-02 7.929212297703345236e-01
5.813069942046261929e+00 9.376895354268607874e-02 2.188615606908221434e+00
5.930461715539840029e+00 1.000343673012108747e-01 3.983250386921329822e-01
7.533738668463071164e+00 5.492174383817056971e-02 4.152005429535218006e+00
7.730574403676389927e+00 1.035895494341921297e-01 3.579020989388199236e+00
4.137825627581262822e+00 1.604031042158755027e-01 7.444325408719082660e+00
4.211259837872573186e+00 1.545341838302173310e-01 8.825914825441149247e+00
5.096446306109571722e+00 1.470802221867571757e-01 4.966288370088553172e+00
6.093996874413054599e+00 1.678799967392503589e-01 1.114725345834496117e+00
6.240828216071843570e+00 1.521359559590227672e-01 2.028397493372719129e+00
7.464451394849914934e+00 1.447839077943890718e-01 3.283853384473315984e+00
8.541895560294261003e+00 1.508627905375189149e-01 5.216632456663962358e+00
9.306020650101878289e+00 1.500467649446377560e-01 6.593810097362846179e+00
9.321927487190903250e+00 1.611789240205573903e-01 7.638224350104524163e+00
2.889454298087025919e+00 2.024487529088675464e-01 4.031009876614405130e+00
3.271492763920065272e+00 2.341658674221375747e-01 6.790987702042741603e+00
4.781194177651675759e+00 2.442230254043255000e-01 4.309201618290323665e+00
5.402593857014659662e+00 2.238899541842195862e-01 9.815722921895406738e-01
5.371530805858381719e+00 2.310035209855385019e-01 6.594205332660131091e+00
5.966585670171716593e+00 2.260412177875075201e-01 5.795588279838129964e+00
6.654422870509692167e+00 1.832482861513591854e-01 3.439341599881098194e-02
6.686230836203015393e+00 2.267847543215042450e-01 7.414275290913748151e+00
7.894144754148699761e+00 2.262355484672285422e-01 2.336379586252741891e+00
8.127056811508378331e+00 2.072456458581341532e-01 2.141752392152438844e+00
3.833574000045822494e+00 3.169865332686855330e-01 9.423754067987222260e-01
5.876710798345888165e+00 2.561635444968224373e-01 2.139264162468732966e+00
6.294550425224775481e+00 3.504513442798252720e-01 4.455787984511301758e+00
7.095683207275145676e+00 3.331559475303935702e-01 2.235150956394769572e+00
7.849112752623193856e+00 2.997375816310913210e-01 2.109584213549518417e+00
7.995076847412724064e+00 2.923537169508795275e-01 1.946214694566338110e+00
7.955545130528235198e+00 3.135616005418646601e-01 5.306671195235934668e+00
9.533225652184231791e+00 2.885441725210402542e-01 1.332984655368810500e+00
3.551444660608215287e+00 3.951435607641342607e-01 6.085401612170544539e+00
5.603054562676833328e+00 3.675650520102782259e-01 2.917481504548106397e+00
5.772776162142625012e+00 3.599480153344156719e-01 2.334961112703391795e+00
6.470931939609727124e+00 3.839031084429632701e-01 2.672356545571767050e+00
7.639795215162239472e+00 3.697016042350553811e-01 2.328362027481480467e+00
9.025597671385890308e+00 4.196103833032872599e-01 5.573387223748417441e+00
6.622327702383040693e-02 4.160255015113686339e-01 2.666342750445457099e+00
5.601688048320900393e+00 4.224094270601284062e-01 2.522834228304256410e+00
5.932473735310232144e+00 4.360124599642605236e-01 9.396470892601167080e+00
7.042289751234833695e+00 4.905584861715148737e-01 1.711650027705245769e+00
9.389025781462512654e+00 4.677127500721458553e-01 5.605864393812868052e+00
4.901255713734847808e-01 5.119355431638420439e-01 2.713287348440128088e+00
5.644787741950402449e+00 5.132164769782052716e-01 9.822659958071437103e+00
5.878571669180129078e+00 5.396278582034755855e-01 6.885217932998015655e+00
6.173885258574086876e+00 5.729716416272657709e-01 4.059979248611219838e+00
6.253540380725591596e+00 4.965316700734206945e-01 1.504875496302819693e+00
8.824671001547010007e+00 5.557693850181006923e-01 8.119634447977739811e+00
3.327391560379140412e+00 6.496975797176960388e-01 7.322486320444725472e+00
4.385361595733348494e+00 6.347535208616137403e-01 7.362591432959616489e-01
4.709363852727355138e+00 6.767257915504439891e-01 5.271266019509628364e+00
5.153027066198768935e+00 5.730297192419290253e-01 9.362653301833228525e+00
5.247091559279836837e+00 6.436177253138111176e-01 3.147957831448847887e+00
5.367888000219790179e+00 6.249268700338096449e-01 6.678380350763851503e+00
5.465844234735070195e+00 5.988026470013143587e-01 7.621509103130808427e+00
7.815658832258489674e+00 6.075546210658162583e-01 5.800532566823470404e+00
8.139889229910648893e+00 5.971072203161067460e-01 1.850991300493366243e+00
3.850544480086339316e+00 6.707274658595236971e-01 8.284566424810702046e-01
4.487746667177404447e+00 1.208910318840956899e+00 5.880681125969561052e+00
6.223214894829356858e+00 6.758760541648212161e-01 4.560793453820005006e+00
9.318552578360790761e+00 6.655285435327470411e-01 6.851188725026204906e+00
9.933623332930205052e+00 7.171261037670059180e-01 2.573575746303832901e+00
6.855058555044656110e+00 2.602017866572614579e-01 4.240579265043863622e+00
6.332131656825075616e+00 7.590925273682063157e-01 2.854364742145742539e+00
6.830402540858420579e+00 7.539557343049743121e-01 9.594052108881346186e+00
8.277502793497198752e+00 9.522608683143922725e-01 7.614645784650679872e+00
9.198839187451575583e+00 7.733481938256869803e-01 3.307137791660297754e+00
1.172178462606062066e+00 8.807675869949943559e-01 5.908976576863199881e+00
4.590685169611859351e+00 8.796466620434029160e-01 3.696560743519456960e+00
4.632998167318768346e+00 9.109766232726229651e-01 6.269295540934285427e+00
4.867313786893089578e+00 8.772506687785455171e-01 5.723867830093881004e+00
4.901567683230642736e+00 8.720721955513387469e-01 5.775687617157574394e+00
6.077326837216593169e+00 8.421643297579183285e-01 4.858942555566740928e+00
6.162484778973565724e+00 8.545982201425790237e-01 5.161682199723125031e+00
6.297093858824579726e+00 7.899556267872532844e-01 2.890382620169262395e+00
6.353289008862573084e+00 8.616439567561792190e-01 9.736529230352786612e+00
9.884554006911677959e+00 8.687125035484339897e-01 7.316360179109813622e+00
4.691748024385431926e+00 9.260622877318537283e-01 5.759063632035448244e+00
5.578919187959540338e+00 9.281261377506258015e-01 6.766228713348744428e+00
5.795422698666842010e+00 9.149203993236534327e-01 7.007766513890526738e+00
6.674501081299594851e+00 9.042215712778688408e-01 4.038144267816202060e+00
8.343343199604122518e+00 7.990073072881541671e-01 7.839334771851005357e+00
8.518224480533412191e+00 9.289319067623846848e-01 3.157604718350541795e+00
9.132215595562051647e+00 9.498496886710203757e-01 4.801869735769582093e+00
9.740383199151493088e+00 9.508423352676097506e-01 4.716924615844835245e+00
4.472934972871319914e+00 9.843155337272049277e-01 6.023542843186793228e+00
4.794175646027206028e+00 1.032827299632673945e+00 6.400175095046325424e+00
8.173176001765080301e+00 9.782322838002724952e-01 3.400736721985345712e-01
8.250617397837801903e+00 9.944018135253482882e-01 7.365580345922901451e+00
9.289320760793415843e+00 1.048317564564866800e+00 8.160368737938782147e+00
3.740177168744896807e+00 1.059095451611197669e+00 5.909316429779187807e+00
4.554533270768183151e+00 1.121038379406802621e+00 6.943842671079780260e+00
4.852858138254248388e+00 1.105615437513278287e+00 5.261433814418183808e+00
7.475598790171813945e+00 1.092348007576736002e+00 5.907707556938500915e+00
4.060323119221971311e+00 1.144601393860237515e+00 1.896447483675141488e+00
4.773422647626376580e+00 1.142381527006438358e+00 3.579377485740670828e+00
4.782385434513238387e+00 1.132635380963672667e+00 5.170279084726738361e+00
5.490576452633560756e+00 1.166584360855259295e+00 6.827623083322351683e+00
5.485808955572585077e+00 1.142118187660769557e+00 3.402757197827513735e+00
6.300733832324551642e+00 1.178216284905831301e+00 1.282525577807449579e+00
6.283716410491924975e+00 1.184590123898219272e+00 7.694856212912208449e+00
7.571384737527560027e+00 1.196937667326313237e+00 7.015818824067275195e+00
8.883988346046777451e+00 1.121741953021277327e+00 1.612933524248182593e+00
9.830807969508168043e+00 1.143752564174977060e+00 3.611803455038987476e+00
5.660891613196602279e+00 1.253598963957442303e+00 5.064326555155199472e+00
8.072460618993341441e+00 1.247309216266445198e+00 1.720658521820890852e-01
1.758929917310855684e+00 1.341594504062410431e+00 9.361860074015559974e+00
5.109808903921134515e+00 1.307367325366534550e+00 5.236578448463847124e+00
6.262501333662745751e+00 1.317265728348707921e+00 5.418391696348643372e+00
9.248765694761592826e+00 1.292001808386345818e+00 4.924705788864217837e+00
9.802006766879003408e+00 1.353952897529212329e+00 8.006959976015163960e+00
5.843165773452453138e+00 1.359119713546849795e+00 4.646153387376801724e+00
8.683257414833224885e+00 1.350677135934773121e+00 1.863418777503408341e-01
7.749100691789541362e-02 1.495993333062903830e+00 3.874003963063183953e+00
4.307214570395657915e+00 1.912980665096115862e+00 4.181066074477557848e+00
6.218923952086996110e+00 1.440156753715737814e+00 6.163454476389860215e-01
6.203338587762279310e+00 1.502297948651129644e+00 6.334003806845645457e+00
6.905682058848322313e+00 1.509886636016573469e+00 5.940655038381727593e+00
7.007702255937198643e+00 1.467965884187949710e+00 3.200340069664890041e+00
7.135322930996762736e+00 1.462663585135353550e+00 3.029814491399679177e+00
7.617391596669788711e+00 1.453709979649791872e+00 6.102205798984873475e+00
8.414094140743536343e+00 1.497417769080140904e+00 7.248246927772811432e+00
8.800012348269993012e+00 1.503334940885335813e+00 7.173827813135821074e+00
9.736279479695097550e+00 1.492982172886019310e+00 7.232514176612037105e+00
4.263572333549668691e+00 1.573882335171612024e+00 7.128521655475205776e+00
4.640769019388662819e+00 1.580099826359335546e+00 2.553551363074943570e+00
5.123099812963229027e+00 1.115249877109726118e+00 2.038239606003457993e+00
5.339986068114492390e+00 1.531390346575492778e+00 7.163784325512400741e+00
5.666791480822196192e+00 1.595089658796305931e+00 8.051485716082268596e+00
6.069771261270267004e+00 1.536840210840811904e+00 7.047254690997341697e+00
6.335361456757823362e+00 1.525504506528039927e+00 7.986312652095147513e+00
7.471943467394617677e+00 1.586497521921495846e+00 8.218509344201052613e+00
8.172112500637471300e+00 1.549941435610723950e+00 6.554128802917892571e+00
9.350631610004279892e+00 1.536178113407197898e+00 4.240921375982368069e+00
4.691901878583815133e+00 1.655175957213023574e+00 4.493761872948910607e+00
5.105308028125346453e+00 1.642087310164085601e+00 2.910720940915521027e+00
5.747463891470769859e+00 1.646321207904392292e+00 5.801292184662684370e+00
5.900501058429936663e+00 1.626975212482872912e+00 3.455897645808033936e+00
8.357626970779316267e+00 1.636312940407504080e+00 1.013381944950143332e+00
4.702353315873960327e+00 1.702639067598375355e+00 5.705596263626675935e+00
5.190122736137300130e+00 1.741132812216007020e+00 2.446187480283429139e+00
6.229704649028006358e+00 1.663266820101284127e+00 5.409464457517204394e+00
8.376477412827892266e+00 1.674992330763046766e+00 6.434258840563836124e+00
8.471044383118817578e+00 1.719618433577416061e+00 5.717042149184447197e+00
7.983079461867702564e-01 1.763333525507833732e+00 5.127709523034237549e+00
4.686367048969172444e+00 1.794671526182570087e+00 6.708290185696260011e+00
5.302617337681308385e+00 1.826049993114352343e+00 2.641740309951127408e+00
6.136433388101864672e+00 1.737549398005674206e+00 3.113042895699112300e+00
4.473320719571004744e+00 1.876452144002655142e+00 4.222585091177539773e+00
5.313709976719979799e+00 1.846268790273519977e+00 2.623426325228851219e+00
5.443082513025650826e+00 2.246860615679631135e+00 3.191810927589202151e+00
6.517168277571997237e+00 1.879384519661409847e+00 6.438318367742441595e+00
9.434399044216998931e+00 1.838299212208435840e+00 5.489852800912638386e+00
9.366275800798204543e+00 1.771679721083865289e+00 8.880785220671828739e+00
9.871233686370910476e+00 1.933524528237336781e+00 8.635345746861418093e+00
5.228285713147198699e+00 1.830184588580552330e+00 2.660411112491949392e+00
5.145027428926525204e+00 1.534874937900653880e+00 4.208481096869652660e+00
9.386101543231548661e+00 1.943313692140915094e+00 3.025700464225369313e+00
9.607118465227582504e+00 1.913268282233839601e+00 8.204366255743453351e+00
9.895466707443684840e+00 1.928586657722322073e+00 5.025718204466474326e+00
3.876344006647626905e+00 2.056686117563241822e+00 5.864535896700011186e+00
4.919142994514746903e+00 2.002262639353053153e+00 2.006434872198959773e+00
4.884616815247578181e+00 1.997414151650720449e+00 2.177903548314911397e+00
5.768793425066167657e+00 1.985051549939129689e+00 4.381698454371523610e+00
6.438794840136807807e+00 2.032793045882908878e+00 7.129133221747480320e+00
7.669710360856340614e+00 1.982708087639247108e+00 3.369359439961378655e+00
7.919687415657788776e+00 2.051224518196083757e+00 6.809446459740211566e+00
8.248305057033933352e+00 2.094536907617656762e+00 7.948670190290830107e+00
1.358633340064043349e+00 2.071227232638597204e+00 6.500598069967693959e+00
4.394583980267706025e+00 2.080731888071313040e+00 2.320544436764834462e+00
4.429270196448711339e+00 2.071603106962405683e+00 4.730248262094974621e+00
6.392733005802208268e+00 2.061827214747165016e+00 1.514126918250601861e+00
7.899864731756258251e+00 2.120482151671718718e+00 5.587877888942940352e+00
9.443172330273286619e+00 2.071720351029413543e+00 2.912348808204133110e+00
6.608786164987873191e-02 2.160344231777215462e+00 5.483988923173430230e+00
4.916352170515511100e-01 2.130174000387103472e+00 4.667184887717874986e+00
5.463590782275319135e+00 2.168371484535895455e+00 1.378054139634178610e-01
6.316882554474512190e+00 2.167977530666596042e+00 6.973243929735653879e+00
7.711150775874472174e+00 2.206046574375434055e+00 5.005720703464030308e+00
1.254798422904890742e+00 2.257686141737865082e+00 4.847886783093471763e+00
8.009577323044597463e+00 2.235918700121149350e+00 4.898182606514912329e+00
8.143445558719625055e+00 2.233124403711955530e+00 5.809366182515409704e+00
1.403740261525633359e+00 2.354659793654933608e+00 2.238348353833401916e+00
4.906650069899996858e+00 2.305020415290141678e+00 7.906030484524297464e+00
5.150598272146122980e+00 2.301078987103719165e+00 5.501399753077115484e+00
5.218569111349625089e+00 2.306426493372948361e+00 2.865478518006290276e+00
5.394792535586937277e+00 2.325824671879237915e+00 5.835909912000015964e+00
6.242713242325191203e+00 2.332504783311172503e+00 8.080919406669659466e+00
6.503682590745437864e+00 2.306213233363700876e+00 5.970046498250884071e+00
7.629480772686488166e+00 2.357035405646387805e+00 7.685319628552952587e+00
7.882354536477153673e+00 2.286029983426303147e+00 4.665603560225163093e+00
8.247724500624363131e+00 2.404075217835965450e+00 7.782434278383191462e+00
9.142188528865045072e+00 2.350970812414188593e+00 4.420518348399403052e+00
9.376863574675196489e+00 2.342571422225597999e+00 5.475723257592553850e+00
1.444603607411955593e-01 2.386193193322144079e+00 6.855292900810823653e+00
6.455842349275846104e+00 2.440106868090079040e+00 4.859769904783709293e+00
7.043024527198735285e+00 2.420192004127904362e+00 1.096576811742963287e+00
8.542908905585605339e+00 2.368747119833023884e+00 5.516526166888203520e+00
3.835399261909117063e-01 2.516829163104948197e+00 3.783725910557733663e+00
1.533799977297991779e+00 2.499186617766913088e+00 6.741881731031290848e+00
1.634656769443343816e+00 2.496128930374064137e+00 1.890939100645992355e+00
3.597836861058437030e+00 2.464030345421659440e+00 2.293252036423703899e+00
3.899076005293346192e+00 2.447461249623941626e+00 5.559424557828585911e+00
6.116682798329858173e+00 2.468692319675417579e+00 1.647494847864826362e+00
2.856443865553269790e-01 2.568660003377280177e+00 3.716172390768744727e+00
1.473749714003928624e+00 2.486072927773088637e+00 2.319434536896618937e+00
1.578680481807152924e+00 2.545273017502173829e+00 6.643543054953189753e+00
2.242188391508496359e+00 2.586485286177073739e+00 3.705168003359588624e+00
3.611598009877493354e+00 2.524720342982853083e+00 2.849189768239577703e+00
4.790053767366882376e+00 2.542724104585533329e+00 6.188444228471814412e+00
7.214400815279205403e+00 2.614089046082228140e+00 6.717844374418475262e+00
7.559837465398103085e+00 2.572343568347821297e+00 6.797824712010426929e+00
8.147648969841840838e+00 2.543680685773350270e+00 7.673606473723417309e+00
4.488585023852069256e+00 2.636128973886019189e+00 5.881125046805079748e+00
5.981920840142487705e+00 2.642494589820907791e+00 5.927631482428438403e+00
7.125126238252493138e+00 2.642377086870367542e+00 6.493591120961384355e+00
7.318102168473677338e+00 2.705020197808723381e+00 8.521860689348821793e+00
8.542936213800375711e+00 2.665561417496153496e+00 8.155216280569700160e+00
5.789594981129583928e+00 2.736137778875915139e+00 4.455676865492397276e+00
5.986083212446059676e+00 2.714348211143890577e+00 2.287519234036067051e+00
6.277133957501188632e+00 2.706113646912421622e+00 4.737747901881260049e+00
6.474301655598345917e+00 2.703582179537783681e+00 7.887045176475670161e+00
6.835746671503835969e+00 2.739565938201789841e+00 6.072000046939609597e-01
7.026088275975031827e+00 2.757228573982151598e+00 6.858922595026228919e+00
8.793502879980632514e+00 2.758905195345789707e+00 8.310984614109479196e+00
9.746248416160853134e-01 2.794919462375868413e+00 6.850218436880393946e-02
6.121111101290829026e+00 2.772858208839068972e+00 2.524853252933123571e+00
6.611978071964188075e+00 2.831498002385083979e+00 7.060840776676910124e+00
8.083290288895250697e+00 2.782916111909496504e+00 7.926907634569952066e+00
8.465651057847942695e+00 2.842373674002286688e+00 8.334131985909781548e+00
9.591407028671069313e+00 2.785924867480231271e+00 5.334009301410214121e+00
1.690233717997363105e-01 2.828787218316407781e+00 4.691047716985933036e+00
1.161296919820988816e+00 2.889376957181423400e+00 7.068279195631750333e+00
3.258476761047247816e+00 2.857253933848212135e+00 3.731431406482548230e+00
5.045247902372653748e+00 2.827061329189234140e+00 5.057704825062552700e+00
4.851315152188400148e+00 3.283435091930379190e+00 1.476827799786366580e+00
7.574492430831854861e+00 2.890077204142225575e+00 7.955687570782965068e+00
8.736611480401101915e+00 2.888496955740458727e+00 7.840361202360598192e+00
1.232425517557076411e+00 2.989455377781082390e+00 4.809459473652291983e+00
3.186795167127262296e+00 2.953675418330724334e+00 6.877075880089192239e+00
4.282997619216034835e+00 2.965154688117394244e+00 6.339953231235638142e+00
6.280771273796392329e+00 2.549756548003460743e+00 2.334519123275238695e+00
7.501954407473483855e+00 2.942277770554721616e+00 5.049133113839232578e+00
8.928090212922109359e+00 2.917252903210052928e+00 4.819096983680756452e+00
9.022418079732112517e+00 2.912595029515982148e+00 5.100230732692601521e+00
1.064361939932597423e+00 3.025415033803243503e+00 6.649426571525007823e+00
3.801206211316662475e+00 2.993458863690488858e+00 6.158000923338725840e+00
4.520141124509883923e+00 3.051673670162852847e+00 2.849237496431738403e+00
5.469153469937439560e+00 2.997906383078886350e+00 6.222788650549608391e+00
6.700716922145232957e+00 3.032683039924868762e+00 5.654581919515781152e+00
6.977615541076108485e+00 3.059216663815006676e+00 7.551407991741134751e+00
7.091311983271313402e+00 3.093832713488155584e+00 9.050425384080334368e+00
7.242982311915723059e+00 2.989996105793631731e+00 6.818437557201710852e+00
7.635167562288042831e+00 3.045601133258729831e+00 5.314910458178552233e+00
7.717868768862802042e+00 3.013191794558088610e+00 7.105085562379640507e+00
8.521906203386237166e+00 3.061625873083234861e+00 8.435790890620722848e+00
8.842299058813306800e+00 3.047778373819596265e+00 5.611092440865848019e-01
9.170003128650518198e-02 3.058077540729999377e+00 6.826991678546601605e+00
3.279799570925384433e+00 3.090004358264314632e+00 4.548414514623988936e+00
3.853282727149580644e+00 3.057406252687430381e+00 2.801974984731093077e+00
4.021080534573934884e+00 3.065700800747523047e+00 2.858020631609921924e+00
5.088033134769760046e+00 3.066296660268492680e+00 4.439210006887002180e+00
6.312018435591274290e+00 3.113026583357836330e+00 7.700794186566693789e+00
8.490279373359237880e+00 3.128742917949255187e+00 9.283094725415688586e+00
9.294528559729027251e+00 3.131868828273172589e+00 8.698159029262871655e+00
9.575145500653510666e+00 3.111866329805022424e+00 3.789399604082643869e+00
9.713290021678465891e+00 3.059998351649913850e+00 5.313928842067165093e+00
9.742192708749906060e+00 3.054430425017688133e+00 5.250829649227341633e+00
2.881241493710718915e-01 3.143309321122582212e+00 7.324168236341378702e+00
1.518082289853487143e+00 3.211941820924249846e+00 6.307247946734715782e+00
2.440504073070010271e+00 3.152845998134824690e+00 6.482591376364400304e+00
4.598944894663118177e+00 3.172882034055544143e+00 4.139518504120011322e+00
6.568700255746967365e+00 3.178383750821698772e+00 7.151169034559077708e+00
6.784746505706679365e+00 3.208423055133501123e+00 8.494894956769666550e+00
7.760534164805793722e+00 3.189189693417494809e+00 7.940052564626071785e+00
8.062292882732915444e+00 3.268079471253567903e+00 8.517023036018247950e+00
8.446242358734732392e+00 3.195547680990403983e+00 6.099991057175955689e+00
8.771858631682579954e+00 3.225901477060300948e+00 7.115378135659516268e+00
9.736061909457980335e+00 3.195131681557294101e+00 7.931424682976174978e+00
1.322786626697399770e+00 3.220587976732429247e+00 4.861326450352505546e+00
5.159348844414695989e+00 3.210692683062474906e+00 9.657869249929520450e-01
5.406396267345568774e+00 3.260256543686584685e+00 6.420092294452048876e+00
8.912420503891743451e+00 3.222731420289345561e+00 4.611321655611872572e+00
6.719433668566209050e+00 3.351239259928923797e+00 2.433374840950780271e+00
6.983258474818434536e+00 3.349239191035541907e+00 7.025335199902624339e+00
7.207417496749140895e+00 3.329036223266334638e+00 7.534426567954723097e+00
7.433688645707286824e+00 3.387078659425240001e+00 7.670006567533841135e+00
7.962009959658723268e+00 3.350262623232344694e+00 7.044033907507476044e+00
8.237124293871005420e+00 3.336391952911014869e+00 7.222832290044128634e+00
8.279064390100161930e+00 3.350303372465099905e+00 8.395082488209881788e+00
8.663346667823958569e+00 3.315957102874243834e+00 6.557327733354444632e+00
1.512737886836687196e+00 3.448756870087322124e+00 4.191551070643850352e+00
4.725140302478438414e+00 3.408205346771516098e+00 3.705017384946427406e+00
6.704672089085800479e+00 3.433679296184276364e+00 8.785691534154587146e+00
7.580385888864340060e+00 3.440041540381755691e+00 8.086638179726950426e+00
7.674490209402913266e+00 3.432312694142777509e+00 5.994871752915765128e+00
8.470376595764928851e+00 3.384271781177027538e+00 7.194764858063331658e+00
8.834993425996749750e+00 3.419771398856833677e+00 5.216048928060208922e+00
9.553442880621780375e+00 3.430439940527184373e+00 4.717996764323655334e+00
9.556705532977305850e+00 3.370365277142620464e+00 8.177671733501590268e+00
9.841314525518807699e+00 3.459079865784551622e+00 7.319801826068651707e+00
6.382254914140470525e+00 3.505862566352100806e+00 7.884440006587895233e+00
6.701546516306864376e+00 3.538262803514793831e+00 2.855075604049408078e+00
7.988839481182159474e+00 3.472266732460588479e+00 8.624910547605253441e+00
8.367539792970116963e+00 3.459176838043378943e+00 6.186581629248031788e+00
8.842984862050746742e+00 3.434598510531137627e+00 5.095567224389492722e+00
9.168012721769990492e+00 3.500100106446822679e+00 8.391776261813857829e+00
9.592486955020540051e+00 3.485338835112878009e+00 6.165798509088261881e+00
1.211060104326150633e+00 3.561616268442204358e+00 4.954443511661774657e+00
1.403991975721605723e+00 3.556688050858251238e+00 4.089071513481341569e+00
2.273847174117785475e+00 3.580012140851038804e+00 5.038365114861961480e+00
5.010766854346776711e+00 3.519278141652665504e+00 2.131919075538370123e+00
5.728490281773413351e+00 3.610380534177858092e+00 3.643644941957604910e+00
8.155005863565062185e+00 3.572719366284799580e+00 9.060884568416781804e+00
9.696051738088915073e+00 3.557855423881977952e+00 7.386232872975389441e+00
4.033557096923069407e-01 3.641757168207305995e+00 4.988174750883426434e+00
8.933046478255954881e-01 3.622830843460128847e+00 2.041483936557499934e+00
1.519481169566516687e+00 3.652158696967932716e+00 5.661449660381075333e+00
1.996498273940568113e+00 3.640641100802583630e+00 5.800354439144362217e+00
4.140869374235271572e+00 3.674348287535601720e+00 4.621896754967590226e+00
5.127268414699464039e+00 3.666607704723264582e+00 6.221490349116026053e+00
5.549792040717879793e+00 3.670498091548953568e+00 4.618699841203768308e+00
6.673995965254093221e+00 3.646871331497599122e+00 7.352231440590706768e+00
6.732322270309246015e+00 3.580770356923046016e+00 2.859770174033588575e+00
6.777257283474443561e+00 3.720635107285301668e+00 6.957928641833030170e+00
7.096290421690179429e+00 3.656125241457107489e+00 6.807095094449238992e+00
7.226025194725538725e+00 3.685612439593026757e+00 8.988636525407251554e+00
7.418591303113597490e+00 3.690067615102210485e+00 8.662536513435473040e+00
7.732030725718249897e+00 3.658381995274905929e+00 7.978240174953741715e+00
5.309218230328817789e+00 3.707866321261598763e+00 6.929542494828647037e+00
5.653645090007928253e+00 3.697138334042052943e+00 3.056223394882331412e+00
6.340031258675550063e+00 3.742522538361717999e+00 6.414607420723820397e+00
8.122874463483187313e+00 3.738862602146387992e+00 5.210732100456022309e+00
3.374892042534277659e-01 3.771219528052876413e+00 5.326814752325891078e+00
3.698452873137648700e-01 3.781528749513515919e+00 3.558152029227845237e+00
1.978822870357434649e+00 3.829811137296203150e+00 6.728696846428618983e+00
4.284203054358568075e+00 3.781629330219688612e+00 4.082311052505158244e+00
4.741122923934828925e+00 3.781649580071083427e+00 2.378184188010068034e+00
5.109917346435864260e+00 3.818295105826195801e+00 3.387370425397127960e+00
5.824573630747089226e+00 3.751109680608852859e+00 3.761285349297263547e+00
6.779943518300666661e+00 3.740197956127008894e+00 6.944812631894619059e+00
6.854755953926466638e+00 3.819294774948348348e+00 9.582889618790584763e+00
7.051846236762920661e+00 3.795735619120129023e+00 6.767741974324665843e-01
7.722412512393162842e+00 3.796887064249791166e+00 1.371063655798449687e+00
7.804116145649450331e+00 3.804846158210510865e+00 6.729636443340843321e+00
8.113813046749513092e+00 3.486227855780818174e+00 7.425108281238458119e+00
9.587513854766802623e+00 3.791282150118003180e+00 5.016442896580774580e+00
7.801384619556646083e-01 3.871898264384510568e+00 6.611306604704065393e+00
8.903191718189955584e-01 3.857243652882639040e+00 7.196729490197960821e+00
7.536749021228608569e+00 3.872503109834479318e+00 7.517357796508233214e+00
7.460791726180094230e+00 3.944545445826654451e+00 7.605062346904926329e+00
7.784098102927796248e+00 4.133172681486616540e+00 7.041266746314299496e+00
7.944230669371230569e+00 3.924509524773909686e+00 9.893610906729138676e+00
8.144866879399753401e+00 3.889689720370377746e+00 8.081672376917250489e+00
1.093872499026069534e+00 3.916445030311426212e+00 7.010981245377518434e+00
1.762092822618483989e+00 3.941059031597212048e+00 2.486754186381254339e+00
4.989524393902203592e+00 3.946116149602747036e+00 3.446526678791184128e+00
4.971546250389776489e+00 3.976511087098081543e+00 5.358244071953796706e+00
5.752946107852890734e+00 3.958117018171028789e+00 4.678907233667599641e+00
6.855012853500156211e+00 3.990461840296629425e+00 6.568627988833752873e+00
7.518869573464097122e+00 3.898115585888622281e+00 7.511000611611700961e+00
7.879847023078860424e+00 3.912214979103329604e+00 8.359330573473398474e+00
7.988115382601268522e+00 3.907972076159032859e+00 7.001377030974142102e+00
8.313672207131917347e+00 3.922645140120480711e+00 8.194810516359002150e+00
4.788388430749364044e-01 4.030674157198790297e+00 7.547277309357370179e+00
3.796639685877680748e+00 4.065369043617882205e+00 6.126653862333323985e+00
4.806863804850307176e+00 4.050506108793432425e+00 5.497520727046167011e+00
6.473243826177350613e+00 4.071527498456341654e+00 7.546179384892969466e+00
7.292616652189483517e+00 4.050947262346002553e+00 9.507882266959654771e+00
7.865384455501016170e+00 3.984697802679182388e+00 9.840148128404246464e+00
8.340801052513633351e+00 3.998916944390069617e+00 8.866327502517492576e+00
5.425405178125089378e+00 4.134091019152236868e+00 1.124474398208288761e+00
7.074727910618614501e+00 4.143778248266374753e+00 8.229775815291326069e+00
7.208229121608938250e+00 4.149811577632039672e+00 2.125385419693898714e-01
5.163766752673691229e+00 4.377224266313095136e+00 6.824499857447518636e+00
9.350007866578746274e+00 3.877723023558648840e+00 1.032807183090783099e+01
7.604097112367496081e+00 4.136046475834711522e+00 2.492783630575158060e+00
7.981081866547999226e+00 4.112939561769814567e+00 8.936325274903202498e+00
8.157665182229042244e+00 4.100804275844272873e+00 1.427550830830263962e-01
8.510340044372322055e+00 4.056688718172615005e+00 8.067568155374658545e+00
8.681443233394913861e+00 4.094556270197140968e+00 8.109585199074604844e+00
9.003478551426674414e+00 4.111167707999774379e+00 9.037731704248518128e+00
3.017902051323388068e+00 4.197587242811081865e+00 8.134438962044077570e+00
4.517996836418604722e+00 4.187984394273988720e+00 3.087425472396487347e+00
5.046783316635277572e+00 4.184786133407405018e+00 5.848824928171270088e+00
5.663488172615120497e+00 4.161959129288280934e+00 5.101898086289030410e+00
6.305391093671839364e+00 4.163155173041968027e+00 4.496133509887792812e+00
6.713704727638658554e+00 4.163645686037262372e+00 6.457220415331713426e+00
6.848230787926791407e+00 4.162667134539866254e+00 6.473484294445124299e+00
7.064089938614515063e+00 4.219567854964860310e+00 8.429009726463172480e-01
7.184969985119344038e+00 4.171209566896193266e+00 9.382748953192173502e+00
7.596592354323698615e+00 4.160965259930803128e+00 8.846702616531903374e+00
8.744758415861404899e+00 4.208270120365207312e+00 9.653387581985445109e+00
9.236553432987179235e+00 4.199384392969025548e+00 9.734792942558362583e+00
9.419246051061517022e+00 4.160569706516641375e+00 9.092953056075948837e+00
5.589451724717515724e+00 4.205738919206713611e+00 5.013658371475447240e+00
6.678983105039240087e+00 4.248317215510684086e+00 3.177166354619594291e+00
7.068944424643486713e+00 4.238242785007587443e+00 9.471424836704693817e+00
7.103532453309972183e+00 4.192339806000590308e+00 8.226465974916624901e+00
8.001197164930875516e+00 4.243873651895136767e+00 1.992047708158564578e+00
8.927380022757148481e+00 4.266290761856871505e+00 8.743078147634653519e+00
4.287626969222266382e+00 4.339327095415521640e+00 4.294160325888865870e+00
4.323882586035887599e+00 4.345883410794461277e+00 5.654502633226162978e+00
4.965237441302356558e+00 4.355361835711253349e+00 4.409756457024542442e+00
5.033851361615091946e+00 4.291534327430975182e+00 3.497174500447556955e+00
7.118290320033854535e+00 4.329079358417329715e+00 7.384085854159716078e+00
7.257764852756514173e+00 4.319008001501904559e+00 7.600940965202775956e+00
7.564350293575566653e+00 4.360757381637152541e+00 2.141377111586476367e+00
8.711642699808921364e+00 4.321601394443083777e+00 7.718400379510558906e+00
4.799949551354937283e-01 4.408137950948772144e+00 8.379760996082492142e+00
1.108490504042219271e+00 4.426521720148417494e+00 7.566536206782485507e+00
5.636493926010434308e+00 4.414727057902061880e+00 7.893050087826051886e+00
5.647156790472568133e+00 4.458009771781667574e+00 6.334859213280751966e+00
7.835822383564709170e+00 3.431089662732164314e+00 6.147895231899194179e+00
3.878622285450298079e+00 5.436576240385109671e+00 7.550028428521456725e+00
8.054014984225037921e+00 4.389396857175489330e+00 8.496135942494584370e+00
8.493238867323450236e+00 4.427812764935036505e+00 4.996535384287842385e-01
8.791298945482051153e+00 4.161412621516549670e+00 6.595328385702404539e+00
9.265351026075235197e+00 4.389007558481834437e+00 8.592238458470161433e+00
2.164328653271878178e+00 4.535761727836594481e+00 7.043909328400316028e+00
4.843342515684784466e+00 4.525054195470283425e+00 8.103289564826278157e-01
5.533422541870185007e+00 4.499052115418978204e+00 8.071193908645152959e+00
5.824403282557204520e+00 4.468872744922233409e+00 7.365723309624623738e+00
5.971799516894988891e+00 4.484937786153226469e+00 4.142909937569098311e+00
6.399432536491699075e+00 4.517059748371604400e+00 7.006183237629532101e+00
8.472181561798938887e+00 4.463629336721234075e+00 9.022935034674558707e+00
8.582445209916503615e+00 4.470562406543819201e+00 2.563472387564345589e-01
8.965057642683561312e+00 4.795993127504833531e+00 6.848378330569260264e+00
9.465122154244399511e+00 4.517533591901445433e+00 6.777991675582995867e+00
9.875194128289107809e+00 4.481691998710565450e+00 7.354086902500524658e+00
1.002644189463319790e+00 4.569623614511097109e+00 5.116924591096262631e+00
6.792097678514438464e+00 4.593492170800309360e+00 7.544862086220684105e+00
7.678190605775006006e+00 4.531995693847133744e+00 9.556421633724495379e+00
8.195834657872621776e+00 4.577175614261856929e+00 1.320653886119009801e+00
8.673352391639649994e+00 4.567772992651786268e+00 9.871657841350758744e+00
2.232980044449806467e+00 4.673586323367616480e+00 7.168236159532693996e+00
3.633298971733646354e+00 4.600899451779080884e+00 3.782148387235057196e+00
3.863530695969252804e+00 4.682744303035112132e+00 6.409611699505749272e+00
7.126610038799958247e+00 4.653138220559516647e+00 7.468042421268435760e+00
7.746815472457678098e+00 4.602600979060160746e+00 2.132772669449404024e+00
9.552457400048204761e+00 4.661170222709057676e+00 6.407132963428546546e+00
2.781178275897471686e+00 4.759771761087630892e+00 8.166012904795405092e+00
6.013070358603028964e+00 4.735414491343358456e+00 9.423964410194944463e+00
6.623418290502429251e+00 4.711595777128135154e+00 8.395133077406736533e+00
7.723593223413939057e+00 4.741256316894697065e+00 8.635131263216921482e+00
7.798348692702450791e+00 4.685107389837941838e+00 3.012296880662999055e+00
7.849319652423020877e+00 4.695411190472355223e+00 9.634610755389578785e+00
8.246984429042614195e+00 4.686947739388480194e+00 5.337219204413806040e+00
9.253382469797532650e+00 4.712101532245738689e+00 4.875362710184184545e-01
9.437777508289549644e+00 4.719360771061866799e+00 6.958143651389474549e+00
9.595565495443437953e+00 4.717472099144743858e+00 7.832566211985062310e+00
5.423096422820787410e+00 4.793186245568804793e+00 6.227233175173268798e+00
6.767764654886030407e+00 4.813194316710017517e+00 8.482202356462581250e+00
6.994365645275182786e+00 4.817659504903173406e+00 8.214773252328687603e-01
7.207053938635048063e+00 4.813621338849729980e+00 1.171226926758436093e+00
7.205924870150926864e+00 4.814958919555595962e+00 6.473708798370974016e+00
7.522795682295271291e+00 4.768865257595469309e+00 8.014845911671354628e+00
7.995358211059626186e+00 4.791235077713101198e+00 3.890375394661680808e+00
8.543219729772836502e+00 4.757074548374248479e+00 8.803300807805747752e+00
8.582582531336129250e+00 4.767506560349471734e+00 7.851103311816966190e+00
2.009397850862393753e+00 4.906021510531961560e+00 8.377670832465236472e+00
5.136730520582402093e+00 4.885539929365651624e+00 4.884623941106895018e+00
5.744139582759979490e+00 4.896944150785917493e+00 5.237922414898823931e+00
6.296194816071368550e+00 4.908376254052863707e+00 9.669557360732230933e+00
6.824643809519531423e+00 4.874900671713053413e+00 9.068362525686742615e+00
6.895776377301674920e+00 4.925251242451634148e+00 1.721846893054960415e+00
7.517274681598201447e+00 4.834367466751706921e+00 8.622831132130668763e+00
7.873378841920000148e+00 4.856695684489034548e+00 8.401616915888631354e+00
8.657929593451848760e+00 4.836383447031156635e+00 8.473057990781068582e+00
9.027270519850656427e+00 4.912791837870093659e+00 6.707586904629247115e+00
6.582308698573454464e+00 4.996195094217092958e+00 4.144466379973744674e-01
6.789747915116009835e+00 4.900882470691314552e+00 8.549505088593214452e+00
9.039412817172072678e+00 4.897646305526788701e+00 6.276274755985754794e+00
1.531682359496519874e+00 4.999706189937105805e+00 3.945709230922659572e+00
2.580220275642911787e+00 5.052071361267100436e+00 9.072217167842001828e+00
4.315823067326435059e+00 5.000187286935775965e+00 5.430306492931634921e+00
5.389178792300223009e+00 5.004452075426302216e+00 1.817072415348141012e-01
5.742982876232986200e+00 5.001147576051787169e+00 7.782222697137522793e+00
8.854811083018131468e-01 5.136203317727185080e+00 5.108011971767687953e+00
2.404822412887332561e+00 5.149116837181070494e+00 7.191069523684152642e+00
4.699235896791207345e+00 5.090858963408255278e+00 6.131343336250698606e+00
5.169623709255677824e+00 5.124407402933983668e+00 5.356456463848490834e+00
5.251253469615524416e+00 5.066986622411191021e+00 3.463796274608350600e+00
6.129913973812768369e+00 5.134083121810696149e+00 6.622254591077242125e+00
6.947537338953246433e+00 5.056461990378137372e+00 8.850529948039033812e+00
7.149887225302594018e+00 5.114545065795983447e+00 7.962112916019962405e+00
7.169780242888158739e+00 5.082697193004386271e+00 9.053660473660697150e+00
7.590684611672155135e+00 5.187879435259377559e+00 1.990134652448496133e-01
7.875926622941618938e+00 5.087640320998813692e+00 6.358984003949995412e+00
4.614636925192393768e+00 5.213517366910058293e+00 9.743547142400121430e+00
5.625463418824785400e+00 5.173815440284429634e+00 5.108380175521970656e+00
5.794649997349555548e+00 5.233936714105572818e+00 9.917016052961061590e+00
6.858628202936830398e+00 5.149692445596714130e+00 1.948792244896397241e+00
6.867747563480307349e+00 5.184660782457903849e+00 9.869978471974183876e+00
7.812665719767286632e+00 5.164010714274336777e+00 4.586006028050125138e+00
7.899796531513290532e+00 5.204141090111519929e+00 3.771496865357766293e-01
8.290479290260451606e+00 5.169544619920556805e+00 8.004103105087288839e+00
4.969800790296979187e+00 5.263016900697174094e+00 5.536606783576074164e+00
7.322029079580581801e+00 3.141962822291009871e+00 5.770496910401035962e+00
5.941647397319134605e+00 7.383909469817933946e+00 9.088668470292949664e+00
6.759566346858662200e+00 5.303981287321759552e+00 9.674000288383593826e+00
6.837071038818459456e+00 5.232197262890016631e+00 7.844735548551621029e+00
7.276610081992314072e+00 5.234464071351878189e+00 6.201527425459296694e+00
7.418572962527985482e+00 5.297391443489885887e+00 1.295044684147738101e+00
7.485856502046552841e+00 5.228369622341488387e+00 8.714769078191119789e+00
7.685213590517117943e+00 5.231099528664839404e+00 2.674559428838082509e-01
4.623933139219764676e+00 5.386116447415750130e+00 7.925723777151518767e+00
4.938693971688950413e+00 5.391565639002246613e+00 8.103998890246822739e+00
5.791070775268989834e+00 5.381599568705318859e+00 4.012055227448580119e+00
7.242919341126187405e+00 5.313293183894397309e+00 8.470098682925410571e+00
4.907061938991316374e+00 5.403247819257972928e+00 9.861256476102479240e+00
5.076494995792826259e+00 5.413832906165298553e+00 5.978987450655153246e+00
6.293804648584028882e+00 5.441604120452543825e+00 6.924848071977910635e+00
6.823216507418115029e+00 5.408746951626074662e+00 9.744381423115488161e+00
7.226254681753047748e+00 5.403799107739470031e+00 1.064412084231530359e-01
7.198056582028184103e+00 5.424109533962649721e+00 1.256326937999362015e+00
7.244045029970111571e+00 5.395476487901619933e+00 7.424696328357730302e+00
7.532542415692366156e+00 5.380421905083791145e+00 6.518053162287005264e+00
8.019310808882949004e+00 5.376542819229021219e+00 7.498343835434017279e+00
8.621984193185491918e+00 5.383481179377463732e+00 7.150631252489096923e+00
8.964943542124998999e+00 5.437464347044298485e+00 9.402871001956162544e+00
7.885869692920286500e-01 5.497691129566494084e+00 5.750339838957838623e+00
2.691603816766689583e+00 5.484298994162168484e+00 7.395171197195980817e+00
4.869480467497585785e+00 5.529887002629577886e+00 8.399694401780186226e+00
5.401951838531017458e+00 5.524404708897508343e+00 4.242106117794774534e+00
7.129823061717739385e+00 5.481276314508953362e+00 7.132939743223688289e+00
7.368414250390870279e+00 5.508351149433122096e+00 7.171551834827907257e-01
8.002524834602258608e+00 5.497414666332297806e+00 9.749530829303422463e-02
8.985930620423075998e-01 5.596462844252990010e+00 6.661686735555125694e+00
5.034963710167459361e+00 5.560729263249860388e+00 2.821784995819728969e+00
5.068635458476457245e+00 5.607278726287525217e+00 9.402598808825093357e+00
5.121621542633313595e+00 5.623187663521720836e+00 8.383708611301326386e+00
6.629128186858367577e+00 5.670610673334108398e+00 8.313403701436559157e-01
6.838475172369617994e+00 5.506927029534690377e+00 9.588944215917608815e+00
6.909820731142948702e+00 5.576945704747159560e+00 1.999899387923002592e-01
7.694071864814519657e+00 5.561833895390922322e+00 1.159617457997776047e+00
8.349046167768838345e+00 5.510631103878805170e+00 8.213706643121241768e+00
3.285824732861272413e+00 5.631292704821686534e+00 8.239862785601998141e+00
3.618266484205853395e+00 5.644573027021225542e+00 6.236837540846718042e+00
6.217916308542390524e+00 5.690437878577549569e+00 7.516869471592038110e+00
6.631903548069583820e+00 5.671600005065289274e+00 8.354695850018182268e-01
6.722800206175397975e+00 5.605319943361861235e+00 8.214707831765796442e+00
7.463189767890879622e+00 5.671535513346976920e+00 6.339662400225579475e+00
8.083064737277410927e+00 5.616815950233586818e+00 7.222643460030920837e-01
8.079780931152686918e+00 5.696208871331087664e+00 5.087160585309453253e+00
4.864079590584336366e+00 5.794713498482199299e+00 9.275637045149810689e+00
7.856882189134966055e+00 5.789439410231406846e+00 4.380841840290120359e+00
2.117388326752415395e+00 5.776813985609972946e+00 7.467210732450435984e+00
4.728568013263236836e+00 5.832951520476768792e+00 8.489582953676642063e+00
5.991334228480103441e+00 5.786331112860816361e+00 5.471287652614318375e+00
6.396984336256811510e+00 5.819817501845816921e+00 5.660841946026033966e+00
6.667048674876572711e+00 5.795007857099056636e+00 5.014204178962527791e+00
9.165775363208137350e+00 5.813465228357705072e+00 5.539328703014591015e-01
4.841825463140048136e+00 5.863344929163194941e+00 9.312861374989621410e+00
5.818516415183060175e+00 5.886707974979355384e+00 4.353219741189038317e-01
6.354503077342635642e+00 5.881378554048339424e+00 7.144121501030826771e+00
6.663188911073016918e+00 5.854428629072075729e+00 5.538310724346978686e-01
6.729281021841968524e+00 5.917381077832644998e+00 1.607671054798963217e+00
6.909924027217575038e+00 5.907973988695389700e+00 7.407687704059467970e-01
7.579649796621238167e+00 5.876645533886755146e+00 4.172733521107504728e+00
8.393650480042754936e+00 5.829012763373485839e+00 7.665876970046496375e+00
8.695671880929124242e+00 5.840379502107254872e+00 8.000689543891894573e+00
3.544076100885963365e-01 5.956618309120434773e+00 6.710842275275309632e+00
2.784350654413074722e+00 6.013658344603877381e+00 9.397382046295883029e+00
4.672751278967431254e+00 5.964857848104298199e+00 8.904644515304319441e+00
5.827179124989264380e+00 5.951203386461966893e+00 9.515967517093425698e+00
6.973412039569225840e+00 5.950361208310818384e+00 7.031991908888278742e-01
7.949094196842123594e+00 5.992938156560261298e+00 4.337583113692293324e+00
5.669030788284984190e+00 6.282675597803673462e+00 8.664290584075986956e+00
6.458244421599421692e+00 6.083031145796583772e+00 4.372178628478977203e+00
8.170349406071485632e+00 6.046736031817969703e+00 3.112349007675333734e+00
5.172087433207925855e+00 5.889667671507602620e+00 9.176299766831707672e+00
6.799526198700744928e+00 6.070631199449058713e+00 1.533089711967200675e+00
7.065961419559620538e+00 6.124421273665518584e+00 3.970299839326154157e+00
5.743601802081376384e+00 6.199454244478831200e+00 5.021196408240019338e+00
5.749530151273981815e+00 6.220552689313615602e+00 9.771299398949203407e+00
6.848080539817807733e+00 6.205641816998663352e+00 8.648622397185624422e+00
6.878157978024590058e+00 6.193650094090568992e+00 4.753352082384000310e-01
7.857761262367485067e+00 6.214206827889078077e+00 5.027768998708765480e+00
4.741028932404799390e-01 6.315203716767282316e+00 1.332866902063534753e-01
6.089579187210948596e+00 6.246836641350732577e+00 4.158499278058246595e+00
7.093680931185255112e+00 6.245228400533939350e+00 4.371669760956626405e+00
7.534385020313081327e+00 6.294533122555233007e+00 8.111315086214698766e+00
8.512661278815119914e+00 6.289213051034339585e+00 7.156662465430445152e+00
9.017099379911742929e+00 6.315880458935594355e+00 1.899284341732363490e+00
6.365569566134183788e+00 6.351119172958253678e+00 5.155210688955301768e-01
6.340998878548795403e+00 6.365452751443236856e+00 7.022471873624166250e+00
6.456968614028283149e+00 6.368957204213560708e+00 9.519189995919028036e+00
6.958255635538369788e+00 6.374957142802209376e+00 9.490460977246424790e+00
7.223800768321661181e+00 6.387747257942831602e+00 5.303511287155479259e+00
8.073650557245180437e+00 6.358321793857841797e+00 4.697191967802781143e+00
3.405855385469430452e+00 6.428406582285944637e+00 1.746915110669751137e-01
6.111916580101294016e+00 6.421018026837873371e+00 6.053289402449460788e+00
7.045257862272688243e+00 9.186812914508701411e+00 5.750376193435567274e+00
3.983973563682817742e-01 6.493459896991090829e+00 8.278221150867787870e+00
4.741410645323485440e+00 6.516154469823761453e+00 8.789355978026248906e+00
5.423962559210429468e+00 6.528661561989555828e+00 8.041535055286281874e+00
5.673611096789342945e+00 6.472958909164326258e+00 5.051301772352779551e+00
6.428712425974183020e+00 6.558096219830817475e+00 6.908195999607114501e+00
6.555801246312399577e+00 6.510534131206437536e+00 5.674688909554193472e+00
6.893995062734886048e+00 3.747508770888873464e+00 6.449987944937351614e+00
7.886119660864221004e+00 6.508266370301244663e+00 4.229669955068461107e+00
8.259734339510117707e+00 6.468940295944154428e+00 6.693415584959540254e+00
4.450777394480233795e+00 6.619059387216024604e+00 6.163019956706650149e+00
6.303366770434430499e+00 6.551874446480635328e+00 6.503117402331179520e+00
6.649958524573575502e+00 6.560993802012215603e+00 8.209034913148055779e+00
5.880725663997403707e+00 6.644650010716250499e+00 6.952331619488795411e+00
6.050007986619498013e+00 6.761358836706362396e+00 8.050072494351560692e+00
6.439563118185142265e+00 6.702318093208011085e+00 9.380374025394530579e-02
6.489538282832441496e+00 6.663700419778139761e+00 6.934616140361767656e+00
7.687842662046675990e+00 6.670854764704078121e+00 4.577815988994675678e+00
4.590544826394413747e+00 6.751562775984778497e+00 7.474284355647954570e+00
5.554134419845897064e+00 6.737172599976366527e+00 5.465199897142986041e-02
5.563088093615506935e+00 6.770986810289214120e+00 8.556856990525165685e+00
5.745564347535703220e+00 6.790892485032692605e+00 8.398932039582453157e+00
6.310723606232158112e+00 6.736062357989112570e+00 6.684881894970909899e-01
6.278425944096026612e+00 6.752391094631271073e+00 4.908681172093777079e+00
4.783256499143438312e+00 6.861333844157576856e+00 8.000204906914623493e+00
5.744176967112753829e+00 6.823334217939535762e+00 7.252124834577103885e-01
5.783574568267513705e+00 6.796399941533135092e+00 5.677458302666188672e+00
6.379881952520143784e+00 6.819097291699552699e+00 3.967386352844610276e+00
6.461865102101969072e+00 6.840579861933361983e+00 4.444218662714520818e+00
9.601088790326560485e+00 6.863323990043435074e+00 1.009209804199071803e+00
7.398386381601308459e-01 6.897517952543556596e+00 6.210538373011548430e+00
3.755089592003423959e+00 6.931323737656149397e+00 7.520295740752793279e+00
5.263105261102094978e+00 6.884111255194186541e+00 5.839116925101231814e+00
5.375430207168473196e+00 6.888429433694748916e+00 8.738770915911112880e+00
6.043647585550137258e+00 6.916787412842260174e+00 3.876059804177820034e+00
6.078227581681851177e+00 6.862357476076314633e+00 8.058086081557890523e+00
6.195532077499825263e+00 6.895990038036717173e+00 8.280961416245244067e+00
6.610986552340522238e+00 6.872820771131576301e+00 8.502771540909773051e+00
7.142151692426530474e+00 6.914474702287415120e+00 5.300917717005155794e+00
7.578955179238711537e+00 6.911015811637012618e+00 8.004009110833367302e+00
1.134577810588274893e+00 7.005977960592821852e+00 7.666309873658473606e+00
1.471639469807251022e+00 6.997204948580468375e+00 9.294471776624913417e+00
4.117748581213501957e+00 6.990314499201183196e+00 6.520774259294936037e+00
6.766208676813079137e+00 7.016355991176052243e+00 8.646396279654416261e+00
7.466960372131880241e+00 6.974119557095217026e+00 3.562432299625717391e+00
7.446347584498470340e+00 6.936960104144211492e+00 7.973600843853967390e+00
2.184632833532704765e-01 7.102091236876017177e+00 9.208660983141285783e+00
4.275276017073227131e+00 7.061961396301996707e+00 8.683489499058474337e+00
5.164440949407898884e+00 7.125726891629827975e+00 7.041430127916335380e+00
5.280827517373623436e+00 7.034532412652691136e+00 8.989036590150044859e+00
5.410823580640300001e+00 7.077591019745064216e+00 5.283284240544391608e+00
5.319843285741693961e+00 7.046015477327176590e+00 9.047508455388030058e+00
5.513712047916040859e+00 7.044627899469210419e+00 9.702108699729121710e+00
5.985810150853860812e+00 7.008252382841586581e+00 8.162017498399904980e+00
6.568551906431413734e+00 7.019324519340332635e+00 5.222333882507095737e+00
6.550789730111024056e+00 7.034208660660760337e+00 6.795410188317174693e+00
9.413489631770207922e+00 7.090870898832347002e+00 1.942424838060146097e+00
3.586047456016600243e+00 7.186475671001569587e+00 7.723747336815835141e+00
4.632262097081738972e+00 7.147191630266974016e+00 3.948525494905333666e+00
5.497597692936752267e+00 7.162998996304070332e+00 8.625996031713505374e-01
5.887418015138528915e+00 7.102457840824765611e+00 9.063960719278012945e+00
6.261372301508503213e+00 7.103450734305226888e+00 7.771143800146561587e-01
6.850894920383982623e+00 7.153482725436735024e+00 6.499838709747557175e+00
6.829440898146827976e+00 7.103157693477299084e+00 8.679132078585165999e+00
1.446635893865535039e+00 7.242543343551609780e+00 8.991938645389707219e+00
3.888732989835318232e+00 7.213093585261001195e+00 7.550736125701211776e+00
4.372355079795478439e+00 7.245706314379219748e+00 1.254289484885503736e+00
4.692494659352783870e+00 7.213110647259899366e+00 2.023774066832416674e-01
5.063428487574345382e+00 7.243231367499713969e+00 7.073424120209223176e+00
5.376731845695390533e+00 7.219050473916979627e+00 8.638462620155439309e-01
5.822890267183635338e+00 7.205270073474983050e+00 3.827414560666169141e-01
5.942536224931672884e+00 7.316380942074836469e+00 9.596924623204095894e+00
7.009349808956930161e+00 7.177656904586499742e+00 4.857948805506781653e+00
6.706628500262552528e+00 7.223892384158732582e+00 6.912800726272497975e+00
3.382370841605746747e+00 7.337090062832744231e+00 7.737729723170822638e+00
3.741305875417215709e+00 7.316608468985618785e+00 7.695338741835152874e+00
4.738021268279891451e+00 7.401702675905927009e+00 8.025820068870121560e+00
5.611383445248855573e+00 7.367691181231703190e+00 4.705948661606290884e+00
5.605967442475667362e+00 7.386328773743155551e+00 7.558534394498071407e+00
5.836979932683673766e+00 7.251364146786658971e+00 9.568561782507714497e+00
7.019886208093188529e+00 9.082644563730305265e+00 -1.301392247273524427e+00
2.175510794360017708e-01 7.481256533867910008e+00 2.603736326318333849e-01
1.840638933401783195e+00 7.458317181730121703e+00 8.756186421015421217e+00
4.001538403081623230e+00 7.428653237438960666e+00 7.276905999147467163e+00
4.776526655423036338e+00 7.479988693093350349e+00 8.526061320291567824e+00
6.083766657754305029e+00 5.762298725477841721e+00 1.966368528107666158e+00
6.567988318544073501e+00 7.407146059369496882e+00 6.189355123745517995e-01
6.817877870295858678e+00 7.447909677821914265e+00 6.760913370007575196e-01
7.890381882220132148e+00 7.422860248903291769e+00 6.235902028301358868e+00
4.526110295486187596e+00 7.570940551773379212e+00 8.910713464144542684e+00
4.490031091204213176e+00 7.554597220229047672e+00 9.875503184919345756e+00
5.864342781100519986e+00 7.536299524967327912e+00 2.882946466600992075e+00
5.801410506558084101e+00 7.537018245816399897e+00 5.197774300908533540e+00
6.099397355643132457e+00 7.539037800592065963e+00 4.245412595587274573e+00
1.075126156839812275e+00 7.615723327848184177e+00 8.220518147469762837e+00
3.769905241404819307e+00 7.623702903188400271e+00 1.184635298455434471e+00
4.837919693935183396e+00 7.633150199429975302e+00 6.722480380406038236e+00
5.932777608823476712e+00 7.620687541868581327e+00 6.825219158948784504e+00
4.194906812298453858e+00 7.663021711467062680e+00 6.475968734734922627e+00
4.455983388715093696e+00 7.679400830250630250e+00 9.637281793711801825e+00
6.350186854651127533e+00 7.698675859883140404e+00 6.203197060980572886e+00
6.433265594112654640e+00 7.631650100134473647e+00 8.335121884323150709e+00
7.332242125880025441e+00 7.694803856749806492e+00 4.064767831725943914e+00
4.047337745199738102e+00 7.870028431441593142e+00 8.157953339368031465e+00
5.184906596658540145e+00 7.793859463871045890e+00 7.294846119214446034e+00
4.848805292355715224e+00 8.402632730578194042e+00 6.571247990030920860e+00
4.570102151855452988e+00 7.861235603021123453e+00 7.287942363045132765e+00
4.886216991238661933e+00 7.890448913633075101e+00 5.854305778344949474e+00
4.935754019522686775e+00 7.838078001465737188e+00 8.908470871928175328e+00
5.056369306849749279e+00 7.859182681823168259e+00 9.331881383038996558e-02
5.097329673716906484e+00 7.860511896318167047e+00 1.611834921701447598e+00
5.402130569011948324e+00 7.814378755581357083e+00 5.132397843504623580e+00
5.427440858851312555e+00 7.831447909382249328e+00 8.409459606657971875e+00
6.583502200685403594e+00 7.780334099975357631e+00 5.993636828167292485e+00
6.576445264983763472e+00 7.805143740032256972e+00 9.564343974480001620e+00
6.969781748191161697e+00 7.854648485694274207e+00 8.338848061050576632e+00
2.793750551018976402e-01 7.949100622156831442e+00 2.117976210338405885e+00
3.261865340073764052e+00 7.345255758811710223e+00 9.711865965034160553e+00
4.604799372976471794e+00 7.937682731540712133e+00 6.499224712290908812e+00
4.733611430373289686e+00 7.893053368974610962e+00 9.082950537111173617e+00
4.903862521066885805e+00 7.900286529692241544e+00 5.865925032407849571e+00
5.282222241386810069e+00 7.884715491967104306e+00 8.863403503682883766e+00
5.272558724887777437e+00 7.893951162903325880e+00 9.174012155382550660e+00
6.097004713918020791e+00 7.858452175272326201e+00 9.478075960094006547e+00
7.840294090449018150e+00 7.864003000951827360e+00 6.451108064870204828e+00
2.008364444945160976e+00 8.023339451712695691e+00 9.948855220676069422e+00
4.052632384432989454e+00 7.910525243080344993e+00 8.108582386423947241e+00
4.017546287837868491e+00 8.025770263225963319e+00 8.078737719405938433e-01
4.983645998400928256e+00 8.003496632620112905e+00 6.128494057864331879e+00
5.539761919225363762e+00 8.016227167903934969e+00 6.521544148188618273e+00
3.222184476647649731e+00 8.061465087895278714e+00 8.750244394868616382e+00
3.530416514644069803e+00 8.107324073943395604e+00 1.054171470380906861e+00
3.888553877227295175e+00 8.060825222323547479e+00 9.117146678265072524e+00
4.996331315076318447e+00 8.025128285927337402e+00 7.232016947767315074e+00
5.300399317955758249e+00 8.094173440364309968e+00 7.992591107845679943e+00
5.360052874506698650e+00 7.414998347630529452e+00 7.927841726571021042e+00
6.966580329045513054e+00 8.037730465764887811e+00 8.223675544257757153e+00
9.709093226717920022e-02 8.157354305316928844e+00 6.436974823524652223e+00
6.093844479972787553e-01 8.143430287638873111e+00 6.550287725795948646e+00
1.099201525081344499e+00 8.114685678503061439e+00 6.736241959503962207e+00
1.312894738197341704e+00 8.176294184478603455e+00 6.249806973795370091e+00
4.964170676364944690e+00 8.161380990076192887e+00 6.402510932242378772e+00
5.746517359798087199e+00 8.154716555141561685e+00 9.114697142104329686e+00
6.013669003501611598e+00 8.175612020002668956e+00 1.816734265567475415e+00
6.824147428747615152e+00 8.757029446340810708e+00 5.070435540753843284e+00
6.222570717067922530e+00 8.148112817050860102e+00 6.328981731968769786e+00
6.618420977296358032e+00 8.156701299560676688e+00 3.335459062246829198e+00
6.704875245041358234e+00 8.130220314678929583e+00 2.344007180464200424e+00
9.626567021647725042e+00 8.126047994040408895e+00 7.534878758131022813e+00
1.843203673053650071e+00 8.195167626766712843e+00 9.953571430685572707e+00
2.795264463966709023e+00 8.215792751867223132e+00 1.506916047804911507e-01
2.877208194099330818e+00 8.198588145256156423e+00 9.507216393573207469e+00
4.794664214938974212e+00 8.177625191204652921e+00 7.145340341684850216e+00
5.566542705810297420e+00 8.212082038117749505e+00 2.275251801043336908e+00
6.063249949820010087e+00 8.238812082144946203e+00 6.761888562386898505e-01
6.792457994135197907e+00 8.206319078557724467e+00 9.313354010622566292e+00
1.906431102038517178e-01 8.332404249355093384e+00 6.903106776160116809e+00
2.269906955127858339e+00 8.300176435789879292e+00 6.987652693860049724e-02
4.563786429857612070e+00 8.258353437448022305e+00 6.701952172444756606e+00
4.868137339976213340e+00 8.266161545660629884e+00 7.977213260856389709e+00
5.486512118690939133e+00 8.303195382929068558e+00 6.426000833771686516e+00
5.486663619702651928e+00 8.255885497554011465e+00 7.040482010539921731e+00
9.839128815573845444e+00 8.303974098497921119e+00 2.926594416268243570e+00
4.998716067814137354e+00 8.378165733969566986e+00 6.217132257846826882e+00
9.257506730759482494e+00 8.390773092287052037e+00 7.111646584262659943e+00
8.309539875626368310e-01 8.485477535881008393e+00 8.936014459458995418e+00
5.114473336190171082e+00 8.480482068165949627e+00 5.084130861847117266e+00
2.461916498540825393e-01 8.559413183234182654e+00 2.847581873882163439e+00
4.105753345939480603e+00 8.526403135685173496e+00 9.588365303009208418e+00
4.233063141598905510e+00 8.517071502324959908e+00 5.999886982588756190e+00
5.234385219788343591e+00 8.517669646711311771e+00 8.558763994864184710e+00
5.329025508546724410e+00 8.529372506302458135e+00 9.196901125128917442e+00
6.532164014902985372e+00 8.553310308652104510e+00 1.583584695325121139e+00
4.326617357076123938e+00 8.595241953552530845e+00 8.714059097724097924e+00
4.744223981892477404e+00 8.618479934437800694e+00 7.115949251766187089e+00
5.221842853383628302e+00 8.574013837720057651e+00 5.918865317381783342e+00
5.253474158036835817e+00 8.618396330233666802e+00 8.388696107333935004e+00
7.785219386283753096e+00 8.649591112283889771e+00 2.520592353417488773e+00
3.012060788058668059e-01 8.709996174782901335e+00 2.379552930461092952e+00
3.746824481337422075e+00 8.712132093351893758e+00 2.306449327008920136e+00
3.964716709460985200e+00 8.710754670750681328e+00 3.789040810958761885e+00
4.538354939764487561e+00 8.687748683051381704e+00 6.964102093725097475e+00
4.689122994510470654e+00 8.690992232807925433e+00 7.301358033898461386e+00
7.836412455856524240e+00 8.670780334456358318e+00 4.001226762006449000e+00
7.919090183726415155e+00 8.696977023562290299e+00 1.495030719683310583e+00
8.360648527620185178e+00 8.703517122929042671e+00 3.713181885790296288e+00
2.401192137355848466e+00 8.748430364237179901e+00 6.112861731660868436e+00
4.411983681575892824e+00 8.767549130098508670e+00 6.868079584038280228e-01
4.547490701589272710e+00 8.774129770164911690e+00 8.509388872168598184e+00
5.521728447035888721e+00 8.808092044371232276e+00 1.611743636925071943e+00
6.037530896518960688e+00 8.788199409716133559e+00 2.665665374115998798e+00
6.558066501881653743e+00 8.753712522991142109e+00 3.356628411152128511e+00
6.665238310021191381e+00 8.742609254554750464e+00 1.623669159805153361e+00
9.758124755662446859e+00 8.787283381156344220e+00 3.567189649103693405e+00
5.291452146910788912e+00 8.842810610233749813e+00 6.628828732386596201e+00
5.933941020551004364e+00 8.819466761697146495e+00 4.767091279053853548e+00
6.261269216430271456e+00 8.796475418438358673e+00 7.205529630579349032e+00
6.825647467479027952e+00 8.834154266413618117e+00 7.933226854744150458e+00
7.783524268576103466e+00 8.887592510907536436e+00 2.168831346310848396e+00
4.169097230891343209e+00 8.949693092561664898e+00 7.645580569041582564e+00
5.166240630418997171e+00 8.927406509131099455e+00 9.232713842709416863e-01
5.452351362128798229e+00 8.870748071086952180e+00 8.459190815781544970e+00
5.507079846259723688e+00 8.904257279627136867e+00 9.768266931500972916e+00
6.425517525498332105e+00 8.938369587924135828e+00 1.375399467062428771e+00
7.518509505772992263e+00 8.941734238596643181e+00 2.138227790948790119e+00
7.869998669002371550e+00 8.976630288663631774e+00 1.962041477769233655e+00
1.100857374193556504e-01 9.010922663511729880e+00 3.426646654007703408e+00
4.366718790941678252e-01 9.023630861471438891e+00 3.304814560452731254e+00
4.011718722953649063e+00 8.969713278680076840e+00 8.547901269067136099e+00
4.564247545941412909e+00 8.992472253171978736e+00 7.416856142522885165e-01
5.932052640678717736e+00 8.951880821415217682e+00 8.089350644436059667e+00
6.299646282191783797e+00 8.996272722031694258e+00 1.151898914089570347e+00
8.049981017042009412e+00 8.982807551153968006e+00 7.641978041639238661e+00
9.461722693939554674e+00 9.012622935398137969e+00 1.259481141897339285e+00
9.596121214957706869e+00 8.966703677361941516e+00 3.593373817165779194e+00
2.737563993158293130e+00 9.082531138796715808e+00 3.323774167452207884e+00
3.665109768689204905e+00 9.053554986050455611e+00 3.868489625362890649e+00
4.006042157164064754e+00 9.089876273167208254e+00 6.793897140396940593e+00
4.597009081857173385e+00 9.046527568230095184e+00 7.756907160363697429e+00
5.364285032961805477e+00 9.123759724386678371e+00 1.119581954183083816e+00
5.900769555805707611e+00 9.054011932588926115e+00 6.244145018157723825e+00
6.148693357462672537e+00 9.025479935215710015e+00 8.844612082959883992e+00
6.233821514202353420e+00 9.051189908495882008e+00 9.880768426322712017e+00
6.413545765261464027e+00 9.084482031259467405e+00 2.320245240468453041e+00
6.442404610070136428e+00 9.092185844088026769e+00 7.583771909121272969e+00
6.970168427716806114e+00 9.147136070316081558e+00 2.337206601705672959e+00
7.915941677773857599e+00 8.931395517524688188e+00 1.654787065250051814e+00
4.077341716712846065e+00 9.170947819672800705e+00 5.977873033683068549e+00
5.738350611392148970e+00 9.105874158360256487e+00 7.001000666683403040e+00
5.680466034239032957e+00 9.158893906289595321e+00 8.240105243633601972e+00
5.988328279983152314e+00 9.156541435724053102e+00 9.753481976592643932e+00
6.624816397592417694e+00 9.195614153361910681e+00 4.677466543942109922e+00
7.519479361849477073e+00 9.298465812673708086e+00 2.596141555297416303e+00
8.898513842261268181e+00 9.130116707406429555e+00 7.685231288689475804e+00
3.623718075712301090e+00 9.256513078399741801e+00 5.897060106411730729e+00
4.339652864024808210e+00 9.235518471743214164e+00 2.178345653732943532e+00
5.627912321952676322e+00 9.226338290541418630e+00 3.974367295809253520e-01
5.834827048271708172e+00 9.217502879901966040e+00 1.898083041178318275e+00
5.712950807678522480e+00 9.152704741221711515e+00 6.849254752631977361e+00
6.035516202745190739e+00 9.243277216051041023e+00 6.445951793576483624e+00
6.926020981742048832e+00 9.238868760617609865e+00 2.228102127744002736e+00
7.633244804603164901e+00 9.179291060324315410e+00 2.078043138321194583e+00
8.149651843998515943e+00 9.212549073064995042e+00 4.371078512317794207e+00
1.695501644745550651e-01 9.312870667914170397e+00 2.110403280515197100e+00
3.976267251791063551e+00 9.344993310570869127e+00 6.547332677574783100e-01
5.461366757071830946e+00 9.286583295517033321e+00 1.311654237941090928e+00
5.528171328527985651e+00 9.286603828179725184e+00 8.248215807104294583e+00
5.477820239260753787e+00 9.533421062185224670e+00 5.519555245162550250e+00
6.219066021131023803e+00 9.332857903318304338e+00 4.168645312951831272e+00
6.579165929951571457e+00 9.262167268076964888e+00 7.664242339557546302e+00
7.019387098342491527e+00 9.318070936095768531e+00 2.474075334123932990e+00
9.752607158665144382e+00 9.321640938566362777e+00 6.370935461491364471e+00
7.433297117457267067e-01 9.429798477130127310e+00 3.149351650684476756e+00
3.213855866107653725e+00 9.418364274039333850e+00 9.679383727330236553e+00
3.454993273475922777e+00 9.397895202795266911e+00 4.762611947499855169e+00
3.716854476527919005e+00 9.355132922448667898e+00 7.428390511412667152e+00
3.978094975887699114e+00 9.361709231017876220e+00 7.609301749677912952e+00
5.253981082579436190e+00 9.365704874808507441e+00 7.390602518246893737e-01
5.666140095187979675e+00 9.091018479803750552e+00 5.786184486295208984e+00
6.243599979240966213e+00 9.396567579321708052e+00 2.017854898516851847e+00
6.735219329733731719e+00 9.315773152911067001e+00 4.640832785078699452e+00
6.920457979134507553e+00 9.329527180503308870e+00 2.471562175187374866e+00
4.162222034353130873e+00 9.460097907200959000e+00 7.759734772203734643e+00
7.298227011731144742e+00 9.469792118997338193e+00 1.858932278962724727e+00
7.900072684167715131e+00 9.475171769112362696e+00 2.564905148389332368e+00
8.198555030223651841e+00 9.503374590257497090e+00 3.073783765358502063e+00
4.526529467202124124e+00 9.551692303157372166e+00 7.301664806322817114e+00
4.720438242271799645e+00 9.531564394219127934e+00 8.681497594558779118e-01
5.048335770193255634e+00 9.509720446477212263e+00 4.062056062842538395e+00
5.383593994386340675e+00 9.475191233689375991e+00 1.388888304108416349e+00
5.939158886176043595e+00 9.531844263451009880e+00 1.304311027745137075e+00
7.206933622492414315e+00 9.502047256422942567e+00 2.322865341293906649e+00
8.458018884205296128e-01 9.628268064331622966e+00 2.917671469162171682e+00
4.112002785067513599e+00 9.586811580737119698e+00 8.367815964018131325e+00
4.145304590369073061e+00 9.579924516648247845e+00 9.743417868146055483e+00
5.038810042577721582e+00 9.612426708418698951e+00 4.845024180758096932e+00
6.900268281584024166e+00 9.621444510568114339e+00 7.443592533188121863e+00
7.070674255686983933e+00 9.575312343040730312e+00 3.617724877526971916e+00
7.424526266036783007e+00 9.589431544614431147e+00 2.540606437765102310e+00
7.718368612436333542e+00 9.610475407861201802e+00 1.869041917233610350e+00
3.022737771583874800e+00 9.701245946608130666e+00 7.106490106531728301e+00
4.603458879930263592e+00 9.666603286870760314e+00 7.983398992375068559e+00
4.867472060081348140e+00 9.701594465475700702e+00 8.051022108105440722e+00
5.438429053994806139e+00 9.682056237063374482e+00 6.270375124025424185e+00
6.202436393313822016e+00 9.670226990723392646e+00 1.877253649797170354e-01
6.535485489822340455e+00 9.666829002110080893e+00 5.570274553824567931e+00
8.741280666866458660e+00 9.683375908119666420e+00 3.567243630699922896e+00
8.562153055186128014e-02 9.804545148627001439e+00 2.415333764561057084e+00
4.479473468905797340e+00 9.732015879890926868e+00 1.669275864195323589e+00
6.076026762233741607e+00 9.741275606352088445e+00 2.026088447106073165e+00
6.365792067755033479e+00 9.776777584670728771e+00 2.548702308026795649e+00
7.554415877218772835e+00 9.731815062281743423e+00 1.823580278615716033e+00
8.217085581758620805e+00 9.790925495441385351e+00 3.259347819368800359e+00
8.674888153468758745e+00 9.777510481735916414e+00 8.586109406230420404e+00
2.122441053180012527e-01 9.853386445293411455e+00 6.363481330037976669e+00
2.643018089844533680e+00 9.846141101418181663e+00 4.803029276164592964e+00
4.579263786827866056e+00 9.789709391990731646e+00 7.454485979009853658e+00
5.204401842443926895e+00 9.829179545238138971e+00 3.678698500251624814e+00
6.809582558398290963e+00 9.823116499987547101e+00 7.759337042229646819e+00
7.766841964736171278e+00 9.859456669935724449e+00 1.056474811268334646e+00
7.706481522660062033e+00 9.818767173589078467e+00 1.962774359805705249e+00
8.892563388266433222e+00 9.859892365886086196e+00 2.459843241309229711e+00
3.021858359524772775e-01 9.954970576725195031e+00 6.533271508387165305e+00
1.960584027032745702e+00 9.931269934502358510e+00 9.498402888046907577e+00
3.569409256485561066e+00 9.941164120417282035e+00 7.247657866261732806e+00
4.234463090511608740e+00 9.918976338916939639e+00 6.613432636900996364e+00
4.286024304535469120e+00 9.888641403390931117e+00 5.029605920447099088e+00
4.799545321086859495e+00 9.920182638115562668e+00 4.554663501228643163e+00
5.222747694121959050e+00 9.897256676215782534e+00 5.164034084091313481e+00
5.332189038142457704e+00 9.935422272272692368e+00 7.367865430756586065e+00
5.961488328023045291e+00 9.870663017353152213e+00 8.397343974653701082e+00
8.216697746078262199e+00 9.922736907453728605e+00 1.765140096065448194e+00
