2.120830034300511091e+00 3.264751355148969719e-02 7.231674518209744384e+00
3.070583611149620307e+00 2.514653633374970207e-02 5.114120256815993137e+00
5.836690565327995017e+00 4.855644770298705309e-02 7.851452945917092308e-01
5.807332109285634480e+00 7.097908104842017007e-02 2.183283794414696555e+00
5.930129117612368717e+00 9.413388631833874420e-02 3.872377035557409419e-01
7.537597638654471410e+00 4.408230708919666507e-02 4.151073693754033123e+00
7.737202445702862974e+00 9.365826581447386778e-02 3.577498869989590435e+00
4.132764064145447058e+00 1.506531745502081021e-01 7.449767517981774390e+00
4.207086951586457069e+00 1.475320845317993901e-01 8.831653312995634053e+00
5.092860948298504553e+00 1.317658725190375968e-01 4.964510230540656543e+00
6.095467854882187453e+00 1.600951647829362834e-01 1.107700423261550604e+00
6.245663720191624968e+00 1.406919100340299766e-01 2.020352225594452378e+00
7.466730157873270102e+00 1.351660606865024983e-01 3.279260771588047518e+00
8.547369321170746659e+00 1.391902060679728603e-01 5.214470166282254127e+00
9.312729896220245607e+00 1.387506698195954402e-01 6.594446261494239181e+00
9.328425692069597375e+00 1.503631749670571172e-01 7.641961742742156005e+00
2.883128696184301898e+00 1.951037862886857988e-01 4.028394701349029106e+00
3.264463283924113668e+00 2.251693496428734953e-01 6.793831903118363158e+00
4.775643627887511400e+00 2.316974246891275180e-01 4.305673689617186994e+00
5.397555571584431000e+00 2.177407004439881333e-01 9.746096094834904022e-01
5.368580237339433125e+00 2.129780867845108561e-01 6.597041289113832363e+00
5.967620176206232863e+00 2.109336131870305220e-01 5.797062224272533371e+00
6.656070045395486190e+00 1.781206121527107444e-01 2.634174912621043904e-02
6.687823620506931910e+00 2.137967332386532804e-01 7.419359927602016569e+00
7.900807941101930965e+00 2.137412857449145220e-01 2.342003357332022251e+00
8.142825177683473470e+00 1.950478133901730193e-01 2.139199596601637055e+00
3.828444383671937068e+00 3.083201989519405162e-01 9.376959668696838168e-01
5.878617039784980847e+00 2.518173920258321430e-01 2.124380123971200351e+00
6.297063327380724829e+00 3.318561430204158835e-01 4.452301487903016053e+00
7.097276359901695031e+00 3.245761559481621372e-01 2.230056333077227393e+00
7.846520007353589676e+00 2.938090302501700224e-01 2.101135531390648126e+00
8.002205121980251690e+00 2.836658037220679551e-01 1.928599413029914000e+00
7.959081577503349436e+00 3.016845796141247593e-01 5.304532443669478958e+00
9.538833495823222819e+00 2.835665675126221030e-01 1.328056320124090917e+00
3.543432833705343121e+00 3.850568330113368631e-01 6.086557226943778431e+00
5.600606308559177293e+00 3.546534965043679488e-01 2.916679816826902805e+00
5.770873308550255487e+00 3.549552762363504810e-01 2.330519806747862521e+00
6.475037668891781450e+00 3.714356156046578761e-01 2.667737427182687249e+00
7.637524201234551668e+00 3.657794572926090781e-01 2.327307255937801855e+00
9.030186449406450322e+00 4.091651630177632892e-01 5.573012366282426910e+00
5.926726744228381916e-02 4.118986720622612729e-01 2.663694364599461295e+00
5.592735981589916250e+00 4.150680476729854407e-01 2.520070702747243541e+00
5.931779234130475587e+00 4.272939896877172572e-01 9.402015158408731921e+00
7.044972509968148167e+00 4.846239905979252693e-01 1.702324524926158045e+00
9.400205926510526666e+00 4.586475221964406712e-01 5.605747090296378410e+00
4.874824316468882035e-01 5.083941470841999433e-01 2.710862449486211911e+00
5.642141607665737801e+00 5.066015599316360252e-01 9.831937156731314076e+00
5.881377872358429570e+00 5.224672758392115979e-01 6.889895947312673741e+00
6.173861827958744719e+00 5.612821683951105811e-01 4.053234194452246975e+00
6.254734613716925296e+00 4.911279280741668307e-01 1.496441742645218564e+00
8.829910773459445750e+00 5.442601806822240373e-01 8.126930422224107886e+00
3.320318253901518801e+00 6.431285028377327073e-01 7.327925370185083942e+00
4.383414619179038851e+00 6.301469539386437280e-01 7.284714804657943521e-01
4.700179299270721422e+00 6.595134218914937563e-01 5.266874342897059691e+00
5.148778913977574589e+00 5.663492246058627888e-01 9.369228479269759546e+00
5.241540505300130270e+00 6.322292016116852764e-01 3.144252276742638852e+00
5.362214538810207820e+00 6.104154019420839905e-01 6.682166665161715535e+00
5.462123897993890864e+00 5.868515513155809771e-01 7.630544952485610821e+00
7.820046809513101493e+00 5.946756911180515193e-01 5.800884280327847975e+00
8.147972132975890958e+00 5.971257456371210637e-01 1.841560655962040993e+00
3.844836784588471446e+00 6.689316552538482341e-01 8.211910204794738988e-01
4.894216045828939876e+00 1.031957751535629519e+00 5.596365009721361972e+00
6.226478987210287919e+00 6.662879394101670627e-01 4.555928888183378156e+00
9.326471512858852009e+00 6.565626008175686756e-01 6.852349998697741640e+00
9.940847300100191575e+00 7.121248930672998689e-01 2.569240347518333856e+00
6.444976961951983441e+00 4.092103095227506149e-01 4.523407387509508659e+00
6.348200445478561882e+00 7.425425615134817470e-01 2.836889940048568981e+00
6.832909103763071812e+00 7.459496148455539988e-01 9.601786302504763171e+00
8.303013454774228919e+00 8.364083341328494292e-01 7.746318395327827844e+00
9.205832523447082139e+00 7.662910167093870406e-01 3.303201928067480697e+00
1.165865154064847697e+00 8.745895724913015368e-01 5.909768187569900633e+00
4.581104795782610317e+00 8.666090955942460372e-01 3.694226798839049142e+00
4.622509084505803223e+00 8.954896332690929217e-01 6.275863225418698121e+00
4.860267508160214689e+00 8.615590863102653429e-01 5.705674871032081263e+00
4.913540182921891208e+00 8.570197364084346514e-01 5.797070356858647244e+00
6.079301027834857152e+00 8.326063801179439672e-01 4.854683406372111598e+00
6.167927241448801112e+00 8.418128070747221692e-01 5.165441086728651321e+00
6.285483073283812061e+00 7.940507097027511563e-01 2.900019551274007235e+00
6.352240384359064684e+00 8.556673028060632902e-01 9.745758013505536610e+00
9.895015507693823764e+00 8.601024432967323552e-01 7.318564604073681146e+00
4.672744853386870290e+00 9.173259882936852794e-01 5.759947481880737463e+00
5.577429910137552405e+00 9.150029645181609883e-01 6.767198180106793082e+00
5.797846405713185547e+00 9.035882354792224014e-01 7.017850263652892551e+00
6.679800594135486769e+00 8.962968858563284957e-01 4.033885203292154387e+00
8.325980531553103248e+00 8.889263384597951845e-01 7.724108737248837286e+00
8.524010529648574419e+00 9.231445400714812788e-01 3.153378798670077643e+00
9.137839290986008223e+00 9.387944152617875293e-01 4.797780596108310647e+00
9.751413568938351872e+00 9.425529752307761910e-01 4.713971190134639500e+00
4.456994275068224987e+00 9.764480943777984479e-01 6.026179635224106157e+00
4.792102648144302535e+00 1.026708005634249243e+00 6.409249619451118818e+00
8.176998957758698339e+00 9.704930283562194226e-01 3.346206338354271725e-01
8.253945559691899803e+00 9.815494117555754183e-01 7.365316220290515581e+00
9.296595031528763542e+00 1.038884862996848568e+00 8.167140017080587455e+00
3.729294935378018927e+00 1.051650596063651744e+00 5.910179853187643495e+00
4.546254821367304189e+00 1.111580921525333832e+00 6.952053112419394054e+00
4.852231390832942637e+00 1.093633353208554926e+00 5.266384020526442278e+00
7.478317085370969508e+00 1.078772243181099544e+00 5.906150340428574452e+00
4.053397709544769079e+00 1.138235318224144699e+00 1.889227610227813159e+00
4.767809246868835338e+00 1.134411565463496530e+00 3.575764293853629816e+00
4.764266649829204781e+00 1.127732892812058019e+00 5.154072692095310160e+00
5.484283107767231158e+00 1.162877938187647509e+00 6.833137802613514999e+00
5.484673039077492263e+00 1.132416820510295796e+00 3.399552709103965675e+00
6.301648413228392975e+00 1.174283111361739795e+00 1.273733456585442791e+00
6.283438622673807927e+00 1.171375497039608859e+00 7.702411048100366031e+00
7.573100498274886405e+00 1.183372531840139352e+00 7.019380126831005207e+00
8.890569314963645553e+00 1.118237632161476647e+00 1.607210485927293320e+00
9.839883505651878082e+00 1.138345600233204635e+00 3.607804281206249630e+00
5.658899375109268881e+00 1.247093806796539806e+00 5.062512343481181176e+00
8.073465458157329522e+00 1.246416041875811676e+00 1.624492457641322218e-01
1.754253635182079663e+00 1.337800126123757760e+00 9.366480419606801888e+00
5.109304888408138012e+00 1.304190588984190047e+00 5.233602806218319969e+00
6.266279038977134341e+00 1.305637246169658372e+00 5.418316012822768535e+00
9.257279753891324958e+00 1.286379153461962410e+00 4.922797926637962007e+00
9.813176718178041824e+00 1.345974342644596700e+00 8.011392709172010740e+00
5.843394798725167760e+00 1.353060239748487437e+00 4.639749499996530524e+00
8.689346104638422830e+00 1.348035315337830387e+00 1.790206316453091251e-01
7.069755609374719918e-02 1.491416022647508832e+00 3.871751324086640800e+00
4.440696121564115195e+00 1.764897552727430430e+00 3.799372043800482768e+00
6.219008678205358187e+00 1.436707459015840183e+00 6.061406567391567357e-01
6.202828348304250561e+00 1.490544430483153882e+00 6.335551147109155679e+00
6.908621904229934607e+00 1.498935197513231898e+00 5.939470281899847492e+00
7.008475092581509358e+00 1.463056355016266519e+00 3.200971827056006358e+00
7.144696124609118293e+00 1.457808804885759368e+00 3.018132530018157844e+00
7.621641894620662327e+00 1.443508672684082672e+00 6.102084900104634890e+00
8.419782908689368739e+00 1.487398968911302966e+00 7.251944262482259873e+00
8.812206638413751847e+00 1.493891016030723495e+00 7.175686435957683074e+00
9.747570651190843094e+00 1.486932136982697550e+00 7.233629084381670182e+00
4.253767235514231082e+00 1.568267079315287749e+00 7.136461111143773905e+00
4.629633186124472388e+00 1.571620152136675497e+00 2.544864160068598391e+00
4.969810953894675976e+00 1.247127631070802600e+00 2.410986219419083199e+00
5.333565255851046238e+00 1.525355287644595492e+00 7.172537317267176249e+00
5.661012772296438733e+00 1.586650354241124550e+00 8.061710147861731457e+00
6.068116771322543457e+00 1.526657219214672789e+00 7.053215848709459834e+00
6.334453471316090045e+00 1.515659180311704102e+00 7.997112424787449214e+00
7.473155977537102146e+00 1.573604880246751048e+00 8.228307622332895477e+00
8.175515211360725232e+00 1.535762152338882025e+00 6.556319317583310990e+00
9.359015685658096828e+00 1.530687341731113982e+00 4.235245773256230528e+00
4.685870716090777321e+00 1.646990964307337268e+00 4.490992604251596632e+00
5.100335852021549599e+00 1.632430609398193067e+00 2.910178612036443013e+00
5.744969132747483442e+00 1.638811110389501113e+00 5.802475467093416661e+00
5.902653302401894564e+00 1.621007711792234129e+00 3.453034214370370059e+00
8.362352000330503188e+00 1.633934083015004646e+00 1.007096079460028992e+00
4.694041275923710010e+00 1.698214360036870207e+00 5.706471814138545540e+00
5.184639292294022539e+00 1.727969833377473119e+00 2.424508105185207540e+00
6.231707161380764859e+00 1.659117678155197506e+00 5.406769059720531345e+00
8.389178536126420838e+00 1.666890262782264820e+00 6.432001675551810571e+00
8.479934589798510558e+00 1.708841109533074665e+00 5.714385057306719418e+00
7.915610288370311665e-01 1.756709068412106944e+00 5.127840499925708784e+00
4.678674764651757023e+00 1.790114174129026292e+00 6.713893219851739147e+00
5.332751042151137710e+00 1.790815000856917472e+00 2.644766477856228981e+00
6.141162447103440947e+00 1.733909575380629509e+00 3.105830492544037646e+00
4.463527234070219230e+00 1.872015387615723281e+00 4.217067016924961997e+00
5.285109342817243316e+00 1.863734391812140512e+00 2.617497032231206333e+00
5.334827576002720839e+00 1.991460100114026854e+00 3.547864068659685621e+00
6.518249425500078686e+00 1.869559200739688176e+00 6.439461396240954372e+00
9.445498902219540582e+00 1.829709731123007721e+00 5.489541378780890213e+00
9.563756122468689114e+00 1.824891065401619716e+00 8.798655634291446148e+00
9.692549618034032477e+00 1.866164231619833913e+00 8.736203766808991134e+00
5.233423724871093974e+00 1.841875108013645068e+00 2.646443559214473940e+00
5.247291198983799809e+00 1.782324032799871283e+00 3.846248488291302614e+00
9.390875229115934530e+00 1.933919443411014960e+00 3.025569990470622361e+00
9.617960747254340248e+00 1.907139057086293832e+00 8.208151034283174496e+00
9.908524734451747307e+00 1.923011359727593739e+00 5.022425768230458054e+00
3.865149621512395939e+00 2.049881325543925215e+00 5.866466144012410844e+00
4.916088893532461590e+00 1.999386731593215671e+00 1.983753699337809540e+00
4.876175281584196775e+00 1.995530190944326598e+00 2.173205131101809684e+00
5.768651786291448147e+00 1.980236755758422618e+00 4.377171287974853442e+00
6.439942342007361376e+00 2.019050168094482789e+00 7.138681512792683037e+00
7.675961440946602821e+00 1.979220968224361776e+00 3.363612754721918563e+00
7.925753526315861386e+00 2.040254334587130458e+00 6.810549978519468084e+00
8.255204170530259233e+00 2.076376095008245048e+00 7.958621514909760108e+00
1.350876703280895708e+00 2.062631659285369068e+00 6.501586846096527594e+00
4.383952378217616186e+00 2.078221876216488351e+00 2.311933404338845310e+00
4.419663610382055907e+00 2.067960665315864865e+00 4.728487140917181364e+00
6.395283992972245812e+00 2.057069116823532440e+00 1.504800779785818943e+00
7.902379369862597258e+00 2.111294879354328469e+00 5.583178302997066744e+00
9.453819213354286433e+00 2.075629606935114335e+00 2.900859725138895673e+00
5.728657584490803867e-02 2.156357890488182161e+00 5.484695196240243042e+00
4.835750246052136214e-01 2.125393882458753048e+00 4.665153348686562396e+00
5.461553084006495418e+00 2.165686647947447696e+00 1.283611977219633604e-01
6.309752862880654511e+00 2.162002103400436415e+00 6.974131154297170454e+00
7.710847248612967775e+00 2.197918286706962654e+00 5.001820271796974637e+00
1.249159709921561667e+00 2.252195345841069951e+00 4.846237704372510890e+00
8.020998647435083839e+00 2.228552736249785227e+00 4.893782701508945898e+00
8.151491611455270458e+00 2.226986450641553095e+00 5.809273487764999189e+00
1.392689914920274497e+00 2.343460630266908762e+00 2.230543405676199242e+00
4.898976820786222319e+00 2.299321873296335639e+00 7.914777320523358028e+00
5.144493985272018399e+00 2.296227276889514002e+00 5.498237696397439755e+00
5.215536350046940939e+00 2.309252345862471412e+00 2.861215706460733532e+00
5.391372956919016524e+00 2.320321611623557878e+00 5.837590314565462180e+00
6.236390149783994197e+00 2.321529491944043233e+00 8.092373944438831401e+00
6.504246378212376278e+00 2.299241598115540963e+00 5.967130261719178819e+00
7.629858248542385368e+00 2.341124747487399294e+00 7.691312973322802726e+00
7.886236304750821269e+00 2.281586710360251402e+00 4.651784452470785425e+00
8.260399794586225752e+00 2.385933706937998444e+00 7.788991563259490825e+00
9.151126936553858116e+00 2.345871088688651795e+00 4.412936616387979072e+00
9.388026811347273792e+00 2.336147090127511206e+00 5.475073513468370123e+00
1.359375662630833426e-01 2.380898467332983603e+00 6.857587059093571469e+00
6.460220520113487908e+00 2.432763440660152376e+00 4.855594593463473885e+00
7.046856636462178969e+00 2.416753123683040627e+00 1.088468986118387605e+00
8.552882145009672143e+00 2.363004674190443577e+00 5.512681368565125695e+00
3.858641659793159429e-01 2.508845776994552246e+00 3.786417501031221100e+00
1.523292075496843534e+00 2.488233929458127935e+00 6.757382226366696720e+00
1.630828509435470863e+00 2.494378645695422225e+00 1.882165881681268971e+00
3.589127787351618082e+00 2.460747981425937869e+00 2.284046199057481630e+00
3.888298142910895816e+00 2.443923458546259475e+00 5.557431691267255225e+00
6.117505922089498505e+00 2.466188612468881214e+00 1.636941035916079645e+00
2.682743907908210490e-01 2.571470785812841164e+00 3.705669116412493302e+00
1.471119030437113562e+00 2.490968673440095760e+00 2.320942067663725794e+00
1.578597354474158276e+00 2.545245101393893261e+00 6.634459651479067688e+00
2.235034711671063601e+00 2.582794646956759532e+00 3.701051423811614782e+00
3.601801639311632997e+00 2.520064924040868348e+00 2.844344554612344922e+00
4.783235681638752901e+00 2.537448601849616292e+00 6.193220085086380777e+00
7.218992966050323368e+00 2.597562200239752261e+00 6.717661425671731301e+00
7.569367051161666637e+00 2.559322373169305109e+00 6.796891428234927979e+00
8.152720796505974477e+00 2.534461433079076897e+00 7.669873918031916205e+00
4.479033396868565831e+00 2.632506511002049798e+00 5.880461090723605011e+00
5.979569410097541393e+00 2.637815242292087969e+00 5.925967486135451878e+00
7.124479077064519217e+00 2.632748584103849598e+00 6.481386816235464643e+00
7.316923882044076954e+00 2.690423065294239358e+00 8.535985745099418764e+00
8.554371831059448539e+00 2.647742713810284698e+00 8.160273872318558830e+00
5.788699220249415411e+00 2.732885451727126380e+00 4.449950830557559023e+00
5.985706102933703754e+00 2.711302861183950696e+00 2.278202413257101266e+00
6.278207301521821826e+00 2.704950722305800692e+00 4.731658466724628198e+00
6.468840145322423574e+00 2.692091307146442514e+00 7.897209977005434922e+00
6.837049256087560423e+00 2.736959675825739069e+00 5.970106107920751803e-01
7.020502276455059310e+00 2.745933368226054050e+00 6.861870853954087579e+00
8.813620712905224863e+00 2.747302906502566255e+00 8.322304056726554933e+00
9.705609093399998333e-01 2.793616955671576196e+00 6.391660858771880394e-02
6.125677275509946895e+00 2.771464848973641093e+00 2.522366762800400508e+00
6.604509441403058290e+00 2.818585107196181827e+00 7.062979603313436883e+00
8.089083657267169158e+00 2.772670173297809182e+00 7.934967347302825047e+00
8.470967516304765965e+00 2.828519047044312007e+00 8.348014074542710716e+00
9.603155625526659023e+00 2.776786592290076960e+00 5.332717911642358644e+00
1.593829539696093867e-01 2.826790496956856025e+00 4.689496379057100484e+00
1.153830779216670877e+00 2.885183723521216326e+00 7.075469828517310766e+00
3.249571724251866023e+00 2.854441339327231653e+00 3.727132540115922321e+00
5.039328673916004142e+00 2.823797683902869338e+00 5.055039317978678781e+00
5.204732230397973503e+00 3.099922842070281792e+00 1.679444992838430295e+00
7.573082338749626885e+00 2.873717399120284011e+00 7.965484710099026699e+00
8.753394605035349940e+00 2.880811276091373774e+00 7.840658116127280586e+00
1.223146379630467795e+00 2.980515690338690682e+00 4.806323943915146835e+00
3.178743486571462995e+00 2.949426974870763551e+00 6.881870492272584627e+00
4.273989779537010314e+00 2.962371414388488056e+00 6.345014028796914118e+00
5.922545110740433216e+00 2.731507381648348165e+00 2.109079682930276700e+00
7.504053721543801458e+00 2.938672564168867574e+00 5.038616031222108660e+00
8.934983081710912600e+00 2.911212396881852182e+00 4.808896297525889096e+00
9.032804660799918395e+00 2.907431554268615326e+00 5.099337528549884979e+00
1.054658955216635885e+00 3.022613566640292682e+00 6.650130128919969685e+00
3.789727976183050018e+00 2.990621684095323030e+00 6.159836041149496566e+00
4.515566335210827731e+00 3.050300391923721044e+00 2.842040123718839073e+00
5.464157285205250680e+00 2.990831560390896815e+00 6.222433754304830700e+00
6.701511758894861615e+00 3.029079988333885254e+00 5.648789814552426236e+00
6.973022914500363711e+00 3.045260294148829150e+00 7.559674378998849420e+00
7.088843898597418480e+00 3.081256614660066173e+00 9.067795288450575697e+00
7.247929235332561504e+00 2.985373840406335244e+00 6.814447615613667075e+00
7.641028877689446830e+00 3.044173530177761489e+00 5.311182909781008377e+00
7.724659554973289488e+00 3.001692523446876315e+00 7.104635304537710638e+00
8.537163605373923048e+00 3.056595442603860846e+00 8.451281010587916143e+00
8.848089562879930980e+00 3.045081749139507465e+00 5.544642967302613190e-01
8.141885453646853510e-02 3.055878965931103863e+00 6.827789181770565818e+00
3.270575881473256175e+00 3.087357635060537397e+00 4.545971537697139908e+00
3.835671054506438526e+00 3.057292374332561735e+00 2.791992360356660097e+00
4.020448629473003521e+00 3.065590682221383201e+00 2.854307626778245233e+00
5.083649764819939243e+00 3.062723783840965996e+00 4.434980512813602616e+00
6.300786491111860954e+00 3.103975081363024913e+00 7.708922147116294532e+00
8.499042801752645815e+00 3.119077955725336970e+00 9.299803009504215012e+00
9.309757755878148799e+00 3.124656420018187220e+00 8.710269826581480856e+00
9.585082031838593863e+00 3.110815876030689431e+00 3.782357274895743693e+00
9.721615892235739409e+00 3.063931207131347811e+00 5.330246785212418459e+00
9.766632436658740701e+00 3.052533695946612724e+00 5.229230396596943109e+00
2.793846415863512345e-01 3.140539387072419864e+00 7.329518245925617848e+00
1.511248819271861166e+00 3.209535317588524617e+00 6.307478745793126507e+00
2.434113153018569342e+00 3.149106163138680081e+00 6.484730684965704484e+00
4.590572890750364010e+00 3.168866606866954427e+00 4.135701719653643416e+00
6.558163054846499307e+00 3.170650285856103867e+00 7.153950050603669730e+00
6.778098361116970949e+00 3.196882540181126942e+00 8.506034528356877900e+00
7.767944508077931687e+00 3.177962456768689048e+00 7.946478322103773806e+00
8.065803095095004593e+00 3.250935869989162619e+00 8.531547746363777662e+00
8.457560450930495577e+00 3.187398043326076014e+00 6.093356225182482433e+00
8.791280203531002257e+00 3.218354404492315801e+00 7.114105718364069908e+00
9.754103418702554151e+00 3.188585707597530572e+00 7.933857957722416643e+00
1.318562803796475169e+00 3.220702251827036733e+00 4.860234193971249894e+00
5.155586574986835480e+00 3.208995532112824733e+00 9.553476521228401186e-01
5.399393110590175127e+00 3.257156025810753697e+00 6.424637066948342579e+00
8.920102763684301550e+00 3.223970710904410453e+00 4.599333769614680989e+00
6.723147827633145113e+00 3.347895547364550861e+00 2.422884098070461345e+00
6.983178440654578267e+00 3.339879409621595130e+00 7.024672449738014635e+00
7.203446398767992420e+00 3.320439001857201866e+00 7.538090665497090725e+00
7.437191422758910875e+00 3.377905659429610630e+00 7.676133257127890630e+00
7.969480031015415911e+00 3.342876636630447429e+00 7.037410445429282291e+00
8.247614391877208462e+00 3.327145123715475883e+00 7.224331632194842534e+00
8.293571487952638321e+00 3.345173724590044362e+00 8.403211631249567048e+00
8.678470124209468395e+00 3.311749355977193332e+00 6.554042024766445707e+00
1.511574364224747224e+00 3.443066922261615481e+00 4.191068612108230340e+00
4.718360130312240663e+00 3.405604814567644301e+00 3.698451814108035585e+00
6.695088433049269483e+00 3.426542731280691978e+00 8.801448214596739206e+00
7.577923200148731553e+00 3.430417656812536187e+00 8.100349588246064769e+00
7.679927007364894642e+00 3.430152197618033139e+00 5.987074987408133708e+00
8.489991720570872147e+00 3.382311159390662514e+00 7.193997343588053539e+00
8.843114994713456412e+00 3.419525056622099157e+00 5.225311633626304797e+00
9.566515940493474091e+00 3.430975260474682820e+00 4.709610988024167888e+00
9.573600504221673191e+00 3.368044382444636220e+00 8.184527389790702046e+00
9.864203906480522477e+00 3.451764537139835554e+00 7.317037369314473239e+00
6.371914536342128343e+00 3.500426555110451865e+00 7.895717136013364446e+00
6.691103750499973302e+00 3.518296427695848827e+00 2.848692752797581385e+00
7.992056740646374280e+00 3.467325252624916310e+00 8.643306371021438395e+00
8.376556884939098779e+00 3.461701335550485314e+00 6.180985104834306298e+00
8.851755897285324082e+00 3.439103466049850066e+00 5.077505673236219152e+00
9.183433585177814606e+00 3.497532291911514601e+00 8.399811025696342526e+00
9.607304849117689116e+00 3.483905683198386782e+00 6.164274120869659868e+00
1.202407549173373891e+00 3.564584966031537849e+00 4.953462024589248891e+00
1.391899211936493685e+00 3.561853993914019245e+00 4.079143840869626558e+00
2.267655293485040691e+00 3.579074353206184611e+00 5.035894244506375905e+00
5.007113080165499497e+00 3.519011021153000129e+00 2.121617910873217383e+00
5.725957031416339049e+00 3.603193408944418419e+00 3.633603000377797709e+00
8.162890684157652288e+00 3.564055512571829176e+00 9.080671386847502191e+00
9.706019957152420830e+00 3.560294157277163141e+00 7.389730108065217351e+00
3.937930515065103387e-01 3.640832382219127084e+00 4.984127457795284322e+00
8.867753402058902168e-01 3.622604335253233554e+00 2.036582119742225583e+00
1.510736436440488717e+00 3.651958259753996572e+00 5.660844841228346525e+00
1.991286426536028387e+00 3.639833956704328521e+00 5.800278234633438501e+00
4.130460878438297456e+00 3.672622522351732588e+00 4.620068848586619481e+00
5.118610608628339165e+00 3.663841030853157932e+00 6.222724341785006885e+00
5.546098407699740385e+00 3.665018592865900704e+00 4.613175799248405262e+00
6.665460907200769114e+00 3.642082145607357102e+00 7.360089575890510716e+00
6.749891116497664711e+00 3.598133447669563445e+00 2.855823596606823500e+00
6.764053232698825191e+00 3.691444313612529449e+00 6.969632361200476467e+00
7.103413511847769257e+00 3.651931272386381266e+00 6.799833355523390743e+00
7.222244606415992862e+00 3.676504903613809994e+00 9.006981794001962527e+00
7.417822599268562911e+00 3.680686201385751311e+00 8.675749338590772908e+00
7.739227307566592273e+00 3.655946912519574710e+00 7.984559177079757930e+00
5.299216076072607251e+00 3.703508047573886408e+00 6.935160532881106121e+00
5.653424475813242367e+00 3.697001464624987133e+00 3.046408321774185524e+00
6.332878074635351240e+00 3.737266973166941675e+00 6.408962993853727141e+00
8.129232379535562103e+00 3.740056956307574954e+00 5.203393453704254767e+00
3.270280204445735750e-01 3.772214719406716377e+00 5.329006408337024325e+00
3.619013289267809519e-01 3.781887111311513117e+00 3.554119951421500279e+00
1.972163285347834361e+00 3.828371728959169218e+00 6.731183888976227436e+00
4.274362384842442353e+00 3.781255602256249126e+00 4.076640903777477121e+00
4.734401790235752472e+00 3.783926180555171825e+00 2.369501099701958324e+00
5.111579335849172345e+00 3.811824408159876221e+00 3.376430351163837607e+00
5.829358912622255140e+00 3.754912841031631920e+00 3.758897500630879573e+00
6.779983144460706157e+00 3.764429147215006211e+00 6.931951958538864034e+00
6.847623385400810392e+00 3.810343878701840215e+00 9.601765944244935014e+00
7.052722849422082163e+00 3.789268651576089386e+00 6.674819377774958706e-01
7.727859253249589777e+00 3.792180599055133605e+00 1.363988111994825836e+00
7.810631370391578621e+00 3.804735906019999891e+00 6.718172841254408389e+00
8.071998535649298034e+00 3.590824284942359501e+00 7.365037221159914438e+00
9.600732055945059074e+00 3.795695044958061981e+00 5.012395919993831050e+00
7.697950449480235324e-01 3.872090558630338020e+00 6.610257762340630450e+00
8.794098913956991392e-01 3.854783125606846994e+00 7.203535718910269559e+00
7.522744775540777695e+00 3.893915154700901660e+00 7.527737346673393226e+00
7.494773328700796711e+00 3.915945383765057741e+00 7.571692136644923465e+00
7.847748117848583504e+00 4.030370341800560752e+00 7.104883817133273993e+00
7.959694502805458427e+00 3.911587360931671142e+00 9.919558047578169280e+00
8.151160602138165956e+00 3.887836526569192763e+00 8.080994621596538252e+00
1.090125029895768982e+00 3.917012998401831148e+00 7.011503917867218050e+00
1.756044896876319594e+00 3.941484109575544181e+00 2.481591702523284315e+00
4.978491899045555336e+00 3.950190945747203752e+00 3.441489225879581060e+00
4.968319733674989358e+00 3.971525163659732627e+00 5.351299976386746593e+00
5.754809905909344714e+00 3.956908536520870712e+00 4.672090847505060651e+00
6.857985117221923055e+00 3.983117783550386815e+00 6.567228155955212365e+00
7.510794310157477227e+00 3.904808668566060348e+00 7.540331439012138759e+00
7.884038842248264345e+00 3.911191625381050585e+00 8.370600365851133873e+00
8.003525013049667791e+00 3.914264204081799647e+00 6.989889352360753705e+00
8.329555731476586899e+00 3.919732585662099478e+00 8.207992559878263705e+00
4.684636869340480514e-01 4.030289275625445811e+00 7.552265136893383080e+00
3.786005725016711843e+00 4.063276078361595545e+00 6.127807692283807839e+00
4.792952534999789904e+00 4.049601770386406230e+00 5.498195438804543755e+00
6.463791649376833703e+00 4.069071058724814449e+00 7.552713004791796081e+00
7.298121407405024463e+00 4.040113840207610885e+00 9.532294240210081426e+00
7.860270969722233936e+00 3.987817862413551406e+00 9.853697778158332810e+00
8.354427992375203615e+00 3.995501807214213663e+00 8.880788618681975777e+00
5.422305346944869875e+00 4.133301270810053829e+00 1.115923921480236114e+00
7.058694625641358300e+00 4.121151182784815070e+00 8.239352783197784191e+00
7.209899698371552645e+00 4.145970927996778244e+00 2.003209642158556014e-01
5.576347015932586970e+00 4.322475702484454452e+00 7.187372602481643113e+00
8.930989848037697243e+00 3.922552854675197764e+00 9.993834563263401805e+00
7.609645629267745903e+00 4.132124693190970532e+00 2.490158839174276384e+00
7.988694534514600321e+00 4.112276935415756896e+00 8.953757938429271590e+00
8.161654951157339966e+00 4.096204876704144127e+00 1.326223088575113895e-01
8.521796429017129526e+00 4.058695725054611181e+00 8.066480837536520454e+00
8.708474365919583349e+00 4.096773138448149609e+00 8.116942425768744585e+00
9.017764251589603930e+00 4.107904252613033158e+00 9.052717274072406894e+00
3.010991560388758259e+00 4.193059459549664858e+00 8.140648495234158233e+00
4.509305013611253798e+00 4.190721787699806633e+00 3.078389141953698616e+00
5.040096456322116225e+00 4.184194649490690310e+00 5.850582073044586551e+00
5.670411712620262890e+00 4.156016321045122197e+00 5.108715218337166242e+00
6.310349277439427418e+00 4.162420000926107200e+00 4.489988205015920997e+00
6.697318475023842588e+00 4.168049910819795478e+00 6.446060610144630942e+00
6.858692382348230865e+00 4.172227446969968057e+00 6.464942531264497028e+00
7.064814258486507015e+00 4.215713732497477828e+00 8.354596817789892160e-01
7.186442434331537399e+00 4.168495201255406180e+00 9.390319526521352600e+00
7.598790777407682384e+00 4.162538213563744982e+00 8.862322563315210289e+00
8.754830262348804126e+00 4.206562453875211993e+00 9.668889274404214973e+00
9.250413985128911776e+00 4.198807072612958713e+00 9.749079573266145715e+00
9.438074074129009006e+00 4.160398654881388047e+00 9.104437287836695702e+00
5.578904001684604097e+00 4.210353796457908082e+00 5.001328500293940493e+00
6.681765228750457197e+00 4.249622478376557488e+00 3.171155234714816640e+00
7.056753565785522042e+00 4.241682390466406716e+00 9.495423199089321642e+00
7.111308745318694946e+00 4.209174632774603353e+00 8.233187709631820894e+00
8.011583513189505013e+00 4.240252333463257806e+00 1.985764967848778983e+00
8.942111813138941656e+00 4.268141302719374863e+00 8.751274127483421594e+00
4.277781268473878740e+00 4.342170662110585333e+00 4.289429402300427796e+00
4.312262219708411948e+00 4.345466559880215129e+00 5.653445866127188246e+00
4.958760829460641339e+00 4.356723021554200770e+00 4.403632086519817079e+00
5.029670036764086305e+00 4.298396294845100662e+00 3.490254536223283299e+00
7.116697680614864296e+00 4.329590229410214874e+00 7.378610065771743720e+00
7.262228131982657153e+00 4.322668001927735482e+00 7.608137424080254618e+00
7.565356804530601664e+00 4.357531821364331037e+00 2.134902681316085626e+00
8.728539374445249521e+00 4.325031665354179822e+00 7.716561743775018911e+00
4.721953045934321747e-01 4.407519429549108914e+00 8.385190791031170932e+00
1.100904972793067760e+00 4.427504683008115727e+00 7.571521326392295137e+00
5.628806222031768058e+00 4.407369060649204862e+00 7.896575788994891987e+00
5.641915023044628441e+00 4.455674567873798786e+00 6.333232860151935206e+00
7.316199904482891370e+00 3.686626405255832850e+00 6.327441913462242162e+00
4.382778749373225757e+00 5.174115662114128433e+00 7.368426851627879692e+00
8.064514462297577069e+00 4.393514108053172329e+00 8.505087047851032978e+00
8.499202256745398643e+00 4.424839923514374718e+00 4.975222891569460737e-01
8.888404420191511335e+00 4.476657111823771018e+00 6.718547871789808390e+00
9.285540051504231229e+00 4.393243727316181513e+00 8.598051020844129866e+00
2.153698328128621053e+00 4.529169942324207554e+00 7.040732694086203836e+00
4.837865779496093310e+00 4.524800758692039793e+00 8.019843882218768982e-01
5.520121071977868610e+00 4.496778823706950590e+00 8.085861761636738976e+00
5.814713696052269398e+00 4.468085880498441576e+00 7.370069681080336110e+00
5.972727206348101170e+00 4.486940364223457323e+00 4.134818010154087453e+00
6.394412554853498243e+00 4.518946942516055110e+00 7.005840567148997167e+00
8.483593788841959693e+00 4.467198948869883779e+00 9.039807351372216360e+00
8.591684152192687662e+00 4.469858699819165615e+00 2.431717167459916396e-01
8.889915801640082549e+00 4.481782626876496423e+00 6.720493750814681810e+00
9.483022854409743019e+00 4.514737956304682776e+00 6.775634525802724184e+00
9.892997938894291465e+00 4.483518822830958150e+00 7.356267310394812853e+00
9.948194406804184986e-01 4.570493437387940894e+00 5.114996172423124321e+00
6.784774056604909731e+00 4.596022469658122667e+00 7.548977743578719313e+00
7.680023431578142379e+00 4.531742609327577220e+00 9.573917441167148823e+00
8.204485674757576064e+00 4.575700843354988834e+00 1.315036473494684000e+00
8.682356189387089529e+00 4.572274839263918089e+00 9.888800649029503731e+00
2.227292658009390358e+00 4.676937327888346374e+00 7.175885920754899949e+00
3.623820073617411985e+00 4.603255529894297204e+00 3.776417006079188621e+00
3.853276317950055763e+00 4.682595393367472880e+00 6.411711504044481202e+00
7.130982305750899641e+00 4.662480636416984403e+00 7.467397934458501751e+00
7.755093917324961339e+00 4.607434952560452324e+00 2.128197772919840691e+00
9.570370028350676961e+00 4.664421595653405639e+00 6.400284099309629937e+00
2.773485050933211404e+00 4.758022727101182348e+00 8.171977334178070151e+00
6.004995336710731380e+00 4.730202576185172703e+00 9.436161812151542705e+00
6.606441290156998214e+00 4.705087851662710818e+00 8.400201494054673645e+00
7.735129850059248469e+00 4.743377403734871045e+00 8.650744047163682282e+00
7.805091029818991721e+00 4.685832496884040133e+00 3.007690030150027116e+00
7.859694981474420139e+00 4.703492875955218366e+00 9.654589047810434366e+00
8.256460294609466288e+00 4.688542837654912532e+00 5.331219552734024703e+00
9.262203512704356712e+00 4.711697901681549006e+00 4.814236177730373267e-01
9.454087076118252497e+00 4.727557658968687626e+00 6.962602705514329138e+00
9.611948517564243843e+00 4.722241154430016685e+00 7.837173963981580727e+00
5.415760108334532141e+00 4.795199349966001279e+00 6.226655494521568635e+00
6.767212696086669865e+00 4.804432220682464560e+00 8.485923360913028901e+00
6.993217263925118665e+00 4.813578234046005377e+00 8.117901386378669759e-01
7.210399878304015964e+00 4.808850026913644271e+00 1.166384975818774095e+00
7.211378569358852353e+00 4.817391053080060992e+00 6.468867326529449180e+00
7.529917160925236885e+00 4.774018506745433044e+00 8.017741767456794122e+00
8.003159897574704473e+00 4.791008374934840219e+00 3.883825612001020389e+00
8.556140178783110173e+00 4.766582733022172391e+00 8.816617819066767225e+00
8.597373802786592023e+00 4.774611485008976253e+00 7.852592736946321317e+00
2.000536904112354186e+00 4.904905046460640961e+00 8.383802751873355774e+00
5.129084476636205814e+00 4.887236763058832700e+00 4.877129056867905987e+00
5.745344951050094906e+00 4.895269856412721055e+00 5.234874511762228622e+00
6.292181595850869336e+00 4.905655233458578124e+00 9.686362440774480831e+00
6.818619127064285301e+00 4.872158814569138130e+00 9.086773434702648089e+00
6.895393222507615327e+00 4.921411216737904049e+00 1.715933160103201960e+00
7.516789894355365043e+00 4.839726816671340082e+00 8.634235258701659532e+00
7.885859397674050086e+00 4.866384465507048951e+00 8.406383548362590830e+00
8.674383818233316390e+00 4.845220868803229664e+00 8.479172462917567543e+00
9.041296982202691623e+00 4.901912909293494103e+00 6.458701265069894504e+00
6.578187400606772428e+00 4.992026334949225763e+00 4.028867020720706682e-01
6.785720634029916098e+00 4.916099587148067052e+00 8.567122479305563587e+00
9.050428869472387561e+00 4.924502759544858499e+00 6.514504097194981469e+00
1.524593078305201743e+00 5.001667638627589341e+00 3.941650700222855797e+00
2.572687526698193672e+00 5.050321636163523920e+00 9.080268295929624145e+00
4.304391770574385490e+00 5.002409336788807614e+00 5.426560915019249975e+00
5.384990196804889884e+00 5.003356686307808054e+00 1.720942566204233248e-01
5.734888767210597038e+00 5.001949918305170328e+00 7.787752396378343711e+00
8.772114917209212770e-01 5.139058729056861452e+00 5.105438569453282227e+00
2.396312166163578894e+00 5.149979385113782726e+00 7.192069706570739740e+00
4.688481976389194728e+00 5.091481087252413218e+00 6.132949376342318182e+00
5.164366743801429571e+00 5.125416037099157940e+00 5.351228445096418262e+00
5.247023709606619235e+00 5.069929331796106275e+00 3.455577853609298700e+00
6.125556612241939369e+00 5.135826739371984750e+00 6.618598607613247253e+00
6.945938408829704258e+00 5.063688696443571224e+00 8.862785296411137992e+00
7.154978942284251353e+00 5.121113072391776377e+00 7.966706359867932186e+00
7.176616358108086402e+00 5.088687331148514126e+00 9.072726780644776667e+00
7.584741471402449697e+00 5.178644720287998382e+00 1.779653883930706892e-01
7.887444967190649692e+00 5.091126275994100503e+00 6.353789473057700476e+00
4.604233545426254182e+00 5.207683949866088291e+00 9.755584402961506640e+00
5.623069218148609494e+00 5.178824254112473824e+00 5.101083726407122043e+00
5.790128321573391190e+00 5.232188554348256027e+00 9.933379728069310133e+00
6.858393265902270386e+00 5.152562824495849014e+00 1.948267770410572197e+00
6.872629757454125965e+00 5.178942516656805495e+00 9.895180939764658845e+00
7.820153979632938679e+00 5.163053523446812676e+00 4.579490849208102787e+00
7.914599787869661895e+00 5.200644922323903074e+00 3.721374549573308599e-01
8.302153142628576177e+00 5.177078702073392158e+00 8.007547657859241497e+00
4.958474942951881737e+00 5.267890799688688119e+00 5.534533139081544206e+00
7.141302371082474565e+00 3.701803205472948832e+00 6.204430323444720230e+00
6.122375108848737035e+00 6.831460788872073309e+00 8.656913326271801878e+00
6.751415925342565849e+00 5.297077959354554721e+00 9.683231800384449528e+00
6.834385262312140163e+00 5.238681364491876380e+00 7.849547980145486825e+00
7.281661484495277392e+00 5.238498301026432991e+00 6.193978515191217227e+00
7.428129226463665802e+00 5.294399321458307384e+00 1.293616882039960281e+00
7.495714088305687639e+00 5.240272549368421906e+00 8.728742756810328629e+00
7.695230474402270815e+00 5.235479983217446787e+00 2.615011660138086280e-01
4.610290191800805459e+00 5.382707670127537369e+00 7.926907234680284908e+00
4.932201157146137938e+00 5.385530379714456473e+00 8.105347594820786483e+00
5.790618041208348998e+00 5.383246016799763112e+00 4.003203531932754800e+00
7.246923008353550522e+00 5.324604100025989162e+00 8.477286906739145422e+00
4.902348706696072256e+00 5.400965869592925905e+00 9.878077468845511078e+00
5.069685013614996016e+00 5.417950575905169153e+00 5.979463364510096746e+00
6.290879981354770223e+00 5.444513720476817475e+00 6.923029255509582924e+00
6.828987095461761747e+00 5.420217754450283643e+00 9.772516609883147964e+00
7.228070932618039457e+00 5.403350760534909369e+00 9.036252706593443651e-02
7.196897349607166205e+00 5.427204346924070499e+00 1.253234624412748577e+00
7.252510274084547959e+00 5.403203749731765093e+00 7.427362347533589038e+00
7.541395364358685960e+00 5.388040277779804654e+00 6.516177709010072761e+00
8.028858249569656991e+00 5.384377159460540518e+00 7.498120126832409582e+00
8.635364550056909394e+00 5.391063652853153698e+00 7.149477294842062847e+00
8.976113641325529358e+00 5.444214223270667397e+00 9.413709270670691964e+00
7.802031537959321916e-01 5.499820679762899900e+00 5.749448647119956846e+00
2.684581638512610891e+00 5.485849527486610810e+00 7.398024645366697349e+00
4.856880284534581982e+00 5.522710207374958102e+00 8.409034907112447499e+00
5.395554704156341863e+00 5.528055448843327113e+00 4.235156981666856169e+00
7.134723033182298835e+00 5.489634684366295758e+00 7.128525030782030036e+00
7.374257634968221176e+00 5.509513557874891276e+00 7.091027798399274218e-01
8.012249805746558096e+00 5.502202652971582175e+00 8.377059774332934472e-02
8.907903152600680219e-01 5.597511028375330433e+00 6.662655167737135287e+00
5.029898433278914283e+00 5.563454969992356780e+00 2.814186468234154859e+00
5.067200563638463606e+00 5.600174609679971383e+00 9.417712370944276046e+00
5.121501831312933462e+00 5.622084952056969342e+00 8.390247508669339993e+00
6.604932355341590622e+00 5.654347457997460857e+00 7.982810560584108206e-01
6.843269067133762817e+00 5.520634740044670252e+00 9.595015758586649568e+00
6.908118674886733146e+00 5.576854026552257260e+00 1.842560752412202296e-01
7.704732039709700331e+00 5.566269690096742551e+00 1.156316821855111421e+00
8.360975505686884190e+00 5.521799887072409874e+00 8.222970359054080802e+00
3.276807711006572532e+00 5.630420413097482424e+00 8.245603387867708634e+00
3.607891210785031610e+00 5.645868524735611516e+00 6.235775202292780151e+00
6.212699099006232295e+00 5.693391772156667585e+00 7.521817765023703473e+00
6.643065287078259828e+00 5.679736634753529856e+00 8.619368495027002197e-01
6.722098967653226786e+00 5.612351996996304493e+00 8.222745814688405375e+00
7.568449454392386144e+00 5.703048618635595091e+00 5.849202697401686635e+00
8.093706153296535533e+00 5.620891637679321207e+00 7.163302798162822782e-01
8.093614219553613154e+00 5.697370073840305693e+00 5.082672949647319527e+00
4.857268971600845475e+00 5.778818805909735623e+00 9.278650968085752737e+00
7.765984490525118744e+00 5.761852841311924323e+00 4.865753582548229872e+00
2.107362249732028570e+00 5.779142530668988087e+00 7.469968682185083253e+00
4.715628330474818775e+00 5.833795370449766260e+00 8.495207778762740247e+00
5.988214665252403535e+00 5.787238964409202602e+00 5.467048385713287217e+00
6.399630813042159971e+00 5.820607668790915845e+00 5.658125450848642046e+00
6.670052448124170752e+00 5.794945973462239941e+00 5.008452550721054664e+00
9.173528863285035584e+00 5.815219518873274041e+00 5.475684677812688861e-01
4.827812539276623127e+00 5.878812848937336355e+00 9.336402018022210925e+00
5.812391812893697995e+00 5.885378203538229158e+00 4.259609639309452911e-01
6.354215103406895437e+00 5.885282979332599140e+00 7.144238197530818901e+00
6.656866144234504290e+00 5.856125250953526873e+00 5.370649316342638313e-01
6.725719311259527267e+00 5.913442925303153963e+00 1.609369969003983325e+00
6.903898937726085983e+00 5.905782214305773437e+00 7.442266761187257273e-01
7.585301511690257570e+00 5.876102432297860112e+00 4.163779704989773123e+00
8.405096726522359063e+00 5.839329536414760824e+00 7.667561432673097421e+00
8.711425066894022962e+00 5.850650068882144339e+00 8.006894505992772082e+00
3.449856910570635593e-01 5.958422491828838652e+00 6.711852981805304097e+00
2.776545992654635420e+00 6.013501757112732271e+00 9.405507900708274249e+00
4.659655354343475331e+00 5.964390252408033000e+00 8.913869219314683789e+00
5.826651223705643368e+00 5.949792482692370932e+00 9.529444672594109988e+00
6.994729964241739317e+00 5.963416251957516678e+00 6.891917189846041847e-01
7.961024545073112080e+00 5.993906061018640763e+00 4.330343694681534572e+00
5.557869414375677941e+00 6.195279850733661497e+00 8.786863128822057334e+00
6.459697712136093450e+00 6.083174916615893046e+00 4.365001328066812292e+00
8.178282326651579837e+00 6.049100423631284862e+00 3.106283142421526922e+00
5.278652137362280783e+00 5.974685984164593400e+00 9.074640262680205183e+00
6.804272335161278384e+00 6.081897581096635363e+00 1.528030137880371342e+00
7.069210889297937506e+00 6.125889872480460241e+00 3.959093683408455355e+00
5.739771075915822252e+00 6.197654308257778411e+00 5.014221642194636175e+00
5.747658407152856697e+00 6.223628223024267214e+00 9.789825154677316732e+00
6.853887625979396603e+00 6.209638527513261508e+00 8.659764149930738952e+00
6.882479344011812827e+00 6.203259773719081771e+00 4.609291697852887504e-01
7.867647347902147814e+00 6.219751241761890093e+00 5.026384607133895344e+00
4.700128371910564651e-01 6.315573379600103898e+00 1.294286951492537585e-01
6.085867797505269294e+00 6.248878694768260189e+00 4.149181977255497422e+00
7.098077828929754141e+00 6.248754433193332680e+00 4.366280089035642575e+00
7.544496802793510426e+00 6.301802831910229052e+00 8.117560187886851963e+00
8.525421859877351238e+00 6.298057701075892467e+00 7.157801595220732338e+00
9.024662789313815381e+00 6.317511220183268605e+00 1.894862091698991780e+00
6.362364499244358207e+00 6.351815091396526114e+00 5.055338695600823939e-01
6.339318703204217087e+00 6.362510833885066219e+00 7.027883746966981704e+00
6.459649460141488220e+00 6.373062029600624179e+00 9.534204798389517066e+00
6.966010313549681143e+00 6.380870113143970457e+00 9.504586776171759510e+00
7.230739738707428366e+00 6.391800916520394615e+00 5.300802918295667077e+00
8.088126254563185569e+00 6.364339607677521826e+00 4.693194639582222827e+00
3.400877226597239122e+00 6.428739161799312818e+00 1.681695076834439639e-01
6.109925328538532874e+00 6.423179931962172518e+00 6.050129548232132670e+00
7.042400143383296118e+00 8.800025179449797008e+00 5.798073502153361147e+00
3.902459840058922769e-01 6.494017258476531218e+00 8.281345257320003483e+00
4.730860599786033127e+00 6.516920866982662375e+00 8.798916328519892360e+00
5.417803206560487084e+00 6.526921723190263869e+00 8.043208941283246816e+00
5.666869536186255552e+00 6.479659073466561559e+00 5.045163983661097973e+00
6.428316860744367922e+00 6.555172049866873962e+00 6.902574828763963666e+00
6.559634089153027148e+00 6.514937035372112106e+00 5.671255154006461296e+00
6.911952384923162995e+00 4.147491739345248618e+00 6.390305746116590413e+00
7.896456025693845859e+00 6.514482014855783376e+00 4.220555835624535845e+00
8.270687149181380704e+00 6.477014673770165487e+00 6.691926748382060808e+00
4.441341497334695632e+00 6.618913047433105490e+00 6.159025354076144154e+00
6.304024359777083752e+00 6.555374818966804185e+00 6.497753031773342514e+00
6.657378840658674690e+00 6.563502235191462475e+00 8.213160862455520572e+00
5.875050972617834155e+00 6.647591976309421113e+00 6.952558797991983397e+00
6.046477855627792053e+00 6.745838566440595763e+00 8.049301785601407744e+00
6.440672783326850670e+00 6.705139018302472387e+00 7.896056501720556675e-02
6.502800595791930149e+00 6.679435539269724664e+00 6.941367552167688082e+00
7.695455697645748216e+00 6.679632012973095279e+00 4.574064855080083092e+00
4.581702916869283548e+00 6.748802787607423248e+00 7.474921097853433949e+00
5.549341325318581930e+00 6.737303495560706068e+00 4.242445865029217250e-02
5.558661410724409002e+00 6.769225668357790937e+00 8.566329418905588966e+00
5.746569142660340468e+00 6.792361326449942283e+00 8.404460118687845593e+00
6.310680100818116145e+00 6.737266395721137613e+00 6.615293840552922688e-01
6.278063518095144069e+00 6.756942793353555743e+00 4.902983699918634031e+00
4.775206967964343185e+00 6.859799622564857202e+00 8.004582682583118114e+00
5.739821298066903665e+00 6.821477707059179885e+00 7.190186627176027301e-01
5.781344706019886814e+00 6.800510947334965195e+00 5.673998782648535411e+00
6.382892301612693942e+00 6.823233816021403442e+00 3.957779555027921337e+00
6.464253180479634153e+00 6.846622522633045271e+00 4.437609888692264803e+00
9.608078957709160761e+00 6.865632751862458250e+00 1.003616382228492032e+00
7.320109672585937144e-01 6.899578084235427511e+00 6.209629670354519959e+00
3.742502831437486854e+00 6.922589651400255839e+00 7.519212151403552369e+00
5.255779571043928122e+00 6.886085066942206012e+00 5.835922196458540157e+00
5.369122933792707109e+00 6.889894057656681170e+00 8.746837772798164323e+00
6.038559858139065817e+00 6.921911323593930021e+00 3.866402020797687022e+00
6.088072220514655797e+00 6.876400634212362029e+00 8.051285141481224983e+00
6.205406973363372103e+00 6.901718456066589624e+00 8.294246126388788554e+00
6.698447559902062309e+00 6.948405832253992109e+00 8.599454389592644077e+00
7.150933696844598231e+00 6.922527654033048705e+00 5.298734565032992450e+00
7.601876703551750047e+00 6.918159676664677349e+00 8.011586268648676068e+00
1.126586713058196576e+00 7.007632015957273808e+00 7.667915977805568772e+00
1.464504072054193529e+00 6.996157949989382452e+00 9.302646867116269647e+00
4.105857789371528455e+00 6.990244464988287554e+00 6.517623335257135331e+00
6.690334607834728331e+00 6.947925399412977043e+00 8.567614336565961608e+00
7.472910214796502082e+00 6.978594691792918248e+00 3.555220843754248961e+00
7.445903797774259480e+00 6.948157826440925611e+00 7.974988578063848976e+00
2.111068389139892920e-01 7.103451934566288983e+00 9.212969430157727402e+00
4.263179991638005539e+00 7.061167864674706252e+00 8.693128766737316937e+00
5.166667670479081487e+00 7.117392115337863423e+00 7.038199479787291324e+00
5.261715749664291231e+00 7.036781316672234610e+00 8.989914114332099970e+00
5.404153499377629899e+00 7.081428380578568493e+00 5.277062470066562483e+00
5.327031578889687147e+00 7.052096534333262667e+00 9.078791627855501645e+00
5.509489803145705800e+00 7.046159379019615088e+00 9.721078306348593046e+00
5.981272517862216809e+00 7.025337118616475252e+00 8.168555284001506323e+00
6.571785304014971629e+00 7.027587220070291352e+00 5.218765840408730483e+00
6.553869918647556858e+00 7.041583745837985298e+00 6.793663192124163253e+00
9.421111227701750579e+00 7.093678070505712974e+00 1.938422613535746297e+00
3.567897056015917112e+00 7.179415880404731887e+00 7.730525919088369946e+00
4.625212876609513302e+00 7.150738479280340343e+00 3.942428294507755560e+00
5.503028121220079782e+00 7.161353044754569019e+00 8.584797951720894993e-01
5.891680417933289782e+00 7.107107030994788133e+00 9.076374486000267083e+00
6.260109813978219861e+00 7.108768298171741939e+00 7.736890291674405340e-01
6.861762141161098505e+00 7.161585295395678230e+00 6.496550314142703897e+00
6.845768439720701259e+00 7.118538779813523121e+00 8.694292403969274829e+00
1.437924366570927592e+00 7.245165637199824538e+00 8.995687982759855927e+00
3.884224578843148645e+00 7.211871384708365085e+00 7.548869404808108641e+00
4.366815138664457585e+00 7.246005104489681159e+00 1.249370745827575124e+00
4.686809807277718676e+00 7.213947869970238180e+00 1.934582068894318274e-01
5.051766395193154402e+00 7.249518784933923321e+00 7.075255203410028670e+00
5.359431902891840238e+00 7.226726593784007946e+00 8.582156973849739412e-01
5.820156806138022887e+00 7.210237163921842551e+00 3.705402315557412285e-01
5.897385815767696826e+00 7.253691854730929478e+00 9.596435859833928106e+00
7.016046500630867655e+00 7.187040321449341462e+00 4.852170618673701696e+00
6.717647285512945210e+00 7.236815809616119921e+00 6.918144904746202251e+00
3.360919387489949006e+00 7.342663597760269667e+00 7.741800052387491249e+00
3.731311406282347143e+00 7.326991498301127947e+00 7.701826699708853141e+00
4.731320333186986637e+00 7.404118436086712052e+00 8.029607635099974772e+00
5.606878361494131546e+00 7.373245860570733612e+00 4.697368111660885859e+00
5.607989924168458984e+00 7.389380955066171097e+00 7.561249132362171110e+00
5.888717334669146375e+00 7.324761924016611303e+00 9.603075401259456356e+00
6.924246373287497036e+00 8.739752591576342766e+00 -9.715873600285492850e-01
2.134322984199265028e-01 7.482680611043393881e+00 2.568117203675253091e-01
1.834490613829632188e+00 7.461707031544682067e+00 8.759728951272727215e+00
3.991047291785871032e+00 7.433410448133938253e+00 7.272343157344882236e+00
4.770023228269026028e+00 7.482426392817243865e+00 8.532979619032865060e+00
6.182889146473749875e+00 6.113090629570645973e+00 1.614697863029491032e+00
6.567749929874435288e+00 7.413322273017158182e+00 6.132167061077637982e-01
6.829385611386188160e+00 7.453540852347957824e+00 6.703967796430629900e-01
7.901305011596837069e+00 7.429676667766184295e+00 6.234600841435366192e+00
4.514705990267772862e+00 7.572582167969986955e+00 8.922665973116018279e+00
4.484692723350781840e+00 7.555363971492036868e+00 9.894951138027458626e+00
5.861921345048019205e+00 7.538639676069779583e+00 2.878058094432209835e+00
5.802349131147961359e+00 7.544368187681540050e+00 5.192770647631220093e+00
6.099081935677849842e+00 7.546951245521420049e+00 4.238635152993249555e+00
1.067021303878204819e+00 7.619253824491729610e+00 8.223064588178958800e+00
3.763243600889754958e+00 7.623866640391097960e+00 1.180496372219599355e+00
4.831599503799971274e+00 7.632405015273391768e+00 6.719672963514879527e+00
5.936895699285293482e+00 7.625337815393708141e+00 6.825360234266804049e+00
4.180266689926037671e+00 7.665020685167819536e+00 6.471145941307068661e+00
4.448240129877889082e+00 7.685290092767631975e+00 9.648577448176139271e+00
6.353429631737538941e+00 7.704185401513413467e+00 6.201459126963289492e+00
6.439047730164307204e+00 7.642177214509862537e+00 8.341463076567958268e+00
7.338289245441623976e+00 7.701317425691676988e+00 4.060732062641528195e+00
4.037341242987294798e+00 7.850490923400540666e+00 8.187414890632865649e+00
5.186167809382073557e+00 7.795728260352666972e+00 7.298746905298097332e+00
4.612507919482055740e+00 8.258212672500166107e+00 7.022171486688119302e+00
4.558362278161143699e+00 7.863040358980706301e+00 7.290711143880407974e+00
4.850702126787251878e+00 7.881332506940154303e+00 5.834620912342122878e+00
4.931244142905859995e+00 7.844154287533729786e+00 8.916976116494394589e+00
5.053023288379347555e+00 7.862741788254597353e+00 8.336496686958387581e-02
5.092215134057589410e+00 7.862451287674900868e+00 1.607463136575400409e+00
5.397548520153544693e+00 7.822047295640352615e+00 5.125089557034963050e+00
5.429947511910310887e+00 7.837865317096424533e+00 8.415493527394250606e+00
6.592844352049281653e+00 7.789843989851846118e+00 5.987400504012643232e+00
6.584374690709756450e+00 7.811477457475350050e+00 9.578265558782566913e+00
6.980434824554721196e+00 7.859204584440655950e+00 8.349032370189515717e+00
2.743727775840926197e-01 7.949464411372149542e+00 2.114345981904676819e+00
3.478468072366912800e+00 7.501469548698244338e+00 9.268188110397275636e+00
4.592318266262911841e+00 7.939925786478978509e+00 6.493870608171118164e+00
4.723546620975227484e+00 7.902275086825410355e+00 9.099851404863514404e+00
4.923492742489753660e+00 7.913672853580258959e+00 5.860172933361981862e+00
5.284399623329643525e+00 7.892231488484371837e+00 8.871330343569235666e+00
5.272246886478627381e+00 7.901151810525345986e+00 9.193128552224722583e+00
6.100961911370611723e+00 7.867307850277171610e+00 9.492128821723905929e+00
7.850307954846035940e+00 7.874250953769140082e+00 6.451993082952402148e+00
2.006380266179558447e+00 8.021883809535157894e+00 9.955868483750048625e+00
4.035312161261859210e+00 7.940722365108895175e+00 8.095435741889492220e+00
4.012965657398968489e+00 8.028450495638740136e+00 8.004675931182985149e-01
4.980876486014943261e+00 8.006734903877148923e+00 6.123980190444967775e+00
5.542582890323422440e+00 8.018713614317629634e+00 6.519365765867008555e+00
3.210581554403455939e+00 8.066416455983029365e+00 8.756805362898298029e+00
3.522472566034617891e+00 8.111186655088941322e+00 1.049512881163086497e+00
3.878303670324467767e+00 8.066174371789360364e+00 9.128108883956009834e+00
4.995877566031509787e+00 8.031753693498163926e+00 7.235944174624007630e+00
5.302498188627975395e+00 8.102120294605928308e+00 7.996581717830533620e+00
5.476585923487648166e+00 7.530845087703895047e+00 7.705512425364601015e+00
6.976242256078275972e+00 8.053853656813252826e+00 8.225387595744352964e+00
8.758495837261917605e-02 8.159815191062465445e+00 6.435043425068966982e+00
6.024214796298139607e-01 8.146485417830897191e+00 6.549602868095339758e+00
1.093340915597598162e+00 8.118119511852567527e+00 6.738464556630697544e+00
1.306903455752248533e+00 8.180232137881077392e+00 6.247427888331688273e+00
4.959778710204265195e+00 8.168333340797556019e+00 6.402873848573005233e+00
5.751420885112454862e+00 8.164652447271421920e+00 9.126341068774287635e+00
6.011976925095022573e+00 8.176022402526376354e+00 1.811690709636476715e+00
6.712330060410717891e+00 8.663367487500547526e+00 5.291794274084235639e+00
6.234637439500393619e+00 8.157572828943695953e+00 6.327383608271364146e+00
6.620081204739644676e+00 8.160002802160789770e+00 3.332326559219039197e+00
6.706906867018165741e+00 8.130239829480128577e+00 2.340223117764513638e+00
9.635956290204086727e+00 8.131003909034056676e+00 7.538066597130737456e+00
1.832653321615590691e+00 8.203207709569490191e+00 9.960174166314262223e+00
2.791815077955754898e+00 8.218069206976991836e+00 1.451267885000235291e-01
2.869632782106249724e+00 8.202964503561890552e+00 9.515244286744829694e+00
4.786791298902764780e+00 8.186779061671609625e+00 7.146088865741370810e+00
5.561564301577297087e+00 8.214535115157563183e+00 2.272555079196847405e+00
6.063286819007024597e+00 8.242807751382953185e+00 6.665909171798525268e-01
6.800972688686607981e+00 8.216066292871726517e+00 9.323345816345211645e+00
1.823872360288012473e-01 8.336760118026699473e+00 6.906318691721738290e+00
2.264043640556011372e+00 8.302804547443864536e+00 6.468244693901245568e-02
4.550775698647631984e+00 8.267616279829063330e+00 6.698565516202884318e+00
4.862663920381878668e+00 8.274921486349601452e+00 7.982541953210505525e+00
5.489798508700611812e+00 8.315661301977694819e+00 6.421438609233161898e+00
5.490911455367106342e+00 8.266395542363248694e+00 7.043364058545845907e+00
9.847214852105963701e+00 8.306677863389108296e+00 2.923225193320750037e+00
4.993273077400881554e+00 8.393699473774040243e+00 6.209521016431030382e+00
9.265573648180927435e+00 8.397247901803311265e+00 7.112437595578754213e+00
8.240275179944600570e-01 8.489735704137203243e+00 8.939584512661543414e+00
5.109830477277310656e+00 8.488578509458605481e+00 5.076680929517924490e+00
2.404730590793311418e-01 8.559448752294503748e+00 2.846298976420968518e+00
4.099527569217539913e+00 8.534317055566290833e+00 9.600781160513164991e+00
4.222111181811609271e+00 8.524670348391996555e+00 5.993615084887159661e+00
5.232242514554052981e+00 8.524216185846240634e+00 8.574672607966983051e+00
5.327941801354449503e+00 8.541239465924654439e+00 9.210645088590045049e+00
6.531084353063944192e+00 8.548277616898058540e+00 1.575656997857160402e+00
4.317609622088090404e+00 8.603157203063933167e+00 8.725862152213805345e+00
4.745004516757378887e+00 8.629185957378242122e+00 7.112678976409004150e+00
5.220775614427227040e+00 8.586374226851482661e+00 5.909856538541458093e+00
5.251834815138541224e+00 8.631025759105957817e+00 8.388802944104160275e+00
7.793328301785081180e+00 8.646756765051883065e+00 2.522555385533093109e+00
2.966548416422358780e-01 8.711820732279836221e+00 2.374815404278714848e+00
3.740324259380133576e+00 8.716133782167354127e+00 2.302943455912146220e+00
3.959942278241225022e+00 8.714381664913437575e+00 3.784454081448440643e+00
4.525055508364131285e+00 8.701702894610088279e+00 6.958587455327821303e+00
4.682544441210413133e+00 8.705256952384674562e+00 7.311434478829092143e+00
7.841837399822349397e+00 8.676248655165766266e+00 4.000587544007716545e+00
7.927099854724446004e+00 8.697126672184786855e+00 1.483244211239966859e+00
8.369188315773032016e+00 8.707820331551779702e+00 3.711648990152399907e+00
2.392900738172506259e+00 8.753728416662999834e+00 6.111553622464621860e+00
4.403885519381834257e+00 8.766905875146333571e+00 6.783589611856972734e-01
4.543383367460384292e+00 8.786651405729015707e+00 8.517053567000415271e+00
5.516860426355852276e+00 8.809828156080591555e+00 1.608358543493604742e+00
6.033341222989145436e+00 8.792532955770411718e+00 2.665133611834259231e+00
6.558531832472622725e+00 8.760155251731596593e+00 3.355648984982201544e+00
6.672389858269305307e+00 8.748248491389157167e+00 1.617581043087411352e+00
9.770157210335090880e+00 8.787272045906018292e+00 3.565420819172423705e+00
5.289884528728784119e+00 8.857086165666832045e+00 6.627272864809196307e+00
5.934164096522830611e+00 8.827502661018097996e+00 4.762525249705281460e+00
6.268568557416672959e+00 8.805829125599363039e+00 7.206430018018018302e+00
6.835438626084569869e+00 8.843226920080006437e+00 7.939139982511953519e+00
7.796927875291315146e+00 8.876500593331874356e+00 2.170049900550848676e+00
4.157780619426371338e+00 8.955800699574512080e+00 7.648757044023149376e+00
5.160510370747498854e+00 8.927197790119130616e+00 9.137076743653449462e-01
5.454892497242651572e+00 8.884935057325343166e+00 8.469804706599399324e+00
5.505687663524140518e+00 8.913504120348445525e+00 9.781139079647230616e+00
6.428125427029725891e+00 8.944300835669345418e+00 1.368314569552807836e+00
7.513287043977191715e+00 8.934420914627189347e+00 2.133386245794797187e+00
7.891470174730370601e+00 8.972529178129448724e+00 1.948106662690624269e+00
1.007344844446389220e-01 9.013584214065234690e+00 3.427803669647691454e+00
4.340427547836978039e-01 9.025728863794329371e+00 3.303913309335412496e+00
4.001048448422722892e+00 8.980432052521971187e+00 8.556196649011585720e+00
4.560493241328437364e+00 8.999964031971263267e+00 7.347998672902309458e-01
5.939713961418989108e+00 8.961253691805548982e+00 8.092922010926638876e+00
6.298885841479476611e+00 9.002961456066454815e+00 1.136469911210629125e+00
8.057741825007941117e+00 8.991220908737954431e+00 7.644895142443533409e+00
9.468428892086059534e+00 9.016338142443025561e+00 1.254326639177877567e+00
9.600101648336414328e+00 8.976068543246036313e+00 3.592885106880207680e+00
2.731455494262695183e+00 9.087315980932105575e+00 3.320363080543262235e+00
3.658007128441995270e+00 9.060703914302605355e+00 3.864853411229171698e+00
3.995583952593974253e+00 9.099921529561104450e+00 6.791128941317531975e+00
4.594413701823992113e+00 9.057786991801187071e+00 7.762420533281833457e+00
5.360862094929456312e+00 9.126184127234955312e+00 1.110756320870649905e+00
5.905990415790612680e+00 9.065034297969194910e+00 6.237982794342928017e+00
6.154889596657833195e+00 9.037177761003562182e+00 8.854222176903867592e+00
6.241326048971570728e+00 9.058674030737400074e+00 9.893488588438506426e+00
6.409498309515610615e+00 9.088234460898609868e+00 2.319102169373677746e+00
6.445479978499665918e+00 9.099800117780709741e+00 7.584830327348075940e+00
6.971824022892465500e+00 9.135915602222034693e+00 2.337353050165786428e+00
7.858729567927749571e+00 9.004313097768434915e+00 1.818437307731862962e+00
4.070914984798072567e+00 9.181121215254098189e+00 5.973847887009344326e+00
5.739907127764916517e+00 9.118834325568933252e+00 7.007858473517330822e+00
5.688394701086415317e+00 9.170509334818881086e+00 8.246092935387784095e+00
5.988271091316871519e+00 9.168702853607161529e+00 9.762437215323787498e+00
6.622642393079754441e+00 9.197898111379906538e+00 4.677753366325783091e+00
7.603699069262505716e+00 9.240068225663566892e+00 2.429896497477311179e+00
8.906099530443929879e+00 9.137522496968625063e+00 7.688049875179002512e+00
3.613256298719648818e+00 9.265467431347451210e+00 5.893537768779175678e+00
4.334142067056118819e+00 9.241534818572585408e+00 2.175816258062847730e+00
5.628190312211350133e+00 9.231892879509899785e+00 3.855163592001130679e-01
5.829432944100435776e+00 9.223992375569793012e+00 1.895638590763718323e+00
5.763851715477080973e+00 9.181342936602909788e+00 6.790094373367828062e+00
5.995366187288792226e+00 9.246054964409736954e+00 6.502497193967155198e+00
6.920390978209693955e+00 9.248812220900560988e+00 2.210349462716989954e+00
7.627413409524720578e+00 9.194757270765970603e+00 2.063875393904547551e+00
8.156393094058262960e+00 9.220618603873685259e+00 4.372057662490275831e+00
1.647549859775085390e-01 9.315885838676805975e+00 2.105648912486802526e+00
3.969448351039973844e+00 9.351386379226255485e+00 6.482532511231116068e-01
5.461860704436259262e+00 9.291823509250800583e+00 1.307736656335155789e+00
5.523137985215436530e+00 9.307653913933460643e+00 8.254414478057789495e+00
5.505248405609781237e+00 9.481811811564025305e+00 5.553560724808692228e+00
6.218880888447650079e+00 9.342642039203836291e+00 4.164850579642502382e+00
6.588982992656323034e+00 9.278537826820656420e+00 7.670044257728788395e+00
7.034168015538629248e+00 9.325189170071070066e+00 2.484582517707658589e+00
9.759568016441512839e+00 9.327716265261710049e+00 6.371333397259657083e+00
7.393144967749532004e-01 9.432938523983342094e+00 3.150327043363209345e+00
3.208148989202542545e+00 9.425370876214522298e+00 9.686485752099642355e+00
3.448320634817045871e+00 9.404837974362587616e+00 4.759490704717143750e+00
3.702446313644248033e+00 9.364322075837845816e+00 7.428025960145388851e+00
4.040113851993419658e+00 9.412928367330053447e+00 7.672193132945553273e+00
5.250926372246293994e+00 9.375428362950101402e+00 7.276901623919611595e-01
5.639385778586675890e+00 9.167010922530394623e+00 5.742955227703525622e+00
6.242432193980096855e+00 9.405590686363339614e+00 2.012840229094782885e+00
6.746183425967470448e+00 9.332823826552083091e+00 4.637397413698214343e+00
6.901822759654961281e+00 9.344713106930285562e+00 2.477926556594465257e+00
4.081941289179400911e+00 9.435460709752362618e+00 7.706436335706317031e+00
7.295991918992463354e+00 9.478521854374097444e+00 1.845831224161867290e+00
7.910817627151192966e+00 9.484897789020710235e+00 2.566761275294219935e+00
8.206283060116090766e+00 9.508197964113470846e+00 3.072917586005738944e+00
4.522846635888900124e+00 9.563365006350004194e+00 7.298070388506205930e+00
4.714629157925541492e+00 9.541224626768034511e+00 8.615268185254696398e-01
5.044835937657817126e+00 9.516873584613948722e+00 4.057909425732306730e+00
5.376220985447912604e+00 9.492369539303957993e+00 1.387812292726261276e+00
5.940317494512001417e+00 9.543513051672658065e+00 1.296113311105530741e+00
7.209592960464986433e+00 9.519260526161769320e+00 2.318126583670367946e+00
8.438731197588114075e-01 9.635538403076242986e+00 2.912744539184718207e+00
4.104638185937763417e+00 9.600204115765620827e+00 8.376747532590343326e+00
4.142020001368329929e+00 9.588773661764191658e+00 9.752158241876044187e+00
5.036137226186951033e+00 9.620640522961114272e+00 4.841093715038981671e+00
6.909002505632851232e+00 9.633742392006521271e+00 7.442693317738498848e+00
7.073404864786406065e+00 9.585210293130336012e+00 3.617904274474780912e+00
7.430678901665427993e+00 9.604706651354927516e+00 2.546229711229347270e+00
7.732188404759687828e+00 9.615291649022733367e+00 1.858040737405411758e+00
3.012573606104067103e+00 9.709878609886658296e+00 7.106855126093929442e+00
4.597010401907462906e+00 9.681668377559704552e+00 7.989647746211808510e+00
4.871050709152203062e+00 9.717704067462227258e+00 8.058749260291873995e+00
5.437418145716103268e+00 9.698289107004219645e+00 6.268976360035086515e+00
6.203883951354160153e+00 9.677371307452910187e+00 1.785318895880054768e-01
6.540481671723398449e+00 9.679061965075705487e+00 5.569045957173351269e+00
8.749656338951998791e+00 9.691053799966503846e+00 3.567717070384243350e+00
8.039471032039458009e-02 9.809925609387740053e+00 2.412923411934167373e+00
4.473956238150332609e+00 9.740695761340472103e+00 1.665930393673775267e+00
6.072104564640255830e+00 9.756400304035640403e+00 2.022259098717822834e+00
6.363271332657037149e+00 9.790147689489828053e+00 2.549168489253390568e+00
7.550851816675458572e+00 9.748605828926033112e+00 1.808993646325158799e+00
8.222925567789289403e+00 9.803179840506942355e+00 3.261077227972917214e+00
8.680567809055814266e+00 9.784641723425963278e+00 8.590308648741036279e+00
2.037382148208115029e-01 9.854540011056778681e+00 6.357989049872453613e+00
2.636631285897583776e+00 9.853028783602288954e+00 4.800991668765361986e+00
4.577332571730569732e+00 9.809882273953785869e+00 7.456710137709676722e+00
5.202104637272514154e+00 9.839391962912102940e+00 3.674001099503911405e+00
6.815398160842940811e+00 9.838179939877603530e+00 7.765067042073044767e+00
7.771240761983667866e+00 9.867461809079046020e+00 1.046370247962769895e+00
7.715894593359401199e+00 9.840540534868598144e+00 1.963086348739842002e+00
8.901137490199049651e+00 9.867263227784045299e+00 2.456782408601675627e+00
2.997454550026821263e-01 9.963024390893910009e+00 6.539304587601075802e+00
1.955403965896146179e+00 9.936862246667981680e+00 9.502484473615066207e+00
3.561387303890348299e+00 9.954414106636590986e+00 7.248462839628651011e+00
4.229419040311183764e+00 9.932835379456381730e+00 6.611136662990456436e+00
4.280189796175398520e+00 9.899043407645727655e+00 5.027179026300255593e+00
4.795201518831802900e+00 9.932004047286330461e+00 4.550119508189960804e+00
5.222014112020394450e+00 9.910974733972697237e+00 5.162467976601008424e+00
5.333513436575150202e+00 9.951277483635404764e+00 7.369473279976674007e+00
5.964535758802806953e+00 9.885545032526593445e+00 8.403753907356517061e+00
8.226913276869048275e+00 9.933246738321198421e+00 1.758383664321265361e+00
