2.116603904995001617e+00 2.808326483366711118e-02 7.233730643802268823e+00
3.065761556139181998e+00 1.897539334479630968e-02 5.113512657969249808e+00
5.835272365790275195e+00 4.237062205299071960e-02 7.795252478558734044e-01
5.803292782546327189e+00 5.486198238215449219e-02 2.179392465517495214e+00
5.929881190148181602e+00 8.986442980219092047e-02 3.792275699778411280e-01
7.540356105443235535e+00 3.624006863293451064e-02 4.150399558426259183e+00
7.741978450239103360e+00 8.646417213041354688e-02 3.576389869972560032e+00
4.129095452254047061e+00 1.436023127368646346e-01 7.453704164788932829e+00
4.204061948270721771e+00 1.424605132366232318e-01 8.835801009742080936e+00
5.090225168741065787e+00 1.206617981069587064e-01 4.963232988837154913e+00
6.096518835357288779e+00 1.544635822519788704e-01 1.102610428207662085e+00
6.249134185238935046e+00 1.324114333672049837e-01 2.014538975870376891e+00
7.468372147765233393e+00 1.281996787083121425e-01 3.275945318731686484e+00
8.551332514297325105e+00 1.307301963996675698e-01 5.212892345140991424e+00
9.317588167128754151e+00 1.305662540476151268e-01 6.594905494943748892e+00
9.333126520662586856e+00 1.425341342477081663e-01 7.644671564742543168e+00
2.878546699635730732e+00 1.897845389462812227e-01 4.026515804842521362e+00
3.259380636080799754e+00 2.186604207868582672e-01 6.795894360425755565e+00
4.771614980398114270e+00 2.226262925670732806e-01 4.303119331526538360e+00
5.393913834770112103e+00 2.132933506206198815e-01 9.695776381909848585e-01
5.366446594919991320e+00 1.999159885291121874e-01 6.599089864577509346e+00
5.968379901183372915e+00 1.999738328890652839e-01 5.798172104793982484e+00
6.657259592291695505e+00 1.744033869243206136e-01 2.051669070289133950e-02
6.688986615645691636e+00 2.044075030783946145e-01 7.423032769658318486e+00
7.905620535921755732e+00 2.047609478433763397e-01 2.345858860557332282e+00
8.154005607283291823e+00 1.863222314246896216e-01 2.137283206058813612e+00
3.824733678675047877e+00 3.020582893884460329e-01 9.342991562510118975e-01
5.879820771953085057e+00 2.484367493082440537e-01 2.113743359735898775e+00
6.299478177127939560e+00 3.186946679092145240e-01 4.450079649496114342e+00
7.098431657441183873e+00 3.183634175355912754e-01 2.226358762223445531e+00
7.844827399213665231e+00 2.894581893398053829e-01 2.095038701305504958e+00
8.007313429214921285e+00 2.773243019868596448e-01 1.916099860003783295e+00
7.961637860659952715e+00 2.930859038737591016e-01 5.302973286669213415e+00
9.542895853551865315e+00 2.799574766958433658e-01 1.324486217080960149e+00
3.537644436658381686e+00 3.777583801615216341e-01 6.087396216671971061e+00
5.598845522942479391e+00 3.452919292253311401e-01 2.916080488263129045e+00
5.769540006387796183e+00 3.512691975741913941e-01 2.327226176648106826e+00
6.477991170037723734e+00 3.623997454406078234e-01 2.664410589143178854e+00
7.636054780128590735e+00 3.628782139431602216e-01 2.326439598676617315e+00
9.033528171239124660e+00 4.015987701963693590e-01 5.572736769391438472e+00
5.422912842272545331e-02 4.089129753909402920e-01 2.661780015895224061e+00
5.586272040337307843e+00 4.097384163128301449e-01 2.517996784389495257e+00
5.931272641445637817e+00 4.209732077989204457e-01 9.406030529824471742e+00
7.046911564169858089e+00 4.803425935381383516e-01 1.695567105967333177e+00
9.408283827148524736e+00 4.520865368827161612e-01 5.605648781255797353e+00
4.855498598638280372e-01 5.058255340061469374e-01 2.709105835993250277e+00
5.640231877085382095e+00 5.018160863470055855e-01 9.838651176461468140e+00
5.883397629876244039e+00 5.100819592816162595e-01 6.893286981667115398e+00
6.173925474396892099e+00 5.527830202113647173e-01 4.048399765689164376e+00
6.255593247151341352e+00 4.872330873100484405e-01 1.490330284015197515e+00
8.833700836345883545e+00 5.359301561526366164e-01 8.132218036855549670e+00
3.315201933563813430e+00 6.383746541608423808e-01 7.331862818840920504e+00
4.381998428916904942e+00 6.268124707092619374e-01 7.228389007699554947e-01
4.693539777935933799e+00 6.471942357887968678e-01 5.263835609954265138e+00
5.145696350060083191e+00 5.615161676899974585e-01 9.373990684203624468e+00
5.237528941540868566e+00 6.239656048706956337e-01 3.141550082848765246e+00
5.358115936383886613e+00 5.999245941060865617e-01 6.684926185963603551e+00
5.459438082970531347e+00 5.782144241232405335e-01 7.637077365662230832e+00
7.823224522025495453e+00 5.853575745197432401e-01 5.801134918476343216e+00
8.153786812742408685e+00 5.970898839041942630e-01 1.834792476783859261e+00
3.840703991127368599e+00 6.676118240655923852e-01 8.159387640925372942e-01
5.235846213633177371e+00 8.831835970083430354e-01 5.358020843364903030e+00
6.229148962080977903e+00 6.590225601256620713e-01 4.552325669628536353e+00
9.332205131761323713e+00 6.500745372882331674e-01 6.853196502036320581e+00
9.946076959353801428e+00 7.084997848100361706e-01 2.566100860115763105e+00
6.099318133358189620e+00 5.359631195005836179e-01 4.760692670642179714e+00
6.357916828645366003e+00 7.322332944988343417e-01 2.826189846933181649e+00
6.834721502856831776e+00 7.401428775848823971e-01 9.607375060524173449e+00
8.298163979098298171e+00 8.113716608771730510e-01 7.757746752787317845e+00
9.210881410102164324e+00 7.611785677279025997e-01 3.300364544065278682e+00
1.161289941678302906e+00 8.701177806978047657e-01 5.910350750539402398e+00
4.574165771458552854e+00 8.571820344815077597e-01 3.692587517168863354e+00
4.615001704205137223e+00 8.843427293997195848e-01 6.280562330673216564e+00
4.856384540131975847e+00 8.506380955341268368e-01 5.694811607606351522e+00
4.920248433604526461e+00 8.467089567894571234e-01 5.809779654018973005e+00
6.081070247316499255e+00 8.257995656253619421e-01 4.851476636248153618e+00
6.172098302594086761e+00 8.326116274420294339e-01 5.168156936314079353e+00
6.278990635657677899e+00 7.953410715719616553e-01 2.905019962039755654e+00
6.351484021752169085e+00 8.513333690143619625e-01 9.752435167220937728e+00
9.902578498411891417e+00 8.538720075006238641e-01 7.320164249693930536e+00
4.659755878549204589e+00 9.112974391216800418e-01 5.760362215273882036e+00
5.576377246213017003e+00 9.055797839973422914e-01 6.767937630027799578e+00
5.799561454157984741e+00 8.953846628757049508e-01 7.025110745803729628e+00
6.683627198227461541e+00 8.905191648518445691e-01 4.030840082302162841e+00
8.336707369801411360e+00 8.952339903562368528e-01 7.724524737957295883e+00
8.528187379769104126e+00 9.189512151534273698e-01 3.150319063832768940e+00
9.141906581356632699e+00 9.308018596444347370e-01 4.794814658935612428e+00
9.759390418199847872e+00 9.365546513186712163e-01 4.711832695844503149e+00
4.445591778349070822e+00 9.708162839006699851e-01 6.028022174168849112e+00
4.790516086792038664e+00 1.022238875250833345e+00 6.415653651081651532e+00
8.179755721628177767e+00 9.649163142368185619e-01 3.306476631385443232e-01
8.256346457736261968e+00 9.722038499909511078e-01 7.365148411071133161e+00
9.301853807518320139e+00 1.032058818836387726e+00 8.172039375148134610e+00
3.721454592762492464e+00 1.046264641148829222e+00 5.910800702813136631e+00
4.540256406663675470e+00 1.104733392932499614e+00 6.957983148889255176e+00
4.851218956892227041e+00 1.085159518619676522e+00 5.269521404982291379e+00
7.480282099963323716e+00 1.068979610421207482e+00 5.905037414893397951e+00
4.048417882007937507e+00 1.133645557655023950e+00 1.883987577920195999e+00
4.763732805008115356e+00 1.128556777928237054e+00 3.573332538777746592e+00
4.751747544495768416e+00 1.123956543636445815e+00 5.143300023783281105e+00
5.479776606274053385e+00 1.160105939405767117e+00 6.837127366503188419e+00
5.483888002644254911e+00 1.125368276337926687e+00 3.397243733573843905e+00
6.302293160484108370e+00 1.171439565865358468e+00 1.267375830172039919e+00
6.283253346956456653e+00 1.161825548648018902e+00 7.707868536648096125e+00
7.574327179482218675e+00 1.173573317835773677e+00 7.021930870620804122e+00
8.895344015872680643e+00 1.115699804131457418e+00 1.603066053485666220e+00
9.846441098476702791e+00 1.134438915632717038e+00 3.604911629492285829e+00
5.657434426668856986e+00 1.242647278908841857e+00 5.061226635295190235e+00
8.074200126786225340e+00 1.245739111558077816e+00 1.554995281344201952e-01
1.750865455702273588e+00 1.335051800477256245e+00 9.369828861377403229e+00
5.108749256310115783e+00 1.301864033297950085e+00 5.231565785954863657e+00
6.269038118462770370e+00 1.297299414792926431e+00 5.418294409369630138e+00
9.263437260959792141e+00 1.282269763559555464e+00 4.921401554616025464e+00
9.821254782671388739e+00 1.340192039571884042e+00 8.014598839527625529e+00
5.843571520400574926e+00 1.348750364624991427e+00 4.635076301084713357e+00
8.693745446335327642e+00 1.346110146874741398e+00 1.737170608924480941e-01
6.576907623855939022e-02 1.488101669583241637e+00 3.870122400975516186e+00
4.554079207628884518e+00 1.641199345367080342e+00 3.479673480542301522e+00
6.219059271117689747e+00 1.434213479419724990e+00 5.987687802600161202e-01
6.202474048378721072e+00 1.482063032317437301e+00 6.336676023213392739e+00
6.910751719883629463e+00 1.491048996574205976e+00 5.938634728118209694e+00
7.009150440858567421e+00 1.459491542586904833e+00 3.201288658630097483e+00
7.151360412328306992e+00 1.454301850569695631e+00 3.009824677946415505e+00
7.624696585835399887e+00 1.436160168229650758e+00 6.102001855435063682e+00
8.423912328438181163e+00 1.480149764593943651e+00 7.254607830583555739e+00
8.821003032934742194e+00 1.487053533255675353e+00 7.177037801112598814e+00
9.755742710719546906e+00 1.482551717290867099e+00 7.234439261018279055e+00
4.246672461806642040e+00 1.564187288655154440e+00 7.142188006255089761e+00
4.621685499454733836e+00 1.565441253045378067e+00 2.538313878152414826e+00
4.841690754147387921e+00 1.359332949723789152e+00 2.725179438128900955e+00
5.328927562494581771e+00 1.520983829078363048e+00 7.178882584844185288e+00
5.656845665038444437e+00 1.580530202104033277e+00 8.069102437529629412e+00
6.066944792561447031e+00 1.519283192114093017e+00 7.057518135688646055e+00
6.333808433858465037e+00 1.508533628210025457e+00 8.004905657900001970e+00
7.474038623903493495e+00 1.564275432930211984e+00 8.235384135508610370e+00
8.178014560877418404e+00 1.525550117321722521e+00 6.557856821476748976e+00
9.365083582473593182e+00 1.526708151523340273e+00 4.231133210553854163e+00
4.681473822169653687e+00 1.641123140721762796e+00 4.488947647636399196e+00
5.097113025920400275e+00 1.625586201373508732e+00 2.909446278017775001e+00
5.743122124763497816e+00 1.633397853879370309e+00 5.803351400322239506e+00
5.904246759206911221e+00 1.616690201375969860e+00 3.450941018456418874e+00
8.365767359663946579e+00 1.632212740225729597e+00 1.002537032107337467e+00
4.688025747354608086e+00 1.694926201944618516e+00 5.707101143214361016e+00
5.180944112087035869e+00 1.718548750511076362e+00 2.409324659068938779e+00
6.233156745690786593e+00 1.656131583870372070e+00 5.404815933084089252e+00
8.398288014299655657e+00 1.661003356920630392e+00 6.430416480765457798e+00
8.486325256946882334e+00 1.701054882078219643e+00 5.712478631846215293e+00
7.866664776647142032e-01 1.751917289750997364e+00 5.127936332406076048e+00
4.673106064830397699e+00 1.786796024447078857e+00 6.717931355445101005e+00
5.350051449851372709e+00 1.770973176013517225e+00 2.644498961431800410e+00
6.144586009983009411e+00 1.731287455882735582e+00 3.100612963059853122e+00
4.456319657137665757e+00 1.868773273843426175e+00 4.212809237463029710e+00
5.254048448400634008e+00 1.857251608499233653e+00 2.626901243721230905e+00
5.282602644563253236e+00 1.868949905993502636e+00 3.710659755903554569e+00
6.519035049406978644e+00 1.862470485831505762e+00 6.440272382855937394e+00
9.453533431783860408e+00 1.823498550640471283e+00 5.489331766578237293e+00
9.622729574110900685e+00 1.834877829817098682e+00 8.795514000569959023e+00
9.647167425419080899e+00 1.845935128282675919e+00 8.752902540353304062e+00
5.251822120337792832e+00 1.863531334124002736e+00 2.624472823466062810e+00
5.295102611675119419e+00 1.899145979957918673e+00 3.679058552461696330e+00
9.394430444136938618e+00 1.927348943731054476e+00 3.025285311489437579e+00
9.625817100130085180e+00 1.902703550991049708e+00 8.210886991945157476e+00
9.917965857498014515e+00 1.918972048343582149e+00 5.020042639737554602e+00
3.857059783704638534e+00 2.044955653019226993e+00 5.867857549243843174e+00
4.913829717646553519e+00 1.997248301810515159e+00 1.967705188091825708e+00
4.870137028350641550e+00 1.994160324754075564e+00 2.169464509721444223e+00
5.768526670482717833e+00 1.976792281606519985e+00 4.373905447641503130e+00
6.440742906281611724e+00 2.009183126167914502e+00 7.145486944189501699e+00
7.680489699227370792e+00 1.976703385386501477e+00 3.359450808998843740e+00
7.930137522332723066e+00 2.032336390611174437e+00 6.811333007653143312e+00
8.260178588152990997e+00 2.063282807891512416e+00 7.965825373880150551e+00
1.345264587789374744e+00 2.056426832087283163e+00 6.502306266143524027e+00
4.376273891174079722e+00 2.076406563384786796e+00 2.305665252118398900e+00
4.412730638662011096e+00 2.065316353861641474e+00 4.727195111749571410e+00
6.397126484169158189e+00 2.053631991059751805e+00 1.498073176949496155e+00
7.904190612898123192e+00 2.104668290244544160e+00 5.579807355770534549e+00
9.461424841119383089e+00 2.078233202169649907e+00 2.892765350820568404e+00
5.091061119098508336e-02 2.153477881292360507e+00 5.485204891866087173e+00
4.777300537278257320e-01 2.121935191811428201e+00 4.663686803956863969e+00
5.460073573015212567e+00 2.163737512087754666e+00 1.215345098654341260e-01
6.304671669227158048e+00 2.157613909443148348e+00 6.974832666502114975e+00
7.710674589996239447e+00 2.192045934895302750e+00 4.998971008803604121e+00
1.245071605825588623e+00 2.248201410025405078e+00 4.845045823879306823e+00
8.029173699542633713e+00 2.223227024665066942e+00 4.890563392269453580e+00
8.157277349157046942e+00 2.222557016205345626e+00 5.809196401418978084e+00
1.384851668793027679e+00 2.335658473516729394e+00 2.225065174764933040e+00
4.893428710218837629e+00 2.295193936960600922e+00 7.921104924833798577e+00
5.140077847792069221e+00 2.292712407450081535e+00 5.495950591173287769e+00
5.213390474497780147e+00 2.311287944753243284e+00 2.858145082342650856e+00
5.388876597957329651e+00 2.316325193942434968e+00 5.838798224158368910e+00
6.231832284570712588e+00 2.313591023825947168e+00 8.100662366370498191e+00
6.504661109812049702e+00 2.294219067683620938e+00 5.965022544034718877e+00
7.630176194281830249e+00 2.329615137192451169e+00 7.695654242406974710e+00
7.889060276425732710e+00 2.278364111936853398e+00 4.641898441968683287e+00
8.269479326666454355e+00 2.372998154168895812e+00 7.793636618371473368e+00
9.157596864980753537e+00 2.342168152419396243e+00 4.407440963290174096e+00
9.396099624009716322e+00 2.331500432255904087e+00 5.474613378238897710e+00
1.297662563039726491e-01 2.377061194764338747e+00 6.859244819663800286e+00
6.463373967419377308e+00 2.427497398021029262e+00 4.852571246065231492e+00
7.049622358161034441e+00 2.414268570534485292e+00 1.082601282295170275e+00
8.560077936154410594e+00 2.358853825700054418e+00 5.509916180027937926e+00
3.869384811882790043e-01 2.503386430639987115e+00 3.787940051664403285e+00
1.516071981557851389e+00 2.480705299107934358e+00 6.767770785949886125e+00
1.628041652661289085e+00 2.493107758839844923e+00 1.875828173438398139e+00
3.582819904342328776e+00 2.458385697112224655e+00 2.277370781378630582e+00
3.880522930274898918e+00 2.441361926363598833e+00 5.555990556706661643e+00
6.118150342446027068e+00 2.464359820035956439e+00 1.629349428017282442e+00
2.562949765166364635e-01 2.573197962990469989e+00 3.698485315108890781e+00
1.469049804487303490e+00 2.494209148976938906e+00 2.321822244812778990e+00
1.578145667704799804e+00 2.544831632760499396e+00 6.628712680151492620e+00
2.229855986685007174e+00 2.580127789546727612e+00 3.698072608414809004e+00
3.594705646305017765e+00 2.516712949331486371e+00 2.840837040424527338e+00
4.778295961775145706e+00 2.533619654195374604e+00 6.196661534769011936e+00
7.222229736014982748e+00 2.585689637738530333e+00 6.717440348466298339e+00
7.576222360022698332e+00 2.549959448350441527e+00 6.796180412259961834e+00
8.156498106997323916e+00 2.527687901514937607e+00 7.667297060115911833e+00
4.472133849732799149e+00 2.629871137898249778e+00 5.879982419731872412e+00
5.977898614678206712e+00 2.634417048503332026e+00 5.924752745743491644e+00
7.124064861657862124e+00 2.625875239674202888e+00 6.472680790195091127e+00
7.316084613767126044e+00 2.679833123311381016e+00 8.546186138236317120e+00
8.562673752034120511e+00 2.634978418369275488e+00 8.163993999528440071e+00
5.788058581604087038e+00 2.730544279221092552e+00 4.445826209742057777e+00
5.985817764369565808e+00 2.708817109914491983e+00 2.270476755758736420e+00
6.279003142950392302e+00 2.704113313740144520e+00 4.727280216230919763e+00
6.464933426307545972e+00 2.683775270081595998e+00 7.904537450767056939e+00
6.837985289607770412e+00 2.735071299398635247e+00 5.896451566794740362e-01
7.016556892441077942e+00 2.737782181892583377e+00 6.863885610332117082e+00
8.828044220199696923e+00 2.738963601592990571e+00 8.330441832556278570e+00
9.676127551132601701e-01 2.792675368201221531e+00 6.058936787502178234e-02
6.128946579012540141e+00 2.770370472330762723e+00 2.520362681350556855e+00
6.599162950827377472e+00 2.809281629641525946e+00 7.064496341082678654e+00
8.093295804081359179e+00 2.765243131553841049e+00 7.940757470334167678e+00
8.474854874412439898e+00 2.818493467998959279e+00 8.358032380698919184e+00
9.611723647719246699e+00 2.770302270607061246e+00 5.331738595007202264e+00
1.523970961121853818e-01 2.825361004327956671e+00 4.688384972864017897e+00
1.148426057432780922e+00 2.882153994944101960e+00 7.080659216223659236e+00
3.243127728809291899e+00 2.852408290844213212e+00 3.724024558518975514e+00
5.035045303329868993e+00 2.821442261959235420e+00 5.053105736443480822e+00
5.502073989060381365e+00 2.945904917393817879e+00 1.850863679286251617e+00
7.572097952163863610e+00 2.861923755551328163e+00 7.972563876098067936e+00
8.765487641802813812e+00 2.875217479039857249e+00 7.840904770351502684e+00
1.216451834090738870e+00 2.974137392953774217e+00 4.804074017554561316e+00
3.172917648790568812e+00 2.946356820609120852e+00 6.885347032007800294e+00
4.267480301953677113e+00 2.960342857612180190e+00 6.348666977805057954e+00
5.621375380827266177e+00 2.884700877535494534e+00 1.922240471981178978e+00
7.505602160486800400e+00 2.936078236694019683e+00 5.031071637150931863e+00
8.939973614517834122e+00 2.906854701504271610e+00 4.801573024449847793e+00
9.040299358077291458e+00 2.903711161539954233e+00 5.098670365071882316e+00
1.047640870002640945e+00 3.020575189555004592e+00 6.650646723111189651e+00
3.781426903137946383e+00 2.988570729976045559e+00 6.161156862687148461e+00
4.512261691329960911e+00 3.049327780236653407e+00 2.836838091138461859e+00
5.460555945599412375e+00 2.985715710038604698e+00 6.222170391778094611e+00
6.702126500256937902e+00 3.026502380029800765e+00 5.644633126246047183e+00
6.969762218314548008e+00 3.035229979919679799e+00 7.565604238558607975e+00
7.087044530238169493e+00 3.072124960694066154e+00 9.080360730406262348e+00
7.251495452434312483e+00 2.982043363208652043e+00 6.811450820192390232e+00
7.645247290926690198e+00 3.043151287751994616e+00 5.308502049040855653e+00
7.729587941787690042e+00 2.993435477283692414e+00 7.104275877356009516e+00
8.548223010324139892e+00 3.052856681185080578e+00 8.462412725292022486e+00
8.852270824711787611e+00 3.043131601459221347e+00 5.496524994386873253e-01
7.396751769573590984e-02 3.054282376328255388e+00 6.828362139039704459e+00
3.263908126732841364e+00 3.085444977232734587e+00 4.544207791877482805e+00
3.823241991868619571e+00 3.057247686419175992e+00 2.784865896115202855e+00
4.019660723546840231e+00 3.065492498957403278e+00 2.851516874855447359e+00
5.080479742901235163e+00 3.060129925801182260e+00 4.431932159528647830e+00
6.292697574308726338e+00 3.097416176363986473e+00 7.714776380996451799e+00
8.505377772916405732e+00 3.112111632296143071e+00 9.311886879418780794e+00
9.320768210757023553e+00 3.119464379677010513e+00 8.719032343555781495e+00
9.592280010807476387e+00 3.110053290190441189e+00 3.777258659079365977e+00
9.728627109815965568e+00 3.066502941234768187e+00 5.339793665357387198e+00
9.783222124877580583e+00 3.051310965705512412e+00 5.215910103462530145e+00
2.730406252063212191e-01 3.138525220901432711e+00 7.333383721492575447e+00
1.506302178547990867e+00 3.207792073521527954e+00 6.307647001170272105e+00
2.429484331794809826e+00 3.146403553156969402e+00 6.486277772141528786e+00
4.584516750925079265e+00 3.165986856404146454e+00 4.132953487281842975e+00
6.550599349470480171e+00 3.165044326375996864e+00 7.155924571637346965e+00
6.773287614830578285e+00 3.188503628713900362e+00 8.514074799542697747e+00
7.773297376956000093e+00 3.169922228441557799e+00 7.951070179777033786e+00
8.068423785984990104e+00 3.238635348327294494e+00 8.542056135458430788e+00
8.465673383906082705e+00 3.181538595863227847e+00 6.088593632882229656e+00
8.805286243072366403e+00 3.212891731916741378e+00 7.113205205112977048e+00
9.767128279132112567e+00 3.183864790583245785e+00 7.935617194609408287e+00
1.315476947125510110e+00 3.220714820368622000e+00 4.859431758139049151e+00
5.152844010180553269e+00 3.207771178197429407e+00 9.478224262762793284e-01
5.394338163910939343e+00 3.254856515890346635e+00 6.427888014938300643e+00
8.925660472288656777e+00 3.224839745395974955e+00 4.590693285205080798e+00
6.725826310321760815e+00 3.345472453013116354e+00 2.415307581680765647e+00
6.983179176249562303e+00 3.333189343293526896e+00 7.024092502348816325e+00
7.200646952781871946e+00 3.314242654677551414e+00 7.540723936413384010e+00
7.439757803422450522e+00 3.371237730858554382e+00 7.680476543334229689e+00
7.974915765253958178e+00 3.337520673420312001e+00 7.032640694730652342e+00
8.255161885264300281e+00 3.320580910498753369e+00 7.225535770783676703e+00
8.303976573802236416e+00 3.341474329453903103e+00 8.409139610715909541e+00
8.689374197425095758e+00 3.308692129688910466e+00 6.551650432224221277e+00
1.510551793211649230e+00 3.439122857975773773e+00 4.190552655058716880e+00
4.713445056921527154e+00 3.403740226262747193e+00 3.693730024838225212e+00
6.688135444661245543e+00 3.421326731077175776e+00 8.812834954962617928e+00
7.576224495799138481e+00 3.423458203169864600e+00 8.110147870261297243e+00
7.683657374070760326e+00 3.428701672170408443e+00 5.981642350450265155e+00
8.503987338444527921e+00 3.380911550889426298e+00 7.193484850859761082e+00
8.849064771509130622e+00 3.419410619413579155e+00 5.231083109159184730e+00
9.575971153277965442e+00 3.431357063519610673e+00 4.703552191648065595e+00
9.585821169809344511e+00 3.366377666081310061e+00 8.189464224527995384e+00
9.880524728719954908e+00 3.446611095153214954e+00 7.315127476185779187e+00
6.364450293156544980e+00 3.496429687695457922e+00 7.903838641844571633e+00
6.685660951250172346e+00 3.506761224215672712e+00 2.844374764425645630e+00
7.994518532041352543e+00 3.463658870705663695e+00 8.656516576506465555e+00
8.383031429638574394e+00 3.463465694100257508e+00 6.176913639717168891e+00
8.858024470745897716e+00 3.442222410733956295e+00 5.065339976377520870e+00
9.194585259441680591e+00 3.495680758207700300e+00 8.405636050247066393e+00
9.618017027390820317e+00 3.482845636028358172e+00 6.163165662174431958e+00
1.196144846406375528e+00 3.566717914091937836e+00 4.952744837890105778e+00
1.383317922646508880e+00 3.565419848743902165e+00 4.072137562735779426e+00
2.263167919915840098e+00 3.578392556732220786e+00 5.034112021726506292e+00
5.004435944476226084e+00 3.518824421349281195e+00 2.114120008077470025e+00
5.724219665563253123e+00 3.598143325495861244e+00 3.626469083891020073e+00
8.168645292261789592e+00 3.557762948951677995e+00 9.094967409534831404e+00
9.713452027814131640e+00 3.561916228605063406e+00 7.392158517966379350e+00
3.868614520315081240e-01 3.640166665192182904e+00 4.981209220694545969e+00
8.820408060529214556e-01 3.622438793658677270e+00 2.033027800234515237e+00
1.504413583820872979e+00 3.651811100791635400e+00 5.660410402828830456e+00
1.987515659686212244e+00 3.639242396457740725e+00 5.800227778685217217e+00
4.122944749035597489e+00 3.671369141063518526e+00 4.618740761076141510e+00
5.112350927452831151e+00 3.661806176281718450e+00 6.223588219859150783e+00
5.543447419456998482e+00 3.661067986364749949e+00 4.609191529262772313e+00
6.659358167940276019e+00 3.638542948074654504e+00 7.365714192456724874e+00
6.760470916198481284e+00 3.607780924336990047e+00 2.852655805640696762e+00
6.755756740904241830e+00 3.676120669603570423e+00 6.974636994275956070e+00
7.108545091209519384e+00 3.648903547651131785e+00 6.794355184619319310e+00
7.219489958025793186e+00 3.669841177865579951e+00 9.020323189325335278e+00
7.417318526082620878e+00 3.673718461292204029e+00 8.685314349670704814e+00
7.744439337588078232e+00 3.654046439676060576e+00 7.989087858612485604e+00
5.291950318261863906e+00 3.700344860384645607e+00 6.939245306301387473e+00
5.653269908418699252e+00 3.696922875313107593e+00 3.039321174160907191e+00
6.327903326260956973e+00 3.733383994694245978e+00 6.404824364540719017e+00
8.133811719145720431e+00 3.740907784808968906e+00 5.198097952602219962e+00
3.194490303276921184e-01 3.772920949828355575e+00 5.330571000970630635e+00
3.561438043625644312e-01 3.782145128432770065e+00 3.551201736932586339e+00
1.967340074639563952e+00 3.827320782990441650e+00 6.732982723364123956e+00
4.267256417041740413e+00 3.780987402837081568e+00 4.072547478377035901e+00
4.729539713180305860e+00 3.785576482751924488e+00 2.363196043333712915e+00
5.112610691667141438e+00 3.807373986172994940e+00 3.368622646372415375e+00
5.832732095997558375e+00 3.757543437204892367e+00 3.757056236704744645e+00
6.779073054140106969e+00 3.775975120572724109e+00 6.925906522866792869e+00
6.842484431126510280e+00 3.803905359811537323e+00 9.615427240583514390e+00
7.053356697183665425e+00 3.784593328820149871e+00 6.607503302504089682e-01
7.731808607463383609e+00 3.788775293552008705e+00 1.358868897494554417e+00
7.815219533589413459e+00 3.804672093222072782e+00 6.709799208257984482e+00
8.035530911340842408e+00 3.678775459493619948e+00 7.314118817515197435e+00
9.610299290032694230e+00 3.798865329191946749e+00 5.009465438525215752e+00
7.623063527753224378e-01 3.872228584754945580e+00 6.609520674704508991e+00
8.715572993918183631e-01 3.853010103855591950e+00 7.208416251729592439e+00
7.504489322891672032e+00 3.906953672118812726e+00 7.575461084928410749e+00
7.530604927187281916e+00 3.889551015721692373e+00 7.522195886756517069e+00
7.900560250624867109e+00 3.942858064102308546e+00 7.158344458275511357e+00
7.970151225845127918e+00 3.902809801997257910e+00 9.937818774876854278e+00
8.155932977658636673e+00 3.886517125412058515e+00 8.080619448531191296e+00
1.087365150362886723e+00 3.917413787378260626e+00 7.011919109003985184e+00
1.751668145112133868e+00 3.941795003819801302e+00 2.477852009542787837e+00
4.970692717476393518e+00 3.952947613663761572e+00 3.437772137129381012e+00
4.965900872845757874e+00 3.967961737632578423e+00 5.346372706591925095e+00
5.756164351157055492e+00 3.956012163790644465e+00 4.667172325531192101e+00
6.860713409985715217e+00 3.978120346676921493e+00 6.565200024006149881e+00
7.501662586514211917e+00 3.917656498826406430e+00 7.546560730433991893e+00
7.887185234118804011e+00 3.910408846813743899e+00 8.378678553941648843e+00
8.014280178567656066e+00 3.919424163821032536e+00 6.981150163242952900e+00
8.340949699953421614e+00 3.917602211517128730e+00 8.217467603590005609e+00
4.609393357230416877e-01 4.030019398067327785e+00 7.555878590806963224e+00
3.778326136170067961e+00 4.061759365546172340e+00 6.128639231903115103e+00
4.783009397290687303e+00 4.048873343284038917e+00 5.498589554000302471e+00
6.457012259530749532e+00 4.067180047051681235e+00 7.557378623422437158e+00
7.301889599248744034e+00 4.032466521375117630e+00 9.549856879861799541e+00
7.857368125135885784e+00 3.989494729048926658e+00 9.864075459279176172e+00
8.364308477648073392e+00 3.993028748439767739e+00 8.891193142322283194e+00
5.420058413828765964e+00 4.132731227432579146e+00 1.109739913960787305e+00
7.048811728838154878e+00 4.107506379226040671e+00 8.245795778295519796e+00
7.211108555633537698e+00 4.143187481510887338e+00 1.914831123968627202e-01
5.924326001510413775e+00 4.277159595523840174e+00 7.491938454810361137e+00
8.577954669047095138e+00 3.960822831126233012e+00 9.711140000103156922e+00
7.613665542121214713e+00 4.129304127344163966e+00 2.488250801681941571e+00
7.994338933969652672e+00 4.111837821375588398e+00 8.966272324757072809e+00
8.164541623193937170e+00 4.092872313037521970e+00 1.252911700305100740e-01
8.530297526236891414e+00 4.060227299372626497e+00 8.065747648147031157e+00
8.727704494015169345e+00 4.098285065179525510e+00 8.122202194395065078e+00
9.028084176273797112e+00 4.105547174109224429e+00 9.063555785485711169e+00
3.005990057472287535e+00 4.189788107077784929e+00 8.145137073666914418e+00
4.503026843420326664e+00 4.192697768654189083e+00 3.071858768381620752e+00
5.035227085239895928e+00 4.183742058494710037e+00 5.851819093682433248e+00
5.674902908148033553e+00 4.151981033018387279e+00 5.112973685065035134e+00
6.313927037120655505e+00 4.161871200482368138e+00 4.485555398407401029e+00
6.687039134641011628e+00 4.170832145896469889e+00 6.437897128768785393e+00
6.866957066696517842e+00 4.178202670412467512e+00 6.456996111780552106e+00
7.065340155231909947e+00 4.212922694978680660e+00 8.300755165821527282e-01
7.187286380250124118e+00 4.166594272753698647e+00 9.396214300391225294e+00
7.600595563994883008e+00 4.163996966265937516e+00 8.873671257524481604e+00
8.762206154710934669e+00 4.205217561729125642e+00 9.680252640137268827e+00
9.260357665322281662e+00 4.198303217450020774e+00 9.759499472732040104e+00
9.451667338931606821e+00 4.160271484694264998e+00 9.112756294258975487e+00
5.571813563702773031e+00 4.213333294010204177e+00 4.993029491969716460e+00
6.683770508842997060e+00 4.250570435985555839e+00 3.166808279822255212e+00
7.048342044081342905e+00 4.243885212929253470e+00 9.512598178525868420e+00
7.115307708046261226e+00 4.218573130006290306e+00 8.237971432679103145e+00
8.019072377827505704e+00 4.237645143509378265e+00 1.981232532076784292e+00
8.952784120900101783e+00 4.269480048548330409e+00 8.757217062723670509e+00
4.270671814359106477e+00 4.344215809050162136e+00 4.286003897146610342e+00
4.303871921790042521e+00 4.345151060815299893e+00 5.652668041014755396e+00
4.954086641868384433e+00 4.357679023851378730e+00 4.399189571585216285e+00
5.026671610546925351e+00 4.303326690731203996e+00 3.485242186567476974e+00
7.115657567463862243e+00 4.329836663060605773e+00 7.374683690750231335e+00
7.265451884999869492e+00 4.325246568180480367e+00 7.613204417826262116e+00
7.566111487190042340e+00 4.355249010174332192e+00 2.130209485831770166e+00
8.740742460990263751e+00 4.327481176875078717e+00 7.715244711180703874e+00
4.665388505721120849e-01 4.407076994704238970e+00 8.389131456952934940e+00
1.095410356929947593e+00 4.428214056878618798e+00 7.575129143122619979e+00
5.623098216466756227e+00 4.402069330124175117e+00 7.899224737716685318e+00
5.638039726162435983e+00 4.453933401063365771e+00 6.331885586519534037e+00
6.878332470957808198e+00 3.902168859930552181e+00 6.478892854880705876e+00
4.807470052307043495e+00 4.953888910132102197e+00 7.215610831753681786e+00
8.072178720078504455e+00 4.396490366638815317e+00 8.511529253022731112e+00
8.503548851688245591e+00 4.422687282470122661e+00 4.958989125629638117e-01
8.915375943766672862e+00 4.465883949933233232e+00 6.692192617967157808e+00
9.300119275255289253e+00 4.396298002666773286e+00 8.602262250313311043e+00
2.146101636067543783e+00 4.524567368895110242e+00 7.038570636141448844e+00
4.833906089152528729e+00 4.524617701686454829e+00 7.959472665413308556e-01
5.510515489739387540e+00 4.495045951861760258e+00 8.096342984683136734e+00
5.807386902177221089e+00 4.467213585595372294e+00 7.373217687306841128e+00
5.973402032570573006e+00 4.488362389993174162e+00 4.128974481659521523e+00
6.390914049295139954e+00 4.520224167996722997e+00 7.005592834054679585e+00
8.491896852253644212e+00 4.469779227623193130e+00 9.051974951081495746e+00
8.598335505991585137e+00 4.469324480634328189e+00 2.337092261966204343e-01
8.878867838587897410e+00 4.493311660612000047e+00 6.743409872370196290e+00
9.495959003653753783e+00 4.512753917752132082e+00 6.773980180050582334e+00
9.905868875180990685e+00 4.484829966092880760e+00 7.357856585049331599e+00
9.891505200497859862e-01 4.571128306339663716e+00 5.113602409792832759e+00
6.779586901892884931e+00 4.597671102532653542e+00 7.551956545414189037e+00
7.681404445105373568e+00 4.531621119209149562e+00 9.586641000756914721e+00
8.210736653565410492e+00 4.574622349033140800e+00 1.310982195864129896e+00
8.688914895638450986e+00 4.575467758645880068e+00 9.901226624863726400e+00
2.223101762168066653e+00 4.679182995436412362e+00 7.181288897651387337e+00
3.616961964682473329e+00 4.604971184830113806e+00 3.772288338569272259e+00
3.845863192740936576e+00 4.682484850743340310e+00 6.413239292969418415e+00
7.134220938953061975e+00 4.669056458544173616e+00 7.466911908409068488e+00
7.761050895719895593e+00 4.610890442273716694e+00 2.124891452078765841e+00
9.583311392824896302e+00 4.666755985346752844e+00 6.395365036943541526e+00
2.767920653343025172e+00 4.756755319249075242e+00 8.176286367987106729e+00
5.999145758642969284e+00 4.726441188586540498e+00 9.445011587930899566e+00
6.594315382432996309e+00 4.700622720200314575e+00 8.404104178319535379e+00
7.743440118622464396e+00 4.745042521382178080e+00 8.661982748465467452e+00
7.809942947968353977e+00 4.686353522853083930e+00 3.004349132607454731e+00
7.867147746417905374e+00 4.709278487094272769e+00 9.669027910464320641e+00
8.263303562384416878e+00 4.689658261433410580e+00 5.326886072658064464e+00
9.268586316746226572e+00 4.711400175114717648e+00 4.769920896381953934e-01
9.465871201287896497e+00 4.733425059996461570e+00 6.965768549328132941e+00
9.623783856650298674e+00 4.725678090122836572e+00 7.840505541064731077e+00
5.410387369348775621e+00 4.796639994299917831e+00 6.226192162352337967e+00
6.766984485591406973e+00 4.798810333393960903e+00 8.489201590614888104e+00
6.992393743127783168e+00 4.810636313554545573e+00 8.047936479276959210e-01
7.212808395254678651e+00 4.805398568968605844e+00 1.162856712623431488e+00
7.215459492348109904e+00 4.818986407045161791e+00 6.465360524470338710e+00
7.535112048415408381e+00 4.777720499478165017e+00 8.019830509009363340e+00
8.008784633998292435e+00 4.790831812042845250e+00 3.879073806355028964e+00
8.565506501585094412e+00 4.773433029498960423e+00 8.826234999904457368e+00
8.608066716028837106e+00 4.779727004682819747e+00 7.853682376915929630e+00
1.994128644712954035e+00 4.904096083925858274e+00 8.388244734798648850e+00
5.123552234359401325e+00 4.888427263952393353e+00 4.871685423525281777e+00
5.746203615361501704e+00 4.894037278969542548e+00 5.232633226956238559e+00
6.289266263837628657e+00 4.903691884908819354e+00 9.698534179607598560e+00
6.814310156773118798e+00 4.870212186359825779e+00 9.100045163556957917e+00
6.895099513805900138e+00 4.918676331930028844e+00 1.711679861694525684e+00
7.516601328608923716e+00 4.843586648477953283e+00 8.642433310817930092e+00
7.894857235748763635e+00 4.873373138130983051e+00 8.409870539381483212e+00
8.686296065009964096e+00 4.851577144490853755e+00 8.483611971112814842e+00
9.047411723568288267e+00 4.900439242168717513e+00 6.437992257965065690e+00
6.575218798260589637e+00 4.989015116144312145e+00 3.945189535733163444e-01
6.782489100546071015e+00 4.926250212827026687e+00 8.579159118402596818e+00
9.062461608662255586e+00 4.937438491711829691e+00 6.527642658275519594e+00
1.519460198923606731e+00 5.003090186900193359e+00 3.938709981134513427e+00
2.567236788461757513e+00 5.049057227157356387e+00 9.086095364286212117e+00
4.296150978626315897e+00 5.003971668060663625e+00 5.423822164127491519e+00
5.381956710591616400e+00 5.002563128209072119e+00 1.651303619944493595e-01
5.728933777566044938e+00 5.002497101234494536e+00 7.791784645911620011e+00
8.712200106130582045e-01 5.141129128124989123e+00 5.103581016672093185e+00
2.390159038683795423e+00 5.150600036482771316e+00 7.192787879544971119e+00
4.680696027504105849e+00 5.091917392969245171e+00 6.134090361205791986e+00
5.160527581657728291e+00 5.126126495180996834e+00 5.347456206024021164e+00
5.243979639278838256e+00 5.072045496892441108e+00 3.449636406369696040e+00
6.122384515590442611e+00 5.137110556142101991e+00 6.615887264793739675e+00
6.944838384611809801e+00 5.068889693831588161e+00 8.871726283579929984e+00
7.158701556338929350e+00 5.125850465644328224e+00 7.970060937271397528e+00
7.181537942782616923e+00 5.092989543139563757e+00 9.086467868217768640e+00
7.581164521880270790e+00 5.172230420944869067e+00 1.632404462222503960e-01
7.895769541969138494e+00 5.093608980966665811e+00 6.350011726261440614e+00
4.596732735475403508e+00 5.203501717603724153e+00 9.764291994443365041e+00
5.621327065886487340e+00 5.182381788116507515e+00 5.095779145044803116e+00
5.786850647079747390e+00 5.230931949750862842e+00 9.945230621357621814e+00
6.858223452721440516e+00 5.154638305051331137e+00 1.947854591992908668e+00
6.876078830972659262e+00 5.174999929082961359e+00 9.913237491170347582e+00
7.825557273865227259e+00 5.162381742547179186e+00 4.574756225093359774e+00
7.925192233576016321e+00 5.198093210160889655e+00 3.684411581600860464e-01
8.310603058558198697e+00 5.182517359693464165e+00 8.010038060465870302e+00
4.950283751384631614e+00 5.271371251571819627e+00 5.532988705778636884e+00
6.989472492741568566e+00 4.171966407844973190e+00 6.570660754651200364e+00
6.273563898989745091e+00 6.367123179902491437e+00 8.292764691003926103e+00
6.745898990463299327e+00 5.292702492390551683e+00 9.690278557821406125e+00
6.832581727483093559e+00 5.243352196407849775e+00 7.853325089164719053e+00
7.285486776085305927e+00 5.241387127422591163e+00 6.188475399292272527e+00
7.434960581953363956e+00 5.292280237953791655e+00 1.292559234875061192e+00
7.502828847619494645e+00 5.248862333697894123e+00 8.738839444134695711e+00
7.701853002869103015e+00 5.238407744059846216e+00 2.567745352668610037e-01
4.600388045161943218e+00 5.380231446109222659e+00 7.927709674296832709e+00
4.927453802216330558e+00 5.381195835404087191e+00 8.106327320146922588e+00
5.790292057764149902e+00 5.384416259568562069e+00 3.996805470308814279e+00
7.249859163289501751e+00 5.332750147497178794e+00 8.482537118441840107e+00
4.898920528311548672e+00 5.399333181524853309e+00 9.890234038815925999e+00
5.064736273544117040e+00 5.420892087697652073e+00 5.979788024581510264e+00
6.288677072403949353e+00 5.446674494038925118e+00 6.921604008846440337e+00
6.832918699485231784e+00 5.428138851554242805e+00 9.792376747999597342e+00
7.229386722463109649e+00 5.403015237364776624e+00 7.875686348858472463e-02
7.196134329338618407e+00 5.429386630521655377e+00 1.251009773865158214e+00
7.258778643267071118e+00 5.408812109942667590e+00 7.429269470202782166e+00
7.547872826229993670e+00 5.393527590249574288e+00 6.514740251253760661e+00
8.035803274406770669e+00 5.390022000136269753e+00 7.497955667766859733e+00
8.645058014052212414e+00 5.396528831724870301e+00 7.148643786313606086e+00
8.984205677000836943e+00 5.449092944082679857e+00 9.421546538444998120e+00
7.741323098844026251e-01 5.501364156593737675e+00 5.748806506763902036e+00
2.679502192257368520e+00 5.486955253157193013e+00 7.400089698933821403e+00
4.847813844821662776e+00 5.517528011624972528e+00 8.415761211130275754e+00
5.390934402903514666e+00 5.530677398800680322e+00 4.230116104014340905e+00
7.138427293892731562e+00 5.495697535625861718e+00 7.125288088239341455e+00
7.378471792613867208e+00 5.510329512892924164e+00 7.032893848847137086e-01
8.019234486416273455e+00 5.505622587770672816e+00 7.387016933603578195e-02
8.851398391874697458e-01 5.598273188817394441e+00 6.663357980209076104e+00
5.026247083280741101e+00 5.565425810334827084e+00 2.808688908898998804e+00
5.066120201627873243e+00 5.595174746318239301e+00 9.428589750455277141e+00
5.121286980909331987e+00 5.621261078721643045e+00 8.394960024305540003e+00
6.592659505385188190e+00 5.645769721731975110e+00 7.828027284923182449e-01
6.846655868433959569e+00 5.530169506332290652e+00 9.599783416816920933e+00
6.906894794860678033e+00 5.576755204333765370e+00 1.729033363830230208e-01
7.712414272564878104e+00 5.569449138772251118e+00 1.153944269722631866e+00
8.369619117723408053e+00 5.529868348809785950e+00 8.229674764348740013e+00
3.270292920373529366e+00 5.629778441930803901e+00 8.249749196386270356e+00
3.600382296463964238e+00 5.646802708517197900e+00 6.235014574284278410e+00
6.208755237912955138e+00 5.695640618564123514e+00 7.525411738847898491e+00
6.645952022791098202e+00 5.682529156475077947e+00 8.725559419333323019e-01
6.721622675424915982e+00 5.617429125483425878e+00 8.228673342628844978e+00
7.655935741460298871e+00 5.728880491637192485e+00 5.437652747056903380e+00
8.101397242771675167e+00 5.623812700560861799e+00 7.120280626725116191e-01
8.103679260569027321e+00 5.698219976886260696e+00 5.079161257584543065e+00
4.851882601961480468e+00 5.768997042241716500e+00 9.281710977046241595e+00
7.688900060518816915e+00 5.738703597329236850e+00 5.273591023916988973e+00
2.100108973355689912e+00 5.780810054930388020e+00 7.471967283321811593e+00
4.706282879209128467e+00 5.834380341711543849e+00 8.499251382797062604e+00
5.985947637608702188e+00 5.787873213581459453e+00 5.463946971511823847e+00
6.401507365281086770e+00 5.821160242307025001e+00 5.656133625714112156e+00
6.672192310059979370e+00 5.794879012547710317e+00 5.004233820815601419e+00
9.179142121319877390e+00 5.816483431691764849e+00 5.429500793792144675e-01
4.818326799943291938e+00 5.888291242801861891e+00 9.352492355432007187e+00
5.807966244229444186e+00 5.884395425330501084e+00 4.192071407121443771e-01
6.353942360191596528e+00 5.888203324472602418e+00 7.144293011234815971e+00
6.652429981735223485e+00 5.857308503582379977e+00 5.250783485774396242e-01
6.723139846193326719e+00 5.910846572880854133e+00 1.610489579849738506e+00
6.900821847209685167e+00 5.905068442030255049e+00 7.458853666635069102e-01
7.589422636128128730e+00 5.875699972684824246e+00 4.157347064762669575e+00
8.413405450372156480e+00 5.846781147030931436e+00 7.668789372797118808e+00
8.722831495705543503e+00 5.858062563365902697e+00 8.011384321512561968e+00
3.381644042357162538e-01 5.959735141759228583e+00 6.712588017293597886e+00
2.770907610690078293e+00 6.013400656174528791e+00 9.411393410069893051e+00
4.650211555856210488e+00 5.964030192372359096e+00 8.920574196315989468e+00
5.826257860720074788e+00 5.948790573549548988e+00 9.539221925016114767e+00
7.008700822670451913e+00 5.971849332433786017e+00 6.798698149572132143e-01
7.969600885597927231e+00 5.994544539793252191e+00 4.325181426780709160e+00
5.464580201691902950e+00 6.122077259159159901e+00 8.888782269705446382e+00
6.460736763391284221e+00 6.083280999955961832e+00 4.359788184132883160e+00
8.184019173048890039e+00 6.050804954017340975e+00 3.101888473464538887e+00
5.368462858577441210e+00 6.046236250732555106e+00 8.987882009367378799e+00
6.807523516920374718e+00 6.089756441390106190e+00 1.524531364438745928e+00
7.071549510440062747e+00 6.126957876746113030e+00 3.950993387233199705e+00
5.736983847197607567e+00 6.196416165389337039e+00 5.009152300119641410e+00
5.746301902108777782e+00 6.225848900822082754e+00 9.803224677275004240e+00
6.858047673552260193e+00 6.212587633682644217e+00 8.667866739783979924e+00
6.885609375782739683e+00 6.210038858814869833e+00 4.505642294122038649e-01
7.874840080611911652e+00 6.223774401214703822e+00 5.025221348625255047e+00
4.670471127079227625e-01 6.315844622312162926e+00 1.266331960604978324e-01
6.083182346857380018e+00 6.250348962593401225e+00 4.142449862839261421e+00
7.101271618297926302e+00 6.251301377875144283e+00 4.362353756648563063e+00
7.551834907804133579e+00 6.307102937782174124e+00 8.122105828432747643e+00
8.534673097173008927e+00 6.304453101463124653e+00 7.158626400276393298e+00
9.030140099502519391e+00 6.318691726584511947e+00 1.891653638961120709e+00
6.360021380121784418e+00 6.352240488944539187e+00 4.983045585432916980e-01
6.338099372427016931e+00 6.360604430035640355e+00 7.031780718258163532e+00
6.461574608819517174e+00 6.376066080232733135e+00 9.545050886094760045e+00
6.971596062031382601e+00 6.385172755385852383e+00 9.514798338356946772e+00
7.235740970535061933e+00 6.394775953897837262e+00 5.298788425681284942e+00
8.098583071898939778e+00 6.368670823242061019e+00 4.690260812205370833e+00
3.397272457240857690e+00 6.428985651027216974e+00 1.634387617031907158e-01
6.108442341472768433e+00 6.424743527155700740e+00 6.047831989587909796e+00
7.039047746636569514e+00 8.473966522869622153e+00 5.838202974021639236e+00
3.843431392295085791e-01 6.494420258826396619e+00 8.283610967286032079e+00
4.723235702037232642e+00 6.517470199021546229e+00 8.805830011381042155e+00
5.413362454564309978e+00 6.525726867868569592e+00 8.044468914751398358e+00
5.661999108538663172e+00 6.484451619596784511e+00 5.040693396030388129e+00
6.428364553562744277e+00 6.553772334686767564e+00 6.898652638506939994e+00
6.562345926972564136e+00 6.518139880884369575e+00 5.668714727870082015e+00
6.924715785427615344e+00 4.483342260026060622e+00 6.344139286364164576e+00
7.903934395279410552e+00 6.518950981149846058e+00 4.213980950202479647e+00
8.278634604091632099e+00 6.482852956625951180e+00 6.690852256267366016e+00
4.434492579339206486e+00 6.618802967473440546e+00 6.156144405913604345e+00
6.304471429200252608e+00 6.557959727938612815e+00 6.493938671813085151e+00
6.662666562958133198e+00 6.565434552078952102e+00 8.216230826014403021e+00
5.870921412769212644e+00 6.649732479365776605e+00 6.952747512130962093e+00
6.044214336712538937e+00 6.736050500161386623e+00 8.049133230047218035e+00
6.441443424389684758e+00 6.707083109229887263e+00 6.818203775669690048e-02
6.511939129633331547e+00 6.690028427405593447e+00 6.946176134744987074e+00
7.701004543447388606e+00 6.685954066908486482e+00 4.571338880955547523e+00
4.575315574832956145e+00 6.746792449310612838e+00 7.475388188146540713e+00
5.545830349761797784e+00 6.737390040666833002e+00 3.357595154887409172e-02
5.555609733407651518e+00 6.767961584992550073e+00 8.573156787762815867e+00
5.747358223367479368e+00 6.793464792486208381e+00 8.408570657749061539e+00
6.310578648235368071e+00 6.738015230883419804e+00 6.564525817031242605e-01
6.277792178250397370e+00 6.760248886906971677e+00 4.898837682513118352e+00
4.769430795907932286e+00 6.858674513886920288e+00 8.007742279289614018e+00
5.736639283479981088e+00 6.820105415959583084e+00 7.145550929499403514e-01
5.779709185655398151e+00 6.803490008609960782e+00 5.671484674723890507e+00
6.385050903998999772e+00 6.826224974500664899e+00 3.950830113219972350e+00
6.465963835787293945e+00 6.850986191925697355e+00 4.432829867869170215e+00
9.613142374750271557e+00 6.867303635035099774e+00 9.995632291699156902e-01
7.263439149330320754e-01 6.901071050028263265e+00 6.208978147231389855e+00
3.733397788987263155e+00 6.916334916438272806e+00 7.518424531135416089e+00
5.250468592421927205e+00 6.887513403142442314e+00 5.833607795917718164e+00
5.364670480454223345e+00 6.890999049551857603e+00 8.752695350213970826e+00
6.034913357008876211e+00 6.925603463182077313e+00 3.859435878171036727e+00
6.094804965592613755e+00 6.885621622086714133e+00 8.046579607042181337e+00
6.212214205362352359e+00 6.905794692930144585e+00 8.303842556480592663e+00
6.705347036777094871e+00 6.947499952816483137e+00 8.629856209989906546e+00
7.157293763535850672e+00 6.928388506662822799e+00 5.297098729550711482e+00
7.617807162906736096e+00 6.923493504417098876e+00 8.016956441807012723e+00
1.120796040261949233e+00 7.008830201722363817e+00 7.669082455386922348e+00
1.459344453341722136e+00 6.995417609086307387e+00 9.308560177473736985e+00
4.097241525432317566e+00 6.990185084373964131e+00 6.515360266826461633e+00
6.691805582139691566e+00 6.954281515346082188e+00 8.550432001513458502e+00
7.477211495437967592e+00 6.981818369616918041e+00 3.550002890482260476e+00
7.446225069281243947e+00 6.956161904558528342e+00 7.976151751468316675e+00
2.057798249211458264e-01 7.104436919584513177e+00 9.216092277068334226e+00
4.254445716391583865e+00 7.060565911797987759e+00 8.700148186697525432e+00
5.167950269184066414e+00 7.111766198679909223e+00 7.035988033518979279e+00
5.249292722819346224e+00 7.038790276182442796e+00 8.992520395668540445e+00
5.399333377351109853e+00 7.084183119717295085e+00 5.272576064046816668e+00
5.330949492322520911e+00 7.056077025010311310e+00 9.099329038372239609e+00
5.506464003574068400e+00 7.047283875093803829e+00 9.734782334272962245e+00
5.978131870875592391e+00 7.037326126420845540e+00 8.173319900432037599e+00
6.574108842480494097e+00 7.033584645821970405e+00 5.216144759509861117e+00
6.556103059045454984e+00 7.046972854122745211e+00 6.792442211631741777e+00
9.426630734459305216e+00 7.095712914864967580e+00 1.935525857642546921e+00
3.554921603180076772e+00 7.174386786383728953e+00 7.735348063328093104e+00
4.620111966901285783e+00 7.153306289444806509e+00 3.938020065418954552e+00
5.506269241307657936e+00 7.160469601666942907e+00 8.555545841322274025e-01
5.894910206610727954e+00 7.110487372699786590e+00 9.085118738352937484e+00
6.259015274679368801e+00 7.112618848001240224e+00 7.713339613254278637e-01
6.869602038394029719e+00 7.167465285789186069e+00 6.494264931755282078e+00
6.857265814653445091e+00 7.129394396601187900e+00 8.705043316802626663e+00
1.431619435107008620e+00 7.247060501460531157e+00 8.998417965967460574e+00
3.880793404884576692e+00 7.210939382741944570e+00 7.547579643320789344e+00
4.362798934076130841e+00 7.246222498176246418e+00 1.245814420207871809e+00
4.682675663895539131e+00 7.214558642392075782e+00 1.870041963035805610e-01
5.043607754878507876e+00 7.253750741441653105e+00 7.076544041822179665e+00
5.347570235446887921e+00 7.231941374075622875e+00 8.541308754399709047e-01
5.818072614650732000e+00 7.213805130543386568e+00 3.617179988842091909e-01
5.902417821914087703e+00 7.241084482419823942e+00 9.607295073225799342e+00
7.020884570074738207e+00 7.193845968841048766e+00 4.847962930326996656e+00
6.725584853957067288e+00 7.246120990450526378e+00 6.922015493457144508e+00
3.345636260360019598e+00 7.346515275748255469e+00 7.744727641741537383e+00
3.723932894381775327e+00 7.334246565334465728e+00 7.706393547981306824e+00
4.726596037459937172e+00 7.405811783540920956e+00 8.032324948509540263e+00
5.603615663280126391e+00 7.377259277986522257e+00 4.691177842011551746e+00
5.609095933662429978e+00 7.391896346472799806e+00 7.563653834242717977e+00
5.888419443493887684e+00 7.345079677441936461e+00 9.616754857385881650e+00
6.843720719300939948e+00 8.451330349523882290e+00 -6.936722680254860940e-01
2.104487784353778479e-01 7.483712828427290020e+00 2.542290471260115203e-01
1.830036789863664026e+00 7.464162882984783920e+00 8.762306807235884065e+00
3.983452240315645376e+00 7.436855978704365988e+00 7.269007688315640259e+00
4.765406259076145012e+00 7.484159570222583824e+00 8.538013082163892875e+00
6.266674706451782484e+00 6.407493135965533604e+00 1.319685479341115020e+00
6.567699813258239594e+00 7.417905519434961903e+00 6.096071649626245703e-01
6.837786661114873432e+00 7.457631515909041831e+00 6.664162336697134759e-01
7.909229618169788090e+00 7.434639037840926612e+00 6.233658495294672974e+00
4.506516667218049221e+00 7.573759584224474040e+00 8.931367090903989947e+00
4.480812793004736783e+00 7.555943401597523312e+00 9.908956816506663046e+00
5.860166996291546582e+00 7.540326082988812573e+00 2.874521685732554843e+00
5.803014431268683104e+00 7.549696785744140826e+00 5.189138591307739468e+00
6.098864363944711542e+00 7.552687857071143540e+00 4.233730448724647211e+00
1.061153654768260068e+00 7.621817521771043324e+00 8.224908676453013712e+00
3.758419102215057706e+00 7.623994354204223001e+00 1.177497776236968940e+00
4.827008060838552161e+00 7.631966919775095448e+00 6.717685193925024834e+00
5.939838619174242496e+00 7.628556594600707008e+00 6.825475954799055778e+00
4.169697871990006632e+00 7.666503678947523603e+00 6.467678555486849667e+00
4.442625099914309317e+00 7.689515197211735043e+00 9.656820830558048740e+00
6.355796783539409134e+00 7.708112867906413257e+00 6.200133112429247362e+00
6.443190997938733844e+00 7.649768429334717013e+00 8.346079647073754160e+00
7.342666686998638781e+00 7.706031374532535061e+00 4.057806828881092009e+00
4.030307784705246199e+00 7.836095115692698343e+00 8.208636528063539828e+00
5.186999411187051656e+00 7.797113780572251684e+00 7.301618260459157739e+00
4.415441377036795956e+00 8.135806381006222665e+00 7.400922694604126661e+00
4.549992425642008342e+00 7.864506250882429939e+00 7.292554645303571448e+00
4.830813906329533225e+00 7.877557479602249835e+00 5.823080274162554915e+00
4.927992840387290130e+00 7.848546093609558127e+00 8.923184859420102200e+00
5.050584293659586166e+00 7.865329911812698249e+00 7.616103775243994456e-02
5.088507185566179203e+00 7.863857373287848063e+00 1.604304649973407049e+00
5.394228186853885276e+00 7.827603128292070167e+00 5.119799258627139693e+00
5.431787742125829155e+00 7.842461182071519765e+00 8.419836750365789158e+00
6.599555230496410019e+00 7.796734634683613052e+00 5.982868536835861839e+00
6.590099170385474103e+00 7.816048121735351017e+00 9.588326361651569485e+00
6.988121887024560053e+00 7.862652213488288133e+00 8.356318396913749780e+00
2.707462404733557149e-01 7.949730501005283223e+00 2.111718477039545405e+00
3.661568405991664221e+00 7.632555157365588983e+00 8.894358146350977989e+00
4.583322240417294857e+00 7.941627424797778723e+00 6.490083568011888460e+00
4.716355658070338741e+00 7.908921341283631889e+00 9.112048277092817727e+00
4.931940194336807082e+00 7.920616445836262898e+00 5.853485220213332951e+00
5.285983044104977324e+00 7.897641951587279330e+00 8.877119057267774949e+00
5.272015545359251654e+00 7.906346755186016040e+00 9.206900505824753722e+00
6.103817837130224966e+00 7.873695690902851041e+00 9.502272960725946405e+00
7.857567713635588369e+00 7.881693230641198866e+00 6.452635323334114048e+00
2.004864595694007434e+00 8.020916760577188498e+00 9.960960753862568851e+00
4.022129954320337930e+00 7.962715602708071216e+00 8.086523942109664631e+00
4.009646016806183155e+00 8.030396773051149850e+00 7.951139111959287797e-01
4.978777497171097188e+00 8.009077171811487261e+00 6.120744007904660222e+00
5.544425355287331492e+00 8.020564915054290367e+00 6.517786492306107071e+00
3.202160067595939630e+00 8.069980169082874966e+00 8.761624774908941760e+00
3.516729735787198496e+00 8.113984415102645897e+00 1.046141186281466684e+00
3.870844046408898009e+00 8.070004925155384257e+00 9.136121283709016438e+00
4.995422673916918299e+00 8.036643637456958089e+00 7.238716651393144019e+00
5.304055516915731516e+00 8.107815654237247927e+00 7.999471332682958291e+00
5.574728184876149406e+00 7.627065487510289898e+00 7.517958541159137198e+00
6.983214026304688460e+00 8.065370233642738640e+00 8.226715042270340561e+00
8.070578593840706250e-02 8.161600299212263820e+00 6.433651811594884862e+00
5.973738927859404413e-01 8.148702033872753603e+00 6.549110255394790414e+00
1.089097222005978249e+00 8.120606969204001047e+00 6.740076733312161394e+00
1.302554663688810122e+00 8.183082079681920362e+00 6.245715677413483213e+00
4.956546165553297634e+00 8.173426517235000688e+00 6.403159283865988982e+00
5.754959199933148639e+00 8.171827426404377093e+00 9.134742281466834868e+00
6.010749156635540658e+00 8.176326877991646924e+00 1.808066141609947941e+00
6.617783969237427399e+00 8.583726463888224245e+00 5.478083442462166275e+00
6.244040529463438460e+00 8.164242271528168615e+00 6.326242470930840689e+00
6.621293822746357804e+00 8.162393610586704540e+00 3.330046845100319786e+00
6.708363547870525245e+00 8.130272564179772843e+00 2.337486326084155408e+00
9.642759830981487923e+00 8.134595110844482946e+00 7.540370959533686523e+00
1.825109803969205746e+00 8.208941923711138955e+00 9.964953445552330535e+00
2.789316949407443680e+00 8.219720330621075988e+00 1.410885209314142186e-01
2.864175667266440684e+00 8.206105227953145231e+00 9.521061166681333177e+00
4.780735535731462704e+00 8.193521289110970329e+00 7.146354465412441570e+00
5.557950974215906115e+00 8.216308376099068056e+00 2.270596158695548983e+00
6.063298402425656874e+00 8.245766099565461360e+00 6.596808321929007457e-01
6.807121497265201882e+00 8.223101649699254168e+00 9.330570714885643824e+00
1.764104127751469631e-01 8.339912989341168981e+00 6.908638605765299090e+00
2.259798253091706677e+00 8.304712354617894476e+00 6.091497194361093770e-02
4.541641986405132947e+00 8.274377457271317127e+00 6.696453707036325476e+00
4.858793461678493131e+00 8.281249033436250073e+00 7.986376711127206818e+00
5.492054112346544059e+00 8.324675140512823646e+00 6.418162496517931359e+00
5.493878415736737963e+00 8.274048558690541455e+00 7.045487269699544086e+00
9.853074371521968189e+00 8.308634254564211119e+00 2.920784426038893322e+00
4.989274410100608570e+00 8.404852325272077707e+00 6.204106841377085679e+00
9.271421809992785867e+00 8.401944763775357927e+00 7.113012381454341337e+00
8.190127525269517150e-01 8.492825402641711818e+00 8.942170187555920080e+00
5.106476821231138885e+00 8.494427892471113850e+00 5.071291591517709030e+00
2.363278978680637410e-01 8.559480936800470730e+00 2.845366830602634511e+00
4.095018882961791284e+00 8.540033790367091981e+00 9.609775358579305760e+00
4.214199429370501626e+00 8.530152219501797362e+00 5.989092975334588509e+00
5.230737846588603190e+00 8.529095087859474233e+00 8.585984744122141521e+00
5.327160375464213615e+00 8.549804060335407740e+00 9.220571617439208723e+00
6.530376469922039462e+00 8.544771525754921271e+00 1.569955139075463357e+00
4.311129140735936005e+00 8.608942146501419757e+00 8.734422922517660837e+00
4.745438905965452925e+00 8.636879070712829787e+00 7.110326271786524543e+00
5.219988669559055161e+00 8.595298446482642518e+00 5.903379631156791874e+00
5.250649751163173562e+00 8.640052623993332404e+00 8.389054583406618804e+00
7.799165364822261637e+00 8.644729453118181084e+00 2.523995450402006568e+00
2.933560932183094661e-01 8.713143021362458995e+00 2.371389318903553534e+00
3.735617023822685123e+00 8.719030190996363672e+00 2.300403709318542766e+00
3.956479845991250244e+00 8.717019757050394446e+00 3.781133217189361684e+00
4.515575022601463040e+00 8.711608663682667952e+00 6.954683654251970992e+00
4.677805558568119970e+00 8.715405043774179461e+00 7.318403807968129726e+00
7.845760370899808045e+00 8.680207652671731111e+00 4.000125464894749960e+00
7.932876744603885477e+00 8.697375576719259982e+00 1.474821688767688155e+00
8.375370768595807647e+00 8.710927186459056060e+00 3.710538859169070225e+00
2.386901454897438768e+00 8.757555174553534272e+00 6.110619206326922459e+00
4.398072334094808689e+00 8.766495957918579052e+00 6.722560466401574786e-01
4.540434349854556295e+00 8.795709839618226056e+00 8.522628589376187946e+00
5.513338149270881061e+00 8.811097252939227076e+00 1.605899943069271973e+00
6.030314467258364175e+00 8.795664113721874955e+00 2.664735982666536440e+00
6.558878658788089844e+00 8.764820296188114312e+00 3.354926851210865646e+00
6.677488957256183966e+00 8.752235044813403420e+00 1.613147445075600706e+00
9.778794452982605634e+00 8.787346466874938145e+00 3.564149767489127818e+00
5.288703701841720672e+00 8.867398830972478052e+00 6.626189028134204406e+00
5.934369906231821368e+00 8.833320192459424902e+00 4.759229721654647527e+00
6.273847546198792813e+00 8.812621426462310836e+00 7.207098078291295451e+00
6.842512712547126341e+00 8.849808430127131587e+00 7.943431662413368954e+00
7.806691209629470052e+00 8.867982859825898956e+00 2.170727347403490270e+00
4.149602236966059898e+00 8.960263338192907767e+00 7.651022824868709549e+00
5.156398030946455435e+00 8.927079162134543111e+00 9.067976002394846358e-01
5.456706045126352933e+00 8.895187930609802507e+00 8.477490175945677109e+00
5.504693347484733046e+00 8.920193724396083823e+00 9.790456675037807699e+00
6.429998210921580082e+00 8.948607681862551289e+00 1.363168873551714233e+00
7.509352069736704216e+00 8.928957532043012790e+00 2.129866888678133119e+00
7.906593887463992054e+00 8.969782888769771034e+00 1.936043527952291399e+00
9.398052022696309904e-02 9.015515395540939281e+00 3.428628020369776319e+00
4.321047649263973778e-01 9.027240750501398736e+00 3.303265228722439328e+00
3.993346653464092011e+00 8.988203785904710585e+00 8.562204544349608426e+00
4.557735331872494910e+00 9.005350256188840774e+00 7.297999528425564986e-01
5.945213476376691730e+00 8.968036940449559680e+00 8.095509728288448059e+00
6.298389322262202938e+00 9.007791570469652953e+00 1.125387182488505555e+00
8.063360386261228641e+00 8.997309904334269248e+00 7.647007902852217320e+00
9.473291799527698842e+00 9.019024242941839020e+00 1.250584854680930391e+00
9.603067864176823676e+00 8.982764132174235527e+00 3.592516501185980538e+00
2.727027865648701699e+00 9.090786076899151524e+00 3.317892724717261821e+00
3.652873672090205304e+00 9.065888851426533890e+00 3.862222265758708417e+00
3.988061380557749835e+00 9.107174635011590524e+00 6.789153208513710958e+00
4.592537146548737681e+00 9.065949888955072922e+00 7.766392996736083632e+00
5.358407596891033187e+00 9.127990515069837940e+00 1.104398240215423765e+00
5.909861193345300023e+00 9.073126267942088319e+00 6.233511128300467163e+00
6.159369539928775339e+00 9.045630255334931036e+00 8.861178238670611051e+00
6.246720553560632716e+00 9.064101065143010061e+00 9.902673014561093723e+00
6.406601234450590709e+00 9.090951037196758122e+00 2.318264487810450802e+00
6.447776245799207828e+00 9.105404601062437209e+00 7.585650104563352869e+00
6.972891294376680982e+00 9.128534574667218848e+00 2.337336519223427445e+00
7.810237698487964231e+00 9.064295983809856239e+00 1.959486908746382205e+00
4.066267885283187056e+00 9.188479378580787227e+00 5.970954575814432452e+00
5.740938569910810862e+00 9.128382826051938181e+00 7.012314415918085686e+00
5.693951901352664713e+00 9.179050394753939912e+00 8.250427700688598875e+00
5.988277192945519189e+00 9.177491141951827913e+00 9.768935258936553012e+00
6.621371228519103092e+00 9.199808905245342672e+00 4.677918583744347103e+00
7.673514849424140749e+00 9.190475356622108905e+00 2.289583399396468266e+00
8.911592386991928905e+00 9.142883786216195574e+00 7.690088701578408958e+00
3.605688459783142452e+00 9.271948561722677340e+00 5.890997111020229937e+00
4.330155629987576305e+00 9.245884497915481504e+00 2.173980845167442943e+00
5.628407411317695619e+00 9.235919068056704262e+00 3.768962575746527266e-01
5.825541584897144354e+00 9.228693120652794235e+00 1.893865005146597280e+00
5.806312714174119094e+00 9.203442540737125199e+00 6.741054798137802173e+00
5.960623406254486056e+00 9.246469768779579823e+00 6.550126633129307763e+00
6.916622255688379184e+00 9.255818062765225562e+00 2.198260482125045989e+00
7.621863203773263429e+00 9.206507694414517218e+00 2.052950021646015699e+00
8.161260713351882856e+00 9.226459266246120450e+00 4.372773648811824287e+00
1.612789724380270795e-01 9.318073558802529632e+00 2.102206707747714010e+00
3.964516484999284884e+00 9.356018781662934103e+00 6.435562154234043541e-01
5.462162690465332204e+00 9.295725855120537062e+00 1.304917046758835797e+00
5.519660238001877772e+00 9.322711435029738425e+00 8.258872150283888658e+00
5.528409567704884786e+00 9.436810177975997860e+00 5.582680463572668117e+00
6.218768120989484061e+00 9.349728654884090773e+00 4.162118214028357244e+00
6.596007177077225947e+00 9.290284078736160467e+00 7.674211141690513216e+00
7.043506309811256472e+00 9.330293840626296742e+00 2.491919458077828331e+00
9.764611448165018359e+00 9.332116435172780555e+00 6.371618041867502136e+00
7.364099919972029173e-01 9.435242677589705806e+00 3.151008731918148786e+00
3.204016355795294757e+00 9.430438056545803249e+00 9.691633089672770041e+00
3.443490697609339790e+00 9.409875409127335999e+00 4.757235118446033972e+00
3.692064065617302937e+00 9.370953390820439211e+00 7.427765229628821686e+00
4.031921481423175635e+00 9.429851093350123392e+00 7.677460998257085834e+00
5.248734454672202787e+00 9.382461814362411445e+00 7.194797231563738737e-01
5.616736856921341392e+00 9.229690945718392214e+00 5.707136744981015752e+00
6.241602400623697200e+00 9.412131785451887112e+00 2.009205830056456143e+00
6.753870260339046361e+00 9.344853976577105925e+00 4.635053014687327000e+00
6.889875901533148550e+00 9.355374234865017513e+00 2.482258767515768572e+00
4.076983773188573856e+00 9.437762388163369209e+00 7.708100154161226847e+00
7.294384928840202065e+00 9.484857306250384923e+00 1.836374999331052305e+00
7.918444897231764479e+00 9.491899399306804597e+00 2.568130174824796441e+00
8.211875058458630861e+00 9.511715216135357309e+00 3.072306661104942993e+00
4.520197075000909948e+00 9.571822303172487167e+00 7.295514247464874202e+00
4.710437671842295337e+00 9.548211917817848615e+00 8.567308657404723027e-01
5.042305047684746633e+00 9.522054519676208528e+00 4.054907974692142147e+00
5.370943431031762749e+00 9.504641509847715497e+00 1.386935160180749804e+00
5.941150084731454228e+00 9.551950496490533737e+00 1.290179908984125934e+00
7.211448966459558463e+00 9.531621603886216931e+00 2.314776708514040937e+00
8.424593868150820342e-01 9.640782518448679284e+00 2.909197106694653812e+00
4.099330499598927702e+00 9.609885221099801811e+00 8.383210873913103711e+00
4.139647971027573981e+00 9.595181284185475334e+00 9.758495573778882104e+00
5.034220207581818762e+00 9.626610900600514498e+00 4.838255284024649328e+00
6.915318066754618798e+00 9.642649307130099601e+00 7.442042197145156024e+00
7.075393628391846157e+00 9.592378413313552343e+00 3.618030741009434337e+00
7.435139699761553977e+00 9.615572224936773438e+00 2.550246423519565209e+00
7.741992749837778298e+00 9.619145244100177905e+00 1.850012723235090695e+00
3.005213730165802399e+00 9.716126046949780104e+00 7.107126079322224399e+00
4.592413896176445576e+00 9.692538936321859921e+00 7.994171225610053000e+00
4.873587065480648128e+00 9.729332985037860482e+00 8.064304955253307483e+00
5.436672258614979825e+00 9.710053228451421603e+00 6.267973895887609004e+00
6.204942917277171510e+00 9.682542295221640671e+00 1.718735458421942197e-01
6.544136920742275265e+00 9.687874091764513196e+00 5.568155047167152816e+00
8.755738698743183335e+00 9.696623657572841282e+00 3.568073066046793862e+00
7.660502707822905433e-02 9.813825706292687912e+00 2.411176809797737963e+00
4.469961686100927700e+00 9.746986262512585597e+00 1.663503670682047630e+00
6.069288695665056466e+00 9.767324432097213460e+00 2.019478714296187416e+00
6.361459381077327002e+00 9.799822130201810921e+00 2.549492853507459245e+00
7.548546364405211762e+00 9.760707107565352203e+00 1.798604836318629108e+00
8.227136518394281950e+00 9.812032316624094364e+00 3.262301867357361829e+00
8.684681362050804765e+00 9.789805451228811961e+00 8.593346942510176945e+00
1.976489225259122073e-01 9.855459804741014906e+00 6.354152558395223416e+00
2.632002125412399973e+00 9.858025190192376996e+00 4.799519727451817097e+00
4.575928882083037053e+00 9.824401589628672937e+00 7.458303755239144017e+00
5.200440656607941747e+00 9.846794998279529310e+00 3.670620092730844775e+00
6.819609294586679304e+00 9.849075608637113177e+00 7.769192785298597137e+00
7.774427946975867698e+00 9.873250481732963379e+00 1.039047264823360406e+00
7.722547117710878872e+00 9.856058837797322170e+00 1.963159650981507465e+00
8.907338142895406818e+00 9.872598129709700743e+00 2.454567952953711441e+00
2.979022518900643623e-01 9.968779104515029132e+00 6.543538367561084534e+00
1.951652132504130943e+00 9.940916217707895797e+00 9.505437446677866831e+00
3.555595051000858042e+00 9.963998842215621821e+00 7.249056002996562498e+00
4.225770108386729618e+00 9.942855860262808321e+00 6.609481549213499285e+00
4.275979578742336251e+00 9.906586700646258237e+00 5.025425401332632269e+00
4.792073363628071014e+00 9.940570374024346734e+00 4.546845190660641300e+00
5.221501232930481073e+00 9.920902378438249514e+00 5.161352122852306046e+00
5.334458008588635280e+00 9.962724968076482668e+00 7.370653850319136779e+00
5.966718385672323599e+00 9.896319740716261748e+00 8.408374924964931552e+00
8.234301852966565249e+00 9.940850862943154453e+00 1.753491270050513418e+00
