1.167913144068814262e+02 1.774600313926051456e+02 -2.744134070754021693e+01
-3.845020255596372394e+00 -2.342440267587940106e+00 1.599970935247538861e+00
-1.266577706047214846e+01 1.876204757000410268e+02 -2.717395839714870220e+01
4.806368052244288647e-01 -4.258647940940416099e+00 -8.185461953681510749e+00
-9.116762044714722402e-01 -3.745085747990767322e-01 -4.370657476264343089e+00
1.091181636364477042e-01 1.267245695426606034e+00 -1.568528305876698337e+00
-3.871057094111360897e+00 1.309853197745522024e+01 2.669110856146464261e+00
-1.696386645052945896e+00 3.956385454517582501e-01 -2.638094828491187371e+00
2.150716402944848671e+00 1.218009508269860319e+00 -4.654585733826889005e+00
5.354278746864824967e+01 4.373212840861838231e+02 1.894561235925936558e+02
-1.303394064315244236e+02 8.656126841527968452e+01 2.851393559538731779e+02
-3.754392194188812759e+00 7.506010810473997097e+00 1.330213136570445043e-01
2.559465925053226343e+00 -2.247397864113012567e+00 -1.023602529794269955e+01
1.433109783642851021e+00 -3.811313803762819585e+00 -1.935927651125621907e+01
-8.106350901012580934e+00 1.433338855242431009e+02 -4.468596371730625805e+01
1.176801447451302884e+00 5.723170059926125930e-01 -1.052759751321432091e+01
8.955318449558990324e+01 3.138132528565204780e+02 8.491194990595735703e+01
2.498461616813877413e+02 1.924037207312658779e+02 -3.734253567430063470e+01
2.251938252835487819e-01 1.053463633728558335e+01 -3.555716636091627691e+00
-6.409104180013397922e+01 9.118421098628428467e+01 7.041487203667762174e+01
6.253970849669414633e-01 4.500362430085742105e+00 -1.818790213726383942e-01
8.343881729312043305e+00 1.307949581511738657e+01 -1.490244145144124843e+00
7.977569201100912721e+01 2.150259184755591377e+02 2.290254481795897163e+02
-3.627532712385600178e+01 3.077616342801649125e+02 -1.803547577599881322e+02
-2.674020860521005361e+01 1.464972980175270720e+02 1.832475837780291386e+02
-9.978158258270855896e+00 1.351642596799544016e+01 9.201987204540449383e+00
-1.126635529082730756e+02 9.474588586440279414e+01 7.791618450624433478e+01
-1.049757277233252211e+02 1.169108147378584022e+02 4.581936457163665466e+01
1.975764651825226093e+00 1.519182023879425136e+00 -7.330543914205205347e+00
3.154954559844937556e+00 -2.442619313877487652e-01 -8.183240187520475217e+00
-8.939221939679708839e+01 3.321104957178037012e+02 1.905059744534651713e+02
-4.677165142372759732e+01 1.653093684455225230e+02 -1.023623459304277787e+02
3.983445383119637917e+00 5.304564579603777474e+00 -3.967441133395281483e+00
1.137335338481424429e+01 2.409613297689072056e+02 1.761923890280026512e+02
-1.312074524951750654e+01 -6.476331877102230017e+00 -3.824760013031353600e-01
3.857835775239387033e+00 -4.263132975959027959e+00 9.997898475275475150e+00
-3.428734143572770510e+00 6.567738159627910299e+00 -2.116961044306048478e+00
-5.012247760353549353e+00 1.813089793997709620e+01 -1.721102146295701374e+01
2.749178887469127197e+00 7.015254995128894677e+01 1.066015736554359421e+02
1.211198045375352422e+03 -1.323844090121144063e+03 1.175659850446017344e+03
1.435516349446712070e+02 2.491513321118036117e+02 1.895847528973414171e+02
5.733087795538317266e+00 1.447248958440397715e+01 2.898367827382242012e+01
8.716322096550896958e+00 -1.100994328176889425e+01 -2.538748381698466972e+01
5.787653044977694350e+01 2.422950160753929936e+02 2.203016318237754376e+02
-1.338348771393465540e+03 1.518975835670506740e+03 -1.123613115618177062e+03
3.723579831641222332e-02 9.850894025688969435e+00 7.608729864972137991e-01
-9.045325082441910070e+01 1.401251584367767293e+02 -3.067828947884468676e+02
1.122452993057323933e+00 -2.825871397289668963e+00 -1.901582024594807629e+00
9.275746727126221725e-01 2.345453438898051246e+00 -2.545655541504411090e+00
-2.014923306265411718e+00 2.882393857620836997e+00 -7.566103524526921476e+00
4.377608931516516755e+00 -1.728802350303023871e+00 -2.457248083296146302e+00
6.650230422101084571e+01 3.072654829938848025e+02 -4.642829376938916539e+02
-1.830472932368597583e+01 1.675095490133969065e+02 1.026272042641413833e+02
-3.284640557105766412e+00 -5.034218885471783977e-01 1.235075282827147625e+00
-4.052487108657274462e+01 4.543935669858913684e+01 -7.977883708261348517e-01
3.187916647571663376e+00 5.390428134904674984e+00 6.144084541847771419e+00
2.204331591664365320e+01 -1.137083487194667413e+02 1.831800178781981359e+01
4.576465180872784089e+00 4.086582203763316379e+00 -3.575140927843980521e+00
-1.544744913006867932e+02 4.386556484896109396e+02 1.181627765462538946e+02
-6.199704117384768232e+00 7.096244909374993881e+01 9.918582017863000644e+00
-2.207563403672642011e+01 2.248395626743283060e+02 6.601532675294635055e+01
-4.941979630662289082e+02 4.025548589706702387e+02 4.507575027150824098e+02
-6.382116940402712402e+01 -4.425822470904770967e+01 -5.257914310211384645e+01
-4.427692089955396426e+00 -3.796200615116209320e+00 2.000977292729902501e+01
-5.058408760828141837e+00 -1.348974958846926242e+01 3.586359950133796715e-02
5.673111291407697081e+02 -2.290076936309820042e+02 -4.759499704286305928e+02
1.392847835047012817e+00 1.224552911211700401e+00 -5.383768350731366503e+00
9.722804579370571076e+00 1.012649568673647025e+02 1.164037054986828501e+01
-1.150761419553698488e+02 -4.371647367535066451e+02 6.572282013203387123e+02
1.022757828754468505e+02 -7.983136331886854009e+01 -3.549934423911965808e+01
3.854801595643568248e+02 2.028037704540198547e+02 1.718800418291718017e+02
1.546481310010664467e+00 7.094568439295036555e+00 -1.241293115545813563e+00
1.624836088489089780e+00 4.754710408481611417e+00 -1.304219342857683372e+00
5.099894799734019557e+01 1.203944336838546469e+01 2.716875056396467158e+01
4.022247580272015455e+01 3.334942189401917858e+02 -5.469798906267995697e+00
5.787196027394545084e+00 3.311079803485958095e+00 -8.292946111371048978e-01
4.786078294537697531e+01 -5.263211448915674850e+01 -1.911159897345479663e+01
-3.919546018014576561e+01 1.251933890406634333e+02 1.946076737115786557e+02
2.340668834822048350e-01 7.298669146276177244e+00 -2.205215632689741412e+00
2.223161170580279844e+00 1.909821245630943798e+00 -4.749491813116152983e+00
1.260348909871612300e+00 -3.325765265238463941e-01 -5.027313385985490157e+00
-1.745427844606789904e+03 3.858584191437756203e+02 -2.143303085529479176e+03
-1.816907831774892790e+00 9.547206461277504275e+00 -1.338065993528442732e+01
4.947261647386342887e+00 4.842768859717065055e+00 -6.667796202081046619e-01
-1.022474351276160043e+01 -5.185104076864195832e+00 5.582400413345853352e+00
4.942203285258999212e-01 1.713849157308084958e-01 -4.107024969807895332e+00
-2.090572844323837387e+02 3.362628032050199636e+02 1.888070928814594254e+02
-1.267306779317832195e+02 2.818385966479285685e+02 1.657059456922346641e+01
-3.504265878755440156e+00 2.205651339954433610e+01 5.754562578714601528e+00
3.290057849080127106e+00 5.860793200630650901e+00 -5.345067368904986793e+00
-3.742034486010020089e+01 7.031214588027378909e+01 1.208589111316961606e+02
2.330858776506901542e+00 -3.597070567115816520e-01 -1.037052610896272320e+01
-3.566960825729604778e+01 1.641730774293690729e+02 -8.929614654152963737e+00
-6.277260749651102367e-01 4.212271659943802149e+00 -8.418372620930064443e+00
-4.191302289907088863e+01 -7.933138698414350642e+01 -2.348189760164527229e+02
-1.055936718417924780e+01 -2.188209880008072261e+00 -2.203832768022542155e+01
-1.545627571472715456e+00 -1.766290098430391975e-01 -7.907309492161431308e+00
8.099244156788900639e-01 4.613431803218584371e+00 -4.421241946804314260e+00
-1.368707181181188162e+02 3.350281610556471037e+02 7.941780150869618637e+01
1.053814731262397970e+02 1.144307317934288193e+02 1.248883177598572445e+02
3.886330619640388306e+01 -8.172924889261802273e-01 -2.782681650501233150e+01
2.777913237402635787e+02 -3.695416693520272133e+01 4.142925595675924342e+02
7.769186233503055927e-01 -1.320644626999205595e+00 -1.237674825759395025e+00
1.841035981682310085e+00 3.306702508687620057e+00 -2.923810552063616619e+00
1.629986032093721615e+00 4.945349010738619100e+00 -5.774912738284603275e-01
-5.250125281516757525e+01 1.381982267090646133e+02 -9.207321245835757395e+01
6.640970229627354726e+00 -1.528414902383201479e+01 -1.554977626232370724e+01
-5.652066096746266055e+01 -2.431745319820114730e+02 3.487976270541157930e+01
-3.461950381441803870e+01 5.151479608901601637e+01 9.761998058802063838e+01
1.237404412852991982e+02 1.029182847494622166e+02 -1.386863878380880806e+02
7.988667756743501158e+00 9.393644881173741634e-01 -7.322084171462806879e+00
3.216537494430647826e+02 7.465207177741946509e+01 -1.324313643260276763e+02
1.117460091481505913e+02 -2.033418856093982185e+02 -1.456828591502970482e+01
2.576468887975699573e+01 8.487900035236576457e+01 -2.753842571034322617e+01
7.484247817544495973e+00 5.049918849134797938e+00 -4.544273937028084021e+00
-2.689671583741580321e+02 1.910376467241123919e+02 2.718717369371604491e+02
2.519200212156973464e+02 7.223168767295807413e+01 -2.624061085347724287e+01
6.036057755785857637e+01 1.976602200921927306e+02 2.004286877949578809e+02
-1.434780418204529173e+00 3.465427276245572230e+00 -8.475623703534729270e-01
-1.327593147456688314e+02 -1.774747397341786836e+02 1.423188503667050782e+02
-1.975252141534203920e-01 6.315302198972833025e+01 5.081529131323351578e+01
-1.359212479566200273e+03 -8.595246273184613983e+02 3.696733401458197932e+03
1.320051437740830579e+03 9.411386196653370462e+02 -3.633792432367994479e+03
1.767063627042312124e+00 2.708949440625881167e+00 -1.679782758780850038e+00
4.026065633508575559e+01 9.634915483120670032e+00 5.243035166964232019e+01
-2.973688407300507208e+00 1.960787228922596270e+00 -3.557720554938116564e+00
3.081835843634849859e+00 -2.821990147328919285e+00 -3.219456689891433410e-01
4.464759438279441994e+00 5.423116364672075917e+00 -3.969465936424851016e+00
3.585989107921315089e+00 2.802215949708711129e+00 -4.706479652321272411e+00
1.747848446623852112e+02 -9.438750736940312436e+01 -2.172380958489977729e+02
-1.619514423760523236e+00 -1.102283416271301775e+01 -5.339463773771688793e+00
1.514188227173582479e+00 3.045083553471415350e+00 1.573829620185171141e+00
-1.544148912337365065e+00 9.088268194865680272e+00 -4.442115733545156431e+00
7.912422677681695404e+01 -3.932817370735845941e+01 -1.830153958821774722e+02
6.902422273120667473e-01 3.249184965321040508e+00 -2.743619837638651582e+00
-4.808737204776247864e+01 8.308823045755244152e+01 -3.073425823083528030e+01
6.218415757097042729e+01 1.608722378801504078e+02 2.475284212336692491e+01
2.886645948601232448e+01 -3.266111471460502003e+01 -3.247533972548200154e+01
-3.394562305674702074e+00 1.010657417779785661e+01 9.700334266610807776e-02
1.474559805399477952e+00 6.154756887550918876e+00 -6.300712553322709297e+00
2.851554088845268211e+02 -2.345031860773727317e+02 -1.641261076754741680e+03
-3.132153937893688234e+00 1.576104396850908813e+02 1.017893692351377695e+02
2.493400716592028061e+02 1.775169947678197673e+02 3.287985857325583083e+02
-2.120261845166634771e+02 3.048870138853968683e+02 -5.402651342284700320e+01
-2.073348782733848736e+02 -6.094496288746037216e+00 -1.003519951403530683e+02
-1.105620876773930945e+02 8.670289482280801963e+01 3.866351568380780179e+01
-7.361181064366971727e-01 -3.021490554155755071e+00 8.748653362791594668e-02
4.511701714468364344e+02 4.721890203562377053e+01 1.080720934641248121e+01
-1.343964322232925745e+01 2.478818090867436297e+01 5.329955449540118018e+00
2.025161277378330169e+02 -3.534578770762229283e+01 -1.807703675070600866e+02
-3.213085314521127884e+02 3.667120777038950905e+02 1.729211884019689478e+03
-3.609126693545712783e+01 7.176359476358251754e+01 -1.000535697337037107e+02
-1.409179191108892581e+01 8.002354946421977644e+00 5.903797831242239447e+00
-2.132843554063486590e+04 -5.361065102904033120e+04 -4.206440529847123253e+04
-8.608309995983001173e-01 2.106173540017527657e+00 -9.916407445432325218e+00
-5.256337506423788000e+02 3.899521046986246802e+02 -1.171789686145685891e+03
8.037683721582000089e+02 4.631112462519706128e+02 -1.963483974041400870e+03
-8.801002386056393334e+02 -4.028950946795561094e+02 1.922472243427871945e+03
2.373325020559736931e+00 -2.947440356715242515e+00 -6.275657510165231656e+00
2.135320394944315194e+04 5.363260944712761557e+04 4.208576290815926041e+04
9.384465284714281097e+02 2.089876057836459950e+03 -2.355629082374237441e+03
-9.342539090836438076e-01 3.967500397151022540e+00 -3.782946338660058139e+00
-9.411030761116386811e-01 4.570915233514063480e+00 2.630669914071535054e+00
-4.036887083783370578e+00 3.193088157242637060e+00 -4.214007795725501992e+00
3.290934829783353734e+02 -1.077227694872333927e+02 -3.228582014554062880e+02
-1.534134342630421202e+02 2.123587810078677194e+02 4.918541511396961141e+02
4.766728232665407572e-01 -3.646934484453312475e+00 -5.747274545914989652e+00
1.003467701864119555e+01 7.042420392234278381e+01 -3.710606700318225393e+01
1.150895100928436534e+02 -1.650736651895743137e+02 -1.457546909821267604e+02
6.000062162069421667e+00 4.931104770493198730e-01 -7.004022451979238895e+00
8.079155821087319111e+00 -1.095246741464771301e+00 -7.187823735264574410e+00
4.899232770621739341e+00 5.300112538369464943e+00 -2.493599519680316234e+00
4.002644240765239836e+00 3.524285617105584834e+01 1.520935979802904070e+00
3.097648572679419487e+01 -8.794860028145521369e+01 -4.925005933828831672e+01
3.677843307680136453e-01 9.991693339154560149e+00 -4.272344384868285161e+00
5.934277352101703400e+02 -1.108669072145334695e+02 8.515414027505225931e+02
-1.009120741895941364e+03 -2.035401293886082840e+03 2.423783076095828164e+03
5.452841421049029691e+01 3.155484147710649978e+01 -7.666940049345784658e+00
-8.633369786902396203e-01 -8.643723367740889785e+00 1.700381737182508957e+01
-6.628748121073294897e+01 1.899966344450973565e+02 5.349194939337069599e+01
1.899797689657885424e+00 3.001743332906437467e-01 -9.373398424585758448e+00
-8.492678013353543998e-01 -2.172728055581648832e+00 -3.697012298109040529e+00
2.168351724556454201e+02 6.398786293371183831e+01 -2.286252306090423048e+01
2.391338642028699013e+01 -4.887575124263653592e+00 9.990252667014952692e+01
-7.085057716229653124e+02 3.133102015566627756e+02 -7.472616615376163054e+02
-7.202953636998851827e+00 5.376643881606323561e+00 8.684838353936317645e+00
-5.181346815291321128e+00 1.595043630363267351e+00 -6.839557926085529260e+00
7.266797282752516907e+00 -3.892173347917255555e+00 -1.056851734165965340e+01
-6.900302233591786738e+00 8.352529827020955366e+00 2.379833668136163816e+00
-1.369897364321056799e+00 5.897902823652692916e+00 6.675134839279541765e-01
-2.008508171464066905e+00 1.986862672169308119e+00 -2.337425857913054461e+00
2.288027959667211917e+02 -5.599619167047083579e+01 -9.478347879347137450e+02
-2.322008162967011629e+02 3.034424843171019575e+02 2.416846056137460437e+02
1.102005750967563147e+00 9.681709731947320208e+00 -5.066888891810024553e+00
1.154524346303623439e+00 3.200247154607403388e+00 -1.536929897058449512e+01
-8.717324382944735817e+01 1.414656613916822891e+02 -3.552180105002149446e+01
4.689996544397073563e+01 -9.185003110357415324e+01 1.274567380233165977e+03
4.014074071219610573e+00 9.060774996524549874e-01 -6.494743321463349872e+00
-3.276129385133820016e+00 1.551396036153326108e+00 -1.057764666730096081e+01
-1.274425710277173884e+00 6.519395293521743628e-01 -3.551727030141631936e+00
-4.727312275016162801e-01 4.278656754038135723e+00 2.664614744435820803e+00
-6.655711562486853836e+02 4.864724671940397798e+02 -3.838952417950193876e+02
2.690605400282389610e+02 1.797031978831209926e+02 -1.803462612212284171e+02
1.799584470448472757e+02 1.167939394725807318e+02 1.971964593927792109e+01
2.672125588314357092e+00 4.931191632541821690e+00 -6.460481694301519973e+00
-6.242854629645662499e+02 2.097223204449342120e+02 -1.833631955332088523e+02
1.022231471125508406e+01 -1.311954279058592121e+01 7.276909376023262155e+00
7.953820805225744834e+02 -3.491446069995311063e+02 4.305066445484135329e+02
-8.657965242842406539e+00 1.034489167200828419e+01 -2.253289001920814272e+00
-9.376652617133845524e+01 -1.114570945756035627e+02 2.866949804027102005e+02
-1.081476247866987261e+00 1.721153615113540036e+00 -2.350231791922129165e+00
5.680984900415868566e+00 3.276207088006572565e+00 -3.505661652266106820e+00
3.647013818014988473e+00 2.094315514807345124e+00 -1.149506464240988635e+01
-7.131954305786746318e+01 1.083753016083351497e+02 -3.966121497796952156e+01
5.082909337754939472e+00 -9.986283966334523476e-02 -8.960447719253307852e+00
4.894434483136068081e+01 -3.854855288548383108e+00 -1.605485643351711076e+02
-2.537495061347689429e+00 3.349839768480550539e+00 2.046773104809717303e+00
-2.051951238498768149e+00 -1.368495526529572848e-01 3.064027262947516483e+00
1.167242743655336028e+02 3.259228552660963487e+02 1.161084657320226086e+02
-1.235797055297823022e+00 6.538285637483586932e+00 -4.418931988414425582e+00
2.144602475832463284e+01 2.394761388445213512e+01 1.220724647792965989e+01
6.901430324759820767e-01 2.330828492146963526e+00 -1.088151481540554855e+01
-1.951963894745296635e-01 6.171710188495219462e+00 -2.203049759866918755e+00
2.142703918651074346e+00 1.329362158269486560e+00 -8.171809326891722236e+00
-1.175765472154852942e+00 7.011797791883568109e+00 -1.131350733384726137e+00
-7.563031589369315633e+00 1.262957138728263828e+01 1.667782718801662734e+00
-5.019002370405380553e+00 1.193204324726023557e+00 -9.190766715230778150e-01
5.728390664873357352e-01 -9.252126274141158291e+00 -5.077986057485372129e+00
9.196441752528622260e+01 3.621135152024706372e+01 1.168067473553350482e+02
-3.221202983276043597e+00 -1.822071949965133797e+01 -2.378160312738030768e+01
1.435830959349989389e+00 7.559065439944110398e-01 -7.068327043464480930e+00
-4.076275789776447334e-01 6.474614676525800583e+00 9.591408479491536632e-01
-1.090446797134631218e+00 -5.715141920236443962e-01 -9.561876244219297050e+00
2.925459917281616917e+00 2.439004433096371827e+00 -7.417988739921820951e+00
1.163705789957189873e+00 4.426628473399404906e-02 -5.624946643948971481e-01
2.677321763040406495e+02 6.969803765957752262e+01 -1.602268049504163017e+01
-1.130364184841054609e+00 4.303662961127151299e+00 1.325984930891790592e+00
1.144325660061807639e+02 1.268536001359108667e+02 2.711682334551738904e+02
-5.778557146271459999e+01 7.778093864915969391e+01 2.943085935909612871e+01
-2.576989306875763077e+02 4.550185351041683930e+02 4.305033275816128935e+02
-1.360793242207586129e+00 6.633325163794861368e+00 3.964252345568716196e-01
3.015256264737502079e+00 -2.404102948404566398e+00 -7.781942714339294298e+00
8.118089412120019777e-01 2.574467929111062592e+00 -6.255201942583266117e+00
3.504155682693148588e-01 -8.602727154244407259e+00 -1.405869734477299016e+00
5.670940373694473635e+01 3.368723858635520685e+01 1.759405041104803331e+02
2.358127265646408954e+00 2.506824163829583618e+00 -3.585209888155715952e+00
-1.383010296013566232e-01 -4.564952677820948601e+00 1.317234410367305264e+00
5.125606371543006468e+00 -8.891428494909360936e+00 -2.184524085415669958e+01
5.120890365928808023e+02 6.345120480370055560e+01 2.804383943019244043e+02
-1.091868851380916272e+00 3.680337538561396560e+00 -4.222395496784019819e+00
2.477687246098911800e+01 -1.582612309721700972e-01 2.319471226940938990e+01
-2.827322994894067243e+00 4.667967889651984947e+00 1.274413970557956022e-01
6.808658296306397961e-01 5.192962763059850495e+00 -1.218053629701195129e-01
1.481923170240621701e+00 2.225204049126159767e+00 -7.636956680614586546e+00
-8.124276850186238352e-01 4.750158743486956325e+00 -1.099435770740644136e+00
5.075322087325332632e+00 1.753180858421898947e+01 -3.587522131930879210e-01
-1.843019665995520917e+00 1.436690483350206549e+01 -4.270632094830512315e+00
-3.581330357072058934e-01 3.120624635062422492e+00 -1.906739589482539632e+00
-4.430202632844359556e+01 4.528200423766799432e+00 -1.794889193249166937e+01
-2.773737966308701175e+00 7.971906615083368308e+01 9.088270946694964891e+01
5.416097791784499549e+01 3.133180911379759692e+01 -8.350322036061069042e+00
6.053370305750496172e+00 6.404073522776028149e-01 -6.468680945082381228e+00
4.893037170352052271e+03 1.291023888988152976e+04 -7.289574947818060537e+03
-4.800326358356712262e+03 -1.290172308764539230e+04 7.359784731284470581e+03
-7.802024559036519236e+01 6.383537112041979356e+01 -7.748955408020324853e+01
1.652428326701731010e+02 3.221911881622625629e+02 -8.882573642920161205e+01
-4.643724718640173776e+00 2.479655661455932858e+00 -1.428706267940404118e+01
8.892025566477739673e+00 -5.090917001302223355e+00 4.415111351899822623e+00
1.087965398244582715e+00 -1.326740627134939565e+00 -6.491461338923352642e+00
-3.162059329257141940e+02 1.876736040691812946e+02 2.192103518971839833e+02
6.374820215142888991e-01 -4.140642942449940911e+00 -2.018030824741002816e-01
-3.635047810170808358e-01 6.354118874366800007e+00 9.407893768454620442e-01
-3.710925750789733968e+00 7.350023090787391133e+00 -2.777316385072924554e+00
2.177184138244327372e+01 -3.072656658976387689e+01 -7.795200607152459327e+00
2.191858354562076006e+00 1.645378048055352949e+01 -7.605378198047875848e+00
1.188071691699521315e+00 2.778102211329141369e+00 -4.148962471670712304e+00
2.891339836950771236e+00 4.991614772083330820e+00 5.849543007456055932e+00
5.402423970337403958e+00 2.257639866639217452e+00 -7.123359720334300427e+00
1.487771018546571788e+00 4.058849904991061130e+00 -1.124797084654320489e+00
1.096969952479875277e+00 1.494880287938991748e+00 -1.729362799540779871e+00
-3.686846622997053680e-01 -2.763134594789475873e-01 -3.310567728180752844e+00
-4.315251044528946034e-01 1.728593242921595330e+00 -4.884216482334755582e+00
-4.435273631765262792e+00 5.486375764949612766e+00 -8.567343490863052580e+00
-2.343391962316738741e-01 5.209389243164306293e-01 -1.449046859437120638e+00
-2.445551716625146099e+01 4.077134169493622551e+01 1.293202847836790781e+01
1.691951748694233926e+00 3.969290424469243739e+00 -3.785744362000621255e+00
-2.757174251309357338e+00 1.653887586510804919e+00 -6.249500468038708512e+00
-1.346573993322542240e+00 -2.243293505316060088e+00 -5.090211496124572577e+00
-3.770460226451544994e+00 4.482828875101477761e-01 -1.107920118086305017e+01
1.052443832834978288e+01 2.818921323178702920e+00 -3.838197917624872169e+00
-3.915943037196232694e+02 -1.474776776346303677e+02 -1.271960168104256184e+02
1.132930172782545952e+01 6.935257627984366025e+01 -3.455515762482531272e+01
-2.080782233129611427e+02 -2.666150066641816352e+02 -3.397427735953294814e+02
-1.944697097245145612e+00 2.712264985254786875e+00 -3.345705231612395192e+00
1.967587197728099113e+01 7.391226612632704018e+01 -3.410736160762473901e+01
2.792849758809627936e+00 1.202337969519545080e+00 -6.390145127231067868e+00
3.369495083286612402e+00 3.409801397695348513e+00 -4.634142091300025967e+00
-2.627998132096421102e+01 -7.323868269840920675e+01 -2.577699207897025957e+01
1.538348162893961590e-01 5.339840592522448581e+00 -1.863149681843853323e+00
-4.696096813131626391e+02 2.804115980176326275e+02 -6.008804588850321124e+02
5.582197522554946545e+01 1.246767649700314138e+02 1.024185291752898195e+02
2.894667614179641987e+03 -8.692268519048363942e+02 4.522429941719638009e+02
-3.427381885372374537e+00 1.032881538602264726e+01 -3.411543895229864454e+00
5.094506628801001025e-01 8.790307928661439618e+00 -1.251490565642272657e+01
7.100109397869493932e+02 2.319630626750216379e+03 -5.371940318503477556e+02
7.936139265858871639e+00 -5.703012166424942464e+00 -2.400920153902698573e+01
1.639693592579462678e+00 4.173907820297717564e+00 -3.362507917310371575e+00
3.305262790126494377e+00 8.912139098552739114e+00 -2.457022815157253071e+00
-9.979710101404679623e-01 -9.897205861677283778e+00 5.899367081224073939e-01
-3.446990181377385554e+00 5.412482286179242763e+00 -3.283876431595392553e+00
-1.023158787331196251e+00 6.538075842842270724e+00 -3.843196784233204877e+00
3.377084148233511218e+00 4.589028998961773631e+00 -1.154197299267559540e+00
2.113840548945127864e+02 3.484549256951125074e+01 8.735219047236031997e+01
-2.811363691172215962e+00 -1.213406120614471728e+00 -7.774945178277272717e+00
2.984268050852949550e+00 5.003578181151461024e+00 -7.240375833610444012e-01
6.111613726257739927e+02 -3.021458902316173862e+02 2.875048181885674694e+02
2.429374812882031165e+00 -5.549420834439880323e+00 -3.727154657518467751e+00
-1.724630738264714580e+00 4.164492831464260192e+00 -5.689493068270403242e+00
1.217507470837458783e+02 7.994257657442381060e+01 7.208235381808577813e+01
1.668689380817910148e+02 1.222397643487181824e+02 6.678326327943219098e+01
7.352534829906110758e+01 1.486020629788941072e+01 -2.475790108521625044e+01
5.832262036331362651e+02 -3.176288043158878054e+02 1.954552071387790306e+02
-7.376529327354597321e+00 -7.386080889140927752e+00 -1.245442590590952037e+01
-5.204239101307059912e-01 3.996475108309059721e+00 -1.424879308965660840e+00
-5.270651393481299296e-01 1.278043687702034581e-01 -2.056113701686518080e+00
4.377494685912268757e-01 5.218050494572324283e+00 -7.405781687881732189e+00
2.532214315964814944e+00 6.079735655648445203e+00 2.492206656316744429e+01
-1.475277487913375808e+03 -2.494315740945882226e+03 -3.484435810641385842e+02
4.220038738492176478e+00 3.836232980939177750e+00 -2.028483002173623539e+00
9.912248085507274098e+00 4.467349118054020352e+00 -6.855640955339807441e+00
1.439065201441073416e+00 2.884440503854361459e+00 -5.209304067011952810e-01
1.361524226707199432e+02 -2.004573637581630123e+02 -6.170765969016251802e+02
-6.014613930319397950e-01 -7.792152094876259039e-01 -7.899647825419338965e+00
1.400120715531854909e+00 1.635849293652251735e+00 -5.580650568017202495e+00
-6.413520626451071571e+00 1.481243032020970407e+00 3.720603073806536543e+00
-8.832456670340519400e-01 5.037527005063445529e+00 -3.047286877112372228e+00
2.013199642091968542e+02 -1.822326720084587492e+01 -4.757728718823005210e+01
1.703196201669033485e+02 6.507736887643747536e+01 -4.074230433949664842e+01
1.784555246060446962e+03 9.463364718450634427e+02 7.174481875287390267e+02
2.073232678143821062e+01 -7.468880416161827185e+00 -6.785414858674243987e+00
-5.113872582209412343e+01 8.896497597398483492e+01 -1.416591674753222563e+01
-3.213186594641546989e+00 1.934263531938787306e+00 2.954813811422373426e+00
-6.643889180089358604e+01 -2.937930555805270316e+01 -5.540824991907854269e+01
1.519289205145070127e+03 2.517729367881059261e+03 3.618620320637357395e+02
-3.116461838485144131e+00 3.322039946726028425e+00 -1.506019413818527397e+01
4.493790185471486609e+01 1.772572771776164586e+02 -6.658386105684290612e+01
-2.335486983036004993e+00 -3.299121629826761715e-01 8.700088173945037084e+00
3.122778933020068237e+01 -4.750031331078822916e+01 1.228642646380437142e+01
6.607209674563312092e+02 -2.685534309698196921e+03 2.943371549177016277e+03
8.919416959035482151e-01 4.271468518170776107e+00 -5.161041729286001356e+00
2.810357602331622129e+00 -1.877636864276473005e+01 -1.883151769147455568e+01
-1.397619511790833080e+01 -5.920614416715078221e+01 5.977473412148039245e+01
5.083316968324863296e+02 -6.734836505497693224e+02 -6.686131481303112878e+01
-4.832705133160133641e+02 6.112477412324697070e+02 1.356692792352990580e+02
-7.037472385568084974e+02 2.692884428255494186e+03 -2.930180881486921407e+03
-1.074823944975155428e+03 7.338917669988491070e+02 -1.284553519581936598e+03
3.377394461081990040e-01 2.589985356703737196e+00 -5.677042386192987067e+00
1.569516611204152525e+02 2.787564634791116802e+01 -9.158611444711395322e+00
3.831597797830965213e+00 5.320178747422632526e-02 -5.355166421739374627e+00
3.277322442011028070e-01 6.262634338479204033e+00 3.876226983863306774e+00
1.041724782488624442e+03 -1.487940332790459195e+02 -2.024532204912838438e+02
-3.029222839641710834e+03 6.789204947051741783e+02 -6.356764424528034851e+02
3.178336380021094101e+02 2.941429271030112886e+02 -6.520665802551684465e+02
2.079239711510623145e+00 -9.902813388789525106e+00 1.615786971398766259e+00
1.554923790935958117e+00 -3.278503036574558216e-01 -1.204769800335097951e+00
8.558590726854855557e-01 1.407549485185012550e+00 -6.202178555172920271e-01
-2.248485630932345103e+00 -2.716638485774021117e+00 -1.420715642130611300e+01
-1.023262212711459895e-01 1.146295208474869542e-01 -6.430336627032712471e+00
2.803410649944745536e+00 4.623668152722205660e-01 -6.950881286227515332e+00
-9.264809308020677463e+02 1.975783151541965594e+02 2.831872341781246405e+02
1.942878935647593952e-01 1.866184886180670244e+00 -2.792799731149871789e+00
3.733348202407763772e+00 2.603413962302656426e+00 -1.081110189970873847e+01
1.080087211813795648e+03 -6.990601221928708355e+02 1.137275392930069302e+03
-7.860068515688459101e+00 -5.360605699609557462e+01 1.767786159993300288e+01
4.167481154739375526e+00 3.949106584810742504e+00 7.585800492712702070e-01
2.151138284099598508e+00 -4.261092564910005098e-01 -4.412202119048542315e+00
5.439710140991962928e-02 3.234732286999151274e-01 -1.944365434825624739e+00
9.555599538953869043e+00 9.771502254552097977e-01 3.089710445751259194e-01
3.655137650414371553e+00 1.236321166417781114e+01 5.382973221983963441e+00
-2.429130659850582408e+00 1.228540798342852014e+00 -2.415971700464611072e+00
6.389392513345376834e+00 3.037500762013056743e+00 -5.292327926408059824e+00
-3.867549094416570021e+00 1.376563525166068613e+00 -8.709056354048696491e+00
-1.812541474201778247e+00 7.537811877883674683e+00 3.111770422236393996e-01
-4.436947603003631002e+02 -7.585678803416041092e+02 -4.560175524190847796e+02
5.599318667968976371e+01 -1.202360129399012010e+02 -8.410148784784008402e-01
4.950761608350460108e+01 -2.776821167617169550e+01 2.024485963864781013e+01
-3.644227482842075915e+03 -7.811954494121913513e+02 -4.003958496577330152e+03
3.241688442751660126e+00 4.505860635693986760e-01 -6.199097055278658175e+00
1.430455829126652478e+00 2.069681493532669947e+00 -7.121915405987077285e+00
-4.829639628691138498e+00 4.274834206614093191e+00 -5.703826590147672349e+00
4.286772493168787435e+01 8.747233016906471903e+01 4.874595100605988307e+01
3.476162544344895355e+00 -1.620251944897792029e+01 5.285947639805478993e+00
3.720324900524966338e+00 1.067817667001959308e+02 2.927140762693011311e+02
1.131828661442226824e+00 1.087794273692347247e+01 -1.607667198962178912e+00
1.826828434704303206e+01 2.390086970302882818e+01 2.610664747812880648e+01
7.144673211624408271e-02 -5.184720121323005415e-01 -3.764807224313742928e+00
-1.460913504900245385e+01 -2.208703683968384723e+01 -5.244273535385565732e-02
-1.298048431370456335e+01 -1.968475710232738862e+01 -7.662321722171242300e+00
-9.143477336143863567e+02 -3.810154763762171797e+02 -4.977686244038715131e+02
-1.058893108305942604e-01 3.765978539258166613e+00 -2.104534117763789958e+00
1.582956842340749937e+01 3.163825979883614359e-01 7.290215682727746227e+00
1.000842093357435791e+00 2.881638759170007891e+00 -5.756268100483932670e+00
6.678977201369231231e+00 1.674652306748560093e+01 -6.044206705312079819e+00
5.317706955154477555e-01 -3.083689771688849390e+00 -7.020804109734104514e+00
-4.347893364347832801e+00 8.676753538539113464e+00 -6.227842179131274136e+00
1.616710901532135949e+03 -1.800207897009731539e+02 1.600352381500154479e+03
8.122708941091897117e+00 7.862158976043481573e+00 -3.787198902693276636e+00
2.310945018409633622e+00 1.250827502539422298e+01 -5.451628095171055399e+00
3.304507951003549771e+00 7.560037323461481940e+00 -7.050843461573742310e+00
-1.380147827577049124e+00 1.844333035125906406e+00 -3.052676454678690643e+00
-2.360426833951615677e+00 3.048229566392453904e+00 -1.316863680372125245e+01
-4.306838120944021853e+00 6.470011128766003594e+00 -4.617648482632563223e+00
1.440028650148203155e+02 8.232065209756156321e+01 1.132852239155745799e+01
-1.469045662463387316e+03 -6.849179944246066043e+02 -6.407835134209660737e+02
4.372341360100151775e+01 1.525710489571397090e+02 -2.437125621816665557e+02
3.992992724134419191e+00 7.081754068104475053e+00 -6.134636488689519496e+00
-1.775883336579730531e+04 8.311846569291295964e+03 8.610612827214972640e+03
1.779528245402185348e+04 -8.297799327522829117e+03 -8.599633177631512808e+03
5.750789891642148488e-01 5.619695703396145881e+00 -6.508301222412007370e-01
1.564997961558022325e+03 -2.321885775900861404e+02 -1.236378508724222229e+03
6.788780324086968676e+01 -3.810129959727444060e+01 -2.655600326860101745e+01
-2.042801049950434766e+00 -2.494340643412512257e-02 -4.012974321793097765e+00
1.816270308903698378e+02 4.447784984124619712e+01 -4.777337179889754992e+01
-4.719473048121427539e+00 -1.690062146343437632e+01 7.625652244955851700e-01
5.515292460176823397e+01 6.627428616784817450e+02 -5.333041716278671629e+02
4.928513180817934547e+00 2.237001602601362826e+00 3.309010684149995551e+00
-5.707579391176833994e+00 1.416949886132693948e+01 3.614284730564292669e+00
2.053567695484895150e+00 1.875841245851742389e+00 -2.363025250107682496e+00
-1.224851542629919408e+02 9.162876289563062215e+00 -2.159391810400234846e+01
-1.613778943519478617e+03 2.619868800432966509e+02 1.359061069130922533e+03
3.679376851613732846e+00 -7.738232123277649643e-01 -7.777452706412088190e+00
4.412225387526675036e+00 -4.364529804347379027e+00 7.714983292730336117e+00
5.218726254794892938e+00 -2.383536792291865769e+00 -2.817473492101553845e+00
3.021341325521566645e+01 6.530439909135128396e+00 1.687739679052794628e+01
-3.320055389271375779e-01 2.054555203285883813e+00 -3.456098645355254462e-01
2.473175810200685998e+00 2.663760625184034225e+00 -6.604899301971149050e+00
5.787012454846347964e+00 1.431259218219704366e+01 8.870267680576461089e+01
-1.539901515043323954e+01 2.852021395424786476e+01 -2.509799393631066522e+01
-1.891245777155458541e+01 -2.087204307267168701e+01 -7.353969006245655748e+00
8.867038390017097527e+01 8.107542266417172527e+01 -2.416623547679073738e+02
-1.205593958408274879e+00 -3.230859827243762195e-02 -1.237508391075765379e+00
7.253177407745262428e+00 -1.630664425271024953e+00 -1.257386568045637176e+01
-2.005401424804607591e-01 5.983725167955283197e+00 -4.757735870568193803e+00
2.450477421370564901e+00 6.854831649243079639e+00 -2.704049047574440756e+00
-6.459647231798701927e-01 1.312592922733208312e+01 1.036181206695527557e+01
5.739807580266676368e+00 1.050597331439918491e+01 -4.102647537912815778e+00
-1.767491651940563013e+00 -4.919460662506933701e+00 -8.427098419825156839e+00
4.644594048218647231e+01 1.541165170230552661e+01 1.771334074254713187e+02
7.812251079099522144e+01 1.176805800737898835e+02 2.651789954487799719e+02
-1.329503555004125737e+01 8.166415144700144424e+01 -6.280331847139935775e+01
-6.206908103859171888e+01 -1.366180046741328624e+02 5.757628497077433849e+01
3.511603385856218296e+01 -6.621520615485990469e+00 1.156520000845959686e+02
-9.805080936657294188e+00 -4.834363155411817381e+00 7.279499942116733624e-02
7.311191786340858201e+00 -1.531202178875243902e+00 -6.750654952378527085e+00
3.567332339081247916e+00 2.334823184243526306e+00 -5.387205727168350222e+00
-1.446898111650929479e+02 -5.032002516445409412e+01 -1.087031210081140529e+02
-2.993144581139567606e+01 -2.191947547270121888e+01 -1.520554059216168774e+01
3.436051738106196751e+01 1.667876104563810600e+02 -1.971958071270477149e+02
1.665105201357035103e+00 4.585966767292111612e+00 -4.298447009661366280e+00
5.214043663510453896e+00 4.527215138523718707e+00 -1.063280831768119228e+01
2.579070975981815117e+00 -8.382802409223833351e+00 -1.254322571884988946e+01
-4.252716671877248444e+00 1.057467202482218127e+01 -3.294727926053437450e+00
5.088651210240273670e+00 2.669207074274474456e-01 -5.765743540650436927e+00
-2.079316316621791505e-01 3.594796914126829890e+00 -4.946647646395378572e+00
-1.656379830950955693e+03 -3.946436160164492435e+02 -3.701627405061773061e+03
3.955936195638726645e+02 -1.971919094492562294e+02 4.207457746880560308e+02
2.126131497691102101e+00 4.517245684539437534e+00 -1.188337653567993701e+00
3.397375220640362237e+00 3.934688835725893785e+00 -4.782764552996293439e+00
-2.239559406969845270e+02 -3.163442018318655187e+02 9.528298019228815008e+01
-1.138869609316218057e+00 9.678928565881721013e+00 -5.625760960165990809e+00
3.677165808895997978e-01 -3.216726321861350379e-02 -7.599469886631817772e+00
8.359139820435045110e+00 8.635771030157457062e+00 4.481857769894592280e+00
-3.764455702003896675e+00 5.604218899385974950e+00 3.194007904172980084e+00
7.410685930011766676e-01 -2.780184174426894028e-01 -5.006904131929577062e+00
6.156701853703074434e+00 1.566165347369365968e+00 -8.264495199918904689e+00
1.175693940358167566e+01 5.582931396141919578e+00 -2.313704678121990099e+00
6.599683248798550395e+00 6.444858286096419420e+00 -5.560577814278552466e+00
3.830212743816870713e+00 2.973254085999257335e+00 -9.590476219914870981e+00
-3.537285290425383977e+00 2.493169785528290383e+00 -7.327109017394139556e+00
-1.928536488729928111e+00 1.161502699831374663e+00 -1.826416126346480429e+00
-3.508258166403731337e+00 5.439442659468539887e+01 -1.457591859116598414e+02
-7.835114599028791815e+00 1.828453250458044632e+00 3.279306009921767462e+00
-1.995771695243211497e+01 6.560583032372292678e+01 3.728969697140205319e+00
1.172667935525442999e+02 1.256723742319653425e+01 -9.858500796930327681e+01
6.327065441305743665e-01 1.352009391414290995e+00 -6.260029334034530990e+00
-9.526436347786626513e-01 1.199025024251775129e+01 1.640959595730046683e+00
-2.140246946851265264e+00 3.843815522640486648e+00 -4.908617173902486641e+00
2.483785199062316096e-01 8.965725149123855431e+00 -3.355942858889605418e+00
3.718641685139385089e+00 4.581431188082358830e+00 5.256780164543368272e+00
-8.867017933684149966e+02 -2.432292622628350273e+03 3.356303399341058480e+02
5.381247150090628111e+02 -5.203663004062903497e+01 8.257149665215527534e+01
5.390813453197614180e+00 4.630334906821782504e+00 -8.435922758793175547e+00
-1.797853560541116669e-01 1.183141272343958050e+01 -6.044347927235888207e+00
-2.364245811058424351e+02 1.950675786383419563e+02 -4.487622058960649838e+02
1.911465247096628239e+00 6.887133451474531043e+00 -8.010553863019602261e+00
2.177340761318612010e+02 3.457569662755064428e+02 1.054561830456903380e+02
2.558423786952104706e+00 4.951789228066310500e+00 -5.904915475177403117e+00
5.081047237824460883e-01 4.754141165253713552e+00 -1.201200644056521938e+00
-6.504364041070061830e+02 1.016708445795190983e+02 1.480512206887064224e+02
2.775803288291057713e-01 4.443140914298177258e+00 -4.628058059419996262e+00
4.116112339566914358e+00 -4.003366898825544418e+00 -6.707801541749159213e+00
1.156001333059971330e+04 -2.621881898935246863e+04 -2.605406207815808739e+04
-1.154002486964183481e+04 2.621854631327304378e+04 2.606652580711222981e+04
7.949227383895174803e+00 -5.495055565044835610e+00 -1.838772150261267058e+00
-1.221760225391607335e+00 4.111980934394876108e+00 -5.023858361540586515e+00
1.143355956684089136e+01 4.961155362374732647e+00 1.367136672588283863e-01
-4.121242108872614551e+01 -9.902376523239590256e+01 6.405836835637812499e+01
-2.804226848116084247e-01 3.284551167333752186e+00 -5.224483226838316341e+00
-2.900155277979026280e+00 4.228783392585593326e+00 4.317432506177557805e+00
8.580843325755722617e+00 -7.769882366714712774e+00 -1.536959189926873393e+01
3.625816208588868328e+00 6.732538651252975015e+00 -3.939623196094669488e+00
5.758107195055977172e+02 -9.649424100473387398e+02 -1.453138213280101354e+02
1.124493276439240130e+00 -3.149568073203126595e+00 -3.469675210912566143e+00
1.311385623877677098e+00 2.849753712983310550e+01 -3.850458660032935576e+00
4.059267195634614467e+00 7.717030471574009010e-01 -5.465275798592273304e+00
3.300763778934128201e-01 -4.369631534279740492e+00 -1.466354191400155038e+01
-1.681850568592149386e+01 2.790843389923038842e+01 -3.555619348350893461e+01
-9.310103085022994662e+00 1.689344838881057687e+00 -9.269056528517278792e+00
3.344445832257440188e+00 1.572097235704462470e+00 7.581988498413926081e+00
1.020939635583886762e+01 1.649599760049457409e+00 -9.460710631186096009e+00
9.081399845819551047e+02 4.515695364997903880e+02 2.852221115235031448e+02
3.591899174347543521e+03 6.485609480932491806e+02 4.080505438977639642e+03
1.718180988050347580e+01 -1.157360785176144091e+01 -2.008166641756605486e+01
-2.431536854588057572e+00 7.960552013454784515e+01 5.339841963798497915e+01
7.849384534018494719e+01 4.475192708856152990e+01 -1.259242836221720196e+01
4.877960484989493750e+00 3.427609954333698639e+00 -6.033290397879432554e+00
-2.695351413601948298e+00 3.674217749069885741e+00 -7.703820277906624270e+00
1.131719060050405679e+00 4.793044703725542810e+00 -9.140469575980976202e+00
7.697080734791308387e-01 9.485719718839643377e+00 -7.060225678838511598e+00
-1.097026385763430145e+00 4.476270388850700499e+00 -1.283784760682873394e+00
1.935160736916571755e+00 -8.152430757212468793e-01 9.660072459153941082e+00
1.936420285521598927e+01 3.216926995421228064e+00 -1.691032959551768400e+01
5.519589398143902592e-01 1.529504798973117530e-01 -3.400377901239139078e+00
7.757111077272403676e+00 -1.398934305959391011e+01 -2.235185357301455511e+00
9.706378867073185646e+00 1.278208364686783511e+02 -1.157947004907464645e+02
6.593972196587674084e-01 4.988372898016228518e+00 -2.502379470774071635e+00
-3.129762868939657272e-01 1.288205337264554196e+01 -1.635846194489492689e+01
2.441354391869489859e+02 -2.574153279093761171e+01 1.929807391091283080e+02
2.004307727948813422e+01 -1.351873766601663007e+01 2.042103216954243976e+02
-2.112873882248261559e+00 8.988472967809514103e+00 -2.823708940672571721e+00
5.837951966268047244e+00 1.272251250554481405e+00 -7.697887055386399169e+00
2.546369365131771367e+00 1.660184400572551011e+00 -9.216985447487722638e+00
5.308707716474272420e-01 4.115595409630591561e+00 -4.300093355473869394e+00
-9.361351816642264900e-01 3.467968917273778118e+01 7.067304207870097343e+01
-7.711299359516645691e-01 4.217857385907719525e+00 -4.383835278893268850e+00
1.162786558951055227e+01 6.866505542346934021e+01 -7.440676683851970097e+01
-1.716284883631566505e+00 -6.671294154960030198e+00 -4.708918592456414309e+00
-1.361054931609487539e+01 -4.155610463812820399e+01 1.841892891407595201e+01
-1.132641630357166378e+03 1.485968987503851167e+03 -1.067112069911024292e+02
-1.044397163828301700e+01 -1.393349929364665485e+01 2.770353187812496287e+00
-1.654421867703054883e+00 5.832532857270288140e+00 -1.933070662958818797e+00
-1.184769096188962934e+01 1.204363109351086081e+01 4.004514864661266493e+00
4.167013914169775290e+00 8.599951299757171430e-01 -1.801151790213377790e+00
1.930003762264465239e+00 4.390588646918285320e+00 -5.193102157148035580e+00
-2.000206431664335760e+00 3.766452422246484577e+00 -6.661608587175130047e+00
1.354047061555158216e+01 1.966544703776622072e+01 5.626159228196422646e+01
1.232504143517161310e+03 -1.455564338843754285e+03 -3.181156031390638006e+01
8.720557675473811221e-01 3.747966946431902535e+00 -1.220822447815767653e+00
8.735831748798523222e+01 -4.889995723499907854e+00 2.759827222070165220e+01
-6.822443810001104225e+00 5.311449853342797844e+00 -5.083012659568422187e+00
2.984991494023573111e+01 2.899181666877539101e+02 -1.278363712314481120e+02
2.575966208403481801e+02 2.589138721930416978e+02 -6.619768731649463689e+01
-9.580238451280181922e-02 4.455028870994444112e+00 -9.594462771860186479e+00
-5.507225331991202566e+00 4.579053115136265673e-01 3.133374477262778512e+00
1.539135767760322082e+01 2.591475447524762785e+02 1.255496860045379037e+02
6.599795042758887575e+01 2.832520662787078081e+01 2.995062589265547359e+01
1.719044433329519848e+02 -4.548396096832657776e+01 9.067051836236117879e+01
3.084185040789831689e+00 1.050735491050976833e+01 1.874590562200571853e+00
2.540658111105663863e+00 5.454563969666887502e+00 -7.245206371210603180e+00
-1.715252506110880404e+02 -1.585760974830000407e+02 3.018990123650704618e+02
-3.192874514989412660e+00 2.262908461772368263e+00 -8.362794873536460116e+00
-2.368788936301370541e+03 -1.237440226749262365e+03 2.677887346842186162e+03
1.533613894587971416e+01 1.828748104015632236e+02 -1.684356572572337427e+02
4.797363042179122203e+02 8.461072586620060747e+02 5.501283546298689089e+02
2.377656795514130863e+03 1.247399799401949167e+03 -2.717305918665771514e+03
-5.238822645600183137e+01 -1.891936714615581536e+02 2.636575346154618842e+02
-3.438279913637462926e+01 -3.404788929435576961e+01 1.051273159439816993e+02
1.734600400166795287e-01 -8.600317168387666689e-02 -6.543148615036974647e+00
2.688448220790252918e+01 -5.374539247048391388e+01 -5.029767472538634365e+02
9.495295833751934822e+01 -7.962218061169235739e+01 2.382501109259875705e+01
1.272927664883491961e+00 3.547433833339544318e+00 4.006299101541049845e-01
-1.123431198712499413e+00 4.971065435742350047e+00 1.239376388734544143e+00
1.634582155679257198e+01 2.542283705347634637e+01 -1.773539954129380192e+01
7.960034953748535713e+01 -2.569674142137005219e+02 3.399389977804407863e+02
4.026348267451782093e+00 2.034263684541633421e-01 -3.902455632691701481e+00
2.465844189691570598e+00 2.134518292589285604e+00 -5.540452828844708577e+00
3.409973540139391357e+00 1.274911989196168349e+01 -6.526853180203335825e+00
1.853433003970675674e+00 5.619142447121003858e-01 -6.550927883556957099e+00
4.682104626458850305e+01 -1.719192079352162921e+02 8.970679368226947759e+01
9.849330520157958802e+01 -1.288038211212645479e+02 7.939844904548401416e+01
3.851741454381139462e+00 -2.389961496403509500e+01 -2.280268255681269451e+01
-5.963208619635091967e-01 -2.347678836026223514e+00 -6.259338665178456829e+00
-9.142078925691947688e+01 1.364972836796917477e+02 -2.383190231626472055e+01
-3.535814758292328275e+00 1.046355024465885464e+01 3.531029662687403814e-01
-3.404450787988338334e+01 -8.700569973459238327e+01 7.402182408802157454e+01
2.686409571750993486e+00 6.031049276929158154e+00 6.331301127144787211e-01
4.136574250739677439e+00 2.783368977168873215e+00 -9.605094674398631516e-02
2.274800036630900735e+01 -1.291874571010295654e+02 -1.080761382589260222e+02
4.986845747156785080e+01 2.054492824015731145e+01 3.658096840734273769e+01
-4.304872504248680798e+02 2.625631242898057849e+02 -2.659343966236368217e+01
-2.983170870952005060e+00 1.122734229580586440e+00 -9.168123762128487897e+00
-1.106262979332902496e+01 -3.765733141420014363e+00 4.828798601867548257e+01
-2.091119716132339157e+00 4.736311474285153977e+00 -4.290688011135195268e+00
-3.028922851121346849e+00 -2.058696786794042666e+01 3.975170729059240671e+01
7.635411727276396832e+00 2.045088887352570772e+00 3.754281498312898702e+00
4.075758810950662614e+00 1.862783949750729029e+00 -4.574802030654428364e+00
-1.327164703462119988e+01 -3.355743636179569478e+01 -2.308875982497789892e+02
4.144599482078639596e+00 7.509058116558653850e+00 -8.003572273994485897e+00
1.324492229844196123e+00 4.015090062120421077e-01 1.408156326558827609e-01
-9.451746789138809390e+01 1.899692187709210032e+02 1.558714092042578443e+02
-2.877162974819493790e-01 4.035722642495120027e+00 -3.593963012546285363e+00
-2.166902339403965811e+02 3.911058838228217382e+01 4.366490311498469055e+02
1.656298861411066810e+02 -2.655153756921812942e+02 -1.664282102229452960e+02
1.073786013675291695e+00 1.765459654519358157e+00 -5.772302662829389419e+00
6.738799164443533662e+00 2.432847178758895978e+01 -5.570488258959587213e+00
-7.858109677407961513e+00 -2.479219081123470403e+01 6.769998696730461063e+00
-4.362335863836129812e-01 7.602020312990631634e-02 -3.910730511450609903e+00
-1.042168166782153449e+01 2.633742048011819659e+00 -4.365916288136987511e+00
-1.143018397341130665e+01 2.280956374925083452e+01 -1.132031144056956151e+01
8.328487825597688854e+00 -9.123201858719660606e+00 9.746298103263788537e-01
8.288883745453545782e-01 8.473344100668050771e+00 -7.688778303610401821e+00
1.603101983691016752e+00 4.328534273664769394e+00 8.223440057815257775e-01
3.177015340227170581e-01 1.716088828205925410e+01 5.164595825488622616e+00
-2.976959693623981593e+02 -2.861748102878351006e+02 6.460085567740676424e+02
-5.203455958073055143e+01 -2.051758803303186198e+02 3.487511048432656935e+02
3.336578470388276596e+00 -8.801149567726410106e-02 9.571805994451727528e-01
2.655582074585453967e+01 -1.334931478743746140e+02 -1.228206767835954736e+02
-7.311909199779587532e+00 3.455103393778169441e+00 -2.871723696911351542e+00
-1.058432834654994537e+01 -2.887374004239727299e+01 -3.383047038667884010e+01
-1.903563125225882890e+00 4.801196524461789572e+00 3.811248162728477773e-01
-3.589315510474052839e+00 6.888083587995192048e+00 -2.023119517613114482e+00
8.351660237754192195e+00 -1.271803856591929502e+02 -1.461037768039688558e+02
-1.189568982167909628e+00 3.248527591551527927e+00 -1.634827662160157624e+00
3.421661068637273928e+00 -7.694177628747750575e+00 -2.451372006517293656e+01
2.832617206780113417e+00 4.435591106496710623e+00 1.282053372663600754e+00
-3.292601168247091664e+03 1.152657338476958557e+03 2.294285222216229840e+02
2.828769903898858473e+01 2.396056438388308862e+01 1.983964493716904087e+00
1.769845683791307067e+02 -9.820483827820748957e+01 -1.908934407527457608e+02
2.410353632903164400e-01 5.468748930684133924e+00 -2.579498003198224865e+00
2.770408241732262411e+00 1.857976449425034371e+00 -4.813063946163341988e+00
1.586772915465924694e+00 3.959540317641031537e-01 -2.033822409535719800e+01
3.214560005483245732e+03 -1.231917727053355293e+03 -2.636108853319274203e+02
1.331508471910301239e+02 -1.319429655314847309e+02 -1.305945989214442307e+02
3.947752041698654457e-01 -1.273044097203820169e+00 -7.006123299645033775e+00
1.589743736982701648e+03 9.326636269059174083e+03 -5.759775090193315918e+03
-1.539382381510666864e+00 7.120983451173859891e+00 -3.764824684995683235e+00
-6.379000440088630057e+02 7.165590475710008889e+01 3.500015918366241152e+01
-2.849795582797127302e+00 1.026961742406705369e+01 3.493937575408599283e+00
1.654456071502530222e+03 6.754545107570543223e+02 3.576075952544429583e+03
-2.189316517698618902e+00 1.964895523141620526e+00 -1.995066684312383209e+00
2.088388889942488724e+00 -5.899717893442886663e+00 -1.171078250254300990e+01
-5.330576098460830359e+00 3.645352247304417759e+00 -5.106209215861698958e-01
-3.462092892425061130e+00 2.843591936832046585e+01 1.259522220243198021e+01
6.040131250387987620e+02 -1.471813185236916752e+03 1.380228888310170760e+03
-6.100006669928579868e+02 9.677089391673379168e+02 2.164700097067218394e+02
1.134960306670057889e+03 -2.767291665975007504e+02 4.529873102421971680e+02
-7.619989360532366973e+00 -2.329169283877393681e+01 1.268258402626202219e+01
4.632383167133880164e+01 -4.431588382017595862e+00 4.189247260067971723e+01
1.044358914552317996e+00 1.639109818371712990e+00 -5.251258617036100418e+00
3.048381722936480465e+00 1.763207607241261243e+00 -6.333157771091698862e+00
-5.555581582524320439e+00 1.428612872061131256e+01 -9.280893924624305669e+01
3.958961465175034533e+01 1.555542821367240869e+01 -3.948803880744983985e+01
-1.287662176089706350e+02 -1.012691858714528905e+02 7.674658387983916441e+01
-6.311273792292480067e+01 -1.351596652746334826e+02 5.576910719223905488e+01
-1.540341806897084098e+03 -9.307829157723905155e+03 5.774031372564648336e+03
-1.101275963546320781e+03 2.431508490018678685e+02 -3.633551312848970838e+02
1.738483198045464206e+01 1.439131713240763499e+00 -2.256556024287442952e+01
4.034825085828254387e+00 -2.605162155344584818e+01 -2.439478197803339299e+01
-3.917901505055469080e+00 -2.394967174299331703e+01 1.957962768473235116e+01
4.892328909419991767e-01 4.171469441112606091e+00 -9.600053004601941109e-02
3.106310479157746052e+00 4.503380878020772471e+00 -1.197791420644819665e-01
-3.458644812603213659e+00 7.918785617338639504e+00 1.091412624111226748e+00
-4.423824510072909888e+00 2.063301885324135299e+01 -1.806295242226297004e+00
1.556082688647219658e+00 4.269891781060451308e+00 -5.118956551165901203e+00
-3.843911310363512968e+00 1.081577311087095872e+00 -3.115312850185139926e+00
7.909052535738211986e+00 -1.449233881856917208e+02 7.197573730425294514e+01
-1.160953964345274514e+01 1.327066685704787474e+01 1.142293219729214471e+01
9.344136197848547454e+01 -5.666429082537629114e+01 8.422896930922192382e+01
2.980507277544276690e+01 -1.148024518667887008e+02 -1.063215097416426858e+02
5.297521854873247094e+01 -4.845742396960520182e+01 1.245823982278993043e+02
1.631604490122291793e+02 2.562955342878028091e+02 2.580317684941611560e+02
-5.060447889767456076e+00 9.310718154212596076e-01 2.495654716518262539e+00
8.400699385013584930e+00 4.961530117200824819e+00 -1.014691434489866495e+01
-2.691755930444664457e+01 -1.437910919732103139e+02 5.601547298763804861e+01
-1.119858139882603076e+00 3.031135160624625513e+00 -6.967419368593859019e+00
-2.757496272944086968e+01 -4.295565656736886950e+00 -5.753481984913476310e+01
-1.566850120505107080e+00 -7.570036710630922983e-01 -1.252876631928610429e+00
-1.227015196876582337e+00 8.007553366774281756e+00 7.367736418563624046e-01
6.769979015079693241e+00 3.580445802241942754e+00 -1.069286778419105133e+01
-1.175307610342958720e+00 -8.609878834708716511e+00 -1.303299586848936542e+00
9.589811939757693082e+00 1.538797885052411019e+01 1.017619891915919794e+01
-5.182563391275255782e+01 -8.654218478259910796e+01 9.700494973608890348e+01
5.216858467763432206e-01 8.411253720791766142e+00 -5.651007351283407587e+00
-3.187928520794959031e+00 1.686830867586909921e+00 3.618404634228188366e-01
-8.153267210505882758e+02 1.181129657058946350e+03 -1.761415927520597052e+03
-1.974942039821389628e+01 -2.651933705581934930e+01 8.208454075320091192e+00
-5.641658865085709351e+00 -4.435374465093400609e+00 -5.072270019601519131e+00
1.448396662376153499e+00 3.917303268039148634e+00 -5.034255904361695677e+00
7.738582816075503246e+00 4.745778178297574534e+00 -1.184101552086497300e+01
2.528465213042963899e+00 6.210833288398893259e+00 -3.288830836012516023e+00
1.422088859672201266e+01 3.014400018582727370e+01 1.068059731296702175e+01
-7.493294125777863883e+03 2.783778071100377929e+02 1.024816037172745928e+04
1.254439974106705158e+00 5.275551981882207642e+00 -4.077103036788619406e+00
-1.099728593409213772e+03 -1.584807774640863158e+02 6.589693983939682767e+02
3.440582586714025837e+00 4.746428493443032082e+00 -2.514214179727270349e+00
-3.404037399838021827e+01 -7.582706591936130280e+01 7.453987270663569120e+01
-7.654036971080347485e+01 -1.798471109021840562e+02 8.481775106304033329e+01
-1.146141100388982537e+00 4.348422181785407403e+00 -6.286819230835101191e-01
-2.211019653008036823e+00 2.864802423838924916e+00 -8.114967630673724841e+00
-2.110191765091917659e+01 2.985318671983262817e+01 -4.246720325380061922e+01
-4.097310147386822088e+00 7.042129584022016608e+00 -3.121107613262372737e-01
-4.138042614589546808e+00 7.826089822998095080e+00 -2.591083671158939339e+00
5.561180702777541285e+01 -8.285151092022937291e+01 3.267289589318660603e+01
7.519469451600969478e+03 -2.832816129291327911e+02 -1.023435056429502583e+04
1.676426645171194219e+00 -7.778776235491898783e-01 -5.790470419264874380e+00
-3.122881355822187288e+00 9.889702406387904432e+00 -1.768624819405517812e+01
1.170887082731685041e+03 1.097174696341596274e+02 -5.598172677163333901e+02
-5.252459055311432934e+01 1.256530403172591690e+02 -2.106032538859823831e+02
-8.087521445906914463e-02 4.513755610921021955e+00 -2.476515848987101975e+00
2.158328273015901022e+00 2.926865263773312797e+00 -3.940968503847167792e+00
7.946718107178905033e-01 -2.498465026520797494e+00 -3.223309689338384132e+00
1.066561284356949244e+02 -1.676164088712072555e+02 -1.423293965424643091e+02
-2.979146039635243604e+00 5.320494745257236424e+00 -3.587668023068040224e+00
2.750699087595447523e+01 3.994079469936121995e+01 3.492661524787386895e+01
-5.851524275823862098e+01 1.035322419041143576e+02 -9.741503590809574575e+01
6.524251259231768074e+00 -1.468028269790535134e+01 -4.776624551752655989e+00
-1.320576004787224145e+00 2.725445158883432750e-01 -7.616174756967806658e+00
-9.550461483902370219e+01 -8.863464046971660082e+01 7.648029907446590414e+01
1.243814749923255913e+00 4.974017529202312993e+00 -5.097018732333240543e+00
1.291312584293955190e+01 -1.979424890327023832e+02 4.759006409487918887e+01
-8.955645336252773259e-01 1.784882450010684796e+00 -1.241271756092668177e+01
-1.324592006302186064e+03 -1.141593730440356012e+03 2.463126508179171651e+03
-2.546532511425971812e+00 3.057901238143519329e+00 4.176819592962420558e+00
7.447627632779557416e+01 -1.257579749334774277e+02 -1.744835783303241499e+02
3.014411378404645347e+02 -2.134927410584208189e+02 -1.380794001803240008e+02
1.778356344697630220e+01 -1.234005245287506654e+02 -9.800158325925374925e+01
1.087289370161757489e+02 -1.667571572636705071e+02 -1.417774989755986041e+02
2.823900443815208217e+00 3.488580346268426169e+00 2.929276315922722418e+00
2.030914939355108029e+00 7.879757816922529301e+00 6.839397184210613823e-01
1.620722884988988355e+01 -9.840572978122298764e+01 1.466700406687335203e+02
1.331015266927227003e+03 1.120596322695040953e+03 -2.471256172951772896e+03
-4.554758660420370120e+02 -7.167953920477459917e+01 -3.168045722345722197e+02
-1.303539476143795994e+01 -7.717984393288388389e+01 4.934241763034639661e+01
6.865286144795118162e+01 -1.099186459453788416e+02 1.360461468646649621e+02
2.972711323479020784e+00 3.794672488797591892e-01 4.823536202492828551e+00
2.454238697526629664e+01 -1.282502113756372637e+02 -1.095122201986699224e+02
2.763873373676618073e+01 -6.239625203293866917e+01 9.811443614096674537e+01
2.807205071807274133e-02 6.357371391219045265e+00 -3.208966697099862042e+00
5.412308498752209651e-01 5.444603586519760619e-01 -5.616436131377039231e+00
-1.957366575414334164e+01 -1.954257183615179940e+02 3.260308169454983158e+02
2.420554222957349211e+01 -7.021840146834709628e+01 1.397391187378798350e+02
-6.023752107580737203e+00 -1.087882665644533375e+01 4.484714123446909007e+00
3.108957433771979595e+02 -3.965539739324029256e+01 1.605007146155396640e+02
-2.441812094891072604e+01 -2.771024179635642213e+02 2.860271521213003325e+02
1.880182520349823250e+01 -2.250306684622807651e+01 5.582932856684537981e+00
-1.412521798353264746e+00 3.957530582886259474e+00 2.814482266972556435e+00
1.905243797407415673e+00 -2.882409917708369740e+00 -3.482723290010640405e+00
1.476973352919660698e+00 -6.219763023088120235e+00 -6.364740246420284464e+00
2.789125228145161728e+01 -2.250067349211831669e+01 6.799507368154380060e+01
-6.398731554154712953e+00 -3.420427169304913662e+01 1.332276215963270083e+01
4.873779785434045664e+00 1.182143301220509812e+01 -9.535456698011476884e-02
5.902249596746902682e+01 -1.335372667763789707e+02 -1.236381075112811914e+02
6.007159783962178201e-01 3.491418778080500607e-01 -4.780443816926331912e+00
4.060638858756043135e+00 1.199608723555663659e+01 2.237087080168917552e+00
-4.118962299611239608e-01 2.606061562981244251e+00 -1.584665531203841127e+00
7.941349505995819458e-01 6.870033289196876503e+00 4.765944750964561383e-01
2.153180876926955989e+02 3.703356033129851994e+02 -1.442214607795212089e+02
1.523388229096669821e+00 -2.852957408634430294e+02 -2.684616877262361641e+02
1.287189289073204463e+02 2.370653664986491549e+02 1.858709959652907173e+02
-4.379615234464401041e+00 -2.832484940042192534e+00 -1.184419494510814985e+01
3.236899621503701141e+00 1.853205464973894934e+00 -6.051733016290482325e+00
-3.013547673752914324e-01 8.137812867031492203e+00 -1.669903082496633218e+00
-8.270556362819716867e+01 -4.805885960672355850e+02 -7.073604337709329570e+01
1.458909080247203605e+01 -5.804319035782006608e+01 1.094601317193160241e+02
2.017146235639582983e+02 -7.361309387228112655e+01 1.197771216121616362e+02
-1.073380622273939906e+02 -7.668193583198781482e+01 9.600610129540720550e+01
4.455716682073276758e+00 5.364235920104452049e-01 -7.493939308993678772e+00
1.758946153702661164e+00 -1.326946452556611311e-02 -5.080829279363420881e+00
-6.479676139095767340e+00 -3.020625930475441923e+00 -1.007567527760011217e+01
4.882775401163855555e+00 -7.917897883898296740e+00 -1.914070911969182021e+01
9.937209454179155443e+01 -1.253758136813820698e+02 4.829490332891519699e+01
1.549837588908362207e+01 4.312177148385135439e+00 -1.232165190351119932e+00
-1.026708005927167022e+02 -4.810261960017135863e+01 -2.125856392986529215e+02
1.714005259261832180e+03 2.317662265872057503e+02 7.192888149699758742e+02
4.113231191914534790e+00 4.655689499249753283e+00 -7.163542785806740198e+00
3.856612231325620144e+01 -1.461267294645255959e+02 9.982707324186483788e+01
1.492259294184637497e+01 -5.841480896358282138e+01 1.094267666889843156e+02
3.627380652936281202e-01 -2.042083004456822781e+00 -2.197591175069645963e+00
-7.513947731919279249e+01 -2.444007362064293716e+02 7.812487064524810876e+01
1.135265716295495167e+03 -2.415942854336819437e+04 -1.028127956053830985e+03
3.135282720514016130e+00 5.822836931456933929e-01 -8.091763281306114663e+00
-5.011986553645975118e-01 3.612676564113885824e+00 -1.113392370068521542e+00
8.871658252833667380e-01 -2.410399215662328842e-01 -4.831428707904114717e+00
-3.286447606229941698e+00 6.417618372276747252e+00 -4.030101470835377953e+00
1.442998816821187358e+00 2.583395023213854280e+00 -4.099472060771780946e+00
1.613611920690797952e+00 1.715759584466383547e+00 -5.072348452731587187e+00
-2.440150965718915543e+01 -4.999319440105085732e+01 3.920455138749937873e+01
1.152158626767283200e+00 1.894748418967399317e+00 -4.705721056913160005e+00
-1.340845767769081931e+00 5.592405982134810216e+00 -3.046473382817411313e+00
-2.436882404467765184e+01 -1.471231135316004668e+02 3.022464788932402371e+02
-2.126721964571307577e-01 4.049768114738558467e+00 2.583750227487605855e+00
-3.168252404527415678e+01 -6.596650264887514936e+01 7.019881256876186626e+01
5.541787484851571577e+01 -1.108021493895118539e+02 1.415347223298871597e+02
-5.730659855698599614e+01 5.230784546941250568e+01 1.134991391497437085e+01
3.348926746615087602e+00 -1.047447150405839977e+01 -7.884909961596697769e+00
-1.635397808625447396e+03 -2.939682635791772327e+02 -5.636451312997019159e+02
-6.457536717965870920e+00 -9.393509752057124018e+00 3.629231949831930315e+00
-8.709306018477411371e+00 -7.773452424701468999e+01 -4.446852277811214549e+01
-2.365365139862571464e+00 1.551875435365355926e+01 1.592439600898424290e-01
3.230699031669373511e+01 -2.032374212901835335e+02 2.435512601474909218e+02
-1.209117293368993160e+03 2.412457962954427785e+04 1.049000716411243729e+03
5.712784389928043716e+00 1.808486767109299009e+01 3.065513890421697241e+01
-2.067931347110125273e+01 -1.068845865026225184e+01 1.905904488521161255e+01
-2.765136763313316703e-01 3.020938535180348605e+00 -4.749556577581149241e+00
1.644586096266555053e+00 1.795033883348837067e+00 -8.192320881560235080e+00
1.462931126176856833e-01 1.549758022906291277e+00 -4.706970970796495735e+00
-1.919443663626705598e+00 1.505394522005567559e+00 2.663028477900425628e+00
3.415412946965726282e-01 1.012005416347332432e+00 -5.538678487317352683e+00
-2.701136456255845530e+01 -7.293638356851056415e+01 -4.966878466990181096e+01
2.988714272252614279e+01 3.949847079774468028e+01 -1.081718346941346454e+01
2.994564956925073851e+00 -6.534877528928259238e+00 -5.150095560321150678e+00
-1.168797054029761284e+02 -1.795925958864446557e+02 -2.217758850460614894e+02
-4.766029456314903001e+01 -1.197900444934041531e+02 7.106838741354863487e+01
1.245271313987394990e+00 7.885784940982054181e+00 -1.119273255783470145e+00
-5.724519311260573007e-01 4.099142824597873158e+00 -2.829523050206928403e+00
-2.556727784733968463e+02 2.075696846651557905e+02 6.067502418455961166e-02
3.143910208927239047e+00 8.273895881203397806e+00 6.837017518818322870e+00
-5.168974733218806961e+00 -1.585420098616123141e+01 7.734618295067216209e+00
-6.729576549181174983e+01 -9.191287744703402041e+01 -1.171502264938322639e+02
6.322888781180589390e+00 1.474831200060699388e+01 3.406855089838301431e+00
-3.548600748197117838e+01 -3.700351636487175710e+01 5.704644832734665982e+01
-5.518839635204527383e+01 -7.904158033893892821e+01 8.056444328054402604e+01
-5.307573824413433172e+00 2.282909844400412780e+00 1.899034702206886527e-01
-2.097261575255158661e+00 2.052783925833631429e+01 -1.183293678410351468e+01
2.555048047142435053e+00 -4.875609200058276471e+00 -2.239249925132863339e+01
-1.433091777121716461e+02 1.551721060296932819e+02 1.005905693244456188e+03
1.050858722140470292e+02 6.633936838611991504e+01 4.429222494414738094e+02
2.844539248794818675e+01 1.526181302208306434e+01 9.900946586719128106e+01
-6.253999072172596385e+01 -1.373932127417729134e+02 5.721006156844962476e+01
2.042014732787903597e+01 -5.005830231853741452e+01 2.348855347369874558e+00
-7.761015959244767259e+01 -9.659433110132076195e+01 9.852786917228422681e+01
-3.471546731031403876e+00 5.961713693434144368e+00 -2.024142701676801792e+01
2.056958777675596650e+01 -4.392585057961614439e+02 -1.052849905405853690e+02
-9.512217907603808698e+00 4.109533183202260886e+01 -4.804689673416066142e+01
2.650845223662052064e+01 4.598718625648436031e+00 3.535073089556711778e+01
5.706954565955649206e-02 2.854329065738118842e+00 9.610627877522688323e-01
-7.821469989515745169e+01 -9.736412048967318356e+01 9.877360925040144934e+01
-4.878735127355188217e-02 -2.192183502479904007e+02 -1.119259057546137655e+02
1.847108433729683341e+01 -9.091071165203899795e+01 -4.225533007441967470e+01
1.040368071841192119e+02 -3.451087343784428185e+02 -2.056318514597385843e+02
7.121704629739806780e-01 -6.091589666864901886e+00 -8.183256986994773996e+00
-5.608879950644811707e-01 2.261541258578171565e+00 -4.196436214264920750e+00
4.658283881788891563e+02 -4.830626254770790950e+01 2.251687898802728114e+02
4.438341799770698870e+00 -8.616386995591723164e+00 1.461584853660468042e+01
3.941709815206583478e+00 -1.204934352569944966e+00 -5.549749790271287786e-01
-1.182698597532459814e+02 -1.187275825744594044e+02 -6.590716086580194144e+01
-7.483754620675289182e-01 1.571027491861754388e+00 2.145996237427961084e+00
6.249078469453010598e+01 -4.665823939539409082e+01 1.267462355671338230e+02
-4.125168898417386458e+02 -1.608827865290930674e+02 -3.945055714326231850e+02
-1.747887675545797492e+02 -7.136670064536727409e+01 5.816949467421055431e+01
1.027290883263993635e+02 -2.834003009674260909e+01 1.065090871693540606e+02
3.092898853509483814e+01 -1.624397237502992084e+02 1.260407570758941063e+02
-3.187800442477324623e+02 -2.169870077008573389e+03 -1.321797900556129662e+03
-5.513257054151228687e+00 7.486166831572258928e+00 6.963276617118726364e+00
7.593457405042872779e+02 -1.373893553451048319e+02 -1.231443044195459180e+01
-8.901559336208892148e+01 -1.012749646325980848e+02 1.098765677305744788e+02
-5.153918178961055929e+01 -1.934615759480741985e+02 2.350148154891055015e+02
1.948505152745647706e+01 -6.539732663366820020e+01 1.098225628629143387e+02
5.024465563744223928e+00 1.756973909590853111e+01 1.039422903271110243e+01
8.164291227795121841e+00 5.298640739332182825e+00 8.166885965808450720e+00
4.992518090244908446e-01 2.664042267258434293e+00 -5.216871792429257582e+00
3.579310198116924191e+00 1.060546922804055381e+00 -6.608525011763835444e+00
6.131843828588686485e+00 2.678057098354508625e+01 3.205595158365811415e+01
-3.222717892215816171e+00 -1.118997159212879594e-01 6.046538708366064885e-01
5.136200774686422221e+01 -1.367652082070272286e+02 1.187249843134712961e+02
-1.683179203481177666e+01 1.205732944100455661e+01 -2.675972020452996425e+00
-6.879492014824387525e+01 -7.285077946586969233e+01 -1.249006153026856083e+02
6.947565940915528415e+01 -8.368720556041640180e+01 -1.067513252979049554e+01
2.094685314126639497e+01 -2.065386162538024450e+02 -1.231537405770090601e+02
-6.565563085550177314e-02 5.234425687277775907e+00 -5.982209956726139310e+00
-5.336083378638642927e+01 -2.806165644682216680e+02 2.605287781056586027e+02
1.827711380669249319e+00 -2.154183358701218687e+00 -1.291729184539346598e+01
-1.120004300092843508e+01 -8.292046369765788683e+00 -1.273785251017429658e+02
3.657890240280221406e+02 -2.091537923456516808e+02 4.074807988830698946e+02
-5.843041004885986212e+01 -8.724650120461255653e+01 8.098857172721429265e+01
7.030746327106523097e+01 -2.323734504780977375e+02 2.733422005840008069e+02
-7.295493514734136653e+00 -7.715910314499997469e+01 1.042463435883779539e+02
-9.617572954801988772e+01 -4.583820532302453898e+01 5.526094364183602181e+01
-4.872896728773466357e+00 8.597336060861076490e+00 -2.177665345749628667e-01
-4.342608932568758462e+00 -2.142566566739533052e+00 -7.628558326929359978e+00
3.392619328134763919e+02 2.344031351142318158e+02 4.830265318942931572e+02
2.289873762254210732e+01 -3.400069961301131798e+02 -1.609972608460648758e+02
4.271785010946166494e+02 1.962780034845518458e+03 1.365066063008101082e+03
-1.689414527430624258e+00 8.258517194752645452e+00 1.071113258191340067e+00
7.416775976147222948e+00 -2.516394273059821884e+00 1.499595599438077409e+00
-9.705741913526372855e+01 1.474601062315014985e+02 -2.103090418765270613e+02
1.079445182959761329e+00 3.594642831158665786e+00 -2.354853884639629413e+00
-8.236634988942913793e+00 1.666978055485182608e+01 -8.034232882058475411e+00
-1.743526755380001418e+02 -3.381677155767398517e+02 -4.788697579055441906e+02
8.965105949961561294e+01 -2.012134795637146567e+02 -1.804439252115190016e+02
-2.394699299067023723e+00 4.931271677564958544e+00 -3.304832087125636475e-01
-2.823977062365391255e+00 5.691979610419767965e+00 6.269913978639388930e+00
9.917818593621134937e-01 3.925845692987337543e+00 -9.890816154012638250e+00
9.694814648558548242e+00 -1.063584708692314429e+01 2.747014127659991445e+01
1.454365655765583085e+02 -2.541743032215074436e+02 1.736630273189776972e+02
-4.097769140090049333e+00 -3.488587004423543192e+00 4.076228180104370047e+00
4.157244036243749719e+00 5.045862873651872249e+00 -2.190244530928381561e+00
-1.003193207717454349e+00 1.277239107434720466e+00 6.200752887494049403e+00
