2.124463785083997802e+00 3.657326642575694370e-02 7.229911663012113188e+00
3.074727581458474024e+00 3.045792249157072348e-02 5.114646056217355685e+00
5.837906179100622595e+00 5.387694644782427961e-02 7.899856691460491742e-01
5.810880659009545646e+00 8.508972651964404055e-02 2.186610010889256106e+00
5.930337294138348980e+00 9.780696379397005313e-02 3.941377941119724726e-01
7.535201985013040726e+00 5.083060159001050182e-02 4.151652407650328946e+00
7.733078561957482222e+00 9.984291522010416142e-02 3.578446819141975599e+00
4.135916566619180834e+00 1.567226684269834025e-01 7.446379287413959602e+00
4.209685316753037476e+00 1.518920482422505547e-01 8.828080970247778936e+00
5.095102592799973351e+00 1.413054071150564028e-01 4.965616117650363925e+00
6.094554961905259916e+00 1.649410492499793213e-01 1.112075086042569882e+00
6.242659881027083024e+00 1.478163951873627813e-01 2.025359321089347908e+00
7.465310242696556742e+00 1.411564849696517743e-01 3.282115954827805382e+00
8.543960425243183110e+00 1.464586669375445294e-01 5.215818303542308243e+00
9.308552322350989172e+00 1.457851906876229675e-01 6.594050510375504714e+00
9.324379904903988603e+00 1.570973027077698092e-01 7.639634060574573837e+00
2.887067656709166652e+00 1.996773839794535044e-01 4.030020655431753696e+00
3.268838721193977115e+00 2.307709498231236833e-01 6.792060198395818205e+00
4.779102300470761122e+00 2.394961869570126356e-01 4.307871200372558107e+00
5.400691216872542277e+00 2.215682800941004560e-01 9.789431218583046768e-01
5.370417154245071600e+00 2.241987395076500134e-01 6.595274380493421518e+00
5.966974868238291485e+00 2.203446890414298420e-01 5.796134198256993386e+00
6.655044926378788972e+00 1.813138670552391085e-01 3.135462418001708218e-02
6.686829851301111738e+00 2.218823622242381277e-01 7.416195133564126962e+00
7.896659996936557846e+00 2.215082014933052457e-01 2.338545026123148407e+00
8.133053114290085261e+00 2.026219558879979177e-01 2.140803970816588020e+00
3.831637501996381978e+00 3.137135656670563266e-01 9.406112727987594457e-01
5.877465123164141048e+00 2.545730354412316099e-01 2.133619770396795179e+00
6.295440876151777942e+00 3.434437956202499587e-01 4.454499475424052335e+00
7.096284364557423174e+00 3.299196194364666379e-01 2.233231004363047667e+00
7.848097306912928062e+00 2.975121273519029108e-01 2.106393471317755228e+00
7.997776676247779548e+00 2.890864727439758086e-01 1.939518088786114092e+00
7.956879063554708864e+00 3.090791961278144262e-01 5.305866256916444534e+00
9.535341600444148469e+00 2.866668590171022046e-01 1.331125568457142361e+00
3.548418429466635438e+00 3.913364874293483453e-01 6.085837406001997962e+00
5.602127855057030814e+00 3.626966719043106524e-01 2.917184146096909014e+00
5.772048853726213125e+00 3.580781487901084637e-01 2.333302115593283599e+00
6.472485440177695892e+00 3.792015725665570658e-01 2.670613161091412557e+00
7.638905305789991829e+00 3.682323756881104027e-01 2.327982700663555171e+00
9.027325442939591937e+00 4.156687690054755580e-01 5.573247011348172464e+00
6.359879793924111402e-02 4.144682259642160638e-01 2.665343012172166404e+00
5.598306331139990988e+00 4.196423252289072092e-01 2.521807480695904768e+00
5.932212364098425894e+00 4.327237656862135129e-01 9.398562462953764296e+00
7.043302666733670669e+00 4.883171816960070188e-01 1.708132933476606663e+00
9.393247511782192305e+00 4.642914902920357578e-01 5.605822317134216526e+00
4.891316155712991387e-01 5.106005156187838345e-01 2.712372631125544498e+00
5.643788145992897576e+00 5.107196924311023789e-01 9.826161591758385327e+00
5.879632782592389972e+00 5.331456049248303186e-01 6.886982963526079971e+00
6.173858889099776981e+00 5.685678022611337923e-01 4.057431075449723146e+00
6.253991348852995458e+00 4.944905166670929830e-01 1.501693492673574770e+00
8.826648795882832133e+00 5.514262508150507003e-01 8.122386282650007061e+00
3.324721473651192305e+00 6.472183928072723358e-01 7.324538561011441296e+00
4.384627832043161533e+00 6.330151396577847756e-01 7.333197845070091869e-01
4.705906306388400573e+00 6.702118927666687043e-01 5.269589177241165601e+00
5.151424347476519117e+00 5.705095782531199866e-01 9.365134671568872804e+00
5.244995350333595319e+00 6.393253593210663777e-01 3.146563602837851636e+00
5.365746499546557580e+00 6.194472515321689521e-01 6.679804966009926126e+00
5.464439966795671566e+00 5.942913548471897567e-01 7.624920013345564129e+00
7.817312778295450570e+00 6.026932714479333875e-01 5.800665917478188049e+00
8.142948693677908523e+00 5.971227066152213769e-01 1.847420412633339115e+00
3.848390069505243538e+00 6.700533902641860884e-01 8.257140273091023719e-01
4.633891303103697901e+00 1.145329507859304208e+00 5.778299048467401278e+00
6.224416315656113419e+00 6.722573455529385900e-01 4.558989025609302637e+00
9.321540455125422397e+00 6.621443790321634992e-01 6.851626116914353304e+00
9.936348783395878570e+00 7.152399330503507180e-01 2.571940065745829784e+00
6.707564173421987519e+00 3.136103392064389928e-01 4.342357330484213129e+00
6.338726210587604548e+00 7.523781214541700457e-01 2.847227841324959208e+00
6.831348779903494872e+00 7.509361511629550900e-01 9.596971451590114555e+00
8.310513950470264533e+00 8.661243328275980424e-01 7.732734421755772303e+00
9.201480547809605781e+00 7.706847984685394337e-01 3.305651100980671497e+00
1.169796927007817011e+00 8.784362023470027037e-01 5.909273636088597570e+00
4.587070326474374404e+00 8.747270344025261934e-01 3.695670732289856542e+00
4.629027171815494945e+00 9.051167632800469764e-01 6.271790723865384720e+00
4.864331098025443723e+00 8.713184546505987615e-01 5.716295333405983392e+00
4.906629203204988521e+00 8.662695414396504034e-01 5.784436831565450632e+00
6.078024236240491263e+00 8.385296996811626435e-01 4.857348068535643826e+00
6.164503656676419752e+00 8.497630909405027300e-01 5.163099279402495689e+00
6.292181557996682884e+00 7.919706276246707422e-01 2.894569084633103806e+00
6.352893570937555801e+00 8.593909735287394991e-01 9.740010946525991642e+00
9.888503041534473681e+00 8.654624856725785520e-01 7.317191760197396810e+00
4.684467875627749578e+00 9.226553235536105735e-01 5.759409519295780377e+00
5.578354096925855821e+00 9.231596023357040437e-01 6.766587772336381867e+00
5.796345774633259396e+00 9.106459900175314370e-01 7.011579279422811339e+00
6.676499441518930489e+00 9.012421819616651675e-01 4.036530975404410526e+00
8.313411879430709917e+00 8.753531821804301227e-01 7.727462329497104321e+00
8.520409979523574151e+00 9.267479707929064947e-01 3.156009888501580818e+00
9.134338702337451821e+00 9.456762461920946716e-01 4.800327643990234705e+00
9.744547471764972713e+00 9.477138998139693626e-01 4.715810265779850852e+00
4.466884215537764824e+00 9.813159113845209003e-01 6.024571221304445778e+00
4.793415205576419424e+00 1.030523954597409642e+00 6.403634143829574299e+00
8.174620695075923038e+00 9.753067724952249051e-01 3.380205979142719697e-01
8.251873328734319557e+00 9.895592542575992745e-01 7.365474501306027655e+00
9.292066649356833352e+00 1.044757670547032724e+00 8.162924065450244626e+00
3.736062884425457753e+00 1.056285371101037374e+00 5.909642649815125104e+00
4.551410893818481185e+00 1.117469118295093544e+00 6.946944280604290256e+00
4.852769418500361809e+00 1.101034559968041115e+00 5.263446296210397612e+00
7.476622202312944054e+00 1.087219672809716098e+00 5.907116291651693274e+00
4.057705405639416618e+00 1.142196614794252607e+00 1.893726670855999661e+00
4.771305843284163295e+00 1.139396311252417249e+00 3.577984198706777974e+00
4.775423613201761341e+00 1.130829592459369426e+00 5.163965497383820491e+00
5.488193831953221746e+00 1.165203508600420879e+00 6.829705068273491442e+00
5.485372094147356492e+00 1.138466513422070392e+00 3.401547005397646650e+00
6.301081574478378577e+00 1.176732456702312746e+00 1.279206676139043708e+00
6.283609450711020727e+00 1.179602032898666053e+00 7.697707555607431473e+00
7.572033922619567647e+00 1.191815521263380528e+00 7.017166887814121345e+00
8.886469683866359048e+00 1.120419955331351414e+00 1.610774468539777349e+00
9.834234791074885962e+00 1.141710769461455222e+00 3.610294471333307609e+00
5.660140753289815585e+00 1.251100937738389263e+00 5.063639935757175081e+00
8.072838397242652064e+00 1.246977723084629286e+00 1.684346246148639148e-01
1.757165793998056280e+00 1.340162885612931731e+00 9.363602703545506500e+00
5.109650865423096988e+00 1.306162795120292763e+00 5.235443493638113566e+00
6.263922777200233050e+00 1.312863602699920307e+00 5.418356720682978356e+00
9.251979545033020003e+00 1.289887107918045839e+00 4.923989223950954397e+00
9.806222740418391481e+00 1.350943299021637234e+00 8.008633816440678288e+00
5.843251101457655139e+00 1.356819192161249354e+00 4.643743320073094871e+00
8.685555685947148774e+00 1.349681831660930698e+00 1.835801906770632153e-01
7.493013197732689701e-02 1.494265800585321990e+00 3.873153647117344001e+00
4.355016135433641189e+00 1.859568543780775407e+00 4.043444247015623105e+00
6.218957796594692944e+00 1.438855345751279824e+00 6.124923144763569915e-01
6.203143367300937960e+00 1.497859482463350211e+00 6.334586023398465215e+00
6.906790421845697914e+00 1.505746667412453110e+00 5.940205013998044237e+00
7.007969209608514660e+00 1.466115298368429354e+00 3.200607008007442023e+00
7.138882480070903647e+00 1.460830159192478384e+00 3.025376457635172933e+00
7.618998049667387917e+00 1.449855410982115789e+00 6.102159908599802840e+00
8.416238949064792862e+00 1.493636404725511735e+00 7.249644692113349720e+00
8.804619894657015777e+00 1.499771181446313495e+00 7.174529052036554333e+00
9.740541269523300016e+00 1.490698690679812533e+00 7.232935864946036020e+00
4.259871790918327683e+00 1.571765652126023483e+00 7.131521294143306378e+00
4.636561354150314784e+00 1.576893399155438136e+00 2.550317484270690382e+00
5.067834407597981539e+00 1.162549475914738561e+00 2.172253543732827197e+00
5.337561197557499248e+00 1.529115736718768215e+00 7.167087562346601715e+00
5.664609387576871491e+00 1.591905500203393053e+00 8.055346049396160168e+00
6.069143805995958374e+00 1.532998725013953845e+00 7.049506238027687388e+00
6.335017418325996630e+00 1.521789239506964098e+00 7.990391584893624000e+00
7.472400080295864555e+00 1.581632140788802321e+00 8.222209755890339977e+00
8.173388360946656661e+00 1.544580351557411912e+00 6.554965940934511792e+00
9.353794856918717926e+00 1.534107933770013865e+00 4.238780261018679774e+00
4.689634338388021462e+00 1.652075800628373781e+00 4.492728666149540473e+00
5.103367565634252756e+00 1.638411462996072210e+00 2.910572049594271071e+00
5.746528273020667044e+00 1.643484197739896402e+00 5.801736289641923783e+00
5.901299656523633530e+00 1.624724128270591983e+00 3.454825877822539582e+00
8.359410697186145711e+00 1.635414894053244694e+00 1.011011330297317379e+00
4.699220207629784873e+00 1.700989226011909494e+00 5.705924370597562856e+00
5.187997546668624338e+00 1.736139290622241482e+00 2.437916136748190077e+00
6.230460190719682601e+00 1.661699702049015404e+00 5.408447671431233061e+00
8.381286432945939779e+00 1.671938352442075892e+00 6.433399488793978271e+00
8.474406590368520398e+00 1.715548513565715805e+00 5.716035931910097290e+00
7.957637751474597732e-01 1.760834701293064963e+00 5.127757900345878639e+00
4.683464642590510429e+00 1.792954864612931853e+00 6.710407807371126410e+00
5.314885236127866008e+00 1.810683767163752567e+00 2.644020361050725576e+00
6.138215994606702530e+00 1.736172658960469573e+00 3.110323517966361528e+00
4.469707705298856304e+00 1.874782578768523500e+00 4.220601777065142279e+00
5.304038223121679607e+00 1.855231898639502663e+00 2.619348163408981023e+00
5.404085649777875311e+00 2.154879516351495550e+00 3.319946412820067749e+00
6.517576060314992148e+00 1.875672823580609272e+00 6.438750807530018605e+00
9.438587375330463658e+00 1.835056858376456379e+00 5.489732937402248325e+00
9.437459744442399767e+00 1.790686161998264136e+00 8.851410346038090182e+00
9.807147264533124797e+00 1.909181397289014370e+00 8.671783958252792246e+00
5.228235202795594283e+00 1.834329719956797167e+00 2.655959446274903879e+00
5.181791323743014210e+00 1.623840068414001081e+00 4.078005507187439704e+00
9.387882410005182976e+00 1.939721803666723421e+00 3.025690601228062437e+00
9.611204747427567696e+00 1.910953870479394023e+00 8.205798786417302537e+00
9.900395097884411300e+00 1.926483116465566692e+00 5.024475097358419795e+00
3.872117446081456471e+00 2.054119758586371525e+00 5.865265485601010020e+00
4.918001611246793026e+00 2.001188343800162084e+00 1.997803168700843290e+00
4.881418226925389625e+00 1.996701846142585612e+00 2.176203754505548815e+00
5.768742204008644237e+00 1.983225332521004081e+00 4.379985850450697882e+00
6.439233325206801695e+00 2.027590899902409927e+00 7.132755659958593952e+00
7.672068951379165114e+00 1.981391169819236353e+00 3.367190163954655979e+00
7.921978577011301148e+00 2.047079468375320843e+00 6.809867268212851599e+00
8.250912935777584778e+00 2.087676988928074184e+00 7.952426589259191658e+00
1.355706590208525242e+00 2.067981434088467907e+00 6.500970138204420934e+00
4.390571407868339548e+00 2.079782876282318060e+00 2.317302911756886186e+00
4.425644238446851730e+00 2.070232433433385033e+00 4.729591034774188074e+00
6.393694650296406934e+00 2.060030313764304566e+00 1.510604160877847324e+00
7.900815842511285325e+00 2.117009141796349692e+00 5.586098084613731807e+00
9.447210823862761231e+00 2.073242162305275027e+00 2.907968084495735628e+00
6.276727751567075242e-02 2.158839388532381331e+00 5.484255743074963441e+00
4.885954718789236040e-01 2.128370334289225951e+00 4.666417114315162706e+00
5.462822664107721771e+00 2.167359360187695927e+00 1.342404222145546777e-01
6.314176936861946920e+00 2.165736160780889374e+00 6.973564623454077349e+00
7.711027798571613801e+00 2.202976989446314704e+00 5.004252897879423401e+00
1.252671556184774548e+00 2.255615469387697303e+00 4.847264231805386459e+00
8.013905966381711821e+00 2.233137281024104581e+00 4.896527935976261681e+00
8.146490703976642322e+00 2.230804575554927727e+00 5.809333676637804089e+00
1.399536566493966738e+00 2.350370694283741901e+00 2.235366401489384813e+00
4.903753472694855731e+00 2.302870890699086459e+00 7.909332400178435307e+00
5.148295649900428650e+00 2.299249342765678605e+00 5.500205341014935634e+00
5.217411222438007812e+00 2.307495878284506308e+00 2.863859089804528413e+00
5.393505715678096557e+00 2.323750495548519979e+00 5.836544922118948264e+00
6.240324297737260828e+00 2.328363779474092343e+00 8.085243590133311287e+00
6.503894332972490311e+00 2.303577973494163711e+00 5.968945877706920200e+00
7.629615263070551379e+00 2.351027012907224378e+00 7.687583739425002172e+00
7.883816727628631504e+00 2.284355824611507657e+00 4.660365465842502886e+00
8.252529645230874067e+00 2.397192036729173026e+00 7.784934006033760845e+00
9.145561553054189829e+00 2.349048414048535705e+00 4.417659717918006379e+00
9.381076512336633755e+00 2.340146877583196172e+00 5.475475164609971301e+00
1.412448647642479682e-01 2.384195768613971200e+00 6.856158904886839878e+00
6.457495830036357631e+00 2.437328169286214319e+00 4.858193982049447968e+00
7.044470747661820909e+00 2.418892318621240101e+00 1.093516894113390592e+00
8.546679032221224048e+00 2.366578326549656719e+00 5.515072241791104446e+00
3.845508339356642491e-01 2.513747076818429349e+00 3.784834296006628129e+00
1.529747326509744099e+00 2.494963022295525246e+00 6.747919182249296988e+00
1.633215036831474620e+00 2.495469472351901086e+00 1.887625637121862265e+00
3.594552085366419902e+00 2.462789177657631168e+00 2.289779940848752915e+00
3.895004812880257905e+00 2.446127510069739053e+00 5.558673092276438688e+00
6.116978389650502557e+00 2.467754475246183521e+00 1.643505272835350084e+00
2.789582058855606395e-01 2.569789283217046361e+00 3.712115728388338809e+00
1.472791531725104797e+00 2.487983274462275407e+00 2.320046497154670817e+00
1.578738220999478248e+00 2.545351763610041562e+00 6.639927627432937740e+00
2.239489317295336956e+00 2.585092034572987973e+00 3.703614466346195400e+00
3.607903897813327099e+00 2.522959892469382126e+00 2.847360955786038872e+00
4.787482310852651857e+00 2.540735708543920612e+00 6.190249077486518203e+00
7.216148593379318577e+00 2.607832550169580710e+00 6.717788052846811020e+00
7.563443741466482351e+00 2.567413191576943809e+00 6.797475564088922617e+00
8.149544409641642062e+00 2.540221458150103473e+00 7.672175094562280862e+00
4.484979144192116962e+00 2.634765404710103454e+00 5.880874616030618895e+00
5.981028248705102968e+00 2.640730906845258463e+00 5.927005814972654107e+00
7.124869735578457153e+00 2.638724363287582531e+00 6.488959510496738581e+00
7.317654406741460171e+00 2.699516238529442447e+00 8.527196388205320332e+00
8.547244712930321953e+00 2.658813948233240687e+00 8.157114923274555451e+00
5.789253482879908042e+00 2.734908207485305276e+00 4.453512407951250474e+00
5.985734257607512099e+00 2.713322632411800939e+00 2.284106102020289963e+00
6.277533092910986490e+00 2.705675057539357997e+00 4.735444612093695937e+00
6.472233083171414769e+00 2.699246753398895304e+00 7.890888752501817649e+00
6.836238307349114862e+00 2.738582628467357338e+00 6.033530798484436630e-01
7.023955713182902905e+00 2.752961354377107206e+00 6.860052549832934332e+00
8.801120227293202092e+00 2.754516787192283989e+00 8.315267074318100526e+00
9.730920085130005948e-01 2.794427902894153437e+00 6.677339631765291661e-02
6.122828118871186831e+00 2.772369790520047506e+00 2.523971349490694571e+00
6.609146846213594273e+00 2.826617087297888187e+00 7.061651496520333637e+00
8.085474109704469114e+00 2.779051933889648662e+00 7.929958394046142445e+00
8.467646579629024117e+00 2.837145521954746119e+00 8.339376997994683904e+00
9.595827779619854780e+00 2.782451106102624472e+00 5.333530410596086568e+00
1.653867137617715533e-01 2.828033565104250080e+00 4.690461784361229292e+00
1.158479566968761976e+00 2.887794019409481994e+00 7.070995045098876552e+00
3.255116039178937548e+00 2.856191919846819971e+00 3.729808126864930795e+00
5.043015095977470885e+00 2.825829543206140215e+00 5.056700197977539446e+00
4.978467658909488058e+00 3.217345224540288040e+00 1.549598964488214214e+00
7.573956407867914464e+00 2.883893345138252240e+00 7.959390509254939516e+00
8.742953288051712235e+00 2.885599593799566431e+00 7.840469141135122833e+00
1.228919706867640294e+00 2.986063927024454223e+00 4.808272333301345292e+00
3.183756115322675662e+00 2.952072136551107562e+00 6.878884028781460103e+00
4.279597093356428239e+00 2.964106970785428175e+00 6.341864848844023683e+00
6.152020220044427390e+00 2.615001521841150200e+00 2.253004647331134702e+00
7.502741486954475292e+00 2.940913336925174981e+00 5.045149012498130858e+00
8.930691134599195280e+00 2.914971327596991291e+00 4.815236286975444813e+00
9.026343067284848587e+00 2.910643050184159808e+00 5.099898894629172119e+00
1.060699820660032877e+00 3.024359444543764930e+00 6.649690394934983040e+00
3.796873648407753876e+00 2.992388815538628233e+00 6.158695437121185279e+00
4.518414082120099096e+00 3.051151066466561090e+00 2.846520492380703704e+00
5.467266477715461370e+00 2.995235879567589077e+00 6.222654577208249549e+00
6.701004536490776431e+00 3.031318662903347949e+00 5.652389069394159193e+00
6.975868446669073464e+00 3.053939355750195705e+00 7.554536251586094764e+00
7.090384291685345453e+00 3.089092387407312845e+00 9.056982748528341176e+00
7.244850930604744832e+00 2.988257594326819255e+00 6.816948196073956190e+00
7.637386113085687711e+00 3.045059344180705008e+00 5.313497140673218766e+00
7.720429454526501090e+00 3.008839506359199056e+00 7.104912893823033926e+00
8.527655827343807005e+00 3.059745324429780311e+00 8.441651539700625761e+00
8.844485919662027129e+00 3.046759715443005945e+00 5.586019841405163167e-01
8.782083229298869032e-02 3.057248677571155149e+00 6.827292942020593003e+00
3.276318402142786468e+00 3.089005325132170299e+00 4.547492058919225144e+00
3.846571937939969654e+00 3.057355302354964444e+00 2.798187655635558269e+00
4.020910972171925835e+00 3.065661615468083578e+00 2.856640730504830916e+00
5.086378165340494029e+00 3.064949333706541434e+00 4.437611801789396182e+00
6.307772016421935746e+00 3.109616611309572676e+00 7.703865815348598822e+00
8.493588351803749603e+00 3.125090535213375098e+00 9.289403716892953966e+00
9.300278467343389366e+00 3.129141253760598929e+00 8.702729518504231265e+00
9.578893827224986168e+00 3.111471166502594698e+00 3.786741733446196356e+00
9.716162924474986085e+00 3.061546630971015759e+00 5.320690386071820654e+00
9.751705062097991927e+00 3.053674365940647562e+00 5.242064859089611062e+00
2.848269941120570303e-01 3.142265601051425605e+00 7.326188255479699762e+00
1.515503997244588508e+00 3.211034148637036179e+00 6.307334828354054679e+00
2.438093264716915343e+00 3.151435151853844374e+00 6.483398941709722862e+00
4.595785799832430740e+00 3.171361971537669078e+00 4.138075832275217358e+00
6.564712783813865471e+00 3.175469936492215428e+00 7.152225340443769674e+00
6.782238520600285980e+00 3.204073437154131732e+00 8.499105009965518320e+00
7.763330961132870911e+00 3.184939423858108132e+00 7.942483153216917557e+00
8.063602478138561125e+00 3.261590547238822246e+00 8.522504854379175043e+00
8.450530519794410722e+00 3.192463040630287630e+00 6.097480663592218519e+00
8.779197570584269528e+00 3.223054487656940026e+00 7.114896064489090399e+00
9.742876387249753023e+00 3.192658709254166283e+00 7.932342428441177873e+00
1.321198046338488474e+00 3.220645005478070644e+00 4.860916744889864916e+00
5.157937115415760054e+00 3.210049998253115433e+00 9.618390617813625809e-01
5.403751622733318882e+00 3.259097066365898243e+00 6.421812941140458975e+00
8.915320237716876761e+00 3.223205511926353850e+00 4.606790405192485949e+00
6.720835885076535732e+00 3.349978775755134475e+00 2.429412020009342310e+00
6.983220704817377111e+00 3.345699460019591065e+00 7.025099517900997625e+00
7.205902537867448387e+00 3.325791372795765533e+00 7.535804738171449912e+00
7.435005506529465791e+00 3.383625645056878462e+00 7.672331973703922614e+00
7.964820378393002720e+00 3.347486769605231061e+00 7.041528006915218185e+00
8.241093978807176867e+00 3.332881149556176759e+00 7.223362495209330270e+00
8.284555814302935417e+00 3.348364501504780488e+00 8.398142506635556614e+00
8.669062450725967039e+00 3.314370946634864978e+00 6.556091973330360645e+00
1.512335642182403461e+00 3.446574173910348371e+00 4.191403587035713585e+00
4.722582573212743107e+00 3.407219072369095603e+00 3.702534409130559645e+00
6.701061077442322045e+00 3.430995644173830517e+00 8.791641180665177302e+00
7.579438844856822399e+00 3.436407228463263408e+00 8.091826800553931776e+00
7.676579228931033505e+00 3.431466532112485535e+00 5.991839960720589886e+00
8.477820069632384659e+00 3.383529636006791907e+00 7.194464249728092398e+00
8.838042505580176567e+00 3.419664019934567811e+00 5.219752635459899537e+00
9.558377238413871879e+00 3.430644353047473061e+00 4.714829715407360844e+00
9.563081869587350070e+00 3.369487816370675404e+00 8.180262704031910914e+00
9.850001575864581582e+00 3.456291185322814208e+00 7.318740473329695462e+00
6.378346722296425853e+00 3.503824007237157367e+00 7.888700742683226075e+00
6.696990965542660490e+00 3.529881053844201588e+00 2.852574959106193297e+00
7.990028437240194847e+00 3.470419956386225913e+00 8.631871020755340851e+00
8.370956609103522794e+00 3.460141220546595786e+00 6.184476057555901463e+00
8.846312589490084477e+00 3.436329804877644722e+00 5.088547518471774112e+00
9.173834757023053399e+00 3.499131168571012918e+00 8.394806732114625802e+00
9.598080124962667270e+00 3.484802121536121788e+00 6.165223575623585361e+00
1.207795149326955642e+00 3.562739477838621216e+00 4.954074376894172183e+00
1.399393501256827044e+00 3.558673061648007785e+00 4.085288463531687952e+00
2.271511836962389008e+00 3.579658972908312364e+00 5.037431783114789674e+00
5.009398107538375555e+00 3.519171130626585153e+00 2.128040177897249308e+00
5.727513118176238649e+00 3.607637874014099300e+00 3.639828665488578974e+00
8.157972160864584765e+00 3.569454212858063080e+00 9.068356816690204880e+00
9.699768975402669469e+00 3.558805286943151902e+00 7.387574799258066705e+00
3.997489058684063901e-01 3.641407080459413415e+00 4.986644923712105104e+00
8.908421823864585143e-01 3.622745669749853459e+00 2.039635007033321568e+00
1.516180376005350716e+00 3.652083294910507760e+00 5.661220758089935856e+00
1.994531495833577583e+00 3.640337925707019195e+00 5.800325240626898804e+00
4.136939440252129785e+00 3.673697206515802005e+00 4.621208172434135619e+00
5.124000525330647093e+00 3.665567503475296363e+00 6.221958589481738855e+00
5.548392845934432493e+00 3.668427806778404854e+00 4.616613176051358458e+00
6.670763486975625156e+00 3.645079478567562870e+00 7.355204557785160802e+00
6.739569122836368109e+00 3.588172455960608076e+00 2.858373364104983771e+00
6.771878825679459091e+00 3.707496018929997916e+00 6.963636881364509534e+00
7.098988446963751642e+00 3.654552092999392876e+00 6.804374222048973131e+00
7.224603183124308714e+00 3.682186555646232762e+00 8.995549929039555082e+00
7.418297674637495120e+00 3.686556456071103050e+00 8.667522463770321650e+00
7.734743507494904691e+00 3.657481468048836781e+00 7.980627297067659498e+00
5.305451668419923550e+00 3.706220037919332633e+00 6.931662015412115352e+00
5.653559783610980105e+00 3.697081223916176551e+00 3.052516310157618484e+00
6.337300666163786289e+00 3.740555995397977895e+00 6.412485587202297665e+00
8.125279345265504105e+00 3.739318468302287091e+00 5.207956063326754759e+00
3.335424122420410642e-01 3.771596781991086722e+00 5.327645688466967400e+00
3.668490021324042338e-01 3.781664940103865113e+00 3.556631074386694014e+00
1.976310264705626984e+00 3.829269492714016287e+00 6.729635542004668736e+00
4.280487687320666979e+00 3.781487522526036038e+00 4.080169459110578600e+00
4.738586593738244090e+00 3.782507222727581997e+00 2.374912220301835575e+00
5.110579742773063039e+00 3.815804473446011258e+00 3.383219968842015923e+00
5.826395468029159197e+00 3.752569624597106746e+00 3.760407133219719977e+00
6.780316746727297783e+00 3.751507957447551611e+00 6.938696264792147517e+00
6.852064836708409601e+00 3.815913097019655975e+00 9.590012211109517182e+00
7.052176035349866368e+00 3.793294436223886290e+00 6.732682516322450184e-01
7.724466344330878975e+00 3.795109894684689067e+00 1.368393307959058891e+00
7.806585616349326351e+00 3.804805069567859466e+00 6.725326937668646643e+00
8.098946624803579297e+00 3.523877763552344167e+00 7.403571263268480251e+00
9.592500930019262739e+00 3.792951847880903227e+00 5.014915862255578283e+00
7.762359727966661183e-01 3.871971531280050893e+00 6.610905396128167411e+00
8.861939141954755517e-01 3.856314846233316551e+00 7.199307203202992334e+00
7.529062178051860954e+00 3.880686112899172535e+00 7.529343641903419204e+00
7.472055909383442440e+00 3.935131125033259458e+00 7.594626823338355592e+00
7.807122973269695621e+00 4.096342786233849509e+00 7.064122231133275420e+00
7.950239700721075664e+00 3.919502667717087441e+00 9.903523782737410741e+00
8.147194710446175492e+00 3.888984108294176067e+00 8.081397019655376823e+00
1.092467791658140008e+00 3.916662060629462871e+00 7.011171049128774868e+00
1.759810504776269102e+00 3.941219014691859535e+00 2.484806957743369349e+00
4.985322989861200149e+00 3.947692677368258796e+00 3.444640947356033767e+00
4.970347736046428544e+00 3.974619509031394493e+00 5.355604354311427784e+00
5.753647332080679355e+00 3.957664918866931281e+00 4.676332996129078268e+00
6.856070647719568534e+00 3.987713281478284966e+00 6.568313993189918598e+00
7.519814738135103482e+00 3.899193969989567243e+00 7.511854324522200699e+00
7.881408859759707397e+00 3.911836864597883157e+00 8.363599474519288535e+00
7.993963469657291654e+00 3.910255930473952368e+00 6.997153991695652664e+00
8.319687292329271955e+00 3.921553905593132772e+00 8.199801268566890400e+00
4.749260330330687951e-01 4.030527537068959276e+00 7.549159433146741982e+00
3.792623753898768157e+00 4.064579542587646976e+00 6.127088899979348469e+00
4.801591211679093973e+00 4.050175619723010101e+00 5.497792176847555723e+00
6.469662076299902864e+00 4.070618845598632518e+00 7.548651733004799524e+00
7.294739983027640484e+00 4.046819171130951354e+00 9.517116801002060811e+00
7.863277864002815143e+00 3.986008114583558193e+00 9.845132979104315396e+00
8.345938593433732677e+00 3.997631871165821416e+00 8.871797025606340981e+00
5.424237192419378850e+00 4.133792925565626497e+00 1.121246939455934566e+00
7.068191903005651255e+00 4.134447413102846802e+00 8.233489546818642424e+00
7.208858683483615692e+00 4.148363889831225393e+00 2.079261884632555568e-01
5.312113219751045889e+00 4.357483846652724147e+00 6.955194307856379154e+00
9.199319146534346459e+00 3.893803150488747811e+00 1.020799943760329498e+01
7.606191313928855280e+00 4.134564335062767881e+00 2.491794650385629861e+00
7.983932790022409520e+00 4.112683590009076795e+00 8.942918952025967982e+00
8.159170540737710198e+00 4.099069820775596895e+00 1.389292429243808857e-01
8.514616499475785361e+00 4.057429002064568913e+00 8.067149586511174419e+00
8.691712244738733162e+00 4.095415074854598103e+00 8.112370764452208505e+00
9.008873349552636967e+00 4.109937556229483313e+00 9.043393533714006338e+00
3.015295089808300411e+00 4.195877158800443318e+00 8.136782751173297967e+00
4.514713414109493783e+00 4.189016166350511661e+00 3.084013366173412596e+00
5.044266697295297419e+00 4.184565141848137770e+00 5.849492710441252186e+00
5.666217853789012437e+00 4.159654360973194187e+00 5.104622381538860942e+00
6.307261590618989722e+00 4.162881009068933658e+00 4.493813911515449178e+00
6.707291847229373438e+00 4.165412045557901344e+00 6.452994233650166223e+00
6.852303968535959910e+00 4.166484757563910790e+00 6.470286688091728244e+00
7.064362285028350286e+00 4.218112871904749817e+00 8.400920257479502773e-01
7.185573723934169266e+00 4.170170213179210883e+00 9.385524022230228525e+00
7.597391987257829271e+00 4.161509063178972845e+00 8.852590431256789572e+00
8.748545827763489768e+00 4.207622144191090818e+00 9.659230671250874423e+00
9.241786274389021116e+00 4.199178938377689185e+00 9.740165431086806436e+00
9.426356142200745580e+00 4.160506044546893101e+00 9.097286804137503680e+00
5.585350508155896065e+00 4.207557631760045602e+00 5.008865056661806037e+00
6.680033360468510040e+00 4.248807977272121228e+00 3.174897098435762732e+00
7.064257215920088484e+00 4.239599736060762680e+00 9.480522964941132003e+00
7.106939023840272540e+00 4.199498277377905708e+00 8.228990086548883198e+00
8.005121808423465879e+00 4.242504169137512271e+00 1.989674223038571554e+00
8.932936093247958453e+00 4.266992512284351946e+00 8.746170245529876652e+00
4.283909022151391355e+00 4.340400996053060290e+00 4.292375626609224781e+00
4.319495596771016466e+00 4.345726750710065645e+00 5.654105586144969386e+00
4.962791220365926570e+00 4.355877899691094512e+00 4.407446851048360870e+00
5.032268180720107509e+00 4.294129027581717217e+00 3.494564325387108372e+00
7.117665312678987277e+00 4.329288278167414461e+00 7.382005892030377936e+00
7.259449363594733917e+00 4.320395911846731885e+00 7.603679851841100401e+00
7.564724821766514395e+00 4.359530582160168422e+00 2.138934624048777877e+00
8.718024170088865432e+00 4.322901265274445848e+00 7.717703842535534875e+00
4.770542393401236980e-01 4.407904104005120338e+00 8.381807695373947098e+00
1.105628188351567509e+00 4.426893083344116242e+00 7.568417887488898543e+00
5.633620465945881506e+00 4.411949317550321048e+00 7.894353182242848099e+00
5.645197476782509938e+00 4.457136831368443630e+00 6.334269400954970486e+00
7.648886763448436099e+00 3.523091213979044234e+00 6.212494484085383739e+00
4.059937655570215576e+00 5.342056532695989013e+00 7.484695472088531254e+00
8.057962855176324268e+00 4.390953588530579488e+00 8.499524312389629799e+00
8.495483498556762214e+00 4.426690394756597868e+00 4.988632643896796504e-01
8.826424177892180367e+00 4.274755574727073792e+00 6.639561091719463626e+00
9.272976210266371311e+00 4.390610110655621234e+00 8.594430513674938155e+00
2.160297646013046080e+00 4.533240048890071705e+00 7.042682850107723880e+00
4.841275477175134512e+00 4.524959440026416146e+00 8.071790512182563937e-01
5.528398102553040871e+00 4.498215707592811086e+00 8.076748796615394355e+00
5.820767563557904367e+00 4.468563672551074895e+00 7.367349172171977045e+00
5.972146291282107278e+00 4.485695364896503889e+00 4.139856736287982564e+00
6.397517347367302598e+00 4.517783078861497437e+00 7.006052755529996290e+00
8.476481513588462136e+00 4.464977531497503094e+00 9.029312556855154881e+00
8.585938303000826721e+00 4.470301868542395418e+00 2.513584077741348177e-01
8.938219700158551717e+00 4.683051589276661986e+00 6.802414659685903864e+00
9.471877832052587820e+00 4.516466872152386181e+00 6.777090442492768929e+00
9.881915006035290716e+00 4.482382979488314767e+00 7.354907135909590110e+00
9.996925128031746155e-01 4.569951175485951644e+00 5.116196821043498488e+00
6.789312756561651341e+00 4.594472026250238095e+00 7.546412328462080765e+00
7.678870275976985127e+00 4.531886233860212165e+00 9.563013982491396447e+00
8.199101237135208109e+00 4.576620282344872948e+00 1.318533341224532141e+00
8.676742968295005909e+00 4.569477295262205807e+00 9.878123119669071528e+00
2.230849022802858350e+00 4.674887094228040496e+00 7.171149935133811049e+00
3.629722028963141334e+00 4.601786401150259387e+00 3.779983017965708125e+00
3.859659681876436821e+00 4.682687276675455479e+00 6.410401235109709717e+00
7.128247234624554451e+00 4.656693067281012510e+00 7.467798037416558898e+00
7.749945935770362837e+00 4.604433789283624456e+00 2.131044866602907373e+00
9.559220521629583800e+00 4.662398420371169472e+00 6.404541218326077257e+00
2.778274446293585775e+00 4.759111952677874235e+00 8.168265073031378165e+00
6.010020784692130746e+00 4.733444318010709750e+00 9.428565685695197374e+00
6.616978723379449256e+00 4.709093738358395953e+00 8.396999526243767775e+00
7.727957988469936979e+00 4.742037748100226047e+00 8.641030381037159813e+00
7.800898106682963906e+00 4.685381261426180721e+00 3.010559412588995176e+00
7.853247994361820083e+00 4.698473263399442601e+00 9.642156035502877032e+00
8.250561579325944805e+00 4.687556933708057372e+00 5.334955123743124972e+00
9.256711604800674564e+00 4.711950337842336189e+00 4.852306854934714808e-01
9.443939059198317665e+00 4.722462976826133918e+00 6.959837580081173591e+00
9.601753411234831503e+00 4.719274002633567555e+00 7.834304908001236356e+00
5.420340223359294107e+00 4.793950626822541139e+00 6.227019774551783904e+00
6.767508564549048700e+00 4.809728216679554080e+00 8.483472151153131691e+00
6.993930998335430083e+00 4.816116932773274684e+00 8.178184679596927076e-01
7.208318359129308739e+00 4.811819521060330729e+00 1.169403845603678604e+00
7.207955956266219211e+00 4.815889755872940547e+00 6.471880869233468836e+00
7.525474423117602285e+00 4.770814398736970219e+00 8.015938183900249925e+00
7.998306125224400986e+00 4.791150146881687277e+00 3.887905395186318280e+00
8.548093032187278340e+00 4.760668907520706483e+00 8.808328732150805251e+00
8.588166124350575359e+00 4.770191806766759690e+00 7.851663300202850415e+00
2.006052972652213384e+00 4.905600125104490061e+00 8.379985379801633272e+00
5.133843760721197746e+00 4.886184414398479170e+00 4.881797610454505332e+00
5.744597663361286521e+00 4.896314744742982228e+00 5.236780071592090025e+00
6.294681958560359725e+00 4.907347411741341148e+00 9.675901302205978993e+00
6.822359285208915658e+00 4.873858167272199893e+00 9.075321001170506108e+00
6.895635919148811688e+00 4.923793696974658296e+00 1.719610374478046211e+00
7.517060626411846691e+00 4.836398227738958333e+00 8.627141925737268124e+00
7.878096495392213683e+00 4.860355879017066449e+00 8.403406698624603877e+00
8.664138689471126753e+00 4.839724642821991552e+00 8.475362773357623780e+00
9.037527739095096990e+00 4.906851420187623880e+00 6.485969782482291279e+00
6.580751062212286229e+00 4.994620666462080472e+00 4.100855167754031694e-01
6.788304122761834591e+00 4.906819980972117357e+00 8.556315322188019934e+00
9.038602605785953870e+00 4.909625889239587870e+00 6.493825783090265702e+00
1.529007590358851587e+00 5.000445635987055937e+00 3.944178651265795033e+00
2.577377992501023840e+00 5.051410744458395996e+00 9.075255485296334967e+00
4.311505250929592137e+00 5.001032923132723518e+00 5.428897625260795223e+00
5.387599336306359454e+00 5.004039410856910841e+00 1.780805389760520274e-01
5.739943988124046825e+00 5.001454074373862468e+00 7.784303461397390045e+00
8.823616822031175033e-01 5.137280553798479588e+00 5.107040249325608627e+00
2.401609803818657518e+00 5.149442669206065304e+00 7.191447899458134785e+00
4.695178459107218316e+00 5.091096306673088989e+00 6.131951994185059540e+00
5.167647464028804372e+00 5.124789987698584959e+00 5.354480306800154743e+00
5.249654151744534758e+00 5.068100246881487969e+00 3.460694285936272152e+00
6.128275090760980426e+00 5.134737608768127792e+00 6.620883095922772910e+00
6.946922840616515771e+00 5.059195050346283473e+00 8.855140614103126140e+00
7.151800513505851775e+00 5.117028369316561687e+00 7.963840686356870258e+00
7.172367258256199918e+00 5.084964259187084501e+00 9.060867634109447621e+00
7.588280925733987381e+00 5.184336956572455080e+00 1.909593828067256971e-01
7.880275514361105849e+00 5.088957930250940898e+00 6.357024628166152880e+00
4.610704862457577491e+00 5.211309024147507962e+00 9.748091027978382783e+00
5.624561334549840197e+00 5.175717156598757640e+00 5.105632309274712455e+00
5.792944015361886301e+00 5.233276185196758412e+00 9.923189822191352150e+00
6.858541110009360509e+00 5.150776817887134484e+00 1.948600039929929917e+00
6.869606673167558242e+00 5.182465028075533553e+00 9.879528395499290738e+00
7.815493795961704571e+00 5.163641665726194319e+00 4.583558543409449015e+00
7.905408785452188170e+00 5.202823663186748604e+00 3.752725119029874934e-01
8.294883415723315778e+00 5.172388735195760923e+00 8.005403994888428798e+00
4.965526540964764202e+00 5.264863168668570736e+00 5.535831463970612987e+00
7.256971606983714906e+00 3.343440304882935976e+00 5.926547152226280701e+00
6.006865349581770097e+00 7.185189021632709228e+00 8.933377894974682931e+00
6.756406740184849546e+00 5.301241765139481643e+00 9.677410383830332918e+00
6.836033146509739034e+00 5.234648507858430833e+00 7.846506113335064647e+00
7.278484374848863681e+00 5.235979185541741465e+00 6.198680030555001608e+00
7.422195298848125233e+00 5.296254997290349209e+00 1.294511342213227501e+00
7.489580385129711360e+00 5.232865393463146830e+00 8.720043431346228502e+00
7.689135165431626007e+00 5.232804523594131396e+00 2.653017033923685264e-01
4.618793024986237228e+00 5.384826619602097963e+00 7.926174096228451482e+00
4.936252807533299425e+00 5.389277802423981356e+00 8.104504840693318002e+00
5.790899418724389847e+00 5.382224387523686815e+00 4.008715812813898438e+00
7.244424436388562150e+00 5.317568478649859820e+00 8.472802932537007337e+00
4.905286555931620995e+00 5.402384348230559574e+00 9.867607986296015099e+00
5.073929906237958143e+00 5.415392659418050592e+00 5.979169663493986597e+00
6.292713112508531381e+00 5.442692224079645591e+00 6.924177783379718676e+00
6.825448395853237038e+00 5.413163267314772931e+00 9.755107441694146786e+00
7.226939429224771949e+00 5.403632364511203434e+00 1.003688824899930526e-01
7.197603612592535782e+00 5.425289622952845114e+00 1.255158246411255174e+00
7.247215367747912751e+00 5.398389802296374107e+00 7.425705659196631281e+00
7.535873048518074491e+00 5.383288605699656060e+00 6.517368079157574101e+00
8.022908453319823607e+00 5.379503183719521964e+00 7.498260164165358788e+00
8.627031466348064725e+00 5.386346647013091626e+00 7.150196248680078526e+00
8.969156357280592573e+00 5.440010437765516293e+00 9.406962041861648416e+00
7.854243056573058102e-01 5.498494162654846917e+00 5.750003339326362095e+00
2.688953948245094150e+00 5.484885907822162565e+00 7.396247493452920985e+00
4.864716087072234352e+00 5.527175304450603122e+00 8.403225309495722328e+00
5.399536172375138499e+00 5.525785285536729319e+00 4.239486874764411439e+00
7.131646289535126471e+00 5.484429658509901273e+00 7.131277439986205557e+00
7.370621344410097642e+00 5.508794594933082323e+00 7.141148232447487310e-01
8.006204099935066765e+00 5.499230206847513180e+00 9.230879556361329397e-02
8.956491863097399975e-01 5.596858503749488456e+00 6.662051265098543951e+00
5.033048524963309234e+00 5.561758403344539303e+00 2.818917230286165143e+00
5.068099990490347651e+00 5.604565133826163503e+00 9.408316828549146749e+00
5.121604233992444577e+00 5.622777429981002939e+00 8.386181950648683880e+00
6.617540989045918920e+00 5.663057659123894361e+00 8.149219882929104042e-01
6.840301400532672105e+00 5.512182622561578427e+00 9.591161084763699662e+00
6.909176912615405897e+00 5.576915977482426179e+00 1.940468688057446767e-01
7.698099985728669381e+00 5.563514804660160351e+00 1.158370119631126016e+00
8.353548355534339720e+00 5.514848633468488970e+00 8.217203229637529915e+00
3.282419350113704226e+00 5.630965866814952037e+00 8.242032140584447220e+00
3.614350671271438387e+00 5.645061868768989299e+00 6.236434434273386174e+00
6.215972163324766875e+00 5.691535731195594749e+00 7.518736534804236982e+00
6.638558809687420847e+00 5.676065316840096742e+00 8.494241116593250762e-01
6.722529592530036346e+00 5.607977471247879819e+00 8.217725622023959176e+00
7.501223400143265607e+00 5.683015246007567356e+00 6.163008658082592461e+00
8.087081831845578606e+00 5.618359802597600705e+00 7.200271239271294199e-01
8.084968092132276851e+00 5.696648786143686749e+00 5.085512665445804714e+00
4.861625688771143317e+00 5.788286627065690304e+00 9.276554080175714034e+00
7.824289136447971416e+00 5.779474526719788230e+00 4.555353986775328323e+00
2.113604190420250273e+00 5.777695979017728689e+00 7.468250805461437380e+00
4.723683612241274865e+00 5.833277578251590434e+00 8.491712743348319492e+00
5.990159322024117827e+00 5.786675549436675503e+00 5.469692634301669187e+00
6.397990472704343290e+00 5.820115915925408778e+00 5.659820622058937545e+00
6.668189567481572766e+00 5.794985780367007955e+00 5.012043033131414305e+00
9.168700614186018782e+00 5.814127933743755250e+00 5.515333426408324247e-01
4.836365889625179548e+00 5.869618357908908735e+00 9.321980707546780209e+00
5.816204996637149627e+00 5.886209355294607093e+00 4.317870917098988182e-01
6.354403846625361396e+00 5.882838766000302755e+00 7.144169319872319512e+00
6.660775452548982400e+00 5.855077483784061343e+00 5.474778690688354432e-01
6.727930659674522751e+00 5.915849524994805542e+00 1.608328772094835379e+00
6.907324403627241871e+00 5.906922493344364256e+00 7.422838481892535256e-01
7.581767332925281266e+00 5.876445045267099765e+00 4.169338296811066158e+00
8.397966273158502304e+00 5.832908587172571657e+00 7.666511107434916816e+00
8.701616444949429763e+00 5.844259223577335405e+00 8.003033159716668621e+00
3.508532204462719850e-01 5.957297943660061712e+00 6.711223523331048213e+00
2.781404250068796102e+00 6.013597849977478482e+00 9.400448078207718439e+00
4.667804113776383268e+00 5.964687252293674469e+00 8.908117386153861617e+00
5.826980402781159363e+00 5.950666157648114130e+00 9.521046431958286149e+00
6.981814670206341056e+00 5.955536382923487082e+00 6.977159549264035920e-01
7.953619336304427634e+00 5.993340574470413351e+00 4.334822369430124667e+00
5.628989983412959752e+00 6.251156198956974386e+00 8.708586974689021432e+00
6.458794777828550160e+00 6.083085694072733141e+00 4.369473672693725774e+00
8.173343591405739517e+00 6.047629937721485938e+00 3.110060417117261888e+00
5.210447448444384122e+00 5.920280140844710992e+00 9.139877524853744717e+00
6.801345863784548307e+00 6.074944584438703998e+00 1.531144178894731755e+00
7.067188175749076429e+00 6.124976018274226774e+00 3.966070317749425200e+00
5.742161117532912584e+00 6.198761145206532319e+00 5.018565293034010111e+00
5.748822743376878819e+00 6.221713355891894892e+00 9.778290993811562970e+00
6.850275936037496294e+00 6.207144288136264620e+00 8.652818313795991756e+00
6.879786540719129206e+00 6.197306049588996224e+00 4.698906079265374736e-01
7.861480752140025174e+00 6.216285835638335477e+00 5.027279475847018730e+00
4.725604070407096735e-01 6.315342532702854506e+00 1.318313603750777552e-01
6.088177563650656765e+00 6.247609037261776521e+00 4.154981646058385714e+00
7.095336605825299792e+00 6.246561272052223224e+00 4.369642219254073368e+00
7.538195774630505497e+00 6.297272069717005927e+00 8.113666616275491350e+00
8.517473375347336173e+00 6.292552159924646560e+00 7.157092469461098005e+00
9.019952342843453152e+00 6.316496127441546093e+00 1.897617141572087274e+00
6.364363443663640929e+00 6.351392740249607982e+00 5.117556972015779859e-01
6.340364235387909275e+00 6.364299074970421799e+00 7.024521468865794205e+00
6.457982314373364119e+00 6.370498834869308347e+00 9.524857828962620232e+00
6.961186577585174007e+00 6.377184354389854093e+00 9.495792950245760977e+00
7.226427232111519494e+00 6.389264589166111286e+00 5.302499706677708424e+00
8.079115693146057708e+00 6.360599568995617403e+00 4.695696500295636788e+00
3.403976932114255227e+00 6.428531114117956413e+00 1.722318654968317819e-01
6.111172601489426093e+00 6.421832245570868736e+00 6.052099306884671570e+00
7.044364049625536417e+00 9.047742456254049159e+00 5.767540392296039542e+00
3.953220934488322902e-01 6.493669979220977773e+00 8.279398942419069485e+00
4.737429450474540893e+00 6.516446254101778024e+00 8.792963561707454190e+00
5.421634827407373791e+00 6.527994260561238882e+00 8.042158658043820907e+00
5.671066122830068501e+00 6.475497300400808065e+00 5.048989798901114767e+00
6.428486917031910330e+00 6.556833873359558140e+00 6.906045660773697747e+00
6.557259342694464976e+00 6.512190442308604332e+00 5.673401773907244205e+00
6.900633833020290098e+00 3.891266492405547339e+00 6.428056973575730026e+00
7.890020138977014597e+00 6.510618988070518753e+00 4.226226752251367458e+00
8.263863446705066451e+00 6.471989004104925058e+00 6.692852702572107404e+00
4.447221011665648760e+00 6.619005577433240362e+00 6.161511982386929986e+00
6.303620648617534350e+00 6.553186931622141387e+00 6.501081630536273082e+00
6.652763174659696688e+00 6.561923145033652816e+00 8.210583074969143524e+00
5.878587210030874921e+00 6.645757720555616643e+00 6.952413202646898327e+00
6.048612150045210356e+00 6.755171338275412829e+00 8.049707219899872257e+00
6.439986738113897324e+00 6.703397107603010774e+00 8.820921392711565667e-02
6.494644018426498633e+00 6.669815717786824472e+00 6.937179437210311939e+00
7.690708386624921289e+00 6.674171911635634835e+00 4.576405208643652855e+00
4.587205203265715348e+00 6.750522517713929638e+00 7.474523526914239824e+00
5.552331635977979296e+00 6.737223357040610594e+00 5.003784358166728924e-02
5.561395179399188926e+00 6.770319138153448435e+00 8.560433954701036185e+00
5.745949459152480010e+00 6.791435497304371793e+00 8.401000560165234887e+00
6.310717637648799894e+00 6.736531590394159608e+00 6.658719164414859115e-01
6.278289217786112708e+00 6.754106357713244080e+00 4.906534467073459638e+00
4.780209891397961819e+00 6.860755649689449953e+00 8.001857954010292318e+00
5.742538630053584114e+00 6.822636266662718718e+00 7.228743603460650036e-01
5.782737212179764441e+00 6.797949795032552700e+00 5.676154582836126394e+00
6.381022036517975948e+00 6.820659780450492704e+00 3.963760960282515899e+00
6.462767547265711343e+00 6.842862531406724180e+00 4.441724617287810872e+00
9.603725756002436498e+00 6.864194905648355771e+00 1.007099861067345614e+00
7.368861084093811797e-01 6.898294549419521360e+00 6.210195444115573338e+00
3.750339024130004972e+00 6.928010738434534410e+00 7.519883035632394908e+00
5.260342464192542700e+00 6.884855962749197644e+00 5.837911577814013597e+00
5.373032026921253923e+00 6.888968141191275762e+00 8.741807474008927770e+00
6.041719852382612110e+00 6.918725446073043628e+00 3.872410953330081895e+00
6.082027592561752627e+00 6.867883935393256145e+00 8.055498809699939144e+00
6.199319435272215628e+00 6.898142343721003655e+00 8.286007237732480490e+00
6.650347203106633742e+00 6.908621543364362516e+00 8.540193469288574590e+00
7.145467216032791669e+00 6.917506990296249825e+00 5.300104589975660474e+00
7.587747029668656218e+00 6.913679669901018343e+00 8.006894749647146980e+00
1.131563541091249459e+00 7.006602131110716059e+00 7.666914733702592244e+00
1.468946006109590474e+00 6.996806919012507286e+00 9.297557315156133484e+00
4.113261069102694734e+00 6.990287609690200021e+00 6.519582741567092832e+00
6.731174326384049778e+00 6.983150439275318533e+00 8.615660493564229583e+00
7.469207267208203938e+00 6.975809721735342528e+00 3.559711592407262870e+00
7.446039955290930656e+00 6.941211231365854495e+00 7.974090886860615512e+00
2.156879821886173998e-01 7.102604557470204583e+00 9.210285863776643822e+00
4.270709011595536175e+00 7.061668387389099522e+00 8.687121079190720963e+00
5.165348939091438218e+00 7.122498764682341665e+00 7.040188588291830030e+00
5.273251321814112380e+00 7.035274696171976316e+00 8.988840245748887625e+00
5.408306515873460896e+00 7.079042980906528726e+00 5.280934111877019888e+00
5.322890603103368257e+00 7.048420036193419946e+00 9.059863348103075253e+00
5.512111278199971487e+00 7.045200426780716896e+00 9.709272946986621022e+00
5.984067174718993520e+00 7.014767382560451736e+00 8.164489702722136144e+00
6.569775350313401319e+00 7.022440093897046154e+00 5.220995147478696197e+00
6.551951017671862942e+00 7.036982036438938160e+00 6.794742675979045465e+00
9.416364979006441871e+00 7.091929259578045652e+00 1.940914479916858504e+00
3.579163944325980840e+00 7.183795120469690154e+00 7.726322398339307895e+00
4.629602518964690105e+00 7.148529544060256313e+00 3.946222738618912373e+00
5.499797369834139360e+00 7.162308986256884502e+00 8.610353238116290608e-01
5.888957016927185428e+00 7.104158200279366397e+00 9.068736954731884126e+00
6.260924593678620198e+00 7.105455098322013718e+00 7.758050101084390526e-01
6.855000152034143035e+00 7.156538210308521997e+00 6.498581817049988274e+00
6.835688573199068863e+00 7.109049731253797688e+00 8.684906602980834833e+00
1.443348594559097364e+00 7.243533552299580514e+00 8.993350113080483155e+00
3.887065516834440349e+00 7.212644286015377659e+00 7.550020719635757160e+00
4.370265856019634576e+00 7.245819149509397761e+00 1.252432820415317671e+00
4.690352588941470557e+00 7.213425540967040028e+00 1.990116750710655413e-01
5.058967732617067448e+00 7.245675202597873898e+00 7.074125858280654100e+00
5.370059717572543079e+00 7.222020862618148129e+00 8.617260850754235868e-01
5.821875541689433220e+00 7.207149314096225723e+00 3.781361665249324266e-01
5.892469807103697832e+00 7.269826208514244215e+00 9.587580755149776479e+00
7.011879445597484661e+00 7.181195577121972207e+00 4.855773767415671571e+00
6.710793785173239989e+00 7.228779804721924052e+00 6.914816903230829759e+00
3.374231171733371948e+00 7.339221084279209606e+00 7.739271434720645715e+00
3.737562212232192316e+00 7.320576949662571664e+00 7.697810875230121752e+00
4.735468070271170227e+00 7.402623615839535987e+00 8.027250996338608502e+00
5.609683624300797256e+00 7.369788833213926083e+00 4.702706995595212547e+00
5.606762702481425720e+00 7.387494607888182685e+00 7.559503933805745035e+00
5.889534362641669851e+00 7.301961999874983178e+00 9.590775766695276872e+00
6.985481703534825115e+00 8.959260921595531002e+00 -1.182785258455714583e+00
2.159974510579597551e-01 7.481793655929219966e+00 2.590304221940353813e-01
1.838319733768844610e+00 7.459596199670087913e+00 8.757520395778303879e+00
3.997579113208024282e+00 7.430451834905228203e+00 7.275189866457311361e+00
4.774057535201143843e+00 7.480912038085945071e+00 8.528666939334268449e+00
6.119377206160713456e+00 5.888613364584799115e+00 1.839699938412689750e+00
6.567876940347695758e+00 7.409457720085315557e+00 6.166979402127932275e-01
6.822213055896906297e+00 7.450033059927916312e+00 6.739236235097090244e-01
7.894500537212166158e+00 7.425426448682825864e+00 6.235410379563111505e+00
4.521792575122155711e+00 7.571561255567536008e+00 8.915215787717382767e+00
4.488018461853919838e+00 7.554880760152212105e+00 9.882854775820717919e+00
5.863429672712294760e+00 7.537184659759276428e+00 2.881100487093670282e+00
5.801767851773245610e+00 7.539791638865674273e+00 5.195888057150367167e+00
6.099276471424511570e+00 7.542023193070864551e+00 4.242855521182812062e+00
1.072068728527248993e+00 7.617054081382206299e+00 8.221478387650810404e+00
3.767391862036385319e+00 7.623763391408614254e+00 1.183073966915211273e+00
4.835536267797618137e+00 7.632850170734744921e+00 6.721416506518275824e+00
5.934339382144975694e+00 7.622463070961092768e+00 6.825272272305123344e+00
4.189373730688801700e+00 7.663770837449570550e+00 6.474144861046824850e+00
4.453060600680021075e+00 7.681630105153152144e+00 9.641529468078088527e+00
6.351411256808018990e+00 7.700764145039817876e+00 6.202551895010682159e+00
6.435455948628610479e+00 7.635625004154068307e+00 8.337508636010756646e+00
7.334524557910889087e+00 7.697262046483041686e+00 4.063244992732124139e+00
4.043507707390957329e+00 7.862454930790429231e+00 8.169374271984366942e+00
5.185399932478571117e+00 7.794557610349971633e+00 7.296317787090707441e+00
4.763692595510587324e+00 8.350863344397472687e+00 6.733564458553965792e+00
4.565646385435283783e+00 7.861913884805801445e+00 7.289007663485110200e+00
4.870713370829572675e+00 7.885957387268987873e+00 5.845809307703881075e+00
4.934048734025405558e+00 7.840371581669682399e+00 8.911670682470061777e+00
5.055109216934728700e+00 7.860523549488741324e+00 8.956256064098828962e-02
5.095401500797612115e+00 7.861243511050600929e+00 1.610184600246050923e+00
5.400402909017171460e+00 7.817272045147776183e+00 5.129639477997621100e+00
5.428381164745881726e+00 7.833882118799737171e+00 8.411741696211340269e+00
6.587039038513616163e+00 7.783923103364116969e+00 5.991284462518387421e+00
6.579442713102425344e+00 7.807534780496114379e+00 9.569602025312820004e+00
6.973806578673864998e+00 7.856336894181820796e+00 8.342707766191232110e+00
2.774883911736981679e-01 7.949237449386970411e+00 2.116606619714430870e+00
3.339690166962845375e+00 7.401515451263474432e+00 9.552311930677380047e+00
4.600075733317534166e+00 7.938507856073979241e+00 6.497189356903682267e+00
4.729792993573969540e+00 7.896538885504178040e+00 9.089335205505484794e+00
4.913362759125377899e+00 7.906379486822688207e+00 5.864782213493944241e+00
5.283039418470367288e+00 7.887558962615061731e+00 8.866383849362515335e+00
5.272440311370750088e+00 7.896673536693824325e+00 9.181240392943896822e+00
6.098500890344433323e+00 7.861799020748335920e+00 9.483387110095630845e+00
7.844070988264254751e+00 7.867866175402577156e+00 6.451441759615260452e+00
2.007631583058411273e+00 8.022773283142946354e+00 9.951498445329637121e+00
4.046221576388622232e+00 7.922138684838111899e+00 8.103244870292918733e+00
4.015818114856248400e+00 8.026780109623533832e+00 8.050778693832867372e-01
4.982617946598467462e+00 8.004717585251508893e+00 6.126780031190827813e+00
5.540859827186294773e+00 8.017153409165789668e+00 6.520721768607795177e+00
3.217812968079059921e+00 8.063332889604433618e+00 8.752710642697319798e+00
3.527417457986682159e+00 8.108781408129329904e+00 1.052413125452460907e+00
3.884688716534118846e+00 8.062844868460404157e+00 9.121268845850590168e+00
4.996170620168891574e+00 8.027613067722160878e+00 7.233513533962289799e+00
5.301183958999519774e+00 8.097182053970453097e+00 7.994094075754551554e+00
5.401967107904947163e+00 7.456803148528406311e+00 7.847908428161618488e+00
6.970231346127187422e+00 8.043845536943777574e+00 8.224304247272959500e+00
9.350371163480780679e-02 8.158281996261200320e+00 6.436245123965866455e+00
6.067588593462607260e-01 8.144582194789185436e+00 6.550028891139552556e+00
1.096990189584072795e+00 8.115980966901103599e+00 6.737080529973731302e+00
1.310635746881253283e+00 8.177780209317560889e+00 6.248907811125033795e+00
4.962528984742938576e+00 8.163983916037224731e+00 6.402631499118109915e+00
5.748369498137269495e+00 8.158471563432524221e+00 9.119097270328143878e+00
6.013031098575472022e+00 8.175765397796970646e+00 1.814826917936215978e+00
6.783990071413029455e+00 8.723443586189411292e+00 5.150086265936170804e+00
6.227031390423561241e+00 8.151708725562599511e+00 6.328373554898667486e+00
6.619046138935406276e+00 8.157947916702632085e+00 3.334278233119732704e+00
6.705644934701643578e+00 8.130226290103067299e+00 2.342579336737306228e+00
9.630108406538814947e+00 8.127916961574225496e+00 7.536082218073407724e+00
1.839204251208889751e+00 8.198218873382678851e+00 9.956063075248559713e+00
2.793963094542097014e+00 8.216651176606870166e+00 1.485934397029573528e-01
2.874345006185799800e+00 8.200244291008260689e+00 9.510242532544152638e+00
4.791677974853893573e+00 8.181072142327208141e+00 7.145665708923857551e+00
5.564665086860294707e+00 8.213008124698035317e+00 2.274234141468116643e+00
6.063267450018165583e+00 8.240308455531051735e+00 6.725612003008414330e-01
6.795674968819024997e+00 8.210000644711946904e+00 9.317126520511420651e+00
1.875279775441294761e-01 8.334047973007809418e+00 6.904320186697987083e+00
2.267694465822636563e+00 8.301167291524725655e+00 6.791782744425411966e-02
4.558762171196061530e+00 8.261810110853613054e+00 6.700633816550403132e+00
4.866056573247965034e+00 8.269470083594985255e+00 7.979225648687631178e+00
5.487775682818173628e+00 8.307902868492412551e+00 6.424272792726094750e+00
5.488286315177232311e+00 8.259841290918959800e+00 7.041567164755898389e+00
9.842178816779885153e+00 8.304993872871840210e+00 2.925323326178009609e+00
4.996676221399114048e+00 8.384047337199673322e+00 6.214232304584265343e+00
9.260549231587978269e+00 8.393214191114932277e+00 7.111944997547221092e+00
8.283409550767781848e-01 8.487082812014577371e+00 8.937361390904865033e+00
5.112721578646294951e+00 8.483539708435301918e+00 5.081317531476236660e+00
2.440346747943604733e-01 8.559425347950902818e+00 2.847098511925829190e+00
4.103403422602148076e+00 8.529390706173035852e+00 9.593048430308343200e+00
4.228926112886764344e+00 8.519943875025340674e+00 5.997515624056783956e+00
5.233567404564337444e+00 8.520111799370054584e+00 8.564808422919172770e+00
5.328616072026806982e+00 8.533855337880098091e+00 9.202092376445950350e+00
6.531743497681990362e+00 8.551385070616131401e+00 1.580588921479261000e+00
4.323211712243899996e+00 8.598219236899776519e+00 8.718510998416922675e+00
4.744530707415399284e+00 8.622514123133781183e+00 7.114720988530283563e+00
5.221444071705668932e+00 8.578683851662990634e+00 5.915454956052379032e+00
5.252854256864524451e+00 8.623186082214873593e+00 8.388700739707513065e+00
7.788284915865011371e+00 8.648515257798610634e+00 2.521327623451175448e+00
2.994896743804473793e-01 8.710684339672180698e+00 2.377764707432727942e+00
3.744372006262417507e+00 8.713642155250298060e+00 2.305126736756586858e+00
3.962916010855371152e+00 8.712121434491356453e+00 3.787309209168175261e+00
4.533301997116806703e+00 8.693044257130734920e+00 6.962016375403685231e+00
4.686629860082288879e+00 8.696398994341015154e+00 7.305221893694604063e+00
7.838460136576509640e+00 8.672843593989108868e+00 4.000984904135716391e+00
7.922116667899310016e+00 8.696991035107036083e+00 1.490553777946798775e+00
8.363871134126364737e+00 8.705142141170629344e+00 3.712603324627850920e+00
2.398063901878541238e+00 8.750432162110309164e+00 6.112366346981624510e+00
4.408919745675445867e+00 8.767295720869389797e+00 6.836179561444819530e-01
4.545937949536684286e+00 8.778855241915996643e+00 8.512277640194378492e+00
5.519891552154301273e+00 8.808744549962373327e+00 1.610466937722400793e+00
6.035949216888100821e+00 8.789835103530524663e+00 2.665466192528464173e+00
6.558241031959012091e+00 8.756143798181600602e+00 3.356259694310607333e+00
6.667953340199344936e+00 8.744757092083782268e+00 1.621380039009370222e+00
9.762679859297294982e+00 8.787262378004346175e+00 3.566520399323573898e+00
5.290870836209345285e+00 8.848205510707963128e+00 6.628234227957159774e+00
5.934018364093552655e+00 8.822499741571498078e+00 4.765367130663846318e+00
6.264026575146534270e+00 8.800002890576983816e+00 7.205868502717738266e+00
6.829344592747749410e+00 8.837575253635051808e+00 7.935456314747730389e+00
7.788574964798318234e+00 8.883490137184468338e+00 2.169319816229195119e+00
4.164826141500301837e+00 8.951991054663791303e+00 7.646785625664840325e+00
5.164072927997722218e+00 8.927321050654967394e+00 9.196602110070237757e-01
5.453313615425084748e+00 8.876105172282521494e+00 8.463197070536400801e+00
5.506551816789247766e+00 8.907746336971406720e+00 9.773121256825833214e+00
6.426506380691120235e+00 8.940605143988740622e+00 1.372731580139924912e+00
7.516564998933974451e+00 8.939007409347183852e+00 2.136406071579032950e+00
7.878020369195512629e+00 8.975195587261321606e+00 1.956926521821471532e+00
1.065535086541616328e-01 9.011925991964600868e+00 3.427085776817606178e+00
4.356848939264555964e-01 9.024422450465253931e+00 3.304473450624459741e+00
4.007684578276363929e+00 8.973756370797707049e+00 8.551031889084683257e+00
4.562838936336385487e+00 8.995307360705677269e+00 7.390898557824536752e-01
5.934952851763951820e+00 8.955417531445743151e+00 8.090698948289261949e+00
6.299350766411011548e+00 8.998799265952531101e+00 1.146061644128060220e+00
8.052909572370577251e+00 8.985982534246200970e+00 7.643078911750326832e+00
9.464252085439699869e+00 9.014025216444522925e+00 1.257537875533259353e+00
9.597606811665658100e+00 8.970253573373522471e+00 3.593192430604558396e+00
2.735259888625954261e+00 9.084335699300419620e+00 3.322487018442513929e+00
3.662427958429619324e+00 9.056251280033171369e+00 3.867117075112806113e+00
4.002088716869034002e+00 9.093671001198469384e+00 6.792849037755989805e+00
4.596028111418810624e+00 9.050771409812668367e+00 7.758990544691533486e+00
5.362989851974375277e+00 9.124664775965905861e+00 1.116245822796593679e+00
5.902721066501595892e+00 9.058150322723054870e+00 6.241824763631592887e+00
6.151030684004476612e+00 9.029896137443831350e+00 8.848240455267291082e+00
6.236661141807928743e+00 9.054011877165311972e+00 9.885573662296978981e+00
6.412015870328145795e+00 9.085897462948517855e+00 2.319814864977375102e+00
6.443551156999300034e+00 9.095041521296725051e+00 7.584162113455461096e+00
6.970821652584240802e+00 9.142749553597887768e+00 2.337294471116877936e+00
7.895529636716563715e+00 8.957707952102197169e+00 1.713349916083490410e+00
4.074914999556046524e+00 9.174788555361864439e+00 5.976350997815266020e+00
5.738973037018413770e+00 9.110724678074735294e+00 7.003719544649030126e+00
5.683492737300661624e+00 9.163250479988626296e+00 8.242366928079436050e+00
5.988296627923446636e+00 9.161133474074677707e+00 9.756857647125753985e+00
6.623932701422543090e+00 9.196423150289923854e+00 4.677583778213101340e+00
7.549935620455441310e+00 9.277494802525776407e+00 2.536385162870355536e+00
8.901376138972311836e+00 9.132910841642974731e+00 7.686295494083390523e+00
3.619768314016524435e+00 9.259892956453898094e+00 5.895729460408478673e+00
4.337572561765888679e+00 9.237789137232201853e+00 2.177392061779350740e+00
5.628014288734851434e+00 9.228433828303799658e+00 3.929378305036617114e-01
5.832788863472856633e+00 9.219950991969795950e+00 1.897161050912335334e+00
5.731314500974837856e+00 9.163331589946142941e+00 6.827787346051441553e+00
6.021210717356759723e+00 9.244564999571831976e+00 6.466308089190320629e+00
6.923835259878337922e+00 9.242663557937451202e+00 2.221244301390183473e+00
7.631261384767020317e+00 9.185043573501884495e+00 2.072811433922247204e+00
8.152198157697302605e+00 9.215594127349447717e+00 4.371447096657844256e+00
1.677417741647717064e-01 9.314007635706175847e+00 2.108609348982840803e+00
3.973693568014626365e+00 9.347404422779938216e+00 6.522890109237677869e-01
5.461564744325115406e+00 9.288538179000472184e+00 1.310174496880410100e+00
5.526236815079853315e+00 9.294584593256004723e+00 8.250562521844116759e+00
5.487683106737532235e+00 9.515071645832041014e+00 5.531728218825049836e+00
6.218992744223021063e+00 9.336549548666701170e+00 4.167209863527306268e+00
6.582886234505240353e+00 9.268365413541268083e+00 7.666438919575616850e+00
7.025291376116461706e+00 9.320764006562686887e+00 2.478092083533082857e+00
9.755233129666503800e+00 9.323933294605563304e+00 6.371086193145704790e+00
7.418142614363516518e-01 9.430977527832133944e+00 3.149724239370632173e+00
3.211702452108241346e+00 9.421008675961175527e+00 9.682062643174628391e+00
3.452474821874736755e+00 9.400513368286590676e+00 4.761434702981632405e+00
3.711404183128303114e+00 9.358604039577764766e+00 7.428247920450445463e+00
4.000007889960883745e+00 9.380236508289314656e+00 7.631819354524662202e+00
5.252825888220371553e+00 9.369375926277692557e+00 7.347661406115326699e-01
5.656530653704574085e+00 9.118563227637714874e+00 5.770534376082023797e+00
6.243158248424844459e+00 9.399969290105197217e+00 2.015963872151202096e+00
6.739409151141395604e+00 9.322273134047197374e+00 4.639507037648530563e+00
6.913063732891640889e+00 9.335326531143763873e+00 2.474021458457434708e+00
4.133410599859081103e+00 9.451602608044364473e+00 7.740841608870824508e+00
7.297385996029385424e+00 9.473081123024996941e+00 1.853986514863933177e+00
7.904158519689692852e+00 9.478846006335849950e+00 2.565593717601523771e+00
8.201472641015405074e+00 9.505190651494437759e+00 3.073453319398827599e+00
4.525136049223352330e+00 9.556094857531054032e+00 7.300299311584838691e+00
4.718244976154332804e+00 9.535212321062097374e+00 8.656512134201985731e-01
5.047015076817094936e+00 9.512419742782787679e+00 4.060490915741954865e+00
5.380801698158284019e+00 9.481704839376877914e+00 1.388503124223249952e+00
5.939597594833786687e+00 9.536249370482540400e+00 1.301217449116856884e+00
7.207948275822781525e+00 9.508561183291920571e+00 2.321056851473456195e+00
8.450776795212224801e-01 9.631015234772359435e+00 2.915808403712221164e+00
4.109218492488115437e+00 9.591868617665749497e+00 8.371186764647980283e+00
4.144064138659739882e+00 9.583263637784645184e+00 9.746714874999414135e+00
5.037798220483398204e+00 9.615522963886213859e+00 4.843537900609804936e+00
6.903566542634348657e+00 9.626083842264183232e+00 7.443253203144955421e+00
7.071701900597476609e+00 9.579047141074552130e+00 3.617793877876896325e+00
7.426844912547630351e+00 9.595242022399947501e+00 2.542730897607456075e+00
7.723623520172415269e+00 9.612214400979421924e+00 1.864903237434345495e+00
3.018903682440258862e+00 9.704502974105707835e+00 7.106625301369428271e+00
4.601012724360286299e+00 9.672293777396566483e+00 7.985756509578623152e+00
4.868834761435079095e+00 9.707680355309674880e+00 8.053945230804727018e+00
5.438051067952514472e+00 9.688178248933377645e+00 6.269847939682517080e+00
6.202979076950865256e+00 9.672921800978860674e+00 1.842568070123605795e-01
6.537361613448776865e+00 9.671452770352589212e+00 5.569810964016769006e+00
8.744438993796117998e+00 9.686271052381677293e+00 3.567421214079566916e+00
8.365028785211295337e-02 9.806574631922625684e+00 2.414424459301121484e+00
4.477391521066994784e+00 9.735290101655376560e+00 1.668013904163583749e+00
6.074543420270366312e+00 9.746987203718425974e+00 2.024645321743057114e+00
6.364838417008458649e+00 9.781823389597512630e+00 2.548879774302897694e+00
7.553014701011773191e+00 9.738160075020482864e+00 1.818042530441164040e+00
8.219292944349401608e+00 9.795553861792782868e+00 3.260005496598095576e+00
8.677030794641252598e+00 9.780201242603936862e+00 8.587694161167416240e+00
2.090206578840118068e-01 9.853804824497165882e+00 6.361381230340309223e+00
2.640609134797484270e+00 9.848738570010150184e+00 4.802260968536741892e+00
4.578536016489217708e+00 9.797338494831503652e+00 7.455328086874426496e+00
5.203534856217080673e+00 9.833031298214592653e+00 3.676923440240704721e+00
6.811778130439300583e+00 9.828803314250469825e+00 7.761503295881367670e+00
7.768501420594043694e+00 9.862479009140951547e+00 1.052661721866822386e+00
7.710066170063889501e+00 9.827033171304805137e+00 1.962922863885641522e+00
8.895798971820438439e+00 9.862674015034359698e+00 2.458688069199926218e+00
3.012803264517887047e-01 9.958025063046306968e+00 6.535575126318208028e+00
1.958630239131215145e+00 9.933379112465260619e+00 9.499943138334494108e+00
3.566379498986459673e+00 9.946165181670014732e+00 7.247959375843981533e+00
4.232559446524421176e+00 9.924208033750012703e+00 6.612566308567656925e+00
4.283819354314839067e+00 9.892564193553301521e+00 5.028690069942769902e+00
4.797903668121302090e+00 9.924642585019288532e+00 4.552945720254284900e+00
5.222467350128709995e+00 9.902435667265919506e+00 5.163438848994718278e+00
5.332691739202789272e+00 9.941410653166567357e+00 7.368468796757097650e+00
5.962641077410140156e+00 9.876277093315213307e+00 8.399764705643335105e+00
8.220553659786027367e+00 9.926704535162432563e+00 1.762592633824756394e+00
