2.122375589437826893e+00 3.431718253889007308e-02 7.230924123201444509e+00
3.072346277674032677e+00 2.740535303483251917e-02 5.114343646216481964e+00
5.837207972128282130e+00 5.081907772504742904e-02 7.872035010983546854e-01
5.808832220990513662e+00 7.695038167244547256e-02 2.184700950246068363e+00
5.930217991705468705e+00 9.569575571116115120e-02 3.901712481890600159e-01
7.536581375500688296e+00 4.695236154292672937e-02 4.151319675601407688e+00
7.735450026563905901e+00 9.628925648207692367e-02 3.577902559976594343e+00
4.134105497761645154e+00 1.532341138986840212e-01 7.448326509436196119e+00
4.208192228277534142e+00 1.493865044918800122e-01 8.830134261535778961e+00
5.093818596884620575e+00 1.358246254182977342e-01 4.964980057217947440e+00
6.095080538297528605e+00 1.621557718982313823e-01 1.109561462922939779e+00
6.244388720080904065e+00 1.437216427587858225e-01 2.022480907612596912e+00
7.466126738074938984e+00 1.377143360552600948e-01 3.280474211564206044e+00
8.545919091688681135e+00 1.422822201476090231e-01 5.215044601285894643e+00
9.310953252080935272e+00 1.417429975147673216e-01 6.594277858533850178e+00
9.326705003692074669e+00 1.532270371567474032e-01 7.640971520754938240e+00
2.884804060966390082e+00 1.970491406460806449e-01 4.029085234080952205e+00
3.266323728251145475e+00 2.275515691240995175e-01 6.793078190334250976e+00
4.777115708536218364e+00 2.350144588002381907e-01 4.306608525115988684e+00
5.398888597111264787e+00 2.193682920252326141e-01 9.764522237826223083e-01
5.369361608701090027e+00 2.177497983208951382e-01 6.596289581257648749e+00
5.967345337505116198e+00 2.149383022620283135e-01 5.796663267726728463e+00
6.655634144114585204e+00 1.794789519476336359e-01 2.847353796608848714e-02
6.687399864097483437e+00 2.172350337262135000e-01 7.418014374959932766e+00
7.899044536694747265e+00 2.170398894896268804e-01 2.340549392553861185e+00
8.138687225585336193e+00 1.982612220863479990e-01 2.139887341427070488e+00
3.829802289307748353e+00 3.106131753032055354e-01 9.389367700805044681e-01
5.878140761848680285e+00 2.530079602368597858e-01 2.128299148620926839e+00
6.296326499263393828e+00 3.367845218269029939e-01 4.453244866438552663e+00
7.096854281634254136e+00 3.268492429336031790e-01 2.231407364530872073e+00
7.847176702168747298e+00 2.953887271224486799e-01 2.103370667169018660e+00
8.000325870418866003e+00 2.859756513503266540e-01 1.933224251548410599e+00
7.958144692860162017e+00 3.048295868645173323e-01 5.305100550014613781e+00
9.537348263125785763e+00 2.848856895665176081e-01 1.329361974491229503e+00
3.545552163838666004e+00 3.877274128363817907e-01 6.086250940458059588e+00
5.601252635062158092e+00 3.580758612866948853e-01 2.916895597146435204e+00
5.771369908531820414e+00 3.562888759722350196e-01 2.331709438933983858e+00
6.473953897408811997e+00 3.747397984054660069e-01 2.668960369411224498e+00
7.638098766409399332e+00 3.668273126295186204e-01 2.327602082189295096e+00
9.028968176015473190e+00 4.119314509624096843e-01 5.573112856560276995e+00
6.110977787002136452e-02 4.129915402941589653e-01 2.664395412232277494e+00
5.595103938862877158e+00 4.170144783741935868e-01 2.520815353915368373e+00
5.931963728504543454e+00 4.296039574350174473e-01 9.400546445363259451e+00
7.044262713207314341e+00 4.861938673144358125e-01 1.704795248990313983e+00
9.397247558979794135e+00 4.610475854552236186e-01 5.605780161906719350e+00
4.881852981792312862e-01 5.093330680902511398e-01 2.711504924241767700e+00
5.642841461873969067e+00 5.083527689753084555e-01 9.829480993363628016e+00
5.880635693386551566e+00 5.270065436593168728e-01 6.888656150760064989e+00
6.173852952717792775e+00 5.643841274102542327e-01 4.055016473864790250e+00
6.254418627462055902e+00 4.925569229228493606e-01 1.498675752106380488e+00
8.828523595840859883e+00 5.473079320961067307e-01 8.124997378317347696e+00
3.322190741869772257e+00 6.448677977179733123e-01 7.326484970572594513e+00
4.383931170074355066e+00 6.313666280550354060e-01 7.305333229264595607e-01
4.702617495031860884e+00 6.640535225046276802e-01 5.268018651736184665e+00
5.149904273385786269e+00 5.681189540341192723e-01 9.367487334505801400e+00
5.243009140932879397e+00 6.352490452191787984e-01 3.145236949676355476e+00
5.363716883353112586e+00 6.142554655226531990e-01 6.681160603895542671e+00
5.463108622589403218e+00 5.900152290239610853e-01 7.628152986282302095e+00
7.818883176606619578e+00 5.980852149960502739e-01 5.800791636688158448e+00
8.145838454763973502e+00 5.971282681456249186e-01 1.844047836363200688e+00
3.846348003680684524e+00 6.694101755127495057e-01 8.231144099676264148e-01
4.780271791318654095e+00 1.081632277893545213e+00 5.675928720967611696e+00
6.225584678872917443e+00 6.688309097799878256e-01 4.557245032125510242e+00
9.324374206519323138e+00 6.589364808947281160e-01 6.852041554590812211e+00
9.938933843645381572e+00 7.134502325736234996e-01 2.570388772757556062e+00
6.559942497691328533e+00 3.672828056140029496e-01 4.444183949388883725e+00
6.344332306149417455e+00 7.465845965072650525e-01 2.841122338388879953e+00
6.832245611576194477e+00 7.480712668352866856e-01 9.599738916307288150e+00
8.305449940099315143e+00 8.471316380596831674e-01 7.741451704830806690e+00
9.203982491829179935e+00 7.681595681248627461e-01 3.304242784529654475e+00
1.167537801884757087e+00 8.762257058298531520e-01 5.909557022363619794e+00
4.583642126706077846e+00 8.700615097701485112e-01 3.694836972505887385e+00
4.625274913094316709e+00 8.995786662261814337e-01 6.274137666022481241e+00
4.861913113494456873e+00 8.656708629968761226e-01 5.709980817429276989e+00
4.910776623759629977e+00 8.609009073786110244e-01 5.791919941350968770e+00
6.078736161027598506e+00 8.351145665295457432e-01 4.855823282303791011e+00
6.166455503781213210e+00 8.451900037633637286e-01 5.164444560212339219e+00
6.288170756281184381e+00 7.933070783197860854e-01 2.897868001738746813e+00
6.352518257164867066e+00 8.572519906642349641e-01 9.743313498779606618e+00
9.892246315889796193e+00 8.623819233016769559e-01 7.317980546631244643e+00
4.677663185006422530e+00 9.195409278658773777e-01 5.759743318630861530e+00
5.577821863171019245e+00 9.184665298383118959e-01 6.766936107303021863e+00
5.797211819293794477e+00 9.065915239566284534e-01 7.015186134709585630e+00
6.678397071970711529e+00 8.984046387090717234e-01 4.035007125549485707e+00
8.321390177773531960e+00 8.850657981410837705e-01 7.724628957079916702e+00
8.522480058738285180e+00 9.246769765826095000e-01 3.154497796412405464e+00
9.136350910248442148e+00 9.417206060070748563e-01 4.798864342921110193e+00
9.748494218550481705e+00 9.447478349148153987e-01 4.714753571288339273e+00
4.461187759108014461e+00 9.785137973413760015e-01 6.025503669248128524e+00
4.792668413365650082e+00 1.028333648192392591e+00 6.406875218701118868e+00
8.175988363401470949e+00 9.725385236970521818e-01 3.360686603887554913e-01
8.253064458766063538e+00 9.849591129066781470e-01 7.365381942635568002e+00
9.294669385003405893e+00 1.041382427544927491e+00 8.165347106142416322e+00
3.732170455642685791e+00 1.053621461855579478e+00 5.909951805216715037e+00
4.548448238679443811e+00 1.114085347143964677e+00 6.949881555505291075e+00
4.852514325860743938e+00 1.096761140687568581e+00 5.265177754628759921e+00
7.477595029335169841e+00 1.082362806975411651e+00 5.906559619922267856e+00
4.055227666768256967e+00 1.139918751515435869e+00 1.891142348915233473e+00
4.769296761670749341e+00 1.136540072441129645e+00 3.576695448664709787e+00
4.768966400963052799e+00 1.129067237762209963e+00 5.158204400820705970e+00
5.485943430043460189e+00 1.163874093088363537e+00 6.831678356016781528e+00
5.484966969102892165e+00 1.134992562158109841e+00 3.400400309113514652e+00
6.301408462764721108e+00 1.175324868964607194e+00 1.276060719706789470e+00
6.283510061696302884e+00 1.174873253885726943e+00 7.700411166112935746e+00
7.572648032919475192e+00 1.186961752949503124e+00 7.018440286198264211e+00
8.888824794215462788e+00 1.119165982190925002e+00 1.608726474835306508e+00
9.837482032831029954e+00 1.139775993337791782e+00 3.608863492902905978e+00
5.659428343049976107e+00 1.248779189088683461e+00 5.062990563075619121e+00
8.073198299793412858e+00 1.246657255082137539e+00 1.649940690096853846e-01
1.755492430174782514e+00 1.338805199346205344e+00 9.365256149713790279e+00
5.109465948979412531e+00 1.305028324379432503e+00 5.234378891727445193e+00
6.265275085529934174e+00 1.308704793542488698e+00 5.418330351380132193e+00
9.255026089858047200e+00 1.287874064343295100e+00 4.923306012555897837e+00
9.810219642680880980e+00 1.348088254838543776e+00 8.010219725149632097e+00
5.843333438657618117e+00 1.354653047085613959e+00 4.641451264730384274e+00
8.687734235516408887e+00 1.348736379292983623e+00 1.809603800275718655e-01
7.249876113550161871e-02 1.492628105063424915e+00 3.872347562991847347e+00
4.403129775848977800e+00 1.806268056157950275e+00 3.906082009119896892e+00
6.218987750731749031e+00 1.437620940606934905e+00 6.088410597499553933e-01
6.202961704550157940e+00 1.493654070053410443e+00 6.335140353133937197e+00
6.907842717469650395e+00 1.501829032342044901e+00 5.939781343457855911e+00
7.008250500301592467e+00 1.464358266401301512e+00 3.200827619025738091e+00
7.142232452297875511e+00 1.459093289392704662e+00 3.021201903103190034e+00
7.620518532320300409e+00 1.446205112065969356e+00 6.102116904666281094e+00
8.418274533684666494e+00 1.490051400165765649e+00 7.250967461595653418e+00
8.808982101214324345e+00 1.496391996560219928e+00 7.175194003237336915e+00
9.744581264409825749e+00 1.488534189820305276e+00 7.233334423786795142e+00
4.256363451355928085e+00 1.569756033804086126e+00 7.134361633418544457e+00
4.632575745132865741e+00 1.573861588281668888e+00 2.547203121444165941e+00
5.012657963625429147e+00 1.210039658293160070e+00 2.306464131681421392e+00
5.335263850270213659e+00 1.526955370199660766e+00 7.170218876742445957e+00
5.662541626374821391e+00 1.588885884060392994e+00 8.059004166416510628e+00
6.068552074640439997e+00 1.529355057745334756e+00 7.051639024446245685e+00
6.334692458420862593e+00 1.518265905233416868e+00 7.994255724270679764e+00
7.472834335113607729e+00 1.577018936605523614e+00 8.225715119534584119e+00
8.174607667661998534e+00 1.539508256770799388e+00 6.555747639756273060e+00
9.356795288582999248e+00 1.532142652023503526e+00 4.236749403074401066e+00
4.687474691701599028e+00 1.649149071886829132e+00 4.491735295369291947e+00
5.101597302575369142e+00 1.634961560511440037e+00 2.910369577072749792e+00
5.745635183092772102e+00 1.640797324213142616e+00 5.802159844748740802e+00
5.902073399611801108e+00 1.622588283665132636e+00 3.453798920525382066e+00
8.361101388567890424e+00 1.634563877689950928e+00 1.008762000235960077e+00
4.696244019544828063e+00 1.699401696449460264e+00 5.706238937211342233e+00
5.186044794470110908e+00 1.731434877239360626e+00 2.430172877418698363e+00
6.231176996455081607e+00 1.660215277501507325e+00 5.407483364836593864e+00
8.385828252305209674e+00 1.669038616612613435e+00 6.432592829306901017e+00
8.477587025775816798e+00 1.711692631789848873e+00 5.715086057695978994e+00
7.933493196586965945e-01 1.758464075646332114e+00 5.127804880634391438e+00
4.680711883937091145e+00 1.791323690707362637e+00 6.712412242279025776e+00
5.325552203089129577e+00 1.798784602866717375e+00 2.644646854333648989e+00
6.139908831923032828e+00 1.734871017548758054e+00 3.107741710243929312e+00
4.466164705179712868e+00 1.873197260965282052e+00 4.218597435930377948e+00
5.293672957220301178e+00 1.860772336804805027e+00 2.617740430878346736e+00
5.365113177186087157e+00 2.062938838773050509e+00 3.448124200734180356e+00
6.517963101812501492e+00 1.872157807246705108e+00 6.439160213213110495e+00
9.442559275035332433e+00 1.831983234097120494e+00 5.489622017667835863e+00
9.508524228581864080e+00 1.809855813208809838e+00 8.821828573987389177e+00
9.742807167728020801e+00 1.884947815323337661e+00 8.708068808362188662e+00
5.230316493318400539e+00 1.838510466355535833e+00 2.650884203225864599e+00
5.218611056584936847e+00 1.712938662696235959e+00 3.947616107615565362e+00
9.389594428460467768e+00 1.936369406740451549e+00 3.025636116611071902e+00
9.615086042105723152e+00 1.908761431435828770e+00 8.207151351505048709e+00
9.905067789095188147e+00 1.924487986501451253e+00 5.023297287242404430e+00
3.868112118756847018e+00 2.051684079131989691e+00 5.865955774642274356e+00
4.916906610880181105e+00 2.000156914001943065e+00 1.989700648241673253e+00
4.878399996515740078e+00 1.996027762709575715e+00 2.174507594787387532e+00
5.768691790752635384e+00 1.981503873459844023e+00 4.378367764028519460e+00
6.439642797945579034e+00 2.022676417023475892e+00 7.136168421508301662e+00
7.674305397044877353e+00 1.980143533892353869e+00 3.365133977838350887e+00
7.924148289464749695e+00 2.043154863756193151e+00 6.810261184051324079e+00
8.253381063611024970e+00 2.081181210098538070e+00 7.955986834253916840e+00
1.352930844129023313e+00 2.064905948187882867e+00 6.501324074737297565e+00
4.386766712009205094e+00 2.078885278102213352e+00 2.314220068576671618e+00
4.422206210719754615e+00 2.068927913660685292e+00 4.728958476594840477e+00
6.394607980486725296e+00 2.058327919473914136e+00 1.507267487683295215e+00
7.901714925689505620e+00 2.113723367387636110e+00 5.584417860254114352e+00
9.451016452243186095e+00 2.074632090753311786e+00 2.903865467827720703e+00
5.961791846344895174e-02 2.157413016641024583e+00 5.484508462780811833e+00
4.857112285916798111e-01 2.126659842400567602e+00 4.665690301612578139e+00
5.462093357499658630e+00 2.166398412620511138e+00 1.308610929334302064e-01
6.311628304620059637e+00 2.163595409685820758e+00 6.973884648078454873e+00
7.710920327217158032e+00 2.200068838861980680e+00 5.002857002358538807e+00
1.250653800896347256e+00 2.253651449665130979e+00 4.846674039035482551e+00
8.017989397751046354e+00 2.230501808879358450e+00 4.894952849924924188e+00
8.149367926541080109e+00 2.228609323120267938e+00 5.809299843015397258e+00
1.395589088046600645e+00 2.346375716208648043e+00 2.232580995566660675e+00
4.901007951098434567e+00 2.300831508763485189e+00 7.912461939222582785e+00
5.146111132037237468e+00 2.297512908470182857e+00 5.499074012045828574e+00
5.216330125041848120e+00 2.308505753555355700e+00 2.862338098446685297e+00
5.392281525631165806e+00 2.321780936782505744e+00 5.837145926494621051e+00
6.238061887796568783e+00 2.324436360610052432e+00 8.089341270481861912e+00
6.504096499969120870e+00 2.301084391861037748e+00 5.967902437942891325e+00
7.629752276387856469e+00 2.345334589077046505e+00 7.689727368313540090e+00
7.885206065342488913e+00 2.282765158188757582e+00 4.655425103549493571e+00
8.257060620703724041e+00 2.390708274064623939e+00 7.787276038379267185e+00
9.148759932521080884e+00 2.347222777726579501e+00 4.414946269154969016e+00
9.385071084967181676e+00 2.337847984447082084e+00 5.475243482128847816e+00
1.381950909433073971e-01 2.382301304721885504e+00 6.856979803756217962e+00
6.459062691434885650e+00 2.434701606737393220e+00 4.856700067810473698e+00
7.045842423555713552e+00 2.417662291831058852e+00 1.090615929928764327e+00
8.550246116885627856e+00 2.364524167658197396e+00 5.513697054487039395e+00
3.853545682502464986e-01 2.510904818362657220e+00 3.785778260568483766e+00
1.526006168186418543e+00 2.491063461550094615e+00 6.753425070037654798e+00
1.631844621715303312e+00 2.494843044706709367e+00 1.884486988265491103e+00
3.591435056745207355e+00 2.461615280129508143e+00 2.286485563696217582e+00
3.891148754329289083e+00 2.444860959161242242e+00 5.557959686724088577e+00
6.117276478003782714e+00 2.466856719193684100e+00 1.639728897809693997e+00
2.727704321809064636e-01 2.570780560711628304e+00 3.708376975637153627e+00
1.471843501731958437e+00 2.489722883670907549e+00 2.320577563694746992e+00
1.578689122725673188e+00 2.545322511165576174e+00 6.636717863277644014e+00
2.236929550418691015e+00 2.583771524350010118e+00 3.702141450624406360e+00
3.604397694840827171e+00 2.521294889560212305e+00 2.845627475852329447e+00
4.785042194500394253e+00 2.538847526894323803e+00 6.191957588111661082e+00
7.217788646468360270e+00 2.601922514796480623e+00 6.717720625225584108e+00
7.566850880998376105e+00 2.562757409188409774e+00 6.797141521550973842e+00
8.151362247133507211e+00 2.536919933788615467e+00 7.670844687533573847e+00
4.481561312041552725e+00 2.633468338708626177e+00 5.880636876094337495e+00
5.980187888253620798e+00 2.639056461412132570e+00 5.926410059192020796e+00
7.124640070420788618e+00 2.635281689193860188e+00 6.484597312771112065e+00
7.317234325661239325e+00 2.694292442265345144e+00 8.532250391533663603e+00
8.551338250977972066e+00 2.652442085361782276e+00 8.158926491966980166e+00
5.788934048820447487e+00 2.733744813596469925e+00 4.451464157689632550e+00
5.985632096785995060e+00 2.712222567658182815e+00 2.280856746065895724e+00
6.277918728972448292e+00 2.705258815769751912e+00 4.733266563944589223e+00
6.470279574260604960e+00 2.695134862032348977e+00 7.894524013954445252e+00
6.836704717299417311e+00 2.737650092509984923e+00 5.997075094624915170e-01
7.021960968882900112e+00 2.748920371248436911e+00 6.861104860151140628e+00
8.808314298739897907e+00 2.750367073513162453e+00 8.319315775363349985e+00
9.716378121656251698e-01 2.793961817877096188e+00 6.513230999362194795e-02
6.124468941846487269e+00 2.771858810161865527e+00 2.523070478426772567e+00
6.606476169515923758e+00 2.821997476449942255e+00 7.062416309670112469e+00
8.087548051115897252e+00 2.775385919008706903e+00 7.932841381912643541e+00
8.469550800005261948e+00 2.832188613211169770e+00 8.344343250329377071e+00
9.600033870496607946e+00 2.779185350129179000e+00 5.333066928052376809e+00
1.619370213105290612e-01 2.827318407511827836e+00 4.689906242680327964e+00
1.155807881528712944e+00 2.886293703241241460e+00 7.073567489717423662e+00
3.251929676358870314e+00 2.855185661801174390e+00 3.728270089176078717e+00
5.040896758183767368e+00 2.824661517625327800e+00 5.055746150960480634e+00
5.105711228187155726e+00 3.151283748014480413e+00 1.622560507593649337e+00
7.573453272610413123e+00 2.878041352828647703e+00 7.962895174699776035e+00
8.748957325901905335e+00 2.882850012692524277e+00 7.840576398844707917e+00
1.225600166453010065e+00 2.982868462600288595e+00 4.807150972310107129e+00
3.180875062466548719e+00 2.950551803537952544e+00 6.880599927881558386e+00
4.276373913510195024e+00 2.963110661014300540e+00 6.343675465712220074e+00
6.023015357369522427e+00 2.680458781664452061e+00 2.171796784314035111e+00
7.503493432153087284e+00 2.939624063945829757e+00 5.041389168562128376e+00
8.933157538214841153e+00 2.912810145689269881e+00 4.811588142345968322e+00
9.030058770261678802e+00 2.908796293897347063e+00 5.099578039874188562e+00
1.057228048232189188e+00 3.023356711273004649e+00 6.649942308943553648e+00
3.792766450355751218e+00 2.991372868905818105e+00 6.159351456071217257e+00
4.516777092482271883e+00 3.050660517308555253e+00 2.843945318838445591e+00
5.465479103227262492e+00 2.992704756328658178e+00 6.222528242680970934e+00
6.701292447818531173e+00 3.030029855169263708e+00 5.650318017839452978e+00
6.974227133719240967e+00 3.048946660268891051e+00 7.557492327717103109e+00
7.089500891074886901e+00 3.084591852534892098e+00 9.063196908871844926e+00
7.246620176704954730e+00 2.986600076683990412e+00 6.815517949688051580e+00
7.639481397062345636e+00 3.044548835808231324e+00 5.312165735938158662e+00
7.722860319968555487e+00 3.004726619821817657e+00 7.104753650677210430e+00
8.533116346236056415e+00 3.057942181546102756e+00 8.447191440549591590e+00
8.846557572132201841e+00 3.045795088935512762e+00 5.562244768597972566e-01
8.414215112004851116e-02 3.056461824623776025e+00 6.827578333323819137e+00
3.273017949296023854e+00 3.088058230667526161e+00 4.546617957129409859e+00
3.840282430785781465e+00 3.057316347025851755e+00 2.794619653185000718e+00
4.020671469315226787e+00 3.065622345375879299e+00 2.855308196215571304e+00
5.084809618385766505e+00 3.063670757040975801e+00 4.436098840672624277e+00
6.303753755553901605e+00 3.106375544317193871e+00 7.706773272978128198e+00
8.496723884518472047e+00 3.121632962457588256e+00 9.295381490623293885e+00
9.305727313785254751e+00 3.126561344656248131e+00 8.707062935857745600e+00
9.582449781692618629e+00 3.111094935653181182e+00 3.784221959930814450e+00
9.719213212660152479e+00 3.062939157269774171e+00 5.326372949595961970e+00
9.760375631034142074e+00 3.053005975844958808e+00 5.234494570312996586e+00
2.816999704224397716e-01 3.141274224585701269e+00 7.328102313328230366e+00
1.513058758981122409e+00 3.210172977969456554e+00 6.307417645261473638e+00
2.435806002318282815e+00 3.150096749286527498e+00 6.484164508360924728e+00
4.592789805117421409e+00 3.169926169709295305e+00 4.136710564242819466e+00
6.560943645962816539e+00 3.172701793696960149e+00 7.153219201215910594e+00
6.779859067987373145e+00 3.199942743939717893e+00 8.503089999330217807e+00
7.765983712171392384e+00 3.180922601602587108e+00 7.944783107829865187e+00
8.064859313390556395e+00 3.255458819341821908e+00 8.527700129166017717e+00
8.454576272181324015e+00 3.189548964115163088e+00 6.095107251561630690e+00
8.786145290874326719e+00 3.220353813196410897e+00 7.114440814799739776e+00
9.749331075365496702e+00 3.190317183894550546e+00 7.933213940885895710e+00
1.319685827527154798e+00 3.220683418128357900e+00 4.860525406488680034e+00
5.156588326714029336e+00 3.209443582439388543e+00 9.581052464904828980e-01
5.401246210056600106e+00 3.257985971145193282e+00 6.423438779076816374e+00
8.918068998617988186e+00 3.223647355404740455e+00 4.602501927410017402e+00
6.722165084176889849e+00 3.348781995108554010e+00 2.425659074674663795e+00
6.983191176138065615e+00 3.342350872714742849e+00 7.024859868222623760e+00
7.204483689707732452e+00 3.322713902505403993e+00 7.537117870910298834e+00
7.436259410784078483e+00 3.380340930565720381e+00 7.674522256262202191e+00
7.967496036141816340e+00 3.344840736079997434e+00 7.039159501098200877e+00
8.244846082094923645e+00 3.329575292462056524e+00 7.223908591192425455e+00
8.289742375462639146e+00 3.346529568893791939e+00 8.401052076178805450e+00
8.674472345458127620e+00 3.312865298957661242e+00 6.554914985749787704e+00
1.511912430524744888e+00 3.444545056196151922e+00 4.191224165919866351e+00
4.720156259824154432e+00 3.406289828947089759e+00 3.700186021914072754e+00
6.697630654392543903e+00 3.428440381964282135e+00 8.797278606021194491e+00
7.578560964442873527e+00 3.432964302872009821e+00 8.096733261362537348e+00
7.678526725479779103e+00 3.430699357876290989e+00 5.989082515475713464e+00
8.484831381162930342e+00 3.382828131956424844e+00 7.194192575864411410e+00
8.840951838913898797e+00 3.419579573621733815e+00 5.223023643999951560e+00
9.563055002106697344e+00 3.430835610152209281e+00 4.711829444411201884e+00
9.569127034584630209e+00 3.368657262966970656e+00 8.182715620061777884e+00
9.858182649210068149e+00 3.453678981320403629e+00 7.317754864362774114e+00
6.374647658374146708e+00 3.501876739323092735e+00 7.892735277920544412e+00
6.693428705452564742e+00 3.522977222499976691e+00 2.850318198050840302e+00
7.991183537370334378e+00 3.468648101557255004e+00 8.638449533042980022e+00
8.374179337264795464e+00 3.461042043893091780e+00 6.182471595823214372e+00
8.849446992689584235e+00 3.437936861454386595e+00 5.082129119882067059e+00
9.179351915907631110e+00 3.498211419682597523e+00 8.397681870042477570e+00
9.603382285020227727e+00 3.484288608617492677e+00 6.164678299490285340e+00
1.204699060922958864e+00 3.563801263758804794e+00 4.953722820016879247e+00
1.395073333511991365e+00 3.560514750338415801e+00 4.081743010506176716e+00
2.269296103906360162e+00 3.579323357126243277e+00 5.036547817045044617e+00
5.008088381141924117e+00 3.519078000826935337e+00 2.124353236145970492e+00
5.726610970061449812e+00 3.605071822723509012e+00 3.636240667393974224e+00
8.160794787373433223e+00 3.566353311915111401e+00 9.075435199346262749e+00
9.703344248505487712e+00 3.559672475185923002e+00 7.388821950675694694e+00
3.963270122574391596e-01 3.641076486320224070e+00 4.985197212957678481e+00
8.885057150535877746e-01 3.622664468932470960e+00 2.037881115378540553e+00
1.513051494166951727e+00 3.652011570688975528e+00 5.661004537138166981e+00
1.992666489069099045e+00 3.640048882381952566e+00 5.800298119657826490e+00
4.133215058797152786e+00 3.673079768388499922e+00 4.620553750905513013e+00
5.120902621597848814e+00 3.664577395820651340e+00 6.222400252022124434e+00
5.547072345820041939e+00 3.666467423928886582e+00 4.614636816824339682e+00
6.667709542415760637e+00 3.643364309415356495e+00 7.358014767511793508e+00
6.745681514586229888e+00 3.594143932764272797e+00 2.856934171047933901e+00
6.767280037710965424e+00 3.697801527900308916e+00 6.967357325863657636e+00
7.101531855529328752e+00 3.653050181604631685e+00 6.801774583569989652e+00
7.223249693418161144e+00 3.678926157024320354e+00 9.002115002461298587e+00
7.418022620416488522e+00 3.683194669897939644e+00 8.672249742178291143e+00
7.737318788096033018e+00 3.656608830535808874e+00 7.982889724528401842e+00
5.301870638063506114e+00 3.704660591197697528e+00 6.933671546855169510e+00
5.653481337345634294e+00 3.697033531336005208e+00 3.049004924151633489e+00
6.334745749613572841e+00 3.738671608415961245e+00 6.410465240613270055e+00
8.127553636043829854e+00 3.739744535461434261e+00 5.205331795082500435e+00
3.297990538398476446e-01 3.771952796087263415e+00 5.328429293257194388e+00
3.640063532183563932e-01 3.781792941939171371e+00 3.555188001123060548e+00
1.973926920894361281e+00 3.828754171728061095e+00 6.730525316222911059e+00
4.276966486829512526e+00 3.781354051789759474e+00 4.078140817282745800e+00
4.736181532693435337e+00 3.783322408918464497e+00 2.371804398559486771e+00
5.111167596849480077e+00 3.813498673523904259e+00 3.379309472240316303e+00
5.828105093443646467e+00 3.753925988829069471e+00 3.759548492611419324e+00
6.780206490323663182e+00 3.759420724527766211e+00 6.934555295425077759e+00
6.849512931500087554e+00 3.812710693489198555e+00 9.596766527880486564e+00
7.052490261630844692e+00 3.790980407114963313e+00 6.699435625026290975e-01
7.726415469393710822e+00 3.793426310417870262e+00 1.365861636333463469e+00
7.808918757460650895e+00 3.804765676982849065e+00 6.721223080497623847e+00
8.083872712761799306e+00 3.561533194792647627e+00 7.381929586626032602e+00
9.597231201000221645e+00 3.794530154616428064e+00 5.013467711534082660e+00
7.725349721911747292e-01 3.872040133525367800e+00 6.610530147645693688e+00
8.822918408234565746e-01 3.855434270808814290e+00 7.201740624972353011e+00
7.517839467360666106e+00 3.897436537900278886e+00 7.530323422535576405e+00
7.484176038051430169e+00 3.924907929063166101e+00 7.582804258102237682e+00
7.830019970701975751e+00 4.059313163528855739e+00 7.087038401899995677e+00
7.955735177912697687e+00 3.914907256622449427e+00 9.912781206422701885e+00
8.149456059297254029e+00 3.888323036609347749e+00 8.081157561506397968e+00
1.091125052880002944e+00 3.916864608790640911e+00 7.011359204682223734e+00
1.757646449621595330e+00 3.941371181031871451e+00 2.482959479774778710e+00
4.981382488949145149e+00 3.949143550877630915e+00 3.442835475406502699e+00
4.969189300972253420e+00 3.972837479637842950e+00 5.353123179650136620e+00
5.754314997032011547e+00 3.957231892747230084e+00 4.673894195098364790e+00
6.857134975258468046e+00 3.985041817281450349e+00 6.567795623117587134e+00
7.523173947836043318e+00 3.892479496696303887e+00 7.524967872223136567e+00
7.882911512970964374e+00 3.911469288578850900e+00 8.367629409207827607e+00
7.999480942579292986e+00 3.912516292240511895e+00 6.993021777642706382e+00
8.325366697461211274e+00 3.920509202034472729e+00 8.204514863965290061e+00
4.712136667192313721e-01 4.030389592167301416e+00 7.550943555999373835e+00
3.788819151385918182e+00 4.063830822132930898e+00 6.127502257941483066e+00
4.796617169566813388e+00 4.049850891725633950e+00 5.498030950230040403e+00
6.466283008275585331e+00 4.069737681498232895e+00 7.550988967854674883e+00
7.296701264698429057e+00 4.042950051546150725e+00 9.525847375094006253e+00
7.861486192941925744e+00 3.987095997490426313e+00 9.850008210567709810e+00
8.350814973823226239e+00 3.996408518109540786e+00 8.876969670475478580e+00
5.423127446427328024e+00 4.133510312596031966e+00 1.118187491917996823e+00
7.062589159885076739e+00 4.126573740952024671e+00 8.236895202533023763e+00
7.209456871605262940e+00 4.146988971974483462e+00 2.035549648466880024e-01
5.460660811070134457e+00 4.337774924525040099e+00 7.085815827833078728e+00
9.048453619075012000e+00 3.909943788489505856e+00 1.008765104965379322e+01
7.608175066247671481e+00 4.133160376389009905e+00 2.490854171631128988e+00
7.986659760559222221e+00 4.112447347019977606e+00 8.949154789643616326e+00
8.160598555154020772e+00 4.097423800370193270e+00 1.353044553562989527e-01
8.518725575067188416e+00 4.058150409092896815e+00 8.066761917303850282e+00
8.701371290751618304e+00 4.096203500117300500e+00 8.115002736304493425e+00
9.013984280003587202e+00 4.108769246539178965e+00 9.048753589577476220e+00
3.012822179219625252e+00 4.194257539267317370e+00 8.139004756790404471e+00
4.511603964444485193e+00 4.189996350986143092e+00 3.080780435374153026e+00
5.041872673335998201e+00 4.184353665904227526e+00 5.850121229035591952e+00
5.668670336650159847e+00 4.157541621089936967e+00 5.107029644200259177e+00
6.309036448137539388e+00 4.162617573666455684e+00 4.491614702916965740e+00
6.701451556439097956e+00 4.166975698355973812e+00 6.449010108483411940e+00
6.855985094155986559e+00 4.169929592203668989e+00 6.467270098350531349e+00
7.064621869246298758e+00 4.216734173443081879e+00 8.374297054438979426e-01
7.186091425887947359e+00 4.169202419109051760e+00 9.388247635575307726e+00
7.598182091797969662e+00 4.162078467493820710e+00 8.858180195876201424e+00
8.752149964098446588e+00 4.207012834922184474e+00 9.664776115690404623e+00
9.246748258275975019e+00 4.198972249103099408e+00 9.745279487264680185e+00
9.433092304079679025e+00 4.160444311171890064e+00 9.101395923490422035e+00
5.581601919488377028e+00 4.209193236840376606e+00 5.004483338063957731e+00
6.681029066087544876e+00 4.249275576457844927e+00 3.172746533241716183e+00
7.059912723144245561e+00 4.240819248383303375e+00 9.489101647085716351e+00
7.109589392809731123e+00 4.205296794964017870e+00 8.231404629088689973e+00
8.008837196966798189e+00 4.241208978423608222e+00 1.987426364245949095e+00
8.938208339188118856e+00 4.267653441847659046e+00 8.749102904762400712e+00
4.280386200977376987e+00 4.341418648691210080e+00 4.290682400467947133e+00
4.315337746505491623e+00 4.345577956180046719e+00 5.653727271263600862e+00
4.960474051449681454e+00 4.356365234880328785e+00 4.405255168414967670e+00
5.030773061034462756e+00 4.296583806942740225e+00 3.492087878525687028e+00
7.117099674727195513e+00 4.329470038760765860e+00 7.380050878059231323e+00
7.261046874958896780e+00 4.321706347101430978e+00 7.606252183582149939e+00
7.565085817856870065e+00 4.358378003664323153e+00 2.136617841764436143e+00
8.724069394761992058e+00 4.324128068097582656e+00 7.717046755596335572e+00
4.742628762252913965e-01 4.407682842184044603e+00 8.383751084879254023e+00
1.102913945535108908e+00 4.427244920315160037e+00 7.570201756004461657e+00
5.630865331034693000e+00 4.409316147744021031e+00 7.895620614404800897e+00
5.643317972321588272e+00 4.456300152124565095e+00 6.333684502098386737e+00
7.461809600910397577e+00 3.615076857885289208e+00 6.277111155593851244e+00
4.241456167673400834e+00 5.247574254387647130e+00 7.419311936970978572e+00
8.061721824009733695e+00 4.392426389303247802e+00 8.502725179882814288e+00
8.497618250721087563e+00 4.425626930893870714e+00 4.980986047515234549e-01
8.861319873776302813e+00 4.388124822587532670e+00 6.683885745527967437e+00
9.280199265856390767e+00 4.392124788767954868e+00 8.596511001458539525e+00
2.156497416272039391e+00 4.530887769679094568e+00 7.041551354731334200e+00
4.839315621192890937e+00 4.524868402262918643e+00 8.041933769737724669e-01
5.523639771026721768e+00 4.497397600423749253e+00 8.081995127616139030e+00
5.817301741826316430e+00 4.468285709318568166e+00 7.368908761495831072e+00
5.972479344646047572e+00 4.486412257776917656e+00 4.136960975064677193e+00
6.395724502059812799e+00 4.518457138251928740e+00 7.005930643521292467e+00
8.480565257340431984e+00 4.466254869310286146e+00 9.035348399690823484e+00
8.589243198608201624e+00 4.470049052231970244e+00 2.466472953284510883e-01
8.911182495467162568e+00 4.570045607626625817e+00 6.756408851803390014e+00
9.478284710174138539e+00 4.515469821538975026e+00 6.776249818310162709e+00
9.888285146182726137e+00 4.483036560427696493e+00 7.355687894609706845e+00
9.968926124015643486e-01 4.570262401880984093e+00 5.115506651380062664e+00
6.786696492316759866e+00 4.595374741417100672e+00 7.547886527879313689e+00
7.679528449242285504e+00 4.531798458232015214e+00 9.569275159175484546e+00
8.202196369057480396e+00 4.576092667891573207e+00 1.316523070253444505e+00
8.679965270833868374e+00 4.571088300902117041e+00 9.884257027045391553e+00
2.228810994605024742e+00 4.676079414519365152e+00 7.173882074885294280e+00
3.626330004868819401e+00 4.602629885756464923e+00 3.777932270367833301e+00
3.855990459067966114e+00 4.682634640074303967e+00 6.411153628721224962e+00
7.129814001260482925e+00 4.660032057138685069e+00 7.467569704671003450e+00
7.752906914826418472e+00 4.606161845992470028e+00 2.129407978836489246e+00
9.565630214014227306e+00 4.663562072838844053e+00 6.402091841604736544e+00
2.775521826592164842e+00 4.758486132264225787e+00 8.170398953811030651e+00
6.007131941971131539e+00 4.731580061079566413e+00 9.432930422195465070e+00
6.610910970189062930e+00 4.706772872291628218e+00 8.398820902857000448e+00
7.732082460248840050e+00 4.742799573458434281e+00 8.646615852060628882e+00
7.803309805985982450e+00 4.685640779255869859e+00 3.008910882525221542e+00
7.856957776625535850e+00 4.701362545629716116e+00 9.649302285512822763e+00
8.253952202353916690e+00 4.688126498854846780e+00 5.332807600650159685e+00
9.259867897316283347e+00 4.711805621382359810e+00 4.830434899132162174e-01
9.449773103651857298e+00 4.725395757169577493e+00 6.961431457420107272e+00
9.607614350251491686e+00 4.720980315178034736e+00 7.835953957798263758e+00
5.417713004820420508e+00 4.794669900481308034e+00 6.226813047450716176e+00
6.767324403393769394e+00 4.806627078448654444e+00 8.484832506791990525e+00
6.993520277592194745e+00 4.814656909776972249e+00 8.143526519412124243e-01
7.209515287091561753e+00 4.810112584379954370e+00 1.167670591404357694e+00
7.209911645398040747e+00 4.816760401355350218e+00 6.470149263884695578e+00
7.528024092473469153e+00 4.772657051414806340e+00 8.016975001328926709e+00
8.001097015473860097e+00 4.791069525860945255e+00 3.885561537133487064e+00
8.552716469230620788e+00 4.764070062839001807e+00 8.813093983385559937e+00
8.593458880312741854e+00 4.772733642235279738e+00 7.852196560087175037e+00
2.002882569172832028e+00 4.905200720755606092e+00 8.382179298925768407e+00
5.131108135967416217e+00 4.886791569636042887e+00 4.879115659204844135e+00
5.745028278241466779e+00 4.895715915775881832e+00 5.235688101757210333e+00
6.293246536975734884e+00 4.906374799975183443e+00 9.681913110966362979e+00
6.820205984204553040e+00 4.872878919923000041e+00 9.081906919109099974e+00
6.895497879531244045e+00 4.922420929710557225e+00 1.717494731915694128e+00
7.516891833305199278e+00 4.838313555443204628e+00 8.631221400914222741e+00
7.882559307381520775e+00 4.863822439028986366e+00 8.405113636967985968e+00
8.670026669814314246e+00 4.842885983899957836e+00 8.477551249349573936e+00
9.039337651747985092e+00 4.903125302378343875e+00 6.467998172903289600e+00
6.579276826751314644e+00 4.993129042663118966e+00 4.059484129253008167e-01
6.786846920987681386e+00 4.912223201206533219e+00 8.562583360376901709e+00
9.045754268031247491e+00 4.919070528742376602e+00 6.507999472887815884e+00
1.526470838634842897e+00 5.001147564008647350e+00 3.942726285771232853e+00
2.574682646137652853e+00 5.050784723073086901e+00 9.078136261138308072e+00
4.307415279534976271e+00 5.001827318428630598e+00 5.427556775119889210e+00
5.386100406596948886e+00 5.003647401664983008e+00 1.746407932728176737e-01
5.737045530959685280e+00 5.001740735036923624e+00 7.786283070214452984e+00
8.794024710185014415e-01 5.138302229649653441e+00 5.106119523736854404e+00
2.398564894713951290e+00 5.149751429859648511e+00 7.191805628642917725e+00
4.691330356372545474e+00 5.091318569418051609e+00 6.132526529997812226e+00
5.165764837976485779e+00 5.125150975853679292e+00 5.352610371717696047e+00
5.248141086269064282e+00 5.069152553278827966e+00 3.457753397854479438e+00
6.126714723853628364e+00 5.135361886431611289e+00 6.619574400145655346e+00
6.946353547319478849e+00 5.061779674188086275e+00 8.859527644292624515e+00
7.153624067865253622e+00 5.119377061124874118e+00 7.965484961442970580e+00
7.174811301022145926e+00 5.087106218781108247e+00 9.067687036195485106e+00
7.586188048209437262e+00 5.181044348503233365e+00 1.834509612774944676e-01
7.884396418507551907e+00 5.090205890970727509e+00 6.355166556557179547e+00
4.606983590480568047e+00 5.209222819103058733e+00 9.752397581049784492e+00
5.623704372703577370e+00 5.177508016191393558e+00 5.103020619711802652e+00
5.791326026377705105e+00 5.232650577920690438e+00 9.929045493221755336e+00
6.858456329024749998e+00 5.151803332307633987e+00 1.948411606187103962e+00
6.871351199018933542e+00 5.180425643299448879e+00 9.888538017688981441e+00
7.818173051884865998e+00 5.163300493322722673e+00 4.581223190664752920e+00
7.910702423690214147e+00 5.201572104720497691e+00 3.734768362985048107e-01
8.299060901018856740e+00 5.175084938951871827e+00 8.006636386400110439e+00
4.961473780146778978e+00 5.266606350974635475e+00 5.535088494236051204e+00
7.191903040052868512e+00 3.544991503987390935e+00 6.082768501088290591e+00
6.071888523981605168e+00 6.986254649552582130e+00 8.777953167238068843e+00
6.753508436667733150e+00 5.298799142096424220e+00 9.680727377216667762e+00
6.835075881921071073e+00 5.236967397179386197e+00 7.848233482629912494e+00
7.280297128923201022e+00 5.237425945891024170e+00 6.195980542823592785e+00
7.425611749767741188e+00 5.295184853828070359e+00 1.293999059735492674e+00
7.493106361386952408e+00 5.237123705691938191e+00 8.725043792737720239e+00
7.692689516243855330e+00 5.234361654465883085e+00 2.631513706910760808e-01
4.613910073207759588e+00 5.383608866213632993e+00 7.926598805330212549e+00
4.933927925986914431e+00 5.387121077504978928e+00 8.104988307389904278e+00
5.790737457215868744e+00 5.382813226649007632e+00 4.005547914921998576e+00
7.245857410505937679e+00 5.321614410149700269e+00 8.475376119099848893e+00
4.903599400041424694e+00 5.401568181949042646e+00 9.873625882346171778e+00
5.071492162112869906e+00 5.416865458647530218e+00 5.979339825829760535e+00
6.291665178367610523e+00 5.443735004296101465e+00 6.923525017303392204e+00
6.827502529918206164e+00 5.417248447627155628e+00 9.765152623392687303e+00
7.227589512080889733e+00 5.403471790099727556e+00 9.461610546720590487e-02
7.197191640329939410e+00 5.426394757989426054e+00 1.254052060444299288e+00
7.250248315164306234e+00 5.401154348809951600e+00 7.426659486798381060e+00
7.539041555186048349e+00 5.386019754744598487e+00 6.516691370030672559e+00
8.026325333963608699e+00 5.382305595665128450e+00 7.498180005569482276e+00
8.631820097134307090e+00 5.389059246768514555e+00 7.149783395162451427e+00
8.973153691757168815e+00 5.442426245285315822e+00 9.410840068227523503e+00
7.824241402150873270e-01 5.499256294427803837e+00 5.749684350558297297e+00
2.686441371517532595e+00 5.485440734615753655e+00 7.397268798322259364e+00
4.860209058862356990e+00 5.524608162522466337e+00 8.406566686174146596e+00
5.397247482389078144e+00 5.527091392284487981e+00 4.236999507440486923e+00
7.133403307208022959e+00 5.487419329612778895e+00 7.129698077297285330e+00
7.372712047567414828e+00 5.509209802323829841e+00 7.112336562307641774e-01
8.009682544497231049e+00 5.500941844843214135e+00 8.739916018374320472e-02
8.928571008795852526e-01 5.597233370321816892e+00 6.662397940595946366e+00
5.031236935980285985e+00 5.562733575636637617e+00 2.816198320708813263e+00
5.067585992847362775e+00 5.602030564314727457e+00 9.413721672041020838e+00
5.121555867766591774e+00 5.622381945621471644e+00 8.388520277352366605e+00
6.609935757266600653e+00 5.657823759792499629e+00 8.047760104352119637e-01
6.842014284343758135e+00 5.517070762737112943e+00 9.593346897405714557e+00
6.908568592649272588e+00 5.576882416653297092e+00 1.884176336585093869e-01
7.701913621863093695e+00 5.565100436133864292e+00 1.157189039155493315e+00
8.357816548601244122e+00 5.518845223991278637e+00 8.220517534893581058e+00
3.279193564927387339e+00 5.630653303404218768e+00 8.244085329381585225e+00
3.610638251928386389e+00 5.645525612763728773e+00 6.236054941352429992e+00
6.214101919248003369e+00 5.692594831696322188e+00 7.520506520710272369e+00
6.641502530410519967e+00 5.678395457772501764e+00 8.572053577426127502e-01
6.722279312972961662e+00 5.610492997053917463e+00 8.220603364472360397e+00
7.539100514629014427e+00 5.694332785656434304e+00 5.986456553246302548e+00
8.090889406735627176e+00 5.619816965092264027e+00 7.179032636647469934e-01
8.089926496322764393e+00 5.697063261798794187e+00 5.083902763042773998e+00
4.859159595796042730e+00 5.782704960664656113e+00 9.277685958907401442e+00
7.791546260916570432e+00 5.769558781927304203e+00 4.729921292088578255e+00
2.110016784057433981e+00 5.778528651547386374e+00 7.469237752850547807e+00
4.719053331712164123e+00 5.833578044421713571e+00 8.493723901594631087e+00
5.989042513268317158e+00 5.787000461709347121e+00 5.468175288569975478e+00
6.398935747379216998e+00 5.820398990050350108e+00 5.658847787221418457e+00
6.669262845677869755e+00 5.794963846882685843e+00 5.009983668347155472e+00
9.171475135901847153e+00 5.814755790611060959e+00 5.492558958528116486e-01
4.831394715146225316e+00 5.875046272938374337e+00 9.330347397662100306e+00
5.814013551631941112e+00 5.885732799654050496e+00 4.284374046890749854e-01
6.354299495597099501e+00 5.884237199852348610e+00 7.144210807567499266e+00
6.658518183567308846e+00 5.855683366478417362e+00 5.414822890430565083e-01
6.726659785829113503e+00 5.914448153355395199e+00 1.608934933010898627e+00
6.905247680943840116e+00 5.906194381287943607e+00 7.434710635890896535e-01
7.583795302013060180e+00 5.876248937238196746e+00 4.166139365676507111e+00
8.402062490117739202e+00 5.836599836791297236e+00 7.667114222812336344e+00
8.707253126211432104e+00 5.847933163423104652e+00 8.005253011381284978e+00
3.474814482452303066e-01 5.957943639239658751e+00 6.711585041888591618e+00
2.778611626637622400e+00 6.013541836389178386e+00 9.403355575629534613e+00
4.663118528781070360e+00 5.964518833884667970e+00 8.911420505626853839e+00
5.826791779295808382e+00 5.950162097864780897e+00 9.525870760911416824e+00
6.989357743595530081e+00 5.960149378579552959e+00 6.927501501095979508e-01
7.957879942100115400e+00 5.993671344087286634e+00 4.332240474714920353e+00
5.588974201998092362e+00 6.219703768198409755e+00 8.752690997241797888e+00
6.459314643120568356e+00 6.083136948249387999e+00 4.366904793341705115e+00
8.176182028726207918e+00 6.048475532256565756e+00 3.107890182274357205e+00
5.248802649211659954e+00 5.950881739301133067e+00 9.103263015768774835e+00
6.803040643611828031e+00 6.078964961421482016e+00 1.529341477349042133e+00
7.068350897147018586e+00 6.125501427609103544e+00 3.962060218903638464e+00
5.740789033127605911e+00 6.198119773463597326e+00 5.016069769953002577e+00
5.748153780226056497e+00 6.222814265735765460e+00 9.784919944318634322e+00
6.852353835417066108e+00 6.208574660675563628e+00 8.656806984804747529e+00
6.881333111857000695e+00 6.200740459115807290e+00 4.647365865897348236e-01
7.865020593632231716e+00 6.218274145721594870e+00 5.026779418478851014e+00
4.710967870243597533e-01 6.315474969141584793e+00 1.304507799445102645e-01
6.086850030227361152e+00 6.248339408980404741e+00 4.151647962090303956e+00
7.096910413233721293e+00 6.247822561758818338e+00 4.367711917148648482e+00
7.541814972329683897e+00 6.299874096877488228e+00 8.115902780854554521e+00
8.522039980263684811e+00 6.295716671794330921e+00 7.157500236171117081e+00
9.022658929928221383e+00 6.317079347436743042e+00 1.896034321974706227e+00
6.363216015965967642e+00 6.351640342099821090e+00 5.081808750267854391e-01
6.339763174537813128e+00 6.363253853066546561e+00 7.026456492176951230e+00
6.458941831875573136e+00 6.371969055181474495e+00 9.530230625309144443e+00
6.963960861588073925e+00 6.379300844608776444e+00 9.500847214358728365e+00
7.228908224877136135e+00 6.390717961257881718e+00 5.301528628833854562e+00
8.084295286230965161e+00 6.362751838383555736e+00 4.694262481631390038e+00
3.402195667020731840e+00 6.428650213214453402e+00 1.698979488538123750e-01
6.110458743415883021e+00 6.422606378056062049e+00 6.050968035487037433e+00
7.043319464366200933e+00 8.908477088989178228e+00 5.784711848693650182e+00
3.924051266901672497e-01 6.493869562112728033e+00 8.280517081940919510e+00
4.733654099526969361e+00 6.516719985977675655e+00 8.796384827460999034e+00
5.419431647854014322e+00 6.527373779706254986e+00 8.042758477709760712e+00
5.668653611897387812e+00 6.477893218827881938e+00 5.046792826169253843e+00
6.428361642313515034e+00 6.555820666283269205e+00 6.904039624873322012e+00
6.558628561808322210e+00 6.513767246548056278e+00 5.672171741237447051e+00
6.907130931481280101e+00 4.035289616154282832e+00 6.406575885539037785e+00
7.893718836082255663e+00 6.512840968550809961e+00 4.222965732639281100e+00
8.267783762220535237e+00 6.474878027006624848e+00 6.692320415274339851e+00
4.443843851944636825e+00 6.618953038239402176e+00 6.160082601779542699e+00
6.303854933905950197e+00 6.554440311925034734e+00 6.499163614602036176e+00
6.655418736123300150e+00 6.562822271767562832e+00 8.212060922913391181e+00
5.876556466494000652e+00 6.646810475360116932e+00 6.952495555731195154e+00
6.047362405932611651e+00 6.749688931813825121e+00 8.049446663014951042e+00
6.440383075446958649e+00 6.704404544388936849e+00 8.289669721809461711e-02
6.499368688370429581e+00 6.675408286273592395e+00 6.939592470770851840e+00
7.693433915810428125e+00 6.677311823627023912e+00 4.575061211779214432e+00
4.584042100667636177e+00 6.749534934359946448e+00 7.474751917842832327e+00
5.550615895322647653e+00 6.737269934882219147e+00 4.566247038553891691e-02
5.559812324588172316e+00 6.769688754178767809e+00 8.563823216248536596e+00
5.746304443359459668e+00 6.791961520454156798e+00 8.402979503526713856e+00
6.310700575221374287e+00 6.736961261410861823e+00 6.633798341395892306e-01
6.278159790750947877e+00 6.755735478473388511e+00 4.904495311067904595e+00
4.777331039331516926e+00 6.860207440587484662e+00 8.003424418411119845e+00
5.740979178431297569e+00 6.821972004399558642e+00 7.206576710567677013e-01
5.781938462292049330e+00 6.799421539081876631e+00 5.674916178827714930e+00
6.382098643322567710e+00 6.822139614924026318e+00 3.960323554447767069e+00
6.463622727487123854e+00 6.845024477157092946e+00 4.439360077531095072e+00
9.606227103780419441e+00 6.865021203393011362e+00 1.005098235547950081e+00
7.340846596053135498e-01 6.899031947979488599e+00 6.209869954561725081e+00
3.745835806639563614e+00 6.924888942488068189e+00 7.519495920949129442e+00
5.257720822755209689e+00 6.885562278247963519e+00 5.836768127276888762e+00
5.370776460083315662e+00 6.889496057892514180e+00 8.744696759743023406e+00
6.039900889549316254e+00 6.920557977572358688e+00 3.868955963105134899e+00
6.085532536447580298e+00 6.872855073028172335e+00 8.053064388986042488e+00
6.202843743794170805e+00 6.900194722464513042e+00 8.290749207014410871e+00
6.690262029200116700e+00 6.944977522220095345e+00 8.578118775556564657e+00
7.148608876538384393e+00 6.920390031692462252e+00 5.299321474792071385e+00
7.595920301473944036e+00 6.916241757565163795e+00 8.009600223860969592e+00
1.128703959695817716e+00 7.007193929927789888e+00 7.667489757316584331e+00
1.466392981389445183e+00 6.996432671170910389e+00 9.300482453817103590e+00
4.109006579444307583e+00 6.990262835655563833e+00 6.518455670639190735e+00
6.695429680932194927e+00 6.949391994641795023e+00 8.584157794212453396e+00
7.471335899681485593e+00 6.977410913312248830e+00 3.557131208664492839e+00
7.445910014394577559e+00 6.945211994036131209e+00 7.974594215944456721e+00
2.130555284259609827e-01 7.103091485606848110e+00 9.211827701135241853e+00
4.266380620925468214e+00 7.061383355687817165e+00 8.690570716585998667e+00
5.166132260201145243e+00 7.119532110493763000e+00 7.039036381271408516e+00
5.266503672671491998e+00 7.036107825146629580e+00 8.989290992322812812e+00
5.405919707596001267e+00 7.080416231761821777e+00 5.278707614709789553e+00
5.325377883492222963e+00 7.050567782108040582e+00 9.070917900390050193e+00
5.510602844568044389e+00 7.045750166040360085e+00 9.716059653202313129e+00
5.982452434159644561e+00 7.020868709052050960e+00 8.166822879620731612e+00
6.570931677463874188e+00 7.025397301898446578e+00 5.219717049011226351e+00
6.553053382266094573e+00 7.039622625380581589e+00 6.794119013127608575e+00
9.419092347517647568e+00 7.092933988260239353e+00 1.939482351049257147e+00
3.572676108321586774e+00 7.181272057625874616e+00 7.728744596945428924e+00
4.627079988197960958e+00 7.149798888975727351e+00 3.944041667537922180e+00
5.501709507075055683e+00 7.161734459365453276e+00 8.595625599049081522e-01
5.890508311519921492e+00 7.105858140562219205e+00 9.073153363297228324e+00
6.260469034688812329e+00 7.107358429014150047e+00 7.745809715174526433e-01
6.858887897724345706e+00 7.159437582223992180e+00 6.497407774705875383e+00
6.841503779932173401e+00 7.114520358405893141e+00 8.690316201258077911e+00
1.440231433728532906e+00 7.244471678758868549e+00 8.994692349089737249e+00
3.885446078925105962e+00 7.212203423164755378e+00 7.549354245973113109e+00
4.368283174307905803e+00 7.245925943608074959e+00 1.250672724605060182e+00
4.688318247182330367e+00 7.213725380940623211e+00 1.958200043445124106e-01
5.054806159391763032e+00 7.247910197456269188e+00 7.074778450215553960e+00
5.363899056580089919e+00 7.224752368310179307e+00 8.597097863753430103e-01
5.820895219179289093e+00 7.208926074910968040e+00 3.737702375478060279e-01
5.895399039973848510e+00 7.259556387143543787e+00 9.592576891982371734e+00
7.014275142915126438e+00 7.184553516022444519e+00 4.853705053284105730e+00
6.714735065683988147e+00 7.233401535860354059e+00 6.916729188396209871e+00
3.366563519910967806e+00 7.341212560125756958e+00 7.740726132054415842e+00
3.733981204821989586e+00 7.324283137062657545e+00 7.700128236242051116e+00
4.733074499202090557e+00 7.403486807025128513e+00 8.028606136635612955e+00
5.608071788370719624e+00 7.371776451268854835e+00 4.699637151862837925e+00
5.607487864861565363e+00 7.388577454016138191e+00 7.560475500487783052e+00
5.888963872447821046e+00 7.316063932334940567e+00 9.597945258466026530e+00
6.951048539184322195e+00 8.835812782332258308e+00 -1.064041854897623596e+00
2.145234349294189991e-01 7.482303287659732405e+00 2.577557128158308175e-01
1.836119567849369361e+00 7.460809086518654709e+00 8.758788516856412798e+00
3.993825568433649664e+00 7.432152892872799121e+00 7.273556514329931666e+00
4.771732570330159184e+00 7.481784260776228379e+00 8.531143351879990178e+00
6.155067685987257065e+00 6.014896534117231575e+00 1.713109780036033314e+00
6.567795039277712910e+00 7.411670583707424598e+00 6.146616275938568963e-01
6.826330961656025487e+00 7.452047849821773262e+00 6.718877975586927676e-01
7.898409715304308243e+00 7.427866752714467502e+00 6.234945102427639441e+00
4.517714722302342167e+00 7.572148562482690082e+00 8.919493583619491517e+00
4.486108477364827429e+00 7.555156269303057393e+00 9.889811477639163684e+00
5.862562829811603038e+00 7.538021378042277121e+00 2.879351853652990734e+00
5.802103476907935153e+00 7.542421806450454014e+00 5.194096953562890029e+00
6.099164168838884237e+00 7.544854943344988740e+00 4.240430394953743409e+00
1.069168368045974482e+00 7.618317610716238697e+00 8.222389733965355774e+00
3.765008113630625708e+00 7.623821990476427501e+00 1.181592839614015622e+00
4.833274753457897255e+00 7.632586442265246518e+00 6.720412257153691726e+00
5.935811841425529423e+00 7.624124594397255983e+00 6.825322483675813068e+00
4.184136958805519058e+00 7.664486635380916901e+00 6.472419566883963249e+00
4.450290778503672939e+00 7.683736403172805041e+00 9.645574332697092856e+00
6.352570893579370548e+00 7.702734402464738395e+00 6.201928677980580673e+00
6.437523663337611168e+00 7.639392307834828699e+00 8.339779524535366306e+00
7.336688149711362072e+00 7.699592666078721059e+00 4.061801115658053796e+00
4.039949144530345926e+00 7.855564759121158147e+00 8.179784092652788274e+00
5.185847956267541470e+00 7.795227098086261464e+00 7.297712177608513429e+00
4.678605837916176569e+00 8.298823814092738615e+00 6.895905596361012968e+00
4.561449189227552381e+00 7.862557624657364741e+00 7.289996957186103188e+00
4.858739545810534466e+00 7.883073020697922040e+00 5.839165667635452195e+00
4.932436068975507126e+00 7.842545990874938866e+00 8.914715667726207826e+00
5.053911851510186182e+00 7.861797208845461959e+00 8.600071892855763733e-02
5.093570973537149271e+00 7.861937477141902164e+00 1.608620496797957600e+00
5.398763245392935062e+00 7.820016101113287377e+00 5.127024403306723599e+00
5.429279944827984039e+00 7.836175147529750085e+00 8.413899963412710292e+00
6.590379805206353581e+00 7.787325739426302462e+00 5.989053242540284039e+00
6.582278533454387848e+00 7.809801013049908036e+00 9.574582601301608875e+00
6.977617635336910595e+00 7.857973201167321342e+00 8.346349385325641634e+00
2.756983199522705652e-01 7.949367729959633699e+00 2.115307495124038262e+00
3.417682155360832752e+00 7.457749023124481624e+00 9.392567129360362088e+00
4.595613140792260687e+00 7.939315295658441407e+00 6.495274305972174034e+00
4.726196266393469791e+00 7.899837654462828596e+00 9.095381221825682871e+00
4.919653132313408506e+00 7.910792999345739318e+00 5.862332162400081259e+00
5.283819701060634699e+00 7.890247261532501888e+00 8.869222257610269722e+00
5.272329212474573090e+00 7.899248778355680400e+00 9.188077524046741829e+00
6.099915915121749244e+00 7.864966311952164446e+00 9.488413436134003121e+00
7.847654348673022362e+00 7.871533813305116922e+00 6.451758574508145827e+00
2.006918697698794496e+00 8.022255448039510739e+00 9.954008596670185227e+00
4.039997134497109954e+00 7.932840361642034210e+00 8.098681920109132903e+00
4.014178891750347589e+00 8.027739247391584954e+00 8.024278761719966235e-01
4.981624319197472950e+00 8.005877276125794140e+00 6.125167828931910918e+00
5.541863889852726821e+00 8.018045754043217954e+00 6.519942188832053453e+00
3.213659840232222287e+00 8.065105327839791727e+00 8.755059061646058183e+00
3.524575057414213841e+00 8.110163458761807220e+00 1.050746223300919713e+00
3.881020932227682962e+00 8.064759347740498185e+00 9.125193448749772784e+00
4.996008506410746008e+00 8.029985029624292281e+00 7.234917502270418410e+00
5.301936194613800168e+00 8.100024277730542011e+00 7.995523114502532280e+00
5.443921759380860870e+00 7.498503365016810918e+00 7.767864384340734674e+00
6.973687649751099116e+00 8.049609291731023575e+00 8.224920161174102518e+00
9.010218628854767264e-02 8.159162804532382296e+00 6.435554147605087039e+00
6.042669225257237819e-01 8.145675565145596764e+00 6.549783842545922496e+00
1.094893120695242139e+00 8.117209734824207601e+00 6.737875797699373948e+00
1.308491773790412038e+00 8.179189349317052660e+00 6.248056730032446104e+00
4.960952874661738399e+00 8.166478743667440199e+00 6.402767453705678236e+00
5.750123839510214552e+00 8.162024845701608911e+00 9.123262640807823232e+00
6.012425511162623692e+00 8.175913074182245666e+00 1.813022858179309971e+00
6.743722824572108365e+00 8.689710966568112482e+00 5.229777012487748067e+00
6.231359678993843687e+00 8.155090502003821129e+00 6.327802934999335882e+00
6.619640329187843619e+00 8.159128870304705572e+00 3.333157529146038911e+00
6.706371212497859169e+00 8.130233236287253362e+00 2.341225157418811875e+00
9.633468607105159620e+00 8.129690629940782287e+00 7.537222935001632429e+00
1.835432376596392245e+00 8.201092545937905598e+00 9.958425650877240187e+00
2.792728777769871940e+00 8.217465822369828032e+00 1.466019405659779729e-01
2.871635070811202617e+00 8.201809573700455047e+00 9.513116112167539384e+00
4.788873098015329788e+00 8.184342256383649428e+00 7.145939211831780824e+00
5.562883978971580490e+00 8.213886325721063031e+00 2.273269369312838517e+00
6.063279767016227950e+00 8.241740416998368346e+00 6.691272878176482974e-01
6.798720780218522108e+00 8.213487950848071151e+00 9.320701515837575002e+00
1.845737843209765972e-01 8.335606600129743526e+00 6.905469197234543444e+00
2.265596476187492492e+00 8.302107795059992412e+00 6.605907684859493867e-02
4.554133425582963746e+00 8.265136762785509461e+00 6.699403157134816489e+00
4.864099903725781715e+00 8.272603691761990063e+00 7.981132619469949674e+00
5.488946878322273903e+00 8.312362822162167930e+00 6.422641603608832739e+00
5.489803014699218053e+00 8.263604213548408239e+00 7.042597583181251508e+00
9.845072465875597700e+00 8.305961524225370596e+00 2.924117673661628558e+00
4.994725106785517177e+00 8.389602096053508262e+00 6.211516768459236282e+00
9.263436042187541020e+00 8.395531408988588851e+00 7.112228032783466602e+00
8.258623119506700583e-01 8.488606745767581785e+00 8.938638919019318507e+00
5.111060243301148276e+00 8.486436378174873951e+00 5.078652339771489999e+00
2.419882918108382519e-01 8.559438174746967221e+00 2.846639243736174496e+00
4.101176187632655790e+00 8.532222158937601719e+00 9.597491512389485280e+00
4.225008313967054896e+00 8.522662174362690024e+00 5.995272483559754839e+00
5.232802342888076552e+00 8.522459487605537731e+00 8.570493551443666647e+00
5.328228421999982700e+00 8.538100546638776933e+00 9.207009390017709904e+00
6.531359446314828787e+00 8.549588764212600722e+00 1.577752727860535220e+00
4.319989510218810835e+00 8.601052631129057602e+00 8.722734808454822186e+00
4.744810952333577525e+00 8.626353583577881068e+00 7.113551303543019344e+00
5.221061195321181181e+00 8.583105500305519442e+00 5.912233965291145310e+00
5.252267997785894593e+00 8.627700522597040234e+00 8.388746147512602391e+00
7.791186092956307263e+00 8.647502485748496781e+00 2.522030509924642061e+00
2.978609506807468055e-01 8.711337348917524537e+00 2.376069553058274497e+00
3.742046006081243714e+00 8.715074137968858992e+00 2.303872167407504890e+00
3.961207454872226030e+00 8.713419526489779798e+00 3.785668349646250430e+00
4.528548860453271097e+00 8.698037253284923054e+00 6.960042303552885556e+00
4.684278398294414281e+00 8.701501414282727609e+00 7.308818406364395059e+00
7.840401081452422538e+00 8.674800360591385484e+00 4.000756329430680047e+00
7.924982323749929058e+00 8.697055682981535085e+00 1.486343558279944244e+00
8.366926657632753006e+00 8.706681697920807039e+00 3.712054979200189120e+00
2.395097038668578371e+00 8.752327263374848343e+00 6.111898534016121154e+00
4.406023060073402497e+00 8.767067687528097508e+00 6.805946938642237765e-01
4.544468016221899553e+00 8.783335686541644094e+00 8.515020949529409577e+00
5.518149317250269803e+00 8.809366554595253973e+00 1.609255895560028460e+00
6.034450087356050929e+00 8.791385678083655009e+00 2.665275863205036178e+00
6.558407493088721729e+00 8.758448883168744814e+00 3.355909718551363330e+00
6.670509336101881459e+00 8.746770866198882999e+00 1.619199732775046252e+00
9.766982666245144884e+00 8.787261391947120970e+00 3.565887875432161458e+00
5.290307521698125015e+00 8.853311375376923920e+00 6.627678709285106606e+00
5.934099443847197897e+00 8.825375029175944519e+00 4.763733260130849523e+00
6.266637669127641530e+00 8.803350094526219749e+00 7.206190636023872997e+00
6.832847218229055386e+00 8.840822163510109633e+00 7.937571865343253208e+00
7.793370754331883532e+00 8.879510582512837757e+00 2.169752303242362679e+00
4.160775940784774640e+00 8.954177305025238454e+00 7.647920998804460524e+00
5.162023108981674824e+00 8.927247390724716070e+00 9.162384653073016860e-01
5.454222574166960769e+00 8.881180234385903205e+00 8.466994939953677246e+00
5.506054435236419131e+00 8.911055259594837352e+00 9.777729257542164376e+00
6.427438217879686277e+00 8.942727828055460293e+00 1.370194835894149366e+00
7.514693857808816269e+00 8.936385882181854257e+00 2.134672212578708983e+00
7.885719472236682570e+00 8.973707115908105436e+00 1.951957643699921974e+00
1.032080317635554467e-01 9.012878508987251180e+00 3.427499351316067422e+00
4.347432236323680588e-01 9.025173128346452245e+00 3.304151161600763498e+00
4.003868972206216625e+00 8.977591792580435381e+00 8.553999997941318156e+00
4.561494261186513910e+00 8.997986653036807780e+00 7.366254674640708711e-01
5.937692646975563093e+00 8.958771861830145511e+00 8.091976871058150778e+00
6.299079552300757001e+00 9.001192404387623469e+00 1.140542744789969642e+00
8.055686517392969037e+00 8.988992927563437263e+00 7.644122741931313136e+00
9.466651835096543621e+00 9.015354633743196899e+00 1.255693194629663445e+00
9.599034062468996709e+00 8.973601658006252535e+00 3.593016985238937977e+00
2.733074009207345334e+00 9.086047869700061952e+00 3.321266363496925500e+00
3.659886791173638798e+00 9.058809443495226432e+00 3.865816088492384672e+00
3.998347370668406953e+00 9.097264874080449815e+00 6.791858738688918429e+00
4.595099401725702748e+00 9.054801840440555694e+00 7.760962747584025934e+00
5.361765453729632647e+00 9.125533834310429526e+00 1.113088710460061748e+00
5.904592891777026509e+00 9.062097751691331027e+00 6.239618426359227144e+00
6.153248725363006599e+00 9.034081674537844719e+00 8.851678704323550306e+00
6.239345092850027363e+00 9.056690023254471811e+00 9.890124306440879920e+00
6.410568135266313305e+00 9.087240329866842714e+00 2.319406025280657424e+00
6.444654362341958986e+00 9.097769203727450460e+00 7.584542229629414933e+00
6.971408042214725320e+00 9.138765039399151746e+00 2.337339430146642805e+00
7.874906599798673135e+00 8.983952440122845218e+00 1.772267278550974545e+00
4.072615952526041028e+00 9.178428582985993955e+00 5.974911154316688844e+00
5.739519293145090906e+00 9.115371186723978170e+00 7.006142449217289681e+00
5.686323700119261026e+00 9.167411729489693073e+00 8.244508824885860676e+00
5.988278252185791573e+00 9.165484629215379542e+00 9.760063199532700295e+00
6.623167294997855059e+00 9.197250538684818011e+00 4.677684374146355850e+00
7.580237468763776576e+00 9.256469979526624314e+00 2.476523177781928986e+00
8.904090507116192654e+00 9.135560990180604080e+00 7.687303893925468756e+00
3.616025347573910143e+00 9.263096892975831054e+00 5.894469344639068353e+00
4.335600819327233069e+00 9.239942034013486349e+00 2.176486789142037637e+00
5.628113888844357149e+00 9.230421398552282497e+00 3.886726453095011857e-01
5.830859124264187621e+00 9.222273593550186277e+00 1.896286105934260391e+00
5.749638221650775094e+00 9.173595304232986081e+00 6.806528044895961749e+00
6.006738208594073924e+00 9.245528318259172096e+00 6.486661695391489957e+00
6.921832556684233140e+00 9.246212619815221245e+00 2.214923168465954717e+00
7.629146000636089830e+00 9.190587133540899956e+00 2.067725181167131332e+00
8.154609822599496738e+00 9.218481571633112992e+00 4.371797529696719309e+00
1.660257237113664242e-01 9.315086632488741358e+00 2.106908135618576150e+00
3.971253881979362355e+00 9.349692154422848844e+00 6.499702071543328463e-01
5.461739170036336688e+00 9.290417627293212632e+00 1.308772080141566763e+00
5.524442813166313471e+00 9.302109679267239528e+00 8.252778905088423045e+00
5.497557530629348044e+00 9.496466136922750323e+00 5.543976427855866973e+00
6.218926879498933857e+00 9.340050579675915898e+00 4.165852542762340960e+00
6.586396179178064969e+00 9.274219429207924748e+00 7.668513540643905557e+00
7.030505087329039782e+00 9.323310386296896013e+00 2.481842541465622887e+00
9.757723994724139871e+00 9.326107190754763465e+00 6.371228467974639820e+00
7.403775570683894802e-01 9.432101895638076883e+00 3.150072491173304901e+00
3.209660468518150900e+00 9.423515708378012334e+00 9.684604153899027068e+00
3.450087381187401547e+00 9.402997928288980845e+00 4.760317484679313260e+00
3.706252142088184875e+00 9.361891468495741719e+00 7.428119714656219230e+00
4.022293747185548440e+00 9.398616292631380986e+00 7.654400539575483720e+00
5.251733200165539017e+00 9.372854872020685235e+00 7.306982009615261564e-01
5.646896536010763690e+00 9.145895021673627667e+00 5.754985320463301690e+00
6.242740377164209598e+00 9.403198568460673812e+00 2.014169396914971877e+00
6.743321994381475726e+00 9.328361125255941744e+00 4.638283146497760079e+00
6.906477248933537538e+00 9.340746842478608869e+00 2.476287364565354476e+00
4.104588916838721069e+00 9.442734552266616177e+00 7.721691680399765723e+00
7.296585413569957268e+00 9.476205746088391280e+00 1.849298828373432624e+00
7.907998159416792738e+00 9.482326476602102261e+00 2.566261504156777562e+00
8.204237468426399005e+00 9.506917053256238148e+00 3.073144263068857018e+00
4.523819093012038550e+00 9.560272329548320513e+00 7.299014713563604317e+00
4.716166673213689542e+00 9.538668553700905051e+00 8.632811340674405587e-01
5.045762657395639117e+00 9.514979184209638063e+00 4.059007444109591134e+00
5.378164782192292215e+00 9.487846344610360916e+00 1.388113547704657336e+00
5.940012025850091248e+00 9.540424224521423469e+00 1.298284032269765742e+00
7.208897346705480658e+00 9.514717620159823142e+00 2.319365576440907351e+00
8.443868182159885993e-01 9.633616005150047457e+00 2.914046183282509084e+00
4.106584214538173683e+00 9.596660217022989769e+00 8.374382563088911269e+00
4.142888924651761506e+00 9.586429837749022909e+00 9.749842393384929196e+00
5.036842380250837969e+00 9.618462097207569172e+00 4.842132239268334359e+00
6.906691539780101863e+00 9.630484705109111587e+00 7.442931178064768005e+00
7.072679437347697551e+00 9.582588866131375838e+00 3.617857823140506746e+00
7.429046806173155382e+00 9.600697710575843757e+00 2.544744868729164278e+00
7.728560783161619874e+00 9.613953041288844759e+00 1.860965260567756241e+00
3.015266415852469795e+00 9.707591927378492969e+00 7.106756487882071482e+00
4.598707377782854877e+00 9.677684368788423086e+00 7.987992711568811188e+00
4.870112871174472780e+00 9.713443787678368579e+00 8.056708875213677956e+00
5.437688619283193248e+00 9.693987221888210826e+00 6.269346990590833002e+00
6.203498233411980145e+00 9.675478926633683585e+00 1.809670190571578963e-01
6.539151431687828975e+00 9.675828717385918765e+00 5.569371402929803594e+00
8.747436062945261881e+00 9.689018694514123453e+00 3.567590545991251361e+00
8.177978965823354263e-02 9.808499955230386647e+00 2.413562016863556092e+00
4.475417351600822435e+00 9.738396213172840987e+00 1.666816610359116435e+00
6.073140634947000294e+00 9.752398675321598986e+00 2.023274778859839973e+00
6.363936698867747488e+00 9.786607563401698684e+00 2.549046327919057831e+00
7.551750272586906121e+00 9.744166710769835760e+00 1.812829544043412344e+00
8.221381970760742064e+00 9.799937865883116217e+00 3.260623729305285323e+00
8.679063295244750620e+00 9.782752963618765563e+00 8.589196787672985778e+00
2.059796324274847379e-01 9.854220703812211823e+00 6.359421055855443150e+00
2.638323596794479808e+00 9.851203400119521447e+00 4.801531453995599996e+00
4.577845111343908258e+00 9.804553524725749369e+00 7.456123592584392945e+00
5.202712978785127618e+00 9.836685963665990684e+00 3.675242680858464617e+00
6.813858595852571476e+00 9.834192954866393777e+00 7.763552749365687511e+00
7.770075898539769099e+00 9.865343417278630511e+00 1.049046700446320424e+00
7.713428225671894900e+00 9.834814918771050074e+00 1.963028495089027103e+00
8.898867005093874738e+00 9.865311338669361163e+00 2.457592807567095861e+00
3.004042665803441370e-01 9.960904033919696587e+00 6.537728857132631965e+00
1.956776380270214499e+00 9.935380339876664024e+00 9.501403647045389533e+00
3.563509268868561009e+00 9.950905943353800964e+00 7.248247655283226010e+00
4.230754453750503075e+00 9.929166822708106466e+00 6.611743887026107380e+00
4.281732389773032388e+00 9.896286740926168335e+00 5.027821571388803257e+00
4.796349848276977745e+00 9.928872389990704761e+00 4.551320512510730332e+00
5.222205608153857703e+00 9.907343470662880236e+00 5.162879390859266060e+00
5.333165338387896526e+00 9.947082848047219983e+00 7.369044632713771747e+00
5.963731355385504251e+00 9.881602523868270538e+00 8.402058006654726796e+00
8.224209371505631694e+00 9.930464824255238909e+00 1.760174706881600493e+00
