2.110253463903641435e+00 2.122517354787357979e-02 7.236835111347308391e+00
3.058520714444822985e+00 9.722859327952497119e-03 5.112598858622621201e+00
5.833117836088034913e+00 3.307293509583446312e-02 7.711035489110666941e-01
5.797371240843824935e+00 3.116092900093477003e-02 2.173522184626240250e+00
5.929483779171786040e+00 8.344944626547254329e-02 3.672108301135887931e-01
7.544459993388828778e+00 2.446624291741821694e-02 4.149379525096583698e+00
7.749105858380537448e+00 7.566506407938944356e-02 3.574702658397558519e+00
4.123592332536578198e+00 1.330301627479548721e-01 7.459597779007193452e+00
4.199506051635252035e+00 1.348359965951498318e-01 8.842005076947152986e+00
5.086254612931389474e+00 1.040273421354323824e-01 4.961351279924508084e+00
6.098058795514759822e+00 1.460088245764813997e-01 1.094973579767544170e+00
6.254281753387612497e+00 1.199899113987183130e-01 2.005860226607457886e+00
7.470823110129357403e+00 1.177399860038182144e-01 3.270959979053524869e+00
8.557272843924884853e+00 1.179985627205160370e-01 5.210509755749718863e+00
9.324890467332679123e+00 1.182491482822842499e-01 6.595592840988841132e+00
9.340179388106340852e+00 1.307559290096118043e-01 7.648752877704071196e+00
2.871660265987196148e+00 1.817947454352868975e-01 4.023726270682310258e+00
3.251759584555552252e+00 2.088884033255717920e-01 6.798999829740703049e+00
4.765554575895830425e+00 2.089972633106602640e-01 4.299317433759661355e+00
5.388435785652117005e+00 2.066086562716967223e-01 9.620475401491017653e-01
5.363245909575062420e+00 1.803210870075122041e-01 6.602145908703164423e+00
5.969554978829687109e+00 1.835225728951691004e-01 5.799860751306873397e+00
6.659038815081939511e+00 1.688121111056635759e-01 1.176011230147412830e-02
6.690729141477997466e+00 1.903347965655762253e-01 7.428534006469170947e+00
7.912817272139726299e+00 1.913766945574093548e-01 2.351355800272834085e+00
8.170454338359753876e+00 1.733663634914991425e-01 2.134320104483182767e+00
3.819157457329168892e+00 2.926766971605629930e-01 9.291911455162953359e-01
5.881385094829767013e+00 2.430651836520716369e-01 2.097972128201015085e+00
6.303092206180052059e+00 2.992438523866480793e-01 4.447148213510146775e+00
7.100160133327149126e+00 3.090260878884222295e-01 2.220801566785564951e+00
7.842547459099723284e+00 2.828470122547507293e-01 2.085927115675234589e+00
8.014887508546305384e+00 2.677436132846319206e-01 1.897714851738234287e+00
7.965449762945220336e+00 2.801536077606591180e-01 5.300612098223207447e+00
9.548997331926287302e+00 2.745372085421753372e-01 1.319126807286207903e+00
3.528971033006234492e+00 3.668032837306428595e-01 6.088658635700747723e+00
5.596211736123573033e+00 3.312188051882926088e-01 2.915166066534684131e+00
5.767604980379928747e+00 3.456202549965682325e-01 2.322179769602140897e+00
6.482410002168208507e+00 3.488307772555063746e-01 2.659470010593921963e+00
7.634176385989524860e+00 3.583984081712725533e-01 2.324912995706553076e+00
9.038578606166018048e+00 3.902118840563607582e-01 5.572325860343060100e+00
4.665564059659005336e-02 4.044360127272059735e-01 2.658911965789945597e+00
5.576587124330396605e+00 4.017017861119193123e-01 2.514806565380058867e+00
5.930502154285919758e+00 4.114719744953645453e-01 9.412055967617563468e+00
7.049798069780673693e+00 4.739356538898756854e-01 1.685403966366048500e+00
9.420393485250842858e+00 4.422155545885142480e-01 5.605488837983894079e+00
4.826133345831631338e-01 5.019647728502162343e-01 2.706467636013218492e+00
5.637362280894240740e+00 4.946217764173217457e-01 9.848723128592400400e+00
5.886399154640738374e+00 4.915376357364209525e-01 6.898378102393374789e+00
6.174059159851607248e+00 5.400012093062563912e-01 4.041233533560773417e+00
6.256857189149244824e+00 4.814163734639297365e-01 1.481151019272322733e+00
8.839375783584515034e+00 5.234144492167178697e-01 8.140183171309717025e+00
3.307532437428565952e+00 6.312306283688118302e-01 7.337782172899017574e+00
4.379852976873769066e+00 6.217983590433722174e-01 7.143918392394476014e-01
4.683698260012256753e+00 6.288460688939666587e-01 5.259378112683068096e+00
5.141057796410439806e+00 5.542590565264965408e-01 9.381133962147588434e+00
5.231487923278653973e+00 6.115712073772467949e-01 3.137482380403339821e+00
5.351989471891958949e+00 5.841898921588556393e-01 6.689080000466817388e+00
5.455417372869592718e+00 5.652897197948465458e-01 7.646841977723607187e+00
7.827987122399192366e+00 5.713683975911136859e-01 5.801519491241066362e+00
8.162466001975568375e+00 5.969535143914415087e-01 1.824727242361047441e+00
3.834488892602337717e+00 6.655920111729010102e-01 8.080618545924764806e-01
5.681247810910718954e+00 6.822877661677568817e-01 5.042498599478772547e+00
6.233114086367387507e+00 6.475024123327284276e-01 4.547369995250693187e+00
9.340815559589117356e+00 6.403280052167571457e-01 6.854477041709925444e+00
9.953928813604543180e+00 7.030509873094222817e-01 2.561377410308794289e+00
5.646691486467637411e+00 7.044704651871187551e-01 5.074169598490562372e+00
6.370919873838398750e+00 7.181090212691396690e-01 2.811720988128422860e+00
6.837431536448049130e+00 7.314034146711345663e-01 9.615726128372422465e+00
8.293131316737362368e+00 7.790046005325190759e-01 7.772689783217577641e+00
9.218435994722021576e+00 7.534877933982913056e-01 3.296120276028160934e+00
1.154408871796099856e+00 8.634106472956261102e-01 5.911233494962512935e+00
4.563765990511948090e+00 8.431085155403739151e-01 3.690155998492828271e+00
4.603845424856710444e+00 8.676624072310835656e-01 6.287599754893038906e+00
4.851564230775577080e+00 8.343282771701863165e-01 5.680510093997056309e+00
4.928808737700211218e+00 8.315219205305458550e-01 5.826528299349053697e+00
6.084060279123600701e+00 8.151147831179911263e-01 4.846394046958043766e+00
6.178666346628292061e+00 8.187901504666079688e-01 5.172098540491449903e+00
6.270804505094170977e+00 7.959250328076833414e-01 2.910909832443512535e+00
6.350355838539620379e+00 8.448255630055986343e-01 9.762431056582531852e+00
9.913920103355824409e+00 8.445115759303842840e-01 7.322575480493999756e+00
4.641116937128642483e+00 9.020788346956635229e-01 5.760915262019792316e+00
5.574842133017398282e+00 8.915450545331413679e-01 6.769085789836089440e+00
5.802069345909467657e+00 8.830706050695107390e-01 7.035940616364376510e+00
6.689343277882820793e+00 8.818354880135145235e-01 4.026311849448847013e+00
8.350529785823967543e+00 8.995602023245711232e-01 7.727314402523566272e+00
8.534421215472416833e+00 9.126302637017003061e-01 3.145727239453930402e+00
9.148020029770350448e+00 9.188070036269633256e-01 4.790368195370666271e+00
9.771364431034355036e+00 9.275505141990773028e-01 4.708620774455297919e+00
4.428590439222833908e+00 9.623621132519990518e-01 6.030809005501557074e+00
4.788040435827094043e+00 1.015438819738436305e+00 6.425067316586931199e+00
8.183886799512093191e+00 9.565823739125297598e-01 3.246432340509450842e-01
8.259907135510973220e+00 9.580989884034236681e-01 7.364945668622968178e+00
9.309739111096607900e+00 1.021795191359857746e+00 8.179406198025905184e+00
3.709713965661260549e+00 1.038179728896923892e+00 5.911741229762966121e+00
4.531251868967255625e+00 1.094449099920497437e+00 6.966863732413838051e+00
4.849334835517218778e+00 1.072594656775339494e+00 5.273574287437681640e+00
7.483210096074852657e+00 1.054323602643607583e+00 5.903381530092181251e+00
4.041004324149856330e+00 1.126799017979547735e+00 1.876114819661395483e+00
4.757574737083330341e+00 1.119774419567415524e+00 3.569874855757935173e+00
4.733769798693855613e+00 1.118009114916159064e+00 5.128141201019497331e+00
5.473083044973102496e+00 1.155804224204789676e+00 6.843095945342107633e+00
5.482687726486938473e+00 1.114798638111314855e+00 3.393802270001790689e+00
6.303223230822036172e+00 1.167174791309270265e+00 1.257848335437957044e+00
6.283002593779887235e+00 1.147513114070616069e+00 7.716030494530242478e+00
7.576127610349275621e+00 1.158895385884017193e+00 7.025706609199573016e+00
8.902516877905426895e+00 1.111879122086782745e+00 1.596847190455752852e+00
9.856293921550367543e+00 1.128582263919325701e+00 3.600563613735045632e+00
5.655142110275219736e+00 1.236310414961138582e+00 5.059385532324112589e+00
8.075317205127996445e+00 1.244674319747204105e+00 1.450810409339713947e-01
1.745773994514652427e+00 1.330922995685959398e+00 9.374861729363747287e+00
5.107800685639883653e+00 1.298171415842724441e+00 5.228645652807969668e+00
6.273182094767904005e+00 1.284881296746929635e+00 5.418302715018085358e+00
9.272678860954618685e+00 1.276019124387696380e+00 4.919267377979162248e+00
9.833381506992910914e+00 1.331485258740831235e+00 8.019419520474436069e+00
5.843838425554105598e+00 1.342367897820929912e+00 4.628060805997015414e+00
8.700343189162605739e+00 1.343200082883404756e+00 1.657522579929624484e-01
5.835296876067408434e-02 1.483122523836777340e+00 3.867673934003793335e+00
4.694811850109847029e+00 1.478580757010466096e+00 3.075849453862112615e+00
6.219110563071804876e+00 1.430480667787264348e+00 5.877242501325092849e-01
6.201977596860326791e+00 1.469366340958781159e+00 6.338360637450254131e+00
6.913940202103558974e+00 1.479275441078953257e+00 5.937427535953418101e+00
7.010318917026015839e+00 1.454125593227789670e+00 3.201586914227892766e+00
7.161182627882933360e+00 1.449057220636664756e+00 2.997568984832760464e+00
7.629241375430495964e+00 1.425189218986643525e+00 6.101907985562680103e+00
8.430114975819648748e+00 1.469277693981203115e+00 7.258630460777126814e+00
8.834166878956386526e+00 1.476796856412647019e+00 7.179095248477915803e+00
9.768040333347313364e+00 1.475958123447238979e+00 7.235667190273080251e+00
4.236035286009568246e+00 1.558018956003614619e+00 7.150752203397022555e+00
4.610065417739627414e+00 1.555959274658705871e+00 2.528405780985418350e+00
4.678403573138538718e+00 1.505329900006826094e+00 3.121210658457834519e+00
5.321961774447230731e+00 1.514403462768378450e+00 7.188396772527916312e+00
5.650621487227322604e+00 1.571320841904799037e+00 8.080184973278083049e+00
6.065231251973511206e+00 1.508190314593208958e+00 7.063968088687426317e+00
6.332862207644723185e+00 1.497848472122530028e+00 8.016565556325202735e+00
7.475359979654936815e+00 1.550282574368398780e+00 8.245983682631077727e+00
8.181811943692395062e+00 1.510283606069976692e+00 6.560098021117836353e+00
9.374202685387770018e+00 1.520733691344946958e+00 4.224956647742090787e+00
4.674885613444217825e+00 1.632369372145275443e+00 4.485856921063740899e+00
5.092615565974435654e+00 1.615342574679261123e+00 2.907823729934380985e+00
5.740310649486036532e+00 1.625317228719747487e+00 5.804694031422870104e+00
5.906615551076496828e+00 1.610207077478892135e+00 3.447833722821798119e+00
8.370892336045679727e+00 1.629621803038517225e+00 9.956911161242854025e-01
4.678998745447099594e+00 1.689937814316567088e+00 5.708038565402043574e+00
5.175663958810036824e+00 1.704632703390554171e+00 2.387307609777106876e+00
6.235302625970026824e+00 1.651695036123508542e+00 5.401899648417469280e+00
8.411834880843503726e+00 1.652112830666333299e+00 6.428115624738583556e+00
8.495853653040034814e+00 1.689397621521252502e+00 5.709655849088505875e+00
7.793066016441702049e-01 1.744724567282540884e+00 5.128079433526330888e+00
4.664731890401021985e+00 1.781775323965510083e+00 6.723985530806766420e+00
5.371326940441877085e+00 1.744275388054789211e+00 2.643423143441254730e+00
6.149704563594553086e+00 1.727374897185154801e+00 3.092823631758289338e+00
4.445540201856193363e+00 1.863909309160072691e+00 4.206379091091499767e+00
5.291255581845956790e+00 1.860096536079559160e+00 2.605545434974229302e+00
5.269938986830281280e+00 1.842165519778061977e+00 3.729539748741699690e+00
6.520231496781912384e+00 1.851849446636205432e+00 6.441456817707264193e+00
9.465583401523421259e+00 1.814173539945911351e+00 5.489040302136155347e+00
9.616786760662192179e+00 1.820088702268817471e+00 8.831862264611913815e+00
9.673507437509787366e+00 1.845339820728365332e+00 8.736898086072276470e+00
5.199811456950627964e+00 1.879911583749973580e+00 2.626921451370742400e+00
5.301050240998224083e+00 1.917401283530728140e+00 3.653673302619962371e+00
9.399895191419878060e+00 1.917803248128246540e+00 3.024587791787401780e+00
9.637605900252808055e+00 1.896032608776948569e+00 8.215003046441202272e+00
9.932107809258042153e+00 1.912891016943027545e+00 5.016460915326301340e+00
3.844908379122715658e+00 2.037560512747442765e+00 5.869943809684285974e+00
4.910381940293930825e+00 1.993986375201798555e+00 1.944117188768209825e+00
4.861178813042072555e+00 1.992122625339065145e+00 2.163447426870439116e+00
5.768284446878524818e+00 1.971670442236703735e+00 4.369039099481671684e+00
6.441902776055895785e+00 1.994458020669484188e+00 7.155549101811741863e+00
7.687276097167629274e+00 1.972930815924522907e+00 3.353195754690709407e+00
7.936739665416221001e+00 2.020428153756527401e+00 6.812481122879560758e+00
8.267630049594968611e+00 2.043741248470247296e+00 7.976645459096603830e+00
1.336849046177945866e+00 2.047147097648962077e+00 6.503375138181112902e+00
4.364776185801598984e+00 2.073671433486118598e+00 2.296237531730334513e+00
4.402374746639124758e+00 2.061353939394896528e+00 4.725245715763120913e+00
6.399874626280286805e+00 2.048473870413987541e+00 1.488012467013053008e+00
7.906883774634570372e+00 2.094739328707311721e+00 5.574827477966185718e+00
9.472702264264563965e+00 2.081855618031328348e+00 2.880887536990667908e+00
4.132980730788696211e-02 2.149160477426348415e+00 5.485979471643539718e+00
4.689377598526182078e-01 2.116745779816963324e+00 4.661487165802448374e+00
5.457849800907420779e+00 2.160799737173297430e+00 1.113005573421712024e-01
6.297158536443015819e+00 2.150892990201700439e+00 6.975973855951137281e+00
7.710455811380764857e+00 2.183239942556901347e+00 4.994643481636046545e+00
1.238914617886697211e+00 2.242185738857945143e+00 4.843257039869367730e+00
8.041305048545330791e+00 2.215230925018473407e+00 4.885669588097122151e+00
8.165903183315434077e+00 2.215903286103248604e+00 5.809091893835731213e+00
1.373283621583245351e+00 2.324348536725173275e+00 2.217051074649194042e+00
4.885109548610526709e+00 2.288999679809420762e+00 7.930605855863817055e+00
5.133474923038821913e+00 2.287434781463104194e+00 5.492494367109766351e+00
5.210214452798052065e+00 2.314358418218282143e+00 2.853528539223276983e+00
5.385109377487449223e+00 2.310328996632663223e+00 5.840568781769418294e+00
6.225016064033603413e+00 2.301689600353617138e+00 8.113073240908084571e+00
6.505290233165807123e+00 2.286677280714878524e+00 5.961885023556884988e+00
7.630727659039358457e+00 2.312352410237492162e+00 7.702190554802455402e+00
7.893302740607026635e+00 2.273523740457301656e+00 4.627207994368946586e+00
8.283000490640000990e+00 2.353854428202905691e+00 7.800480297480343772e+00
9.167312957116187988e+00 2.336582507859631619e+00 4.399158274600837970e+00
9.408202780670373855e+00 2.324497654129169533e+00 5.473941085658433181e+00
1.204984771647465425e-01 2.371287916186978872e+00 6.861730056497949093e+00
6.468056666527827403e+00 2.419658448791047078e+00 4.848018374800163954e+00
7.053744095480164233e+00 2.410530031828222342e+00 1.073804631730427506e+00
8.570865185231571814e+00 2.352630342765456906e+00 5.505808720335508610e+00
3.878235219090631070e-01 2.495563036946940816e+00 3.789707793299990968e+00
1.505661452403616485e+00 2.469853669760311732e+00 6.782434602131465873e+00
1.623831038519590653e+00 2.491197271551731429e+00 1.866320638601791870e+00
3.573350088093350863e+00 2.454855890672657637e+00 2.267332836354512438e+00
3.868871350110720364e+00 2.437515930888054072e+00 5.553845469973878402e+00
6.119119088102403126e+00 2.461608710357154450e+00 1.617965845224356602e+00
2.389906939138186637e-01 2.575433380776457781e+00 3.688176203426336563e+00
1.465731073875305768e+00 2.498686860811106136e+00 2.322854251272735482e+00
1.577032636703149082e+00 2.543779221047420158e+00 6.621006126741445286e+00
2.222090577355374741e+00 2.576128355756772237e+00 3.693600479808643477e+00
3.584070035869801885e+00 2.511696962457482307e+00 2.835573804906529105e+00
4.770860545645297712e+00 2.527862368713848173e+00 6.201800782990748218e+00
7.226939940323106271e+00 2.567980351064830469e+00 6.717003924158173156e+00
7.586399725711729936e+00 2.535994343350919777e+00 6.795075811803500621e+00
8.162316365724388234e+00 2.517400241493827906e+00 7.663604201855246600e+00
4.461813336165333155e+00 2.625900298898573126e+00 5.879274761721346110e+00
5.975423514049708729e+00 2.629292286846689919e+00 5.922910120780723986e+00
7.123489385522294270e+00 2.615663152882238052e+00 6.459832512535695237e+00
7.314833965954797179e+00 2.663859936439003206e+00 8.561483382439847745e+00
8.575134571441596520e+00 2.616026929553450842e+00 8.169643671946772656e+00
5.787079269631094647e+00 2.727050595387885856e+00 4.439655183114296300e+00
5.986001540883425065e+00 2.705130702938145948e+00 2.258884669560010661e+00
6.280180474912006261e+00 2.702859334854468720e+00 4.720742759880184991e+00
6.459132521336597321e+00 2.671281031437792386e+00 7.915496291945615326e+00
6.839375354031036025e+00 2.732230802385183566e+00 5.786199743991653488e-01
7.010708999645292927e+00 2.725574047173809245e+00 6.866758941709809605e+00
8.849515307688552213e+00 2.726524009695366679e+00 8.342552854448214816e+00
9.631720584066202351e-01 2.791265940903610243e+00 5.558049788576642503e-02
6.133802985147157827e+00 2.768708820575725760e+00 2.517284498165886397e+00
6.591172159435645383e+00 2.795459377275903101e+00 7.066777541543487473e+00
8.099608938505090450e+00 2.754074744008665032e+00 7.949396449746599203e+00
8.480730275715117727e+00 2.803464616142448573e+00 8.373038268262046557e+00
9.624679085424952873e+00 2.760711887344945659e+00 5.330217742229645950e+00
1.418919688170721116e-01 2.823244276371538852e+00 4.686735712964937406e+00
1.140308151264811443e+00 2.877607010656864972e+00 7.088414015999345175e+00
3.233465739554428620e+00 2.849359969101296741e+00 3.719365867656766245e+00
5.028626680213506894e+00 2.817925926229909006e+00 5.050179925805279524e+00
5.596324959495467155e+00 2.897997162423225692e+00 1.895325943714554207e+00
7.570701348922085572e+00 2.844302769335645742e+00 7.983190718134162367e+00
8.783548119144381161e+00 2.866763841384651901e+00 7.841330036198963960e+00
1.206430944797502569e+00 2.964694080962678058e+00 4.800715333954170383e+00
3.164168880596576194e+00 2.941768327120870552e+00 6.890597663655269045e+00
4.257707943173489440e+00 2.957283830983724826e+00 6.354166730183939293e+00
5.521475915638188958e+00 2.931363966852620351e+00 1.854741302773164513e+00
7.507938784809537580e+00 2.932202432239706891e+00 5.019821439990350243e+00
8.947449686639997068e+00 2.900336730331980917e+00 4.790649865853854550e+00
9.051507140890727499e+00 2.898152537224823355e+00 5.097628919093436295e+00
1.037115533724394911e+00 3.017496063248128912e+00 6.651437510241763995e+00
3.768956009044431177e+00 2.985494996762236841e+00 6.163146375906691787e+00
4.507322192842146080e+00 3.047878183509360017e+00 2.829039619009456441e+00
5.455156858751242233e+00 2.978043368800052271e+00 6.221785130739858616e+00
6.703041132167109950e+00 3.022656790618475586e+00 5.638457160058690576e+00
6.964994236143949635e+00 3.020423669845726522e+00 7.574371965612959556e+00
7.084319614819636790e+00 3.058341871435058756e+00 9.099243610348164424e+00
7.256781703615796886e+00 2.977085062057422515e+00 6.806849009586371402e+00
7.651534588147054450e+00 3.041604026705858388e+00 5.304475124751695247e+00
7.737037471393669819e+00 2.981067995886945710e+00 7.103717302025586378e+00
8.564824288662766349e+00 3.047107800031410019e+00 8.479025345525997182e+00
8.858537554931555036e+00 3.040192139202395172e+00 5.424243915149447037e-01
6.275102250861387676e-02 3.051872030374386924e+00 6.829213562517418623e+00
3.253925233310131393e+00 3.082573177614333915e+00 4.541568847479991788e+00
3.805006852540601336e+00 3.057217518167756332e+00 2.774313021533657331e+00
4.018040527229786107e+00 3.065307645924503888e+00 2.847204886018462222e+00
5.075715281709899607e+00 3.056242085254959662e+00 4.427381745837978499e+00
6.280609007128568955e+00 3.087627978799212691e+00 7.723523285262536398e+00
8.514872145824325500e+00 3.101777494730177054e+00 9.330040104971613957e+00
9.337252087042998028e+00 3.111751881599555070e+00 8.732202107966369198e+00
9.603085536001097822e+00 3.108900826012311214e+00 3.769589883868758484e+00
9.739982697499408815e+00 3.070061451860072843e+00 5.352181042633787911e+00
9.807152443860060131e+00 3.049597783982564092e+00 5.197935108023159501e+00
2.634516845074504898e-01 3.135472354695290953e+00 7.339188959818104152e+00
1.498879435538353455e+00 3.205174688763515078e+00 6.307898035883960475e+00
2.422523660200830875e+00 3.142359968957245897e+00 6.488606764973775753e+00
4.575431555988753729e+00 3.161707211856147115e+00 4.128852448964367206e+00
6.539378038926558112e+00 3.156744717667514077e+00 7.158846301776651266e+00
6.766040962926509472e+00 3.175859274185565795e+00 8.526091522571146442e+00
7.781292545444676634e+00 3.157953942009561921e+00 7.957842568768798586e+00
8.072471742365554093e+00 3.220281581573575025e+00 8.557843032812431971e+00
8.477742637826672478e+00 3.172782250908331214e+00 6.081504521949451458e+00
8.826263940554095910e+00 3.204683512932756884e+00 7.111896823687511748e+00
9.786639821656518023e+00 3.176826139580919417e+00 7.938259525297533870e+00
1.310798008494593381e+00 3.220638188831211224e+00 4.858203095222881629e+00
5.148728961884019739e+00 3.205926430299245844e+00 9.365127312522838476e-01
5.386781848565258102e+00 3.251333661849720613e+00 6.432747681893124181e+00
8.933991011360914669e+00 3.226096213595022189e+00 4.577745796751470309e+00
6.729843031304334033e+00 3.341851573048308044e+00 2.403972316418823585e+00
6.983183525104829315e+00 3.323373213552039296e+00 7.023152256403422555e+00
7.196574860454614253e+00 3.305015176230339691e+00 7.544645464760264986e+00
7.443645283964984927e+00 3.361196522096991490e+00 7.686802772089462721e+00
7.983046592822870657e+00 3.329557317879252132e+00 7.025493192236286433e+00
8.266483329745266673e+00 3.310827133375814135e+00 7.227341766258205347e+00
8.319473869379498510e+00 3.335916393779843503e+00 8.418133462530709821e+00
8.705669618648418151e+00 3.304081842369768207e+00 6.548056350531650693e+00
1.508772214045918325e+00 3.433434682505422497e+00 4.189553482423917785e+00
4.706047235737941037e+00 3.400979188894474703e+00 3.686714346589078595e+00
6.677640086978012590e+00 3.413389643859255695e+00 8.829908260709906642e+00
7.573785499267042809e+00 3.412983292402087532e+00 8.124519887942138752e+00
7.689134432679280096e+00 3.426520325812925982e+00 5.973525848744946742e+00
8.524762737881388830e+00 3.378833081297375696e+00 7.192750471467435958e+00
8.858072650506308321e+00 3.419320067962736687e+00 5.238698578022717101e+00
9.590159213694008145e+00 3.431924345026715617e+00 4.694459106055234976e+00
9.604145809076401363e+00 3.363907282209942728e+00 8.196851768905450086e+00
9.904676739376842676e+00 3.439080120300572752e+00 7.312386527644815004e+00
6.353247980335049228e+00 3.490431988039591538e+00 7.915903575609854137e+00
6.679116529113288792e+00 3.491692922319604264e+00 2.838115484514522002e+00
7.998404732164534181e+00 3.457961159402770157e+00 8.676275865492328876e+00
8.392723987529848273e+00 3.465998810984483036e+00 6.170802568720116454e+00
8.867330304237819760e+00 3.446744225322441402e+00 5.048108024682660400e+00
9.211272213502539330e+00 3.492956192249190295e+00 8.414420865114122350e+00
9.634061900838755577e+00 3.481212094567702309e+00 6.161461357857039189e+00
1.186741946822913896e+00 3.569906881761696127e+00 4.951641278489410603e+00
1.370665967258580586e+00 3.570536640140757889e+00 4.061853324026834855e+00
2.256414497494214633e+00 3.577366716616989795e+00 5.031440491894511702e+00
5.000413951241604593e+00 3.518541849364748231e+00 2.102847679837784867e+00
5.721719669946764064e+00 3.590743617927176334e+00 3.615991700173196488e+00
8.177403892279635045e+00 3.548344715072609734e+00 9.116520504454822316e+00
9.724891663320608615e+00 3.564179579053516900e+00 7.395679710568542120e+00
3.764352026926767181e-01 3.639179602838490624e+00 4.976838261008460940e+00
8.749147753908850245e-01 3.622183496900415633e+00 2.027679470199058809e+00
1.494931237218308784e+00 3.651586891360500520e+00 5.659756690510686639e+00
1.981858104695625622e+00 3.638341992106142619e+00 5.800154853065775384e+00
4.111692094798255148e+00 3.669492680840830801e+00 4.616723785682552261e+00
5.102961159438975436e+00 3.658722228861586601e+00 6.224838797195404894e+00
5.539482629755741350e+00 3.655149960247884522e+00 4.603229109010119835e+00
6.650312913835239925e+00 3.633272531678937156e+00 7.373967478595885083e+00
6.774706419573974792e+00 3.620031794718522100e+00 2.847679657060116831e+00
6.744238529064314314e+00 3.656626080495943842e+00 6.980119866049792066e+00
7.115982562380059662e+00 3.644642642153168577e+00 6.785898163352384493e+00
7.215303321241375301e+00 3.659616633258814034e+00 9.040553004117128921e+00
7.416706827460075147e+00 3.662760852527234601e+00 8.699678894406542184e+00
7.752252248014587011e+00 3.650953212514475243e+00 7.995684384372502507e+00
5.280976796678202412e+00 3.695491708573586997e+00 6.945455014154994444e+00
5.653042144634235378e+00 3.696827656432167597e+00 3.028711761971493388e+00
6.320934559175821477e+00 3.727621502826652389e+00 6.398671141361724324e+00
8.140655520267708667e+00 3.742165338110139849e+00 5.190146975688703535e+00
3.080490984401794696e-01 3.773964365564316026e+00 5.332887303992487560e+00
3.474899019509797293e-01 3.782551206055769555e+00 3.546814198930569706e+00
1.960089161696717763e+00 3.825721941958532213e+00 6.735674200641682319e+00
4.256623583044993886e+00 3.780589785668369451e+00 4.066420766863791059e+00
4.722253922237778845e+00 3.788042031574381241e+00 2.353711373713919919e+00
5.113932585705722289e+00 3.800981341437426941e+00 3.357070086213889581e+00
5.837623365695254307e+00 3.761270923344421480e+00 3.754165601209594971e+00
6.777278064457470386e+00 3.790173073536650783e+00 6.918236455788225214e+00
6.834855314202674670e+00 3.794328225659796772e+00 9.635946963752978434e+00
7.054288822701367145e+00 3.777567495727057079e+00 6.506574287074438079e-01
7.737757799422745109e+00 3.783670981258063115e+00 1.351185083502834061e+00
7.821945646741866653e+00 3.804609101667454141e+00 6.697269777439033511e+00
7.980074572165013258e+00 3.800464180910117840e+00 7.255364288424871688e+00
9.624672903682137459e+00 3.803576502585206853e+00 5.005051658849862584e+00
7.510654229397233372e-01 3.872438228497807167e+00 6.608426021131442951e+00
8.598265700182581295e-01 3.850368915160640171e+00 7.215665372493931251e+00
7.507271078588553692e+00 3.895283537292949738e+00 7.623417129024192995e+00
7.560120224939865352e+00 3.865555688539577872e+00 7.498317128835511269e+00
7.981224267835376196e+00 3.820983151866221839e+00 7.220400751726126387e+00
7.985199674654601232e+00 3.890305331579586134e+00 9.964552349556393906e+00
8.163478259739530785e+00 3.884633542062201794e+00 8.080238033089205629e+00
1.083139679915127829e+00 3.917997641137100029e+00 7.012592650358568491e+00
1.745102616270174600e+00 3.942271977200151767e+00 2.472237877558078001e+00
4.959241598067198886e+00 3.956833139866056115e+00 3.432115498508960361e+00
4.962149962933564140e+00 3.962696032335878638e+00 5.339102357053738146e+00
5.758189159117353739e+00 3.954630959039174165e+00 4.659824794496543632e+00
6.864204137689499774e+00 3.970327487208860973e+00 6.559593964263041421e+00
7.481702716147480281e+00 3.952243111549724741e+00 7.528510796791145765e+00
7.892185716317832167e+00 3.909184640805665190e+00 8.390638421783302547e+00
8.029722189816315137e+00 3.927678067679162055e+00 6.968228918886024914e+00
8.357967595016779327e+00 3.914433903121987690e+00 8.231626516582213782e+00
4.496156593573225058e-01 4.029628323009447399e+00 7.561299090371631060e+00
3.766831536044809248e+00 4.059496014164179378e+00 6.129890904234978066e+00
4.768261438656397289e+00 4.047698431408732311e+00 5.499037375788185855e+00
6.446677469593801391e+00 4.064342174808079911e+00 7.564344172005977640e+00
7.307319666131963487e+00 4.021229829605565520e+00 9.576105657658988690e+00
7.854064018745797959e+00 3.991370607936109316e+00 9.880208765625139833e+00
8.379166773889345166e+00 3.989286289250177475e+00 8.906876326642866104e+00
5.416695664452550574e+00 4.131884515179514494e+00 1.100462121577678865e+00
7.035240996741372044e+00 4.088943526718268551e+00 8.254349746067152438e+00
7.212914129127550034e+00 4.138991550352201898e+00 1.782251862593607905e-01
6.590009353235432243e+00 4.192820891570346653e+00 8.069960668904981205e+00
7.903099878713900850e+00 4.035457249965347160e+00 9.167331454235142729e+00
7.619694590232107601e+00 4.125098382613123782e+00 2.485365887688341768e+00
8.003275995894330919e+00 4.111235223133168581e+00 8.985046731310310619e+00
8.168891327138240399e+00 4.087835442990638946e+00 1.142976054156141508e-01
8.543358526454495561e+00 4.062633438052325907e+00 8.064759895842957604e+00
8.756137677892203541e+00 4.100422368100598014e+00 8.130008766027330580e+00
9.043444566381293015e+00 4.102012541976758797e+00 9.079853376575588442e+00
2.998488175368545949e+00 4.184881458115677688e+00 8.151855508462753974e+00
4.493602239441725210e+00 4.195641177261227206e+00 3.062052227834298090e+00
5.027866404340636919e+00 4.183085817820073160e+00 5.853629830940834111e+00
5.681040808776843143e+00 4.146237507391376198e+00 5.118642006282491330e+00
6.319278551431916746e+00 4.161032851470226390e+00 4.478924001595883553e+00
6.673631339707174703e+00 4.174290112740384195e+00 6.426323912244946257e+00
6.879768241796844208e+00 4.186749372671529912e+00 6.445303689437328565e+00
7.066129038575040155e+00 4.208731065256125170e+00 8.220013184181338417e-01
7.188307809794880932e+00 4.163807388276200783e+00 9.405720611760212790e+00
7.603950203459296731e+00 4.167093150178118321e+00 8.890905220750731530e+00
8.772933400437860740e+00 4.202680601825835360e+00 9.697429413248624286e+00
9.275110833588538384e+00 4.197483537289715905e+00 9.775123001166077685e+00
9.471985834668743109e+00 4.160062322174580274e+00 9.125246181452137506e+00
5.561767995009401666e+00 4.217411512717178290e+00 4.981321355618977265e+00
6.686770096878611014e+00 4.251997413743203502e+00 3.160296404228014833e+00
7.036245734839166488e+00 4.246811076886093161e+00 9.538175123048537429e+00
7.119974606573743259e+00 4.230667958291900455e+00 8.244441215055946515e+00
8.030261074711550151e+00 4.233756101077397638e+00 1.974442647937386219e+00
8.968753679176700189e+00 4.271469108894515365e+00 8.766186127141219586e+00
4.260025944782203311e+00 4.347266250462086035e+00 4.280852355127761300e+00
4.291349193725690014e+00 4.344669493772117086e+00 5.651483417781498098e+00
4.947077258455802706e+00 4.359037818235526274e+00 4.392506937338172435e+00
5.022219744217791160e+00 4.310674792708322656e+00 3.477723632606168014e+00
7.114132172199938431e+00 4.329991184351733580e+00 7.368687575032781822e+00
7.270195576233511758e+00 4.328995931586415935e+00 7.620460098689449069e+00
7.567273300313429374e+00 4.351896820429419499e+00 2.123147552953447814e+00
8.759048181017130119e+00 4.331105191310165026e+00 7.713292620563922952e+00
4.580304570779910600e-01 4.406427182649160557e+00 8.395063285194204639e+00
1.087144162245871293e+00 4.429279339539891502e+00 7.580553981028495869e+00
5.614506718914975991e+00 4.394116590945979617e+00 7.903245456678400949e+00
5.632111162214130218e+00 4.451274762519932260e+00 6.329369067487898626e+00
6.046663261310319726e+00 4.317731405485932150e+00 6.771511201226789289e+00
5.619419250184688686e+00 4.534817259754133190e+00 6.923736970882800712e+00
8.083828069028047736e+00 4.401009877329896014e+00 8.521214338467425264e+00
8.510126150900310549e+00 4.419453296053634794e+00 4.933565018595723606e-01
8.941331132550509153e+00 4.454646282784021416e+00 6.669154871423010000e+00
9.321924724801947448e+00 4.400847160636754296e+00 8.608621236221400963e+00
2.134831019586577394e+00 4.517896008927590579e+00 7.035523867170738299e+00
4.827975424742173338e+00 4.524365583483935360e+00 7.868793658501654908e-01
5.496194041893844862e+00 4.492325269674143584e+00 8.111831184966941777e+00
5.796405372344880291e+00 4.464868772606033431e+00 7.378737420990519880e+00
5.974403068949041717e+00 4.490464403751602163e+00 4.120226068994026214e+00
6.386256407385112688e+00 4.521864436142696064e+00 7.005131523112787306e+00
8.504418204104210233e+00 4.473549858890453201e+00 9.070255346138429431e+00
8.608285613211137388e+00 4.468480076286833302e+00 2.196242861195298879e-01
8.876918649820805030e+00 4.505703660725667525e+00 6.761243555496037949e+00
9.515347470874443658e+00 4.509800805480626451e+00 6.771556138998763075e+00
9.925155050202141283e+00 4.486792984952832519e+00 7.360274091949962738e+00
9.806315144866769584e-01 4.572100869983265703e+00 5.111523990762835368e+00
6.771942385020611077e+00 4.599633046753822008e+00 7.556368876731268003e+00
7.683618972625424703e+00 4.531486763925214767e+00 9.605852615144408801e+00
8.220093239003857022e+00 4.572979416277800802e+00 1.304916081743149103e+00
8.698762163895331412e+00 4.580088203275325398e+00 9.919822445597306526e+00
2.216712505543337652e+00 4.682313353290850522e+00 7.189220869409653325e+00
3.606650567758394210e+00 4.607574434743392011e+00 3.766127618095832741e+00
3.834768712047537775e+00 4.682321316690312152e+00 6.415542405424709216e+00
7.139118136176088925e+00 4.678532930938042789e+00 7.466013747698681868e+00
7.769931712370482302e+00 4.616012538808202059e+00 2.119926087885672938e+00
9.602693213471034994e+00 4.670208623655969227e+00 6.388042755338030787e+00
2.759576713920488089e+00 4.754845597459494755e+00 8.182736348942729165e+00
5.990310060963560446e+00 4.720795066906116055e+00 9.458356827369694741e+00
6.576287566463787648e+00 4.694275614046233613e+00 8.410227556220558398e+00
7.755938268845556038e+00 4.747832988524903541e+00 8.678766639499977842e+00
7.817174969285597186e+00 4.687116931590990632e+00 2.999333742319346019e+00
7.878321780289026854e+00 4.717807805450234149e+00 9.690665379879193964e+00
8.273543692575907826e+00 4.691256700114299072e+00 5.320381582967268486e+00
9.278163225667970693e+00 4.710941894751273118e+00 4.703369217178779982e-01
9.483559797802609381e+00 4.742115843931905772e+00 6.970433692123600089e+00
9.641512295200165283e+00 4.730798803333132518e+00 7.845506328824908948e+00
5.402218012066912323e+00 4.798825188408711639e+00 6.225390381074991986e+00
6.766675600597394258e+00 4.791243675905509036e+00 8.494732465139369637e+00
6.991180777537781665e+00 4.806227888002195137e+00 7.943131076763413345e-01
7.216412898803201692e+00 4.800188602755676825e+00 1.157493012673284749e+00
7.221273738719022006e+00 4.820771753357843359e+00 6.459927725989932590e+00
7.542952964561607132e+00 4.783283941801154349e+00 8.022894357372710061e+00
8.017185767453074874e+00 4.790531694551799724e+00 3.871907448836717336e+00
8.579582846083550152e+00 4.783628327306061578e+00 8.840666589225470773e+00
8.624107017114472029e+00 4.787348790617952154e+00 7.855342804963330927e+00
1.984513840269057194e+00 4.902877935489446948e+00 8.394928502156455252e+00
5.115249038432697404e+00 4.890150129309064120e+00 4.863506680539877891e+00
5.747478761474036801e+00 4.892144345637293945e+00 5.229243470494184365e+00
6.284885766463238710e+00 4.900760003503958906e+00 9.716847118220446333e+00
6.807905394159090129e+00 4.867365493076739824e+00 9.119908676611368392e+00
6.894653993722676510e+00 4.914622356649936741e+00 1.705323744308673284e+00
7.516583544580480059e+00 4.849442815651905825e+00 8.654674765553783899e+00
7.908353318857945347e+00 4.883869421712917713e+00 8.415137885859763855e+00
8.704224810626280728e+00 4.861047374172407842e+00 8.490314717098307540e+00
9.057538665402351086e+00 4.900380302927102250e+00 6.412553664369305295e+00
6.570791617676789542e+00 4.984492414084749967e+00 3.819567281179921947e-01
6.777290031334601395e+00 4.940547538765320823e+00 8.596414628148803416e+00
9.079680336287635711e+00 4.954477083530787418e+00 6.541897317814958868e+00
1.511755286752880734e+00 5.005224495495852466e+00 3.934302196090246007e+00
2.559058173270297054e+00 5.047160163314141634e+00 9.094842640471419770e+00
4.283887228845371986e+00 5.006240266928606353e+00 5.419662132471184890e+00
5.377422974253352805e+00 5.001388650750573817e+00 1.546747673585633365e-01
5.719847723390484973e+00 5.003210889370198089e+00 7.797923909149345967e+00
8.622116651088075345e-01 5.144248678969594479e+00 5.100802872363203733e+00
2.380937661661353566e+00 5.151525510929133134e+00 7.193858978006474558e+00
4.669013354557981721e+00 5.092548341105512577e+00 6.135778314086452134e+00
5.154732346534069976e+00 5.127141048439900040e+00 5.341806708608152654e+00
5.239432899172761005e+00 5.075206073864492851e+00 3.440742833878752016e+00
6.117671256576776351e+00 5.139052548515887331e+00 6.611634536877664559e+00
6.943287484629804496e+00 5.076659701133790392e+00 8.885230975656019936e+00
7.164275703831767927e+00 5.132961830128287772e+00 7.975181329170930589e+00
7.188912427433852059e+00 5.099394577752826230e+00 9.106996133416080497e+00
7.576641394214312264e+00 5.162940109578011416e+00 1.417472810913159853e-01
7.908231151803675196e+00 5.097195514869000021e+00 6.344302522969648805e+00
4.585508433850466581e+00 5.197283031245288676e+00 9.777358529075289795e+00
5.618695116534227374e+00 5.187582241646009784e+00 5.087809760721256680e+00
5.781923943611932515e+00 5.229060127659801438e+00 9.963031460384476290e+00
6.857982825860806209e+00 5.157740603183587957e+00 1.947185993212104949e+00
6.881156675444342952e+00 5.169363245965575615e+00 9.940093381475444190e+00
7.833619164843824478e+00 5.161331336020973382e+00 4.567637641477718446e+00
7.940895326412553246e+00 5.194253088483325342e+00 3.627814711454443453e-01
8.323287344901830309e+00 5.190640036705352678e+00 8.013765351744286392e+00
4.938018525210425835e+00 5.276509107554408828e+00 5.530602089764473206e+00
6.697527839246165904e+00 5.065048273937014400e+00 7.268873246970432689e+00
6.561251281074123476e+00 5.482803883766734110e+00 7.596910345646222140e+00
6.738082103515006693e+00 5.286883663958782620e+00 9.701342918544161975e+00
6.830139746311109761e+00 5.250385501363160401e+00 7.859803686150857338e+00
7.291440105624899637e+00 5.245368146332257453e+00 6.180163956473062825e+00
7.445096140683830299e+00 5.289152316728646497e+00 1.290916862480819605e+00
7.513466553647266899e+00 5.261726424213811093e+00 8.753970146897144033e+00
7.711111300329251073e+00 5.242511443955424788e+00 2.492038543615496815e-01
4.585572164850623800e+00 5.376489038984781033e+00 7.928845238840202647e+00
4.920284366312209556e+00 5.374710080842092452e+00 8.107786233564800327e+00
5.789797833253901516e+00 5.386155845364411832e+00 3.987238712438973209e+00
7.254294063624580957e+00 5.344923848480868322e+00 8.490492220231210752e+00
4.893750124820797076e+00 5.396926164741125298e+00 9.908450124032626150e+00
5.057285970391502516e+00 5.425236111685221019e+00 5.980231254472660574e+00
6.285174263258186400e+00 5.450015811319357084e+00 6.919176909666667541e+00
6.838565404517732205e+00 5.439614648908724703e+00 9.821565055041592274e+00
7.231328528786061582e+00 5.402498881463264624e+00 6.137251444304123171e-02
7.195099731561696466e+00 5.432567630598057917e+00 1.247690577321127536e+00
7.268503075437717342e+00 5.417269052239991112e+00 7.432081276586580465e+00
7.557724314458590165e+00 5.401550608554629207e+00 6.512508715141402504e+00
8.046309398334241081e+00 5.398435622652833388e+00 7.497698543036213081e+00
8.659636272684979375e+00 5.404691995120762371e+00 7.147418920834091693e+00
8.996344197564930312e+00 5.456381770535144504e+00 9.433289366849026081e+00
7.650213866008479524e-01 5.503684895167939573e+00 5.747842221558135734e+00
2.671888429208570948e+00 5.488576597492457410e+00 7.403178662429428236e+00
4.834306012359957272e+00 5.509775750726181975e+00 8.425818741448606986e+00
5.384027425398119959e+00 5.534596687638341450e+00 4.222534446381377649e+00
7.144318857350651975e+00 5.504828189882680078e+00 7.120286689660470181e+00
7.384773121835657150e+00 5.511509729261367063e+00 6.945931144676777969e-01
8.029644629355466634e+00 5.510678892801760931e+00 5.908600744504248492e-02
8.766442228862357799e-01 5.599439334998214335e+00 6.664404195887106752e+00
5.020792564251693513e+00 5.568401761920939386e+00 2.800452441834063499e+00
5.064433131445822411e+00 5.587819056617265190e+00 9.444851846203885515e+00
5.120800023392652278e+00 5.620014432098770385e+00 8.402010471829051141e+00
6.576335017352588075e+00 5.634347140875478388e+00 7.629151690263686891e-01
6.851644578260568608e+00 5.543994177054850425e+00 9.607442793984160900e+00
6.905075299466476579e+00 5.576552796968841541e+00 1.559268409788380216e-01
7.723882824359463939e+00 5.574174421182549466e+00 1.150412540484414770e+00
8.382631454687382799e+00 5.541944875583880936e+00 8.239722063255232598e+00
3.260530819837761829e+00 5.628797853319267297e+00 8.255968718703462272e+00
3.589118917948712628e+00 5.648202899233808694e+00 6.233871582587594773e+00
6.202494441112078150e+00 5.699345162016397737e+00 7.531009302043585762e+00
6.648226309476683582e+00 5.685470891158648676e+00 8.850123276959295238e-01
6.720854867729004312e+00 5.625144142673930148e+00 8.237763005617146916e+00
7.653214790604787154e+00 5.710450291599284078e+00 5.379066151858237887e+00
8.112903103434796037e+00 5.628166238374229025e+00 7.055475675227710353e-01
8.118739489097354323e+00 5.699496293309874062e+00 5.073767983332160725e+00
4.843358392191148276e+00 5.755793071808904315e+00 9.287153713938010924e+00
7.707414148844668134e+00 5.760978944841949279e+00 5.326533637829394152e+00
2.089226466695471629e+00 5.783288792643244136e+00 7.474965340774666345e+00
4.692318074990545540e+00 5.835236971739403700e+00 8.505274544624587207e+00
5.982537076859842706e+00 5.788750598184234875e+00 5.459215906617789216e+00
6.404235285743015815e+00 5.821935769826485085e+00 5.653074606205388264e+00
6.675349461323556888e+00 5.794693891421291099e+00 4.997802194901376893e+00
9.187574477102263160e+00 5.818372279889587162e+00 5.360080720143384214e-01
4.804655367193229942e+00 5.900918577794352693e+00 9.375739999318314588e+00
5.801370508260481174e+00 5.882928316286831105e+00 4.091451476753392713e-01
6.353359685199099438e+00 5.892837483893192285e+00 7.144345306935748319e+00
6.645923688534392859e+00 5.859033837056835559e+00 5.073206645999078779e-01
6.719324225161939168e+00 5.907319838614960794e+00 1.611982289710821581e+00
6.897341282351910685e+00 5.904820477471946383e+00 7.475535061293733241e-01
7.595616697815483320e+00 5.875084249159048255e+00 4.147686567058132212e+00
8.425909882266392259e+00 5.857925462384587334e+00 7.670653196586708411e+00
8.739969975043214490e+00 5.869144088780303470e+00 8.018140335238800986e+00
3.279250630845068626e-01 5.961721258846646165e+00 6.713696115985356982e+00
2.762465782140314907e+00 6.013270946816538398e+00 9.420238358727809569e+00
4.636100019556288920e+00 5.963477207462076990e+00 8.930644503431796721e+00
5.825643978774746046e+00 5.947287523038299106e+00 9.553915199045349027e+00
7.028210366677487997e+00 5.983522271531240833e+00 6.667023002663680087e-01
7.982457923862504856e+00 5.995549530934551008e+00 4.317408523692286337e+00
5.388660076153750644e+00 6.066008778695722192e+00 8.976829741457224898e+00
6.462267822228954905e+00 6.083444172550278140e+00 4.351928491286662037e+00
8.192614121829764784e+00 6.053347447079541865e+00 3.095276700728330166e+00
5.439144026546971489e+00 6.099823000198830059e+00 8.922527196666273142e+00
6.812152834546559177e+00 6.101218051370326023e+00 1.519426769826821566e+00
7.075036024439148363e+00 6.128585031195473931e+00 3.938833255516550835e+00
5.732785298900043180e+00 6.194644190310643950e+00 5.001499132382324575e+00
5.744249323639518678e+00 6.229151299423627108e+00 9.823318896910670617e+00
6.864160832086287911e+00 6.217096373909105189e+00 8.680008970468348295e+00
6.890266375953756572e+00 6.219959159946449212e+00 4.351154672468451334e-01
7.885659685717290479e+00 6.229788859230512621e+00 5.023376420874020809e+00
4.625877966690787879e-01 6.316260270835440949e+00 1.224293851453638060e-01
6.079147657132929261e+00 6.252555547098635813e+00 4.132352066373525368e+00
7.106068060231014449e+00 6.255122437877188801e+00 4.356387751845524292e+00
7.562846763431455344e+00 6.315142836445666319e+00 8.128979403750999921e+00
8.548596213682614575e+00 6.314051339553019560e+00 7.159871017120217118e+00
9.038354110692589316e+00 6.320453543950194764e+00 1.886825886063902669e+00
6.356432917904536239e+00 6.352749553797839788e+00 4.876015915751314989e-01
6.336227879932167184e+00 6.358093541836713491e+00 7.037623616522012071e+00
6.464457771349986892e+00 6.380600933011421283e+00 9.561292412711313915e+00
6.979958257237353081e+00 6.391656383060064783e+00 9.530089220835815667e+00
7.243303062408477544e+00 6.399210425543745195e+00 5.295639581690164910e+00
8.114275234224500366e+00 6.375184606158457612e+00 4.685819487422823393e+00
3.391854996724481097e+00 6.429366789868316445e+00 1.563178060396442359e-01
6.106119381620672470e+00 6.427067246162711633e+00 6.044356708899564445e+00
7.029910449896275892e+00 7.849981704267838367e+00 5.915103493692638992e+00
3.754795889943813858e-01 6.495027128908542835e+00 8.287013697247155974e+00
4.711826755732316130e+00 6.518292343521635779e+00 8.816194331953996155e+00
5.406721287739917337e+00 6.524026876048245605e+00 8.046459416085657068e+00
5.654703763251487381e+00 6.491534821600916771e+00 5.033929914655891125e+00
6.428764501516639029e+00 6.552480203977831152e+00 6.893009343824731516e+00
6.566246292050897715e+00 6.522966235679513503e+00 5.664732941888628304e+00
6.948117173962296889e+00 5.120198209678085810e+00 6.259918037124263535e+00
7.915158681651176309e+00 6.525619354328151545e+00 4.204122409706055663e+00
8.290631409086618220e+00 6.491620696843169114e+00 6.689248455914491132e+00
4.424183093855106108e+00 6.618635190551687586e+00 6.151832442438854187e+00
6.305069095721845152e+00 6.561914531876475110e+00 6.488354028622756786e+00
6.670235685293262051e+00 6.568331473147824617e+00 8.220929164092293462e+00
5.864659907091888336e+00 6.652970344884026055e+00 6.953088703723535602e+00
6.041207917898125501e+00 6.722793301409682343e+00 8.049345508643860114e+00
6.442517569949113287e+00 6.709728747085084599e+00 5.195614362167312594e-02
6.525082930295786454e+00 6.704991604451603138e+00 6.953335808136105634e+00
7.709402502428695847e+00 6.695413957341504130e+00 4.567211321840311200e+00
4.565727266070400248e+00 6.743753914881622791e+00 7.476095127054206202e+00
5.540485621679928308e+00 6.737481364584288812e+00 2.030033667918567861e-02
5.551174837287417674e+00 6.766056203631155341e+00 8.583311340109304410e+00
5.748634613862959597e+00 6.795101576062037907e+00 8.414740191154566062e+00
6.310291268805481302e+00 6.738755138961398217e+00 6.491255027408439071e-01
6.277349215769516988e+00 6.765240133636281072e+00 4.892554547750547655e+00
4.760827958656133951e+00 6.856965746025388775e+00 8.012473238425235067e+00
5.731913039365592155e+00 6.817927567167689773e+00 7.079692743229498708e-01
5.777210108134315014e+00 6.807966965062078657e+00 5.667686593686026342e+00
6.388256935264990943e+00 6.830709357328933251e+00 3.940388591849419253e+00
6.468494233135052340e+00 6.857550005446091390e+00 4.425662543302907537e+00
9.620749663068636437e+00 6.869802169447943641e+00 9.934760483775613160e-01
7.178437575885100452e-01 6.903313735454605471e+00 6.208017107300609183e+00
3.719733894342047265e+00 6.907059083230199015e+00 7.517253432923128642e+00
5.242472081124849304e+00 6.889644642131383279e+00 5.830155899874554848e+00
5.358106770078527425e+00 6.892685097043552922e+00 8.761502444320187877e+00
6.029494072045323172e+00 6.931126813948151444e+00 3.849022417119505768e+00
6.104448322558493345e+00 6.898442742300836095e+00 8.039883489300899910e+00
6.222039020838424861e+00 6.911696075440150189e+00 8.318006606840132378e+00
6.713491037916494264e+00 6.946688385570694457e+00 8.664598297345481370e+00
7.166874789907350163e+00 6.937267365929414176e+00 5.294537298666469383e+00
7.640919743792283114e+00 6.931704749570313240e+00 8.024894740767750889e+00
1.112095407578749917e+00 7.010627811669889020e+00 7.670829304332880128e+00
1.451604610284640273e+00 6.994331108752537496e+00 9.317421864899284145e+00
4.084275605067639425e+00 6.990081089768848344e+00 6.511992746146401778e+00
6.696297608538685608e+00 6.963388722522143581e+00 8.535747647796219084e+00
7.483651970871362913e+00 6.986629342458988923e+00 3.542172682842664067e+00
7.447478781673783743e+00 6.968062661714797379e+00 7.978094984915307109e+00
1.977856461706993807e-01 7.105915451901838154e+00 9.220786582310658730e+00
4.241360693447179919e+00 7.059703138727814853e+00 8.710798676727531387e+00
5.169482163186179591e+00 7.103901418585614636e+00 7.032849319078071204e+00
5.231912958979787476e+00 7.042077084773735507e+00 8.998143376441168684e+00
5.392114802534934803e+00 7.088273697679452923e+00 5.265870341528295029e+00
5.335654476841430238e+00 7.061659518684366255e+00 9.128306555738529227e+00
5.501953412444493097e+00 7.048965987156652346e+00 9.755356531675678511e+00
5.973681411153207499e+00 7.054771263552462202e+00 8.180374215476494015e+00
6.577545818323009108e+00 7.042631184741622086e+00 5.212113820266942810e+00
6.559434064745344628e+00 7.055109965170427877e+00 6.790724839535285717e+00
9.434919925792730311e+00 7.098762550342057942e+00 1.931177911962036475e+00
3.535650252360815315e+00 7.166963894832009352e+00 7.742481302650633168e+00
4.612460987803068235e+00 7.157159493636788383e+00 3.931404151181243201e+00
5.510333086399528568e+00 7.159457316755474920e+00 8.512750276516753978e-01
5.899812521446062163e+00 7.115526565685902582e+00 9.098215526222626082e+00
6.256960805027045325e+00 7.118171544076773216e+00 7.682713965012134549e-01
6.881317796576771784e+00 7.176352550534312869e+00 6.491063874315265991e+00
6.874161052775720648e+00 7.145346548942140608e+00 8.720808894034867365e+00
1.422154260443706519e+00 7.249897120859952082e+00 9.002532906008804403e+00
3.875397696111650969e+00 7.209491527825667490e+00 7.545726879439657253e+00
4.356761571726461391e+00 7.246551661224122753e+00 1.240480461680613988e+00
4.676433198531102065e+00 7.215475553310508161e+00 1.773220111683194711e-01
5.031768247418018092e+00 7.259758577681566294e+00 7.078493345170745243e+00
5.330554913902238567e+00 7.239340020140701881e+00 8.480239286355709671e-01
5.814685047538561413e+00 7.219087626820549275e+00 3.485031374871029319e-01
5.909366514585671304e+00 7.226922367276682024e+00 9.624049733383174043e+00
7.028145640565595542e+00 7.204129051217587509e+00 4.841605905010899491e+00
6.737429360974171111e+00 7.260009958694549681e+00 6.927866034105982784e+00
3.323222512030293174e+00 7.351880464755287115e+00 7.749170141583453741e+00
3.712645122770411810e+00 7.344748254590472314e+00 7.713025095269960829e+00
4.719691335980647828e+00 7.408275038752062613e+00 8.036342258087323387e+00
5.598710242707263696e+00 7.383300296741718505e+00 4.681913760404375680e+00
5.610470036219052936e+00 7.396851594518235373e+00 7.567230272168288252e+00
5.888500445659961002e+00 7.370718134374272701e+00 9.636829713837570921e+00
6.689772280770721835e+00 7.900885732364499425e+00 -1.617157064811848288e-01
2.059655669454548699e-01 7.485266816385751198e+00 2.503451650832270725e-01
1.823351185314324940e+00 7.467854352341433355e+00 8.766198632646069910e+00
3.972064209756162256e+00 7.442093856182851574e+00 7.263954758167440851e+00
4.758613164271738860e+00 7.486714759912251438e+00 8.545644944540804033e+00
6.426764646229454314e+00 6.967506098807311865e+00 7.582437525471641404e-01
6.567851819569193061e+00 7.425001822079210001e+00 6.057113476586947209e-01
6.850694288757909867e+00 7.463799487766224594e+00 6.608921157181881778e-01
7.921173422919188134e+00 7.442152917221219077e+00 6.232238049991199347e+00
4.494265291504346393e+00 7.575531499175708561e+00 8.944528817814155985e+00
4.474966302056658130e+00 7.556838977978642014e+00 9.929872181980005763e+00
5.857517750643928878e+00 7.542847802021196202e+00 2.869212902153911671e+00
5.804017112701274961e+00 7.557692254946513088e+00 5.183649740867337208e+00
6.098581973640399667e+00 7.561334929954627526e+00 4.226349694681153402e+00
1.052353677298137224e+00 7.625685656339320495e+00 8.227661168168287631e+00
3.751178106498783471e+00 7.624203251319420005e+00 1.172998541726456567e+00
4.820094207695167832e+00 7.631457961583747007e+00 6.714827717566567600e+00
5.944157102705876383e+00 7.632927553468333848e+00 6.825812978739731030e+00
4.153846808897956322e+00 7.668752895181676799e+00 6.462536216286497215e+00
4.434172174645912179e+00 7.695802887802184244e+00 9.669278129037129688e+00
6.359488877384858796e+00 7.713865336594732725e+00 6.197950709821002491e+00
6.449374462743499237e+00 7.661122218292097941e+00 8.353024418655394356e+00
7.349237363325752170e+00 7.713111821037935023e+00 4.053407481416690494e+00
4.019508985830689163e+00 7.810351113732204809e+00 8.244861767372416494e+00
5.188320681192977624e+00 7.799198281861494664e+00 7.306077444549654132e+00
4.043726062122759757e+00 7.900469995863674377e+00 8.121612673164358753e+00
4.537391900159695624e+00 7.867253347870319047e+00 7.295394230800791746e+00
4.804272943854345002e+00 7.873456282133546758e+00 5.807104739425577478e+00
4.923103436810011502e+00 7.855151533891623572e+00 8.932601541560886815e+00
5.046892932467132553e+00 7.869222807022047128e+00 6.533805820000966602e-02
5.082938803478141310e+00 7.865963673892723662e+00 1.599591478356675367e+00
5.389243871359967741e+00 7.835946614098384444e+00 5.111836296707865657e+00
5.434594230351732946e+00 7.849334242644032678e+00 8.426338103360336618e+00
6.609670491051229391e+00 7.807248895930998245e+00 5.975935094294675842e+00
6.598691245653692583e+00 7.822883769586303160e+00 9.603423455546542087e+00
6.999644673441512310e+00 7.868033680071776281e+00 8.367124911579963964e+00
2.652903596241233952e-01 7.950138013217224575e+00 2.107776964882017268e+00
4.014517783045752353e+00 7.881419174101830905e+00 8.179029872465559237e+00
4.569857973121034256e+00 7.944218485763314241e+00 6.484487382074195949e+00
4.705657791051709005e+00 7.918890734900138284e+00 9.130332493473577671e+00
4.941366990279895788e+00 7.929636137818931729e+00 5.842321971587074003e+00
5.288345909212331719e+00 7.905762204948039162e+00 8.885887800317993523e+00
5.271653048898719440e+00 7.914146114982003155e+00 9.227502229360124986e+00
6.108096167991795333e+00 7.883263356777710840e+00 9.517495667131331771e+00
7.868470895153023115e+00 7.892916321494219289e+00 6.453586497203941619e+00
2.002474676637084450e+00 8.019598866355901023e+00 9.968630696866760843e+00
4.001000961584596283e+00 7.999663401420987086e+00 8.070516728909481685e+00
4.004649777102635255e+00 8.033319342733639346e+00 7.870886535224536074e-01
4.975492631435279201e+00 8.012570345986347320e+00 6.115911432667710201e+00
5.546732972587412824e+00 8.023376594698493847e+00 6.515410607318146141e+00
3.189560176260819446e+00 8.075237558889014622e+00 8.768951138469638806e+00
3.508124284782056623e+00 8.118182861880800516e+00 1.041085627298600880e+00
3.859545667298247551e+00 8.075569007813360400e+00 9.148145821179952009e+00
4.994574986311244302e+00 8.044038740263793841e+00 7.242921622230122480e+00
5.306462422683502211e+00 8.116274076857832753e+00 8.003766905627632156e+00
5.760785764525397035e+00 7.807157476930449036e+00 7.159856591774909518e+00
6.993659760864661123e+00 8.082453850762512104e+00 8.228821822333722835e+00
7.038567586580603275e-02 8.164287376941249619e+00 6.431575728578600604e+00
5.897922807500008968e-01 8.152040608043796155e+00 6.548374220952359437e+00
1.082723484280637916e+00 8.124344230292724234e+00 6.742503521463875771e+00
1.296001779599443404e+00 8.187361446414364252e+00 6.243170211040989237e+00
4.951668318467119967e+00 8.181115703997360100e+00 6.403562963993300272e+00
5.760258866666779554e+00 8.182608657332632873e+00 9.147326520495827396e+00
6.008890450182216014e+00 8.176809428242657773e+00 1.802686904607918361e+00
6.436159924100310903e+00 8.429119339414215872e+00 5.834085383767272148e+00
6.260255572394234136e+00 8.173703215515116582e+00 6.324479167333056928e+00
6.623125214033146690e+00 8.165993431074618059e+00 3.326592480751026315e+00
6.710508379760796949e+00 8.130381877242712108e+00 2.333394983426751779e+00
9.652987278435157137e+00 8.139987756994155887e+00 7.543829957671044362e+00
1.813918517152991239e+00 8.217437663143210003e+00 9.972131247825155143e+00
2.785563361139441696e+00 8.222205317719520679e+00 1.350068466961945601e-01
2.856017590857182320e+00 8.210796229699152349e+00 9.529780338959410457e+00
4.771290715886376432e+00 8.203563882490184866e+00 7.146946631119169169e+00
5.552502773728447139e+00 8.218971693009766710e+00 2.267630965204913362e+00
6.063282377243076837e+00 8.250362149901167896e+00 6.493678026223005384e-01
6.816353574428786644e+00 8.233630356080267276e+00 9.341417426682584235e+00
1.674425716255823482e-01 8.344647855070359554e+00 6.912117113196998730e+00
2.253423044854881319e+00 8.307585329817442243e+00 5.524824642700024158e-02
4.527948060741340264e+00 8.284464343807059095e+00 6.693384250209972741e+00
4.853102444170101393e+00 8.290701744497557257e+00 7.992056903725245576e+00
5.495190490050729792e+00 8.338225650320634230e+00 6.413263195836622188e+00
5.498139957925163301e+00 8.285549248577268600e+00 7.048803205452873755e+00
9.861892154213260042e+00 8.311565681959280028e+00 2.917122206489719538e+00
4.983228530016812208e+00 8.421456790790369240e+00 6.196068835505974981e+00
9.280216388129845839e+00 8.409003158221175056e+00 7.113880055960276394e+00
8.114891416170841865e-01 8.497482049244842628e+00 8.946053762118776120e+00
5.101464564907805865e+00 8.503187944775413953e+00 5.063194683373086313e+00
2.300944680292193456e-01 8.559536256701788304e+00 2.843955500762221700e+00
4.088260316629745539e+00 8.548601829150753062e+00 9.623300962858944985e+00
4.202337645844871794e+00 8.538354877891684680e+00 5.982326791247259301e+00
5.228552557193578920e+00 8.536612514331817891e+00 8.602699524857760238e+00
5.325996762322823486e+00 8.562619986172030906e+00 9.235431498707225018e+00
6.529418962924749437e+00 8.539727819787156449e+00 1.561491525563103444e+00
4.301454044343275385e+00 8.617716294449358827e+00 8.747323463149820455e+00
4.745942138407760247e+00 8.648545414482487814e+00 7.106988542358605443e+00
5.218783599733304079e+00 8.608658816986020312e+00 5.893684606246038626e+00
5.248881328507977173e+00 8.653464803399957717e+00 8.389675156226804376e+00
7.807873644218885190e+00 8.641799859005686812e+00 2.526070453097359447e+00
2.884078785324373229e-01 8.715141227834187987e+00 2.366251347814007477e+00
3.728558577341769098e+00 8.723370510833227343e+00 2.296586413742821797e+00
3.951271108544143651e+00 8.721006004962490010e+00 3.776153132371682819e+00
4.501467768516017820e+00 8.726352862516133513e+00 6.949016000047800290e+00
4.670696610781937430e+00 8.730375282964885741e+00 7.328537666985033283e+00
7.851633345494776428e+00 8.686148835864502260e+00 3.999438324964462943e+00
7.941554520436565845e+00 8.697824075434446911e+00 1.462202049307462559e+00
8.384660400580681738e+00 8.715575608004272112e+00 3.708887871494964461e+00
2.377908837837829026e+00 8.763296167733866326e+00 6.109236600626233304e+00
4.389428135522018160e+00 8.765968204351068493e+00 6.631066205688929127e-01
4.536031980823381993e+00 8.809308088718385221e+00 8.531067649557241950e+00
5.508046889944717250e+00 8.813029357992874679e+00 1.602195486659086843e+00
6.025775497693356186e+00 8.800343785425964072e+00 2.664113510125905915e+00
6.559416765954462214e+00 8.771821186269653126e+00 3.353818760111455521e+00
6.685023150315464235e+00 8.758091291390499578e+00 1.606477330882683630e+00
9.791657289067718040e+00 8.787575592357550036e+00 3.562258552751596419e+00
5.286866528756942074e+00 8.882895675835330351e+00 6.624621456768407413e+00
5.934761808986904974e+00 8.842053661117628138e+00 4.754321273236201684e+00
6.281794892806452424e+00 8.822881261631415839e+00 7.208142286838057800e+00
6.853118661757088503e+00 8.859714250465929197e+00 7.949891117113551786e+00
7.821333224742392787e+00 8.855008021291579823e+00 2.171253076788558722e+00
4.137327388183106969e+00 8.967015569712105005e+00 7.654376163272145206e+00
5.150258769326610420e+00 8.926942709376348262e+00 8.964200695854878109e-01
5.459422029495629047e+00 8.910484524318553312e+00 8.489043953189829850e+00
5.503222998652666398e+00 8.930204659683289137e+00 9.804447185284184130e+00
6.432808346385479936e+00 8.955108377289338506e+00 1.355438171992498608e+00
7.503592855695473851e+00 8.920843346570590526e+00 2.124567729412012884e+00
7.926941735360695240e+00 8.967703790318871881e+00 1.917234779718842930e+00
8.385851509146036165e-02 9.018421308817258009e+00 3.429851921162329287e+00
4.291405485513459794e-01 9.029502555932428010e+00 3.302300325548049198e+00
3.981799552784571095e+00 8.999896853836430566e+00 8.571223667063112117e+00
4.553539553404551299e+00 9.013389340542939721e+00 7.222518683077552293e-01
5.953404944607838090e+00 8.978217151900482307e+00 8.099425593546836666e+00
6.297721161296614412e+00 9.015051589843178448e+00 1.108865058771101086e+00
8.071803997750309989e+00 9.006443747513760201e+00 7.650192585273921431e+00
9.480608097256668643e+00 9.023044797633243519e+00 1.244941070208667178e+00
9.607645164758535472e+00 8.992698633971947686e+00 3.591949819278267952e+00
2.720371125777388599e+00 9.096001910089354325e+00 3.314180632012461380e+00
3.645176604253912878e+00 9.073689373996876029e+00 3.858281272808518736e+00
3.976852936438725727e+00 9.118023670255800184e+00 6.786243528621860754e+00
4.589688027107426294e+00 9.078183685761684885e+00 7.772342899593507326e+00
5.354761827279459929e+00 9.130785832119540757e+00 1.094889059871028802e+00
5.915768880417251907e+00 9.085413449842095091e+00 6.226784218497590118e+00
6.166088765022816887e+00 9.058286674085977097e+00 8.871633038380366543e+00
6.254775496073601282e+00 9.072263442153804647e+00 9.916434630663188088e+00
6.402298512662152774e+00 9.095016792980404219e+00 2.316984178540490547e+00
6.451344312154230209e+00 9.113960971813293455e+00 7.586948638751486840e+00
6.974350118737006277e+00 9.118324198981641260e+00 2.337146965458903658e+00
7.758641584401739344e+00 9.129357976874768354e+00 2.097681388106559019e+00
4.059302986506560629e+00 9.199522504736641793e+00 5.966646228541304886e+00
5.742479396181216167e+00 9.142869613015404795e+00 7.018709341236963439e+00
5.702030184607086660e+00 9.192051114492148400e+00 8.256951592817172170e+00
5.988363510377505250e+00 9.190666408658875852e+00 9.778720703906431666e+00
6.619849491142912434e+00 9.203013961161934375e+00 4.678108850816565578e+00
7.760295216064433177e+00 9.138939983301000325e+00 2.153945528093959005e+00
8.919846802103064576e+00 9.150927514153863740e+00 7.693151135111889971e+00
3.594333279190424779e+00 9.281689410601472900e+00 5.887183119074535398e+00
4.324175007109342772e+00 9.252397440754419833e+00 2.171211560187097156e+00
5.628756949537500276e+00 9.241983999349519863e+00 3.639795221203195874e-01
5.819706110790769493e+00 9.235792565857211756e+00 1.891160613319736505e+00
5.886391871811873955e+00 9.241160591755644305e+00 6.647329941915150364e+00
5.892021273714592056e+00 9.242456829620824266e+00 6.642030189367217119e+00
6.911332523762016677e+00 9.266083228482411727e+00 2.180997486386859308e+00
7.612487158296954881e+00 9.224376676896740790e+00 2.036330023032202341e+00
8.168549788212121854e+00 9.235218394909036732e+00 4.373866331577726640e+00
1.560540476487387029e-01 9.321368386163483066e+00 2.097043410190376544e+00
3.957094440937738433e+00 9.362994926647347782e+00 6.364814609926444655e-01
5.462541550777970656e+00 9.301728867351762631e+00 1.300696807078930872e+00
5.514653994588048391e+00 9.345077190181577009e+00 8.265535029459350369e+00
5.575949188811040180e+00 9.340034265647824796e+00 5.643404677123577073e+00
6.218630041127742203e+00 9.360383766079108270e+00 4.158017204383028798e+00
6.606456479279179561e+00 9.307781439779514443e+00 7.680424903089274835e+00
7.056129540685068591e+00 9.337863320287510760e+00 2.502546305938225579e+00
9.772193873640683037e+00 9.338727077481900452e+00 6.372040452862719029e+00
7.320498020731827093e-01 9.438751172283698310e+00 3.151994004034497809e+00
3.197812196676945717e+00 9.438039561953946333e+00 9.699365390769084883e+00
3.436253374577542985e+00 9.417456094108819897e+00 4.753868070667400580e+00
3.676517635176088206e+00 9.380871585633570930e+00 7.427375039397542622e+00
3.997596721332129288e+00 9.439463768669572374e+00 7.665824974462315922e+00
5.245478474285848236e+00 9.393015333686918211e+00 7.071832487046474380e-01
5.570043826278777921e+00 9.353015345112574153e+00 5.636308260933878600e+00
6.240397500690272103e+00 9.421962713080031193e+00 2.003744293068034921e+00
6.765093614151257206e+00 9.362520687824567034e+00 4.631710905357846464e+00
6.873589268318305301e+00 9.370952787016999963e+00 2.488402729063754482e+00
4.091683438046749721e+00 9.456948884812783618e+00 7.730159681911630720e+00
7.292065093528682596e+00 9.494363370387675971e+00 1.822249859720976861e+00
7.929817919693635808e+00 9.502360025509650754e+00 2.570151582284259106e+00
8.220286559830988438e+00 9.517008904119421686e+00 3.071404851248128676e+00
4.516244142645879478e+00 9.584514880277742677e+00 7.291754324306225499e+00
4.704183048606382478e+00 9.558689402348210962e+00 8.495164841237473619e-01
5.038509798801874773e+00 9.529836534535570891e+00 4.050397052306326628e+00
5.363118951658791822e+00 9.522836236417969502e+00 1.385476572568856923e+00
5.942392302552249816e+00 9.564588751003714862e+00 1.281269697014080222e+00
7.214136291522027733e+00 9.550012137245063926e+00 2.309798930125382288e+00
8.403084287091375781e-01 9.648626648280723472e+00 2.903898878313929899e+00
4.091394310698873937e+00 9.624391580446562955e+00 8.392910873489793033e+00
4.136085132777785667e+00 9.604813563787750752e+00 9.768020959864982089e+00
5.031365186543824031e+00 9.635610136956664462e+00 4.833975328267925420e+00
6.924811442929934557e+00 9.656036423271874725e+00 7.441077388998897035e+00
7.078385680311060746e+00 9.603145331192814993e+00 3.618238652819841583e+00
7.441814402547954010e+00 9.631744500863284486e+00 2.556156327573468889e+00
7.756456734461091962e+00 9.625352334159337886e+00 1.837912501590343028e+00
2.994150920804618199e+00 9.725506168878540691e+00 7.107534119983853316e+00
4.585633142747118640e+00 9.708841361955734328e+00 8.000968083525254571e+00
4.877329594061762030e+00 9.746736468714061630e+00 8.072586972051999155e+00
5.435542362045696407e+00 9.727719352981292644e+00 6.266475987828235006e+00
6.206563169843337668e+00 9.690298820097993371e+00 1.618821545528600914e-01
6.549663414341207357e+00 9.701039625613066875e+00 5.566825302988988255e+00
8.764900869595464883e+00 9.704986068767654572e+00 3.568639271074264485e+00
7.090004406435687634e-02 9.819689996393696774e+00 2.408556800958628674e+00
4.463957098488768871e+00 9.756439963600517018e+00 1.659838548048529372e+00
6.065144433106674171e+00 9.783706274160943295e+00 2.015301848626575687e+00
6.358757693169009961e+00 9.814352082855272386e+00 2.549942866069930147e+00
7.545464287653478763e+00 9.778771000792602308e+00 1.783248224713152918e+00
8.233449688511420561e+00 9.825290877904439668e+00 3.264124322377737641e+00
8.690859344591052249e+00 9.797560033277964209e+00 8.597907744676358988e+00
1.886062127080045947e-01 9.856964961951648618e+00 6.348589586137829421e+00
2.625049510413370424e+00 9.865545676956047672e+00 4.797317537992937808e+00
4.573827023883783482e+00 9.846062524059759014e+00 7.460668385530445867e+00
5.197929169104757108e+00 9.857928162995731824e+00 3.665585832055533011e+00
6.825946349534594226e+00 9.865424502448911781e+00 7.775360764129271907e+00
7.779212062868445798e+00 9.881936543080083624e+00 1.028049696697612037e+00
7.732334540846092175e+00 9.879010573059142430e+00 1.963054824142226984e+00
8.916661943537386392e+00 9.880607304425666371e+00 2.451246561358563447e+00
2.950318917848387956e-01 9.977321665034224907e+00 6.549713056904011843e+00
1.946023684855405556e+00 9.947011172631844644e+00 9.509862402981145379e+00
3.546898851463326174e+00 9.978380689624104960e+00 7.249956513522043622e+00
4.220288156734129714e+00 9.957883415405687444e+00 6.606988565251827872e+00
4.269681514736679340e+00 9.917930087818675133e+00 5.022801813548750438e+00
4.787408162390307531e+00 9.953447857236142227e+00 4.541964677201076661e+00
5.220742237434335742e+00 9.935815507512359090e+00 5.159684668544993080e+00
5.335885852150410003e+00 9.979872930495986338e+00 7.372453674323489636e+00
5.969938028076712477e+00 9.912494496254922183e+00 8.415268712269405427e+00
8.245352898800136998e+00 9.952243493769948657e+00 1.746165328538741957e+00
