5.154999600383030156e+01 7.473977293682571599e+01 -7.906900048374029488e+00
5.398969141879212508e+00 2.290904473899283644e+00 -5.433173178523149183e+00
-8.854638815229407545e-01 8.149874449299697687e+01 -5.259237141960479534e+00
4.984976561790295690e+00 -2.227876682228163485e+00 -1.155981050949078881e+00
4.579162887420078931e+00 3.350928674761402881e+00 -6.834676314053739210e-01
8.713399365265124263e-01 6.799019997592782083e+00 2.347834515730935934e+00
3.102283793657538702e+00 5.578824529766897911e+00 -4.088560935387025808e+00
3.293171429810105799e+00 4.950128825402106969e+00 9.796719705491558905e-01
7.277747266596630737e+00 3.560960072781267804e+00 1.267973055649608050e+00
2.424576713255098070e+01 1.697526773689322965e+02 7.663848024208134291e+01
-4.536335256084892364e+01 3.556495298479855194e+01 1.119738956864061947e+02
4.800634452782808204e+00 1.349176381981355632e+01 7.640927199348880094e+00
5.534909025818674166e+00 2.881499038345896935e+01 -1.829312929198468041e+01
5.411157362907443868e+00 6.539933135605786596e+00 -6.559310414128596278e+00
6.772939285793253550e-01 1.206906026337325599e+01 1.130547292280280836e+00
3.648979182552799294e+00 2.369769671683252366e+00 4.399236189977703049e+00
3.904275411971121201e+01 1.232147127460971632e+02 3.600260346015249269e+01
1.029031556727568386e+02 7.526990767144603467e+01 -1.025473007997567620e+01
1.610418815665624948e+00 3.682185072324759112e+00 -2.264988029374837453e+00
-2.524227102311041904e+01 4.485676460736745952e+01 3.741095870731398065e+01
6.205396236242919805e+00 2.028194099784632165e+00 6.311669733375525837e+00
5.389057752933694712e-01 7.493287061665744986e+00 7.553889099903881466e+00
3.503707244734553683e+01 8.466920634032832993e+01 9.152468287883856135e+01
-1.019716037840645129e+01 1.213414072459077317e+02 -6.753912170701283912e+01
-7.117443419244785296e+00 6.103535876778087754e+01 7.676479746028550721e+01
3.081638755730057966e+01 6.708308928314330899e+00 6.604155898610617470e+00
-4.343241203057402799e+01 4.299355440882039403e+01 3.872309089439960417e+01
-1.786837876322212182e+01 3.033596348511208163e+01 1.309965590556932113e+01
2.051050212393458416e+00 5.150888094002584516e+00 -6.403525102685424519e-01
6.529146689088527467e+00 7.823443335068150262e+00 -1.297759935776455364e+01
-3.073659006126327142e+01 1.279989954262029244e+02 7.768584977967121574e+01
-1.610154791259585494e+01 7.162841534554574707e+01 -3.584856090901013914e+01
9.774345624289441758e+00 7.194526477055852354e+00 2.915627205363471308e+00
7.112124859406929289e+00 9.552359770143075934e+01 7.169921478213186106e+01
1.953952506289514890e+00 1.898263739895955093e-01 5.838377045809564514e+00
4.373107407773128230e+00 -4.441620435505546638e+00 5.271295589185108099e+00
5.959891672844612742e+00 1.213206830980887219e+01 6.528073273731168413e+00
2.853695038915992299e+00 4.387943209092160401e+00 9.159548821815139963e-01
3.950893424595620651e+00 3.536183433472214688e+01 5.423572441092808560e+01
4.679768950907360363e+02 -5.049869453872492500e+02 4.523354230061357271e+02
5.986973535682312786e+01 9.706278388604249585e+01 7.547166209622787392e+01
4.461368094943409801e+00 1.642296931884066780e+01 3.752850681929999865e+01
1.240748414475127959e+01 -4.026806882831261980e-01 1.865050476230369725e+01
2.603490358169648289e+01 9.693752340509766441e+01 8.836121225996602391e+01
-5.055045308292915820e+02 5.804508064371948421e+02 -4.256166367537028350e+02
1.705023364124777885e+01 8.806060462893517737e+00 1.645950656600112083e+00
-3.022430313838223626e+01 5.632779426561021552e+01 -1.144086946970788006e+02
5.183274976135815670e+00 3.143709381948454951e+00 3.234842309329094556e-01
5.575622893489847520e+00 3.126023961970318510e+00 1.145300542029282553e+00
1.006972328056447807e+01 5.857405249595336372e+00 2.462606630820510567e+00
1.012893382124737229e+00 3.776913374154514891e+00 -1.131512123773563872e+01
2.619106629102509842e+01 1.184781727166378005e+02 -1.697055003675057776e+02
-2.582426536842509002e+00 7.195406048601957139e+01 4.738700688305948461e+01
2.990999881176918507e+00 4.160504588779001089e+00 6.005495391399038319e-01
-2.510792131593033361e+01 3.460288859569250519e+01 6.593469583375075604e-01
1.611151188843969795e+00 5.832286532389204581e+00 3.149287624783474016e+00
7.383593327508852333e+00 -1.668896479609663430e+01 6.303153052926941946e+00
1.431304144830835234e+00 4.811820723002841582e+00 2.197806862748567625e+00
-5.478654003694431651e+01 1.695394252706596490e+02 4.851952241032903146e+01
-2.774525580806593839e-01 4.787879875635338323e+01 1.078811465900315092e+01
-3.738826764103406308e+00 9.166511529782280832e+01 3.022871610466248171e+01
-1.886716046408645582e+02 1.564312551952264982e+02 1.782799684198759280e+02
-3.271752877102097301e+01 -1.678192901337688880e+01 -2.245403707752262790e+01
-6.933477323141600479e+00 2.051791581671486497e+01 -1.823120030461439356e+01
9.499222258212235204e+00 3.433279968238687019e+01 1.363650088753190559e+01
2.236057562014466384e+02 -8.870332379704524328e+01 -1.815994951803548929e+02
4.887622240180597544e+00 6.025654182258829650e+00 2.049417761098569546e+00
1.024572578786148114e+01 5.568560437934304730e+01 7.566227649715033365e+00
-3.091564297776164949e+01 -1.294620191113776286e+02 2.000002682936229803e+02
1.818682586765538645e+01 -5.214052299004753976e+00 -3.221655126837172478e+00
1.477752114512366006e+02 7.892390992887203538e+01 6.714437279979944151e+01
6.267740960301506625e-01 5.123877467072074587e+00 3.685994421735037996e+00
3.497674899812958316e+00 3.558857916087821316e+00 4.274007083150871189e+00
3.096488255309548521e+00 3.784306965289644609e+00 2.663978361598602795e+00
2.054782286891950349e+01 1.330334545568404678e+02 8.215448357042751670e-01
1.234297461071849966e+01 -1.941101810219912627e-01 7.825398234854913149e+00
2.857100269651670743e+01 -3.095698512153699156e+01 -1.024911649325690277e+01
-1.287391240590129371e+01 5.269290195368216700e+01 8.117012283883383361e+01
9.531552849121949222e+00 3.710305738130080577e+00 -3.682923245194467565e+00
5.782950122179167707e+00 6.430293626825122288e+00 5.973289090537143409e+00
1.885993669147486340e+00 2.159619565724794299e+00 3.384712826756389958e+00
-6.384739117703818465e+02 1.450536829587624652e+02 -7.845722155494015624e+02
-5.838498984820045257e-01 -7.121119966096255638e+00 -7.476609323390595918e+00
3.181836797249531834e+00 3.926215849000538327e+00 -5.796979022287248595e-01
-2.109768457263004660e+00 1.223265674825371008e+01 1.210913818515471796e+01
6.103313992686580036e+00 -3.858033578816908005e+00 -3.024005792005211024e+00
-7.687886198512723013e+01 1.331429464176376882e+02 7.619732011534328819e+01
-4.645439089057627058e+01 1.126395622217906975e+02 1.092413720567569158e+01
-4.314468461978439251e+00 7.148402429625846821e+00 -2.046888541317971999e+01
-1.183608222401000276e+00 9.326961505136583952e+00 3.178855621948158294e+00
-1.438554570918886100e+01 3.972527881884548151e+01 5.081395518567060776e+01
4.737428822802753459e+00 4.690160991131556933e+00 -5.678204901696417117e+00
-5.586389514539041201e+00 3.702037494540608975e+01 2.089695711819004487e+00
2.045271264053210469e+00 3.974532561614809723e+00 3.388510344678296704e+00
3.619994864429727954e+00 4.129734214821974447e+00 2.284868127144195071e+00
9.679957900930499903e+00 3.113583494003602681e+01 -8.716771799496567663e-01
2.391621002775436544e+00 3.991611159420593857e+00 5.895301323422769357e+00
3.681743803232888190e+00 1.055071355673921829e+01 6.066490358566288599e+00
-4.777994625411894702e+01 1.318022492591717310e+02 3.464175175001313534e+01
4.941252645314423830e+01 4.685618614192652842e+01 5.922968435995410630e+01
-1.073035949656779309e+01 7.226348162535717989e+00 4.843288481702413328e+00
8.373569886322636080e+01 -5.657107421173684259e+00 1.213791629536823251e+02
3.819300081591054941e+00 2.633173357588435515e+00 2.244284718610918716e+00
4.057328092959945565e+00 1.499887390921086139e+00 4.486324311792715402e-01
-3.986018922025965638e-01 2.591159758213136044e+00 1.144634058351473982e+01
-1.709506884671216298e+01 5.873537105258527902e+01 -4.130859990297481232e+01
8.672963499591279657e+00 3.113146813709572314e+01 1.415655374781698583e+01
2.889548417109851108e+00 4.888181707624204009e+00 6.168912705999190393e+00
-1.066984236529282271e+01 1.849465306684200172e+01 5.315046451592329646e+01
5.415267788912462521e+01 4.447236470619435522e+01 -5.233806969672403397e+01
5.412600600958468178e+00 3.490001339451910489e+00 3.770917324698292994e+00
1.120715267207657178e+02 3.054795196239171773e+01 -4.410944976981560472e+01
5.162680220396403286e+01 -8.243700155013125652e+01 -2.900130253685537340e+00
1.949884256065246291e+01 4.995207160133752211e+01 -1.069484665220566910e+01
2.689621265532963434e+00 5.126980148708416785e+00 1.516266849939482686e+00
-9.615064895315286719e+01 7.456139153774229555e+01 1.055123617386817898e+02
1.019581040459647454e+02 3.259344783599355821e+01 -5.536785559865217365e+00
2.529726147795506819e+01 8.089926706000701984e+01 8.598112268467721719e+01
7.084565340117999099e+00 -1.229308663055041961e+01 -3.137063526190821516e+00
-4.561417669336073288e+01 -5.785302364184914126e+01 5.010773199111720544e+01
5.583182949851570598e+00 1.547042500812901977e+01 1.413756849758058998e+01
-5.177981170103684008e+02 -3.292663571672763965e+02 1.422007413117234591e+03
5.114088167913857887e+02 3.624466555187165113e+02 -1.393928232848644484e+03
4.346605874006867154e+00 1.987526815078128006e+00 4.912563796836058927e+00
9.915252936365654080e+00 1.226404248138078223e+01 1.504193808334149018e+01
4.150279673360311783e+00 4.536135746128115542e+00 2.826113697173890493e+00
1.783265393574173796e+00 8.594293191039096058e+00 2.175208696146786025e+00
5.597750322108074883e+00 3.541850532819260877e+00 6.524779890619988088e+00
2.023178927903329871e+00 2.621250008225502803e+00 1.744907009607080894e+00
7.288429959443504913e+01 -3.788384124822590593e+01 -8.662475604120299977e+01
4.419062149592672739e+00 3.155781649362066510e+00 1.439993946730278696e+00
5.962732069283305236e+00 7.166444878184969447e+00 1.594449909330164949e+00
3.610647490392914882e+00 2.216955023165292360e+00 2.281863971451528528e+00
2.353447430254274053e+01 -5.051353118358850480e+00 -3.839810305276419911e+01
5.177637384316430058e+00 5.630527857349449050e+00 1.381097348256280721e+00
-1.503445610563355928e+01 4.762390827129770798e+01 -1.706707995565611213e+01
2.921155298719881444e+01 7.273505207310813603e+01 1.441291918148608886e+01
8.321908316716625009e+00 8.561239101540955687e+00 -4.793555055039876223e+00
4.415483248077758383e+00 2.474482721253119522e+00 1.637719447412127938e+00
1.177027883572773437e+00 3.761658359071907487e+00 -4.288518331215801282e+00
1.122591710619351204e+02 -8.818532899015545468e+01 -6.230164376517915343e+02
2.433123054995464329e+00 6.802831857636189739e+01 4.528788548892715227e+01
9.867510302137965539e+01 7.068624005579933112e+01 1.285732327695307902e+02
-7.678586471795632917e+01 1.190938231942820948e+02 -1.590365018811457887e+01
2.618230844205005070e+00 4.885960039627825324e+00 7.744265998138922386e-03
-4.842667318391300313e+01 3.729083597750511814e+01 2.514384158779362366e+01
6.755763903338660725e+00 2.525632952348435545e-01 5.239116604809836986e+00
1.726175161748223275e+02 2.095333974079310480e+01 7.588873773053444793e+00
6.728802616461403652e+00 -1.186918693099874034e+01 1.456785560478026298e+01
8.033247193613360082e+01 -9.697837803440808813e+00 -6.539211387226802685e+01
-1.187720511121129334e+02 1.407894777053974735e+02 6.609176104208595461e+02
-1.184801810259682675e+01 3.167976771098047806e+01 -3.445905004513247860e+01
8.642120594701815151e+00 1.246805735127413328e+00 7.508113880904598858e+00
-8.227569632997641747e+03 -2.068763220778407413e+04 -1.623072943520430999e+04
3.781568808854617991e+00 5.924617131820903104e+00 -3.951815806356363314e+00
-1.934161897474294278e+02 1.490761874414116051e+02 -4.387643297990891256e+02
3.162491173467673207e+02 1.798790430692135942e+02 -7.525607249812752571e+02
-3.337918998635522030e+02 -1.544090447500195467e+02 7.475014073474994802e+02
3.455855087947298898e+00 3.457835679725786981e+00 2.893715180753205773e-01
8.243625490921142045e+03 2.069842254177000723e+04 1.624351140033888078e+04
3.666561589294043415e+02 8.048984182825954576e+02 -9.040132683437328751e+02
2.173357208347078684e-01 2.544168704695507710e+00 2.591648246958283330e+00
3.864047859625904024e+00 8.263204233674077415e-01 7.464166821658138051e-01
7.454089012703652983e+00 4.171066640582866469e+00 2.416947521548753031e+00
1.313125793877671299e+02 -4.106990392595326256e+01 -1.250254581247613288e+02
-5.749336624062927115e+01 8.350335105602864871e+01 1.931014250848733411e+02
4.408423911897114245e+00 -5.447764569068955787e-01 -2.882254178900403918e+00
8.631382359215782785e+00 4.533935854851193881e+01 -1.922076021596930673e+01
4.570259512185801754e+01 -5.931346150042537602e+01 -5.474517004494190076e+01
3.133498150961634643e+00 4.739765516629865338e+00 -2.297292159033924586e-01
7.652247483279519535e+00 4.194614996812343399e+00 -1.146672746877346993e+00
1.374908528970203658e+00 7.070935762447502881e+00 1.490508537994830407e+00
7.994569751407867741e+00 -1.979213543875277992e+01 -6.989236112685663471e+00
3.990113264675624549e+00 7.444753759496949286e+00 4.219284675748919966e+00
6.276597166027650943e-01 2.545125470073378970e+00 5.438317283866072493e+00
2.318035365147397897e+02 -4.095249028849966066e+01 3.291471105720508490e+02
-3.822798130524605540e+02 -7.814920917738157868e+02 9.339103304392447171e+02
4.239189125901184241e+01 2.299505595727698903e+01 8.472827261834419144e-01
2.227033890533625282e+01 2.225905201981213821e+01 -1.513138437548161086e+01
-2.414020870622166370e+01 7.982966357481591047e+01 2.720401285581685613e+01
3.580423209760619230e+00 7.843421185106302929e+00 6.215194358887361048e+00
7.693837330145913977e-01 6.129301761067977417e+00 1.664621257290301859e+00
9.084412595639139454e+01 2.835719094105113314e+01 -5.058039430434799755e+00
1.422053200869080491e+01 2.205761453566450037e+00 5.516239984184750256e+01
-2.660844925716007765e+02 1.212269402226115744e+02 -2.822840449899587156e+02
8.100291794425316994e+00 1.125416039443760496e+01 -2.426732427569481487e+00
-8.965401818619531227e+00 8.773017376301535108e+00 5.036638673532195298e+00
3.421909125228728143e+00 5.661886474162708183e+00 2.824943228498820957e+00
2.380990821487579012e+00 2.503531383091843310e+00 3.136963681097857393e-01
4.568880309410102036e+00 3.260501578023657032e+00 1.731095734642736250e+00
1.457951950030188071e+00 9.395533122176285445e+00 5.032029812454924311e+00
8.265186796250908685e+01 -1.568298699830162413e+01 -3.273305340092842926e+02
-8.492215953615161084e+01 1.196903583248063967e+02 9.864190688718561262e+01
-3.220375263192798987e-01 -1.383838962750914559e-01 1.217843586564479352e+01
4.054724224060309190e+00 7.504318209504085679e+00 3.345042183382904710e+00
-3.598008963879240696e+01 6.468236074396753565e+01 -9.884754604115748577e+00
2.264211163891311429e+01 -3.272541157420094748e+01 4.844412220252791599e+02
1.984088071621054539e+01 1.368626227545055052e+01 7.403923051887570495e+00
6.498868223068601679e+00 4.441629543631869792e-01 4.029695117040533958e+00
3.184544695888267718e+00 1.692846218589317164e+00 -2.367513018440877914e+00
3.259504524040016449e+00 1.430177988650378751e+01 -6.533433119912555043e-01
-2.564612403084448715e+02 1.890349041659530371e+02 -1.456947238500213473e+02
1.072578179953346762e+02 7.331214261297787971e+01 -6.969753975809575763e+01
7.645417270272787391e+01 5.013325346754176337e+01 1.257954332313850188e+01
3.158762068288220703e+00 6.109824763279150694e+00 7.993970464675690391e-01
5.639931653461983885e+00 7.202556770625804461e+00 2.867470566632976503e+00
-3.879825333116396102e+00 3.292685072192587370e+01 7.158605421421176729e+00
3.068225423700702095e+02 -1.335367216501011569e+02 1.683812414048313428e+02
1.546190281725860594e+01 3.994780322321703991e+00 6.167252508646943632e+00
-3.732076297041098911e+01 -4.310020297069664252e+01 1.185394313994802928e+02
4.848392824078598728e+00 5.699006171560525580e+00 3.332076244602875104e-01
6.856643100106841082e+00 7.205254963689781356e+00 5.006068282818565418e-01
4.916752782564124402e+00 8.385849198241162483e+00 -9.382180927598744447e-01
-2.903576109316337295e+01 5.588821279292525190e+01 -1.186505494359348134e+01
4.454436977154081490e+00 6.727782332104677465e+00 3.162793799572228615e+00
1.094452164540832229e+01 1.918826192173485046e-01 -1.131633017074097758e+01
3.235681911244141951e+00 3.499156742298519696e+00 -1.565446632467534016e+00
2.669866499233572554e+00 4.589265162409025933e+00 5.549169520389285459e+00
5.185405539090834282e+01 1.309770882961802272e+02 5.058964189479326024e+01
2.659005135592011015e+00 2.076703093695093649e+00 -2.845576786442248540e+00
2.790846999920727711e+00 5.425028191004778400e+00 1.298341235263905880e+00
4.226976358379128662e+00 6.122614913495890043e+00 1.736977775142688918e+00
5.371553098303331275e+00 2.072912302204414026e+00 1.799471244635340472e+00
-2.907964976780623267e+00 1.113840624513235156e+01 -5.455965831802513932e-01
2.978359812912267479e+00 9.852686218143812624e+00 5.260672229601832228e+00
7.462856135914335276e-01 1.831893218409070911e+01 4.736918026974400675e+00
4.145456576727979403e+00 6.290822873540185434e+00 -1.538086233031330963e+00
3.796597439476292912e+00 4.919915779778934350e+00 1.883572579199511265e+00
4.435536624852404231e+01 1.835507124601661033e+01 5.291789026933646767e+01
2.759356677364166455e+00 2.167653473403843023e+01 1.169551804427507236e+01
7.431356834173316273e+00 -1.780215807782512760e+00 3.359879710770595551e+00
1.906318431993011764e+00 1.545409988572546212e+01 -2.211937531347873520e+00
1.166220203682493128e+00 4.522083974807786788e+00 6.041126762447289522e+00
6.381274161441281123e+00 3.546438408714767121e+00 2.199099966988741883e+00
-2.185702614887148343e+00 1.180097982582930527e+00 2.114513991842359442e+00
1.082491756926788185e+02 2.858001850533123189e+01 -3.088232959189216587e+00
3.849427818886035801e+00 2.083311941797289180e+00 -1.782146984803569811e+00
6.832088596965389726e+00 -2.598083748785328106e-01 -5.769857416194158262e+00
-3.178722080900275770e+01 4.188584947669224334e+01 1.152032493582506589e+01
-9.424714397733642102e+01 1.770860082066525365e+02 1.706343972716656765e+02
3.775651259536393134e+00 1.007934244803758084e+01 3.476695434113190153e+00
7.879049123110567265e+00 -3.762047317970694138e+00 -4.408060126982423554e+00
3.568515150945985148e+00 5.989536346921199517e+00 1.781639070489842602e+00
3.690133502184224312e+00 4.904921141556030761e+00 -1.934808219534046581e-01
3.200819738844825224e+01 1.347176982905004294e+01 7.778666223708528094e+01
2.506017034327959081e+00 5.209396253908757934e+00 1.643513903657662922e+00
-5.367465332999959315e+00 7.184221740162233694e+00 -4.457930893765283287e+00
-7.657741337079816191e+00 4.738115605167265265e+00 3.904987169730885554e+00
1.122439727881505078e+01 2.600749918598362243e+00 2.230789160132960802e+00
2.388078144338338760e+00 5.958627944263542808e+00 1.414381347242113396e+00
8.355357614705284375e-01 5.587495088691195377e+00 -1.050667780904961823e+00
1.201823755443643726e+00 4.659201664285277822e+00 9.733879083098295748e-02
1.860271774107802090e+00 6.350898513005882151e+00 2.594154004607839958e+00
6.722080093054759509e+00 5.085043583138882717e+00 -8.982736499121980744e-02
8.049001631052242089e+00 5.265616159733932378e+00 3.384111824294037341e+00
3.187648884306400809e+00 1.637347595879577788e+00 9.940081162196172215e+00
3.071732374840266289e+00 6.273143733213279560e+00 -1.676548165210241237e+01
1.741365560964181824e+00 -2.946634830064211563e+00 1.279775757365028355e+00
4.249608304927221525e+00 2.041310530190926897e+00 1.775890520412283236e-01
1.528394463630790234e+00 3.982759899253082381e+01 4.729294609237759772e+01
4.196796043893720451e+01 2.280750140756878608e+01 6.112900669690990441e-02
-3.653839818971268416e-01 5.807838255423938278e+00 2.353323764616405356e+00
1.883908305261910300e+03 4.966080078322976078e+03 -2.801192259076568462e+03
-1.843345631133443703e+03 -4.959035243424774308e+03 2.831722802806491927e+03
7.407456498336012274e+00 6.564710851334296215e+00 6.566268518356942252e+00
7.002503163224565697e+01 1.287002262148234308e+02 -3.012347573978084370e+01
7.099670515312958230e+00 8.766313768350775248e-01 5.609826664565462195e+00
6.109726436736133692e+00 5.953998390559380738e+00 -2.111806534890398268e+00
4.944044214198305198e+00 3.982074797880256867e+00 5.973973995956160188e+00
-1.180889699279447882e+02 7.383182204047150776e+01 8.929144203251595968e+01
5.997807448927252594e+00 6.379120847101720670e+00 5.299365341746208102e+00
3.756805908507009073e-02 -4.301094285473858747e+00 -6.326560266709976288e-01
3.632846276740349545e+00 4.277705946074818577e+00 7.558773554423658947e-02
4.254428817180895273e+00 4.862383896329522059e+00 1.403088995606164957e+00
3.843284325425476489e+00 4.996071843892293529e+00 5.669710740589670728e-01
5.919723303080746124e-01 3.334936807442840490e+00 6.490249139246345722e-01
1.671070597604150887e+00 6.171290657224040466e+00 4.874661150523177611e+00
4.710302438232158551e+00 5.788065953268291430e+00 2.473040012174845259e+00
1.857849772740496785e+00 2.725688693907319937e+00 1.459875137415922008e+00
4.467635416373194168e+00 1.228780632072682266e+01 1.165235945074566004e+01
2.485192622525533412e+00 3.050929866325869710e+00 2.343876804673755032e+00
3.560196480373462258e+00 3.862112866119523424e+00 -8.274752036605055316e-01
1.111605039990716648e+01 6.447957366952387304e+00 1.444706705998333618e+00
5.396375456045150898e+00 -4.696397261155510705e+00 2.299340748839542869e-01
-3.870217136092506394e-01 -1.768646467203489081e+01 -1.222206405118839356e+01
3.676649882075057052e-01 4.200359894061272747e+00 5.801888765143030646e+00
3.158843101376688445e+00 3.503168424096904765e+00 4.061229442254981059e+00
-2.112010766593894306e+00 3.365914711355742384e+00 9.737323819374754663e+00
3.257471029390447415e-01 7.160407538897707980e+00 1.834327003630291442e+00
7.981366926465409684e-01 3.716904948551918331e+00 2.043090816790421371e+00
-1.460375397863355147e+02 -5.395373850787990477e+01 -4.430843779522734138e+01
1.182776439479958341e+01 4.321154624103276376e+01 -2.063440796149019718e+01
-6.087911874325607187e+01 -7.967519038679803600e+01 -1.036664550743546727e+02
3.368119134077702803e+00 5.432189276538680112e+00 8.783455655906637904e-01
3.843972280544953435e+00 4.641523983409744147e+01 -2.130550376498984733e+01
1.970943589991320799e+00 5.608864988848469402e+00 3.597488391839417154e+00
6.180026530583459632e+00 3.161335669881402133e+00 -4.141566408149984113e+00
8.018229590924896844e-01 1.124151863697800735e+01 2.079015433598625950e+00
4.182181397641991261e+00 4.636359211769399025e+00 1.658945497131670277e-01
-1.299659562409032674e+02 8.450981402926254304e+01 -1.686838381214461435e+02
2.696012605655555561e+01 5.500729172509838349e+01 4.792924115030933052e+01
7.334302885697026113e+02 -2.158825113487985732e+02 1.161974636900101814e+02
3.515116544045230995e+00 8.767214631970908556e+00 1.836777463316656256e+00
4.726178159939226298e+00 5.017844956521291255e-01 2.055946601737142498e-01
2.721340265881983669e+02 8.761365921116456548e+02 -1.980866902721837732e+02
5.106465921711913047e+00 3.266786761627754387e+00 1.541463540594945059e+00
8.748189932830705118e+00 4.664343261326266088e+00 3.887060706789112974e+00
8.206758870781742932e-01 4.978729153086789871e+00 3.540011374399987254e+00
8.866494509287992543e+00 9.281524737463676900e+00 -6.355157887868765343e+00
8.099747942537456780e+00 2.559305361788377198e+00 -6.904065184844510039e-01
4.535979827405956399e+00 5.392263819894917987e+00 7.507283614725782095e-02
-2.409772777285350109e+00 7.433125096737676074e+00 1.820337318420345962e+00
8.936782147117955333e+01 1.306428201410184542e+01 4.130619804794761052e+01
-2.305219937187358958e+00 7.519897562365597032e+00 1.001527325671266455e-01
6.028256135733883525e+00 5.170101071441399299e+00 1.022731681466180653e+00
1.847888670299365685e+02 -8.656089123873411495e+01 8.683256994720267130e+01
3.534782913906955315e+00 5.112659767400438149e+00 2.549718049639442263e+00
6.150602064248882783e+00 6.375183074354652035e+00 1.563195692248455781e+00
5.133314606090770837e+01 3.964945121458287502e+01 3.927998307977411230e+01
7.120300967888383070e+01 5.133096009171658380e+01 3.127149894020621446e+01
4.711720685052559787e+01 1.136387503095739326e+01 -9.648256953867893060e+00
-1.349158538475481173e-01 9.866730774918548441e-01 2.212718129121854282e+00
1.058044228679885901e+00 1.069304652486032126e+01 -9.074630875106364236e-01
5.426952822355533890e+00 6.586671218331929367e+00 4.361613829848944413e+00
2.311682156301890334e+00 7.082525543772181464e+00 6.354015281029205653e+00
-5.460546226686976423e-01 5.365076702167796086e+00 -1.364421184166797474e+00
1.699683828615408032e+01 1.878823705001470046e+01 -1.356232804691878968e+01
-5.646458210353940785e+02 -9.594325143345913602e+02 -1.300662926218961388e+02
-4.807237522612076153e-02 7.321436748717694343e+00 4.019800733456886377e+00
5.576202568067925469e+00 2.113455430942382307e+00 -2.312761386314956535e-01
2.522142717948390178e+00 2.106131426311769417e+00 3.779327977698091701e+00
5.743896885779327022e+01 -7.516181880258635317e+01 -2.326520368890573423e+02
4.730999194614581072e+00 6.889099263465665146e+00 1.635345511189989942e+00
9.152834309386885803e-01 5.150825906436161006e+00 4.713110379015739149e+00
2.807455533778290935e+00 8.528575502615484139e-01 1.289920544354979270e+00
4.613091946259796572e+00 3.097520476697530611e+00 2.723315639153712109e+00
8.479856445735484272e+01 -8.579302623491006585e+00 -1.981347029473388943e+01
7.390686560605728062e+01 3.134481706618144159e+01 -1.284308157224850078e+01
6.444016231899752256e+02 3.426214584295720442e+02 2.596220496533993014e+02
-7.635032921400566330e-01 1.463067718148953489e+01 1.259566819964665285e+01
-2.250098011688086075e+01 4.843936526150706356e+01 -1.103928096867458630e-01
7.937805613360439105e-01 -1.855074137991186589e+00 -2.235983804108683692e+00
4.186667090227362387e+00 4.470952948033199981e+00 1.944797912196732259e+00
5.899605284864321675e+02 9.730320546777440995e+02 1.438006968711382569e+02
2.497493162608694917e+00 1.196640200908367868e+00 2.702403052479662726e+00
2.391123335150528462e+01 7.694731938020936468e+01 -2.909057856596863090e+01
3.550171731836267774e+00 1.937935876616886333e+01 1.010930938717289429e+01
1.248793404739906165e+01 -7.206445837035975188e+00 4.538325339206267905e+00
2.601520313798268376e+02 -1.035150304337374337e+03 1.141540035265901906e+03
1.053747235160771734e+00 1.780124354780229456e+00 9.622548700050481685e+00
1.958910845181835469e+01 1.397966447422779979e+01 7.388746977939234739e+00
-1.302670111711807088e+01 -3.107781928870755905e+01 3.390353060052939327e+01
2.015967511280660460e+02 -2.584942984688299248e+02 -2.114656206336771405e+01
-1.829571502686088138e+02 2.395357202736503837e+02 5.748847747765090332e+01
-2.669686802239475014e+02 1.042682312889661716e+03 -1.127573215901856202e+03
-4.093777732897643205e+02 2.852512793341044812e+02 -4.889383525069806637e+02
7.380992841234929713e+00 -3.524840890535521076e-01 1.829733091333729522e+00
7.284080776698374393e+01 1.657328503561134525e+01 -2.949450726719166749e+00
6.209320145547754244e+00 6.482711258720780023e+00 -3.744288216912521783e+00
3.707189274000969981e+00 -4.415683971915888684e+00 7.696916553560427587e+00
4.039404977672269297e+02 -5.478624456387515806e+01 -7.460702491860882901e+01
-7.611211841514145817e+02 1.747032868787954953e+02 -1.582742038436969096e+02
2.318811982418264028e-01 4.168199548980467739e+00 4.368583978372740373e-01
-4.838884319748776974e+00 7.523511765371051041e+00 -9.660740425989368774e+00
1.108436105540467764e+01 -8.668242638225024166e+00 9.293860206582706951e+00
3.449910232993419257e+00 4.597144055945232566e+00 1.003337452682209641e+00
3.320934284898336308e+00 4.780338718539093534e+00 4.657856034081291341e+00
-2.346097030837397679e-01 -4.390626133378913387e+00 -6.631687852865831845e-01
6.127969489356699384e+00 7.556801883420943611e+00 2.355572112783763661e+00
-3.536052704104642999e+02 7.849932825092504629e+01 1.123428345982722760e+02
4.609303306974158687e+00 3.759412156737999666e+00 -1.604058942176465052e+00
4.828877550849268729e+00 4.048308418645255813e+00 9.866113394758135868e-01
4.210130317370313833e+02 -2.669086213158954024e+02 4.442539575198445618e+02
4.368436707947662256e+00 4.054016338910598094e+00 1.147192065358823565e-01
2.260775051908774813e+00 8.852230746112832449e+00 1.820704630852291839e+00
3.037448115151261341e+00 5.309843259071290511e+00 2.291202035786823021e+00
4.116464929768317127e+00 7.949569564834494173e+00 1.909031113031226745e+00
4.219174224425850106e+00 5.708972062816778603e+00 2.194602749582056589e+00
9.765572930241273042e-02 -4.328938435215759384e+00 2.984890549310144969e+00
2.275244092976776322e+00 1.809904036900152668e+00 -2.484355513003103921e-01
-1.558123878843928667e+00 6.481368639708199098e+00 3.583247044534101811e+00
9.780902559034410970e+00 -1.024050890295916361e+01 1.895304336065402051e+00
3.932630243414875215e-01 1.173263316230370279e+01 3.173017222701098206e+00
-8.239291197000915190e+01 -1.436818243701978020e+02 -8.608029055577264899e+01
5.501606326192383101e+00 -4.051975314183698273e+00 4.028536672805340224e+00
3.813560277628153194e+00 3.012102440834787842e+00 1.048098145295272232e+00
-1.023206100309879957e+03 -2.167848604276113349e+02 -1.126358772498470216e+03
3.182402906103879658e+00 6.593200900359830641e+00 6.029863300294520112e-01
4.548652710520748599e+00 9.241377526145246435e+00 -7.707648929560120266e-01
1.038078893129618541e+00 -1.114237827438488004e+01 -2.307172258444303736e+00
1.425947577604696193e+01 2.136851423443322062e+01 8.815421970662441709e+00
5.869443610412198531e+00 1.274451975440362617e+01 9.108877321351986467e+00
5.027508642692366081e+00 4.309826822982004302e+01 1.188453230907029763e+02
5.935128025117003325e+00 1.125815259234571641e+01 -9.053122010585484825e-01
4.127611611162963712e+00 5.284359863280045921e+00 2.998710106762105365e+00
3.436787400042342178e+00 5.920278837753484069e+00 2.387117658843724399e+00
9.492191991519934646e+00 1.215875655021005564e+01 -3.860017212220911986e+00
-4.590979903387183647e+00 1.046414134374626492e+01 1.908633301720378928e+00
-2.480453751152189170e+02 -9.897675325374936506e+01 -1.328787341933463608e+02
4.572891751562948137e+00 2.835492582532851635e+00 2.214229210435684436e+00
8.434636355113212858e+00 5.183626392140599393e+00 1.044357598579996527e+01
7.893014464394768837e+00 7.263734783539445239e+00 3.677351002221957987e+00
1.816557325488206587e+00 1.014803554912356631e+00 1.297966366139361760e+01
6.525842166873265349e+00 3.850177127276268152e+00 3.990680830502254750e+00
3.979554321915157011e+00 4.303709582711340964e+00 -1.216861001400599385e+00
5.981620237832457860e+02 -6.306914562560405102e+01 5.923721089646363680e+02
-1.697559741152055546e+00 6.305458536767710953e+00 -6.589140200980868833e+00
2.796647289227680133e+00 6.885626966664770698e-01 6.931082436722752149e+00
2.647238924514067726e+00 5.062619552981854731e+00 6.445587367850148297e+00
5.315353219491998349e-01 6.658920121742259113e+00 3.454344987922030263e+00
7.072757556982212535e+00 2.729914411164688914e+00 3.432436479329288659e+01
6.590615290327475506e+00 5.530792517555982890e+00 3.466667476131750192e+00
6.652793242359975068e+01 3.651059076926385671e+01 7.794420265526651903e+00
-5.176854485552501046e+02 -2.400112799341492860e+02 -2.256356907328680563e+02
1.197872867041797029e+01 2.726174352673222501e+01 -3.783085478301175897e+01
1.524230300873092414e+00 4.283277212514845722e+00 5.923632178702020745e+00
-6.860268387469602203e+03 3.215270700158396266e+03 3.332230891820573561e+03
6.881512129266261582e+03 -3.204410836295221088e+03 -3.319584810326038223e+03
6.263891583250904560e+00 1.245859251801928913e+00 1.780610313754529273e+00
6.055834024972509724e+02 -8.631930955351479895e+01 -4.740316286309996485e+02
3.638443624341263671e+00 4.774406885739033157e+00 7.509800256974706878e-01
-4.645199187526195539e-01 3.480372226601339491e+00 2.963693122970156857e+00
8.010560805102470283e+01 2.609217052142157556e+01 -1.397387232988145733e+01
3.040212112474714345e+00 5.403655618437039898e+00 2.827633617178020753e+00
2.063930918639963608e+01 2.036147199322236645e+02 -1.604615640946240660e+02
8.723003450078184784e+00 9.481657503043464885e+00 1.057873688442147131e+00
7.627324542637445859e+00 1.787910826297082423e+01 -1.610796276684886230e+00
4.580780367818516829e+00 4.775491037630157365e+00 1.226939043085415237e+00
-1.311746957032648453e+01 7.766184793215970217e+00 -3.142478052370847319e+00
-6.140141910789600388e+02 1.032802938592907651e+02 5.216731224218916623e+02
4.563309238513500787e+00 6.784500135131303011e+00 3.262237932969414445e+00
7.979486762504357955e+00 5.129842289830424562e+00 -3.727298182380824443e+00
5.787949760443828140e+00 6.900279953831740976e+00 -3.064426568462454981e+00
7.530746160124181188e+00 5.916615913802179882e+00 -2.381354694569467512e+01
5.593625720959178871e+00 4.010873716326941008e+00 -4.414008798033375314e-02
-2.343792048466029954e+00 6.183685082021915136e+00 -1.011299646720566492e-01
1.051472453614549529e+01 8.592031793758625469e+00 5.082680432768556500e+01
-1.794628105732119039e+01 2.892762321290328487e+01 -1.854786368563371468e+01
1.968470834567176198e+01 -4.289614848643049427e+00 -1.353401369415101030e+01
3.823114851391259350e+01 3.636796717502010523e+01 -8.839817485839515143e+01
3.140330575522513712e+00 1.650891245299450638e+00 -1.366258220456768591e+00
3.616678098091672400e+00 1.300403975431257919e+01 1.845102171427474680e+00
4.789113963612006586e+00 5.748076546735100933e+00 5.474324494294435794e+00
9.263207984383699412e+00 5.034226580972135601e+00 3.857672905383684903e+00
2.552191136600956867e+01 -2.199240187608155317e+00 -2.061850624527995635e+01
3.501660389818062491e+00 7.833287625261299958e+00 1.414265421391126321e+00
4.209477473029680894e+00 6.706465210894645423e+00 5.663111652356280779e+00
1.589428379656657064e+00 8.207714871953378122e+00 1.866024378587840094e+00
3.421241802607148053e+00 4.787023581546074880e+00 2.224023572378814428e+00
-2.834780425187552133e+00 3.276325437228935300e+01 -2.158501696862298047e+01
-2.213519977663959892e+01 -6.039471521016069744e+01 2.664838257599121718e+01
1.977298953892474032e+01 1.825798364386223671e+00 5.912409900109042837e+01
7.932242446612852049e+00 5.062149798706831128e+00 -3.672201517369878765e+00
8.019820979400738015e-01 -6.536240213014836709e-01 4.452846552100580446e+00
3.004692402745062552e+00 4.536545937023880093e+00 -9.222791668080101979e-02
-5.630869905675380949e+01 -1.749773797524998287e+01 -4.131094601636768004e+01
-2.776168246572698806e+01 -1.570684682662972520e+01 -2.991135234729293213e+00
1.835770160346949709e+01 6.978241522860675161e+01 -7.933783351834433972e+01
2.717876922344616197e+00 3.086585537567705373e-01 6.341124546608828183e+00
-2.746579877865904962e+00 4.782309002177651536e+00 7.012619818421550022e+00
7.838702634887318332e+00 2.554715588266009085e+00 -1.096817489327377793e+01
7.298565178098803230e+00 4.531165077829644616e+00 1.174159866393151841e+00
5.941154524833708095e+00 5.763004473851739640e+00 -1.475695593690786289e+00
3.442879008053296719e-01 6.217273366857195782e+00 5.923783649813476160e+00
-5.271288572461238573e+02 -1.231138716009772054e+02 -1.182948563431179537e+03
1.561182007396291169e+02 -7.320118208676133520e+01 1.663621900887693243e+02
1.352734276237859135e+01 5.404370617287080236e+00 -5.574681609882853550e+00
3.400789077060722754e+00 2.471045819539127386e+00 4.477150833191180013e+00
-8.393868803343281115e+01 -1.213902524859626055e+02 3.752449557929799084e+01
2.806534757653032841e+00 5.399450709973353746e+00 1.233291145335532413e+00
4.817922329952817329e+00 3.657677328198910338e+00 1.254625256252893895e+00
7.159185423477014254e+00 -1.981643316781923070e-01 1.374520909023108306e+00
1.820600362609401168e+00 4.005539484061233502e+00 -7.833973696156803612e+00
5.800418255037869564e+00 5.780220886906096922e+00 6.023069378198790069e+00
3.025753122443306076e+00 5.216605036728689804e+00 1.197637334013022858e+00
6.816498565728655201e+00 6.514606943217854607e+00 1.916892325729874891e+00
-4.844939824290086960e+00 2.533430449695322828e+00 4.351862174105641579e+00
2.591479738710890324e+00 3.318790608207147663e+00 -4.825091489867221473e-01
-9.511379947599066798e-01 1.188197065025326538e+01 9.163609707215865541e+00
1.938445146522071383e+01 1.267664282600959424e+01 -9.972564763463340753e+00
2.041947237310699492e+00 2.267515430704132839e+01 -5.320748966358301857e+01
7.264546238724680194e+00 2.954983462586945553e+00 2.628343043094527043e-01
3.582979952641058397e+00 6.239083883787225560e+00 2.268673060183590273e+00
5.715494384786056514e+01 8.969921836088158074e+00 -4.142985304564105320e+01
7.912896217712828140e+00 7.088401722220982748e+00 -3.231857434774561888e+00
4.761419855193256723e+00 9.569702601932364439e-03 3.585329479954609155e+00
2.545421782667146360e+00 6.019461751915503811e+00 3.065837050800527042e+00
3.044134384374122426e+00 6.665871028217122074e+00 7.878840410298834307e+00
3.908864361942980814e+00 3.611801871077410020e+00 2.745579594912744170e+00
-3.294019557857914151e+02 -9.140104363277065431e+02 1.307249399921078066e+02
2.134195529078050413e+02 -1.691523073846563108e+01 3.180349381168979406e+01
3.108342311330478669e+00 5.101039815930274557e+00 2.484120518334549832e+00
3.901232657871457121e+00 8.889166351536914590e+00 -2.718917666667731714e-01
-8.820124386243162462e+01 7.859519119806594745e+01 -1.705860942577583899e+02
2.151498595450600071e+00 2.761529947774608473e+00 1.644846553397527611e+00
8.992991968904340183e+01 1.385481061439940618e+02 4.171445433906913536e+01
4.981230531897451463e+00 4.879279871051399375e+00 1.993933301214435794e+00
4.569043767013116764e+00 4.618915061899011576e+00 1.079228324857774979e+00
-2.466038236376941200e+02 4.252715986670532544e+01 5.693978620023570869e+01
2.330906441073211433e+00 4.304196416260289482e+00 2.869020264313680846e-01
-2.274815035955812359e+00 2.624714664695953492e-01 -6.393865157713030101e+00
4.472047826755699134e+03 -1.013041874293273941e+04 -1.006541526709326899e+04
-4.456188239208830964e+03 1.013678476453445001e+04 1.007935278426996047e+04
6.622897087423895712e-01 1.171839883955724204e+01 -3.280803420093443279e+00
3.378545256525147700e+00 7.674898203132170416e+00 4.282234220032062666e+00
1.319921771786421782e+00 3.423604418706365671e+00 6.073568264440388553e+00
-1.453758728594485916e+01 -4.359130338619052480e+01 3.328979335443810328e+01
2.468806808727467939e+00 2.119793802942361971e+00 8.649964455729911572e-01
-9.692724374501715534e-01 5.117010815861087636e+00 -1.620110904926430839e+00
1.831002216852908759e+00 -7.643517157222463609e-01 3.096189192137394741e+01
5.802546882599241229e+00 -2.645647019021176050e+00 6.025139425682008110e+00
3.069091626929488115e+00 6.973380253344068080e+00 7.024735466892968461e-01
5.012804473580183995e+00 2.379081448857843561e+00 -2.247426882169994311e+00
5.146487791329617423e+00 1.431288376713782640e+01 9.609856273381437219e+00
3.517863121490459655e+00 3.069746798806195720e+00 4.511769740069651036e+00
4.229397767110715911e+00 3.798079042400354766e+00 1.154902355788606005e+00
-1.567851408043282824e+01 2.102234151713952315e+01 -2.802217679280209239e+01
2.872603387988993617e+00 -1.207382248012199177e+00 -1.039175736487169655e+00
1.143394971154446438e+01 9.839837114591194478e-01 3.628418453205797789e+01
3.719802504841999369e+00 2.403180916473989903e+00 -3.610734165915474136e+00
2.512718918680637330e+02 1.291182215310447248e+02 8.161532180231449729e+01
1.016959244810223026e+03 1.863223582623573691e+02 1.152986398844621590e+03
4.326677454219903574e+00 4.315285317977174628e+00 1.476453294349338474e+00
7.347709051863056118e+00 6.318621883095487668e-01 9.479623728508968838e+00
2.686148819239153340e+01 5.066247843586520361e+00 -9.478168982674318954e+00
5.583173375190161103e+00 3.045555678207239048e+00 2.655682518676118598e+00
5.113739853715206785e+00 5.657878332468310845e+00 -1.711840734279704179e+00
5.803699460998394066e+00 5.089657450477683476e+00 6.233842703619195902e+00
3.280639859147090220e+00 -4.002276603530748877e-01 -4.933171903744439035e+00
2.697162198150586221e+00 4.455746409752420867e+00 1.578781923114069397e+00
-2.188425044588616419e+00 -6.089762402568859034e-01 4.799110429377661191e+00
-4.047156122843952986e+00 -2.794037323513248516e+00 -9.935678415228855087e+00
1.105705098208962678e+00 2.208645329108100519e+00 -2.319955208903170529e-01
3.949731508569444216e+00 4.926907607687748936e+00 6.948358624905129233e+00
3.352071685944571833e+00 3.724841726403673725e+00 2.853941863684050340e+00
3.297196747360095159e+00 2.943891538358674786e+00 5.284529177014446688e+00
4.226599495638593496e+00 5.900854838583191153e+00 9.021992002647473141e-01
-9.116188069780194470e-01 1.474786895973741530e+01 -3.291602431691348585e+00
8.484901295554248435e+00 -3.005989802081184159e+00 8.845936477431874323e+01
-6.435416313537751787e-01 -1.429223077668778075e+01 -1.297981793863971944e+01
2.529198264626648207e+00 4.452578276413228231e+00 -3.044347665277931658e-01
1.253555640413648753e+00 6.415071989608385650e+00 4.722726162892104895e+00
3.836344066225874982e+00 3.695869367468059608e+00 2.531569689491809605e+00
3.443564102802737281e+00 2.208740144647441994e+01 4.428177766940210347e+01
3.945102539488329896e+00 7.169532805449005508e+00 -5.194018152231859586e-01
1.467374622742034163e+01 4.004634641459111322e+01 -3.689017119926029409e+01
1.522833030779199959e+00 8.010003463601277574e+00 8.170252736569320717e+00
5.318075094531296010e+00 4.914168687468392527e+00 1.627984202410968528e+00
-4.336375524789044675e+02 5.764001081164400375e+02 -3.538874981408460485e+01
-1.425432412892454792e+01 -1.984180247150498388e+01 2.237702442686002513e+01
3.675506628453030444e+00 3.843254375575533288e+00 2.466725372895280710e+00
7.523511326843483005e+00 1.390473066011239034e+01 1.753762167003624306e+00
3.449901297638402475e+00 1.484722755473101508e+00 4.293006053010108403e+00
4.217546139925640425e+00 5.710642677726094796e+00 -9.431280174352758561e-01
3.587060899023447824e+00 5.283603990793661609e+00 2.322519083641893189e+00
1.232529510164801145e+01 1.432229149149676140e+01 4.344809838999192664e+01
4.781001104419351577e+02 -5.575472402409701544e+02 -6.477881460458487339e+00
3.865558002682456085e+00 6.128769987996721014e+00 -1.599408963178427234e-01
2.112987828991301598e+01 5.164039542526456472e+00 5.612350467746581195e+00
1.789847456587568608e+00 5.745876963775187640e+00 3.908961281283523270e+00
1.630888080328631062e+01 1.195034211211753927e+02 -5.084772640346341888e+01
1.063826442398679717e+02 1.061023675777066870e+02 -2.654893859792678157e+01
4.283382338470252293e+00 1.684227166106176288e+00 3.551423330920553845e+00
4.874310594964937238e+00 9.022535675328473559e+00 4.311761311728576906e+00
4.445814247032189748e+00 3.579255771197027869e+00 -5.457147859935759016e+00
4.523801309456703734e+01 1.472371199799270869e+01 1.944284965496832740e+01
4.521220275209549300e+01 -7.064650936945039206e+00 2.412571299411661130e+01
-4.659446441120001836e+00 7.496440478232322846e+00 7.913232811238236408e+00
5.407449325327915446e+00 1.002370574648257495e+01 1.127276621200742124e+00
-6.568588316655458925e+01 -6.015003474234946168e+01 1.194675757581425728e+02
4.820177606426886641e+00 7.576060172745764376e+00 3.406883361733145321e+00
-9.113363784936345837e+02 -4.740741804406087567e+02 1.039504185818644601e+03
1.047905110081772762e+01 7.873561991346170430e+01 -6.598710225683960573e+01
9.685349954805148798e+01 1.676981662357619030e+02 1.091280697838635945e+02
9.214307450099641983e+02 4.854040487056245183e+02 -1.043743429188939444e+03
-1.729924364101240641e+01 -7.437214557561954109e+01 1.062093695712135002e+02
-1.524205744010244956e+01 -9.738855128877776934e+00 5.673304297502581761e+01
5.006156114464751283e+00 -2.390140876094801303e+00 -2.266807403550136435e+00
1.359996080615061764e+01 -1.663480610721129693e+01 -1.892060888626652968e+02
3.255711985845927359e+00 3.796622914363486423e+00 -1.000120705933397858e+00
5.480714876106175915e+00 2.854833791905996065e+00 4.192555675446862917e-01
5.460686607834520423e+00 -1.814342472727114464e+00 7.252919012503740603e+00
1.322483989491587764e+01 -1.155240404187849634e+01 2.207482380183743942e+01
3.470310195318990765e+01 -9.648926507359374227e+01 1.359447281621164620e+02
-6.439456591830154952e-01 1.133967616525634803e+01 -3.277859218016452303e+00
4.104022847469456892e+00 6.276311060023278543e+00 5.524347664492107235e+00
8.105819271820276839e+00 3.279834287601020471e+00 7.316888171809409869e+00
2.928480546008472629e+00 -7.968436236773970283e-01 4.094102033646211503e+00
2.308798521694192729e+01 -6.661981175553390244e+01 3.973871254813359855e+01
4.569009815616271908e+01 -5.129097241692191744e+01 3.598209069857618658e+01
5.170811991104192096e+00 4.686641126538744651e+00 5.716781718919390798e+00
-1.141139104287633099e+00 8.811190482775192123e+00 2.080957168993786244e+00
-5.345441799807174377e+00 1.518131187554598860e+01 3.596671745670287912e+00
2.888437265609711702e+00 6.231724395119384141e+00 -2.531549964887032544e+00
-8.790366878723578026e+00 -3.815519801556203561e+01 3.996398145280242886e+01
-2.428606374833920944e-01 5.428736373603157972e+00 3.170692602500883250e+00
1.309503486301035746e+00 6.256934085450277294e+00 1.282496844298239047e+01
1.555919102063700876e+01 -5.212240007225695848e+01 -4.363752023101908151e+01
2.891329749426213880e+01 1.853275264314494564e+01 2.735560140130904827e+01
-1.247738770419104242e+02 8.103362653338906796e+01 -6.340443299675423638e+00
-2.890240260080590318e+00 1.184227852898766420e+00 -2.679302847522486708e+00
-4.317517946642745130e+00 4.039784333133141558e+00 3.442911863437439024e+01
3.515578684162419698e+00 1.658022542872279903e+00 2.774597225075176254e+00
3.940438789836747668e-01 -8.532594095211983642e+00 2.920543480949871906e+01
6.135406446469723996e+00 1.501197725824729190e+01 8.428604324997367669e+00
2.906024027419917388e+00 6.144660396376773193e+00 1.023282374332254108e+00
-1.541562471723114669e+00 -1.085928654726062526e+01 -8.837143260466622507e+01
4.753491458533328995e+00 5.598298865943687197e+00 2.333165831218470654e+00
1.600962688954518764e+00 5.301304537346227086e+00 9.450249046397178887e-01
3.855942216967637393e+00 1.631111789166527659e+00 -3.428865401583904848e+00
6.928570385617438099e+00 2.455631158436614392e+00 -7.819085754300227897e-01
-7.661189799611699414e+01 1.715893237157223083e+01 1.664810060649359116e+02
6.886152636622301770e+01 -1.008392383114634185e+02 -5.963526711639861588e+01
2.239789230773543416e+00 9.499366619801417500e+00 6.341586000117695576e+00
1.041017776080760804e+01 -6.264871236353385164e+00 1.064666085185337963e+01
-1.115178455314310924e+01 -1.795956763956900204e+01 2.525348728093794648e+01
4.711315884900315609e+00 8.905938786249169681e+00 6.530847286888714187e+00
4.803217990142932159e+00 -6.008982623887240138e-01 2.859779259045763578e+00
-2.653717176692565349e+00 -2.285705472413136974e+01 1.128136286348678752e+01
-1.370385159211101600e-01 9.185806619236551285e+00 -3.878318455040881130e+00
8.055896100388043379e+00 6.742285154727189145e+00 6.957823505283380783e+00
7.826396301702993163e+00 2.719162602571051135e+00 3.824926444146434790e+00
4.577330402252852259e+00 -1.680907085523834255e+01 4.707690814617189190e+00
3.260705733775104420e+00 3.595332752227092143e+00 2.663351327131611157e-01
-3.786371958715056607e+00 -2.953779603748932203e+01 5.715697668602258830e+01
1.143608401524747897e+01 -7.463065498951316101e+00 7.250473384423289147e+00
1.923789366104266918e+01 -5.145584966940707261e+01 -4.819506102265800251e+01
7.462166015530013574e+00 2.179074052695253005e+00 4.009338914908958884e+00
3.913017323771748046e+00 -1.278155441294950201e+01 -3.514967662009856664e+00
2.267251928877564104e+00 -3.126626410446717852e-01 2.141317325318550502e+01
2.555750264967403318e+00 5.399313998716598562e+00 2.155346616730909659e+00
7.421247700343583276e+00 -5.099857738792168504e+01 -5.692550116298276208e+01
4.431852096794689722e+00 3.111654866263310559e+00 1.318582257990224882e+00
2.592496079403140641e+00 2.575380483563452216e+01 -4.841896106793207366e+00
5.374062003522871223e+00 3.282740140591967837e+00 2.593277618318563071e+00
-1.262878368806584604e+03 4.479597401450645862e+02 9.323126644671160079e+01
2.058237390053029081e+00 -1.436741478852920473e+01 -1.451882163257736380e+01
7.621281618713294392e+01 -3.538413233866479146e+01 -6.874506060657924422e+01
4.014901576333995692e+00 -5.321877442365778421e+00 8.859935376093783788e+00
2.253697884090188897e+00 8.305741953582767678e+00 1.530292451595985703e+00
3.716082448245860981e+00 4.014415868880762517e+00 3.346936555972166438e+00
1.242033849351395020e+03 -4.699734295510737070e+02 -9.656430391989169948e+01
5.840032385151135941e+01 -4.766471176762743056e+01 -4.778394799047461561e+01
3.927918233583016505e+00 1.709378939505778128e+00 2.570804264363191205e+00
6.147590228925192832e+02 3.592530870391392455e+03 -2.211533527507831423e+03
3.508554290337850823e+00 5.113098072213272616e+00 -6.604192549502476695e+00
-1.302853750753353097e+02 1.981356979725230261e+01 1.112213511544523215e+01
-8.124122588086253316e-01 9.598179799558405279e+00 6.123114466031228886e+00
5.331111168118520709e+02 2.195630845128722513e+02 1.147602725904649105e+03
1.027449375671617915e+01 2.880680937846936018e+00 2.601856225797900102e+00
3.633487475503552666e+00 -9.256877120999815189e-02 2.623389763928178464e+00
2.616307587779111987e+00 9.866667411440673163e+00 8.027787676764301494e+00
1.182331060031958181e+01 -7.868802946476625593e+00 7.229232612220219067e+00
2.240013995977273566e+02 -5.338918174151986022e+02 5.049048970674321595e+02
3.314285826734544749e+00 5.770961099287442053e+00 8.985652419153187243e-01
4.409505087945585728e+02 -1.021916694442761582e+02 1.750333251941494837e+02
1.646191693559672320e+00 3.428645214249266715e+00 3.176995611143480058e+00
1.524336686987945999e-01 5.954366193295239640e+00 2.457259871712432542e+00
4.620613360537139336e+00 3.204964358013459247e+00 2.083828506261013125e+00
4.582716910072326399e+00 6.329742070376942920e+00 2.837342111056595506e+00
-9.895351978150525696e+00 1.443777365694457160e+01 -4.418046679482826278e+01
2.977909906641113658e+00 4.203563663664865224e+00 2.588110999461203043e+00
-5.047529335544864892e+01 -3.943232050310741954e+01 3.564947652272878287e+01
-2.480685388002103053e+01 -5.298424186492951549e+01 2.930186000681050018e+01
-5.894360790958468215e+02 -3.576449389273982433e+03 2.225708645489654373e+03
-4.211284717035960057e+02 9.816607495188885935e+01 -1.396031655133845675e+02
6.765413105752157819e+00 2.827317910919476596e+00 3.043579299672790062e-01
1.687979729034109866e+00 5.154481958074677905e+00 3.842871451139713734e+00
-1.180437229037520375e+01 -2.584631421014367447e+01 1.922254853992845369e+01
4.031261509970986090e+00 4.175001334808157161e+00 -8.061520657345760954e-01
2.510857216358319377e+00 2.830031825529488287e+00 8.515929639550687824e-01
2.341474573188049746e+00 1.363502264104222483e+00 3.834000323305252422e+00
1.963849666254926074e+00 -1.998021880097305747e+00 -2.313690633515750772e+00
8.994493071398096617e+00 -1.541037729231243825e+00 -9.727230163934930118e+00
2.416692949228162135e+00 7.919351664560922544e+00 3.111786235802848077e-01
3.453915326395954999e+00 2.247846211020406493e+00 3.273434408185707412e+00
4.066976943902254504e+00 9.983326602359204216e+00 -1.001637877984019198e+01
4.619319483025820716e+01 -2.091797308074312411e+01 3.920268289847612664e+01
2.028145101355524105e+01 -4.369002625968451525e+01 -4.226722329136582346e+01
-1.564056215397972949e+01 -6.503013212650787800e+00 -9.976516482228559024e-01
5.587393030359901047e+01 8.382406084917111855e+01 8.360488851871518534e+01
5.604964878803667006e+00 1.191206942953089509e+01 6.135794637503336979e+00
1.136163545202786018e+01 1.305848701260843825e+01 7.212611874974851567e+00
-7.536290199676720647e+00 -5.907921620089848602e+01 2.750006660585197338e+01
1.893991487323340106e+00 4.104161289162891357e+00 3.446744234531394113e+00
-1.154185462772120552e+01 -9.356271060809133289e+00 -3.517144827456240819e+01
4.178701727032926527e+00 4.101139249135264286e+00 5.534061679959560109e+00
4.079464623389773337e+00 4.232924314123396314e+00 3.339002641822444772e+00
3.869889532737702531e+00 1.011072860470851786e+01 3.782068128277833452e+00
4.743536230045288349e+00 7.374109810987544478e+00 3.241358568148857699e+00
2.125627269608633796e+00 -1.467347323263043535e+01 -1.417815963398909673e+01
-1.573866711096455084e+01 -3.639209821493635388e+01 4.835111320220276809e+01
-6.582107692858118142e+00 1.095106818279949934e+01 -2.929044293097440743e+01
1.767020623279032421e+00 4.470842461622941855e+00 9.138591609705549956e+00
-2.926663446257170449e+02 4.318540006382442016e+02 -6.387265896112214705e+02
3.525221226603091118e+00 2.583086764428686344e+00 1.086037824221283810e+00
5.091077392988712091e+00 1.077359471197553020e+01 6.191614141466908805e+00
3.934869332901723915e+00 4.800528771589781307e+00 1.893847646893066283e+00
2.463708348597227982e+00 -1.662151057929437847e+00 -7.644918625383237298e+00
3.381938578373893556e+00 -2.937661403155167772e+00 1.250947099309023702e+00
3.858304803282240236e+00 -8.343438218103754522e+00 -1.714626056851307467e+01
-2.893714764125945749e+03 1.124359019757935130e+02 3.965952642127819672e+03
3.473823443869368255e+00 4.825677931354567463e+00 1.717141792131504863e+00
-4.215184292526487866e+02 -5.626543019448192950e+01 2.579463913488608569e+02
7.313613282746814548e+00 2.269233296499384878e+00 -3.526707938903661077e+00
-1.286645883611782004e+01 -3.244838144898944421e+01 4.098915035299935994e+01
-2.784585220671560535e+01 -6.997818007786359829e+01 3.802059004989091306e+01
9.684195203445962186e-01 5.783808035213237275e+00 7.066649252478550691e-01
1.899725766929461823e+00 3.014965806349509947e+00 1.314166917389581801e+00
-6.294447881675603540e+00 1.552202070682618817e+01 -3.376431672591832012e+01
7.505584928126275202e+00 5.104390769765714708e+00 7.795124260727120280e+00
1.942769614070317230e+00 3.246123230090653955e+00 -7.019057522390133030e-01
3.337166022318012892e+01 -3.551676423203979738e+01 1.986262732786095953e+01
2.908776284151331765e+03 -1.046465168256687690e+02 -3.950616300760951617e+03
5.167744858649757411e+00 4.393094572201067471e+00 4.039131316461931576e+00
2.827033585482869427e+00 6.985886094919873557e+00 -4.142900925333488971e+00
4.550034551105724177e+02 4.729278554160335091e+01 -2.124868105412945170e+02
-1.701601253917388590e+01 5.088600505914473615e+01 -7.560647311309463703e+01
3.154308912777530338e+00 3.286721721444376243e+00 -1.054518421162784936e+00
3.638768699549065566e+00 4.546653214113110408e+00 2.312968644786690953e-01
4.411021128681509751e+00 2.568721954282096043e+00 1.747373443169908391e+00
4.580573250249879891e+01 -6.260077186291551499e+01 -5.061594974689374027e+01
5.370839666181648653e+00 6.019111102363159382e+00 1.303313439263806384e+00
2.533812401515135448e+01 2.458433758765273325e+01 3.054924299612155636e+01
9.059336043744299349e-01 1.276584143380516956e+01 -1.802871805225294111e+00
-1.069088260377261612e+01 1.142686604430203801e+01 -6.768732380686046657e-01
3.249116354899793890e+00 7.151959699421158945e+00 -3.053671844696959958e+00
-3.294881179963608275e+01 -3.655322357552801549e+01 3.744928415596900351e+01
6.826570792716268876e+00 6.282992678430553646e+00 1.140441868246907298e+00
9.093987127795207570e+00 -7.752121234927791704e+01 2.155389354380318423e+01
3.228820184709416452e+00 6.073053482475103237e+00 3.857193433934550608e+00
-5.090762942619377327e+02 -4.369654101891388791e+02 9.575810643525006753e+02
1.054541552336240251e+01 -3.116382293800521452e+00 -2.722076438865876113e+01
2.799319348221895609e+01 -4.647210600981610185e+01 -7.012235026875535482e+01
1.177034325820644654e+02 -7.698371400754001570e+01 -4.754689990961895774e+01
1.418116492374961624e+01 -5.015190121985364158e+01 -3.548868661999245688e+01
4.990679371473213166e+01 -6.467259504574428775e+01 -5.075397506137554160e+01
3.841196379640714476e+00 4.237990883517614549e+00 -1.324313156578765804e-02
3.084967721286790976e+00 6.521180961208132842e+00 4.791794219405487887e+00
1.000356262527557050e+01 -4.013822676767359354e+01 6.535723689792293101e+01
5.190379321776512143e+02 4.388331782823713070e+02 -9.527415211306782794e+02
5.862940585064813526e+00 8.361440704541568181e+00 5.425028548247681215e+00
-1.547161952363224957e+00 -3.569718141050257998e+01 3.238728847287233492e+01
2.911070586399893756e+01 -4.402879251571735608e+01 6.096022960060919615e+01
4.293179397890080295e+00 4.545891628392222827e+00 4.656285495284031573e-01
1.333916710710713538e+01 -5.283534778789319830e+01 -4.106767419228899740e+01
1.893257702618860705e+01 -2.514670882120466189e+01 4.819504412085687051e+01
3.801914117694111361e+00 6.393156969518146937e+00 2.721549248852441316e+00
1.702256763187581790e+00 -7.909237979628056081e+00 -7.229496198654024042e+00
-2.756691239330023357e+00 -7.028341937459302358e+01 1.250006423000057936e+02
1.072355301146174611e+01 -2.956777193272386484e+01 6.212255735208982799e+01
-2.090432873133324598e+00 3.758015370489256490e+00 -6.621744861925774828e+00
1.223033153346307813e+02 -9.286201341737662318e+00 6.883324210097620721e+01
-4.201491833563025580e+00 -1.009638776978614203e+02 1.116487884852466266e+02
1.686475944389916037e+01 -1.934064849120052898e+01 9.546613616983535167e+00
1.181198307926133495e+01 -8.286944487247161817e+00 2.995482602524922600e-01
2.500374538758737941e+00 4.153277021670739089e+00 -1.221713304841803627e+00
6.771278661136008736e+00 -6.163385534468261984e-01 7.432485914481459233e+00
1.967929504608756375e+01 -1.483940376799150762e+01 4.082803926931251226e+01
-2.557701845613538083e-01 -7.935713793487648715e+00 1.045404667625683537e+01
-8.254737689210827067e-01 5.362265116769195039e+00 5.816502685866442590e+00
3.099269402747502511e+01 -5.101363992955388937e+01 -4.765667632838965773e+01
2.474847080242702724e+00 7.166786808737759529e+00 3.994897236714818334e+00
2.160828792514157115e+01 -1.627908836835138828e+01 2.997318487052925029e+00
3.435410554429000562e+00 5.870693814991573056e+00 2.195413256604621388e+00
4.894916575131993408e-01 -3.384044977088311867e-01 3.889782415496185752e+00
8.733944636283700902e+01 1.505564543165174882e+02 -5.091768535146810848e+01
2.718762578168517408e+00 -1.068045160339132877e+02 -1.006045359035854858e+02
5.484710695963332228e+01 1.008699648268822671e+02 7.401463027383074689e+01
6.213487624065886727e+00 5.266353699590529125e+00 2.686638083329618176e+00
-2.601835175634568120e-01 1.566293476195605550e+00 2.801170180359348727e+00
3.495696498684174536e+00 4.852323042321296853e+00 3.931604731489108495e+00
-2.987062000623210878e+01 -1.828885221711789768e+02 -2.158454112458664298e+01
1.211321721402493168e+01 -2.426004429282262365e+01 5.548679104431082720e+01
8.375910739472116973e+01 -2.069993194099624745e+01 5.161800052481800805e+01
-4.234928856648376438e+01 -2.912684351184692488e+01 4.478597829932252239e+01
5.072982208819885874e-02 8.437476029496062679e+00 2.781977515582492622e+00
5.940728625448318923e+00 3.774359144976139113e+00 -7.771125411043513509e+00
3.284915542544066369e+00 3.607668896814049120e+00 3.070414490184039558e+00
1.494152327926783386e+01 4.729659843971413480e+00 2.856075334523423948e+01
4.544089457606723670e+01 -5.098344765221877140e+01 2.369934283684528964e+01
9.996188351418100027e+00 4.084602937715349213e+00 4.147841391070456574e+00
3.230899230787331433e+00 6.585005088357777758e+00 1.879930867531302674e+00
6.598382598428905794e+02 9.433813516504318386e+01 2.761632256237419369e+02
-1.882748392900571943e+01 -5.195421031252599242e+00 1.974537936385930337e+01
2.053843435815669238e+01 -5.758447504544557205e+01 4.464794847015677703e+01
1.188047763220505360e+01 -2.396262390483934723e+01 5.471297303882373342e+01
4.906393250659437655e+00 1.414989788704819951e+00 2.426209716584454945e+00
-2.800654710342399412e+01 -9.563135936959191952e+01 3.002548682702269645e+01
4.415244665282325514e+02 -9.264955927400864311e+03 -3.922960563444702302e+02
5.255099895996815818e+00 2.292747923007417477e+00 2.654218041677272488e+00
4.547092030649048766e+00 2.022301819035556836e+00 1.707407510182052501e+00
5.711940869890812511e-01 4.602804086466154132e+00 1.732022788022356430e+00
5.634738576933489007e+00 7.157914034211909637e+00 -1.603162974351761694e-01
3.792149366633211116e+00 4.335623523203933516e+00 -3.548194939586074348e+00
3.187851071857646934e-01 6.758271388642558719e+00 7.671452299213877168e+00
-1.337598942183003814e+01 -2.420094272561260951e+01 3.140726783194821792e+01
2.186761038269654733e+00 9.511554223492165505e+00 1.876983072932652874e+00
3.458268133703589875e+00 5.380986682798874376e+00 2.080358389935468288e+00
-5.189679191490887078e+00 -5.065789862743950778e+01 1.232306038655910356e+02
-4.338791871275899936e-01 8.952422328411064001e+00 3.271544597800621901e-01
-1.971312697375952183e+01 -1.927815147933176121e+01 4.057835675825769783e+01
3.178094274283691334e+01 -4.254517635183290736e+01 6.208264936391378086e+01
-3.527522884733554775e+01 3.373586942835033398e+01 7.237901030720264473e+00
3.894918584829309083e+00 3.275946204542298901e+00 2.952123443252403945e+00
-6.240134475998981998e+02 -1.072071929864371782e+02 -2.155550920630209646e+02
7.128008907081300194e+00 1.351748973100766094e+01 -1.014145750942889279e+01
-8.368213557496440025e-01 -3.429387717087193010e+01 -2.951382538102162911e+01
4.477420123377678252e+00 2.277739245091137121e+00 -1.070470400471894123e+00
1.553228937344870708e+01 -7.492131702764410761e+01 9.647058828068176695e+01
-4.580563085718956700e+02 9.262451203381406231e+03 4.047343328043932615e+02
9.094771834911995256e+00 9.562099088325723528e+00 -1.129175863240139854e+01
-1.129477848409914031e+01 -2.139509924482049641e+01 2.001052753263904549e+01
4.163626679464932145e+00 6.024033792670683951e+00 3.802428927727036889e+00
4.266170326155426906e+00 1.241509058021615264e+00 -1.415610843706468724e+00
1.632758721116327916e+00 6.042795718673790617e+00 1.675426392237969520e+00
4.652490256851167238e+00 -4.462727542176836426e-01 4.299869607519269721e+00
3.363172044234184366e+00 7.169763756384877951e+00 1.904368982791400100e+00
-8.042427054551193777e+00 -2.872557850087596165e+01 -1.180970319627635234e+01
9.711875380932431412e+00 9.789887548522301586e+00 1.600172658478378473e-02
2.024372568012421603e+00 7.393873381348851304e+00 7.218905965687364201e+00
-4.258106711120796462e+01 -6.547828810877787475e+01 -8.881452926470882403e+01
-1.680717069239904760e+01 -4.693766916706549353e+01 4.215543302307035134e+01
-1.501999273330627771e+00 -1.488232759674085415e+00 -2.969146312558889278e+01
7.731880376446065739e+00 2.745660630897960530e+00 4.098567646047383661e+00
-9.816817668399028207e+01 8.860177056453471778e+01 5.478463622323092252e+00
2.255987320930389473e+01 -1.837329796081300515e+01 1.881737147332051219e+00
1.268455227450734846e+01 1.272711717076156468e+01 -4.633687732047279795e+00
-2.449616576628973874e+01 -3.343927180307698421e+01 -5.409326991690167574e+01
6.173085939818355072e+00 2.056525265430341420e+00 6.298199305045260488e+00
4.249332995333426233e+00 7.631522864666770545e+00 2.206423085347477553e+00
-2.199345247697369388e+01 -3.238043272402234862e+01 4.266177668801887535e+01
5.146170574204760761e+00 1.004201749157594392e+01 8.615711743840919201e-01
1.772904004202194628e+00 -2.015526276001359918e+01 2.153222049548329764e+01
4.050111640669605606e+00 9.499454974623395387e+00 1.800059806478928337e+01
-4.707963450314834830e+01 5.790318243781923968e+01 3.538672893308830680e+02
4.589179764535387562e+01 3.268627455561814088e+01 1.750010392480349140e+02
1.504105402286157300e+01 1.022109050326641011e+01 5.353062538435028728e+01
-2.224983889703396045e+01 -5.803374248145851766e+01 2.914777294771152327e+01
1.956513784410795864e+01 -3.275835408335545651e+01 7.366223067097294575e+00
-3.011176789736159520e+01 -3.884801937830707175e+01 4.814085863695272138e+01
-6.853813375883512915e-01 -1.332181773768905586e+01 2.813241702572775793e+01
1.350934031286118753e+01 -1.672242906687113475e+02 -3.601159152006544417e+01
3.513755335453856432e+00 5.201115299588289886e+00 1.480700563439182549e+00
2.253452099325372870e+01 1.246017269960117169e+01 3.017757864507608900e+01
4.433222882991727509e+00 2.466901896204267697e+00 -1.975385922671615724e+00
-3.039280204252595041e+01 -3.964352272098842889e+01 4.846444959388021090e+01
1.854563482726027335e+00 -8.451437867047559394e+01 -3.949729252307689364e+01
1.822470831361964017e+01 -4.124788058395883183e+01 -1.017412805645537333e+01
4.356870039820721274e+01 -1.270385213407794538e+02 -7.447202990226722363e+01
4.627149081750015824e+00 8.011890306849883459e+00 6.451464745477056839e-01
5.541834165866774242e+00 6.370745330120096028e+00 3.743166120410595710e+00
1.846875984094675687e+02 -1.244066334519007633e+01 9.321462606598899470e+01
-1.636222176289948260e+00 8.257484966925723313e+00 -3.975061732583350160e+00
4.413082397925981226e+00 2.681657310905618097e+00 1.327894144310925562e+00
-4.815269729861205406e+01 -4.356546562942772027e+01 -2.966389594122317774e+01
1.228580247072336817e+01 6.187411157229000480e+00 7.905668036633131113e-01
3.239390617761415569e+01 -1.795465779300618081e+01 5.874139838563118587e+01
-1.585913520536390706e+02 -5.646081926410916907e+01 -1.487958807265593464e+02
-6.798477995176104116e+01 -2.607766624876914463e+01 2.737865527924958187e+01
4.667848968239347585e+01 -1.093303051251272429e+01 4.943247323273583049e+01
1.458523299421567110e+01 -6.379558875738835866e+01 5.365796000638815144e+01
-1.193717029680294104e+02 -8.257059737822694387e+02 -5.019809537806582398e+02
5.743949133618206915e+00 1.166489256923183859e+01 1.950241262062131886e+00
1.609418719885593703e+02 -2.372253668495100243e+01 1.300982507705041868e+00
-3.635709928453206885e+01 -4.087806855046910215e+01 5.081373882983302792e+01
-1.607156644613264262e+01 -7.096819626325465435e+01 9.306732104599231548e+01
1.204805564885677249e+01 -2.508574768879240224e+01 5.463864185767379666e+01
2.733721739522399119e+01 -3.118430517444594763e+00 1.582986544400101891e+01
3.770873241133594789e+00 -4.355125048298090107e+00 -1.587062751462586352e+00
6.450243465835075796e+00 1.147738499299111226e+01 1.864522592091504549e+01
6.185337952592358413e+00 -3.178065534105967149e-02 5.096652573288391608e+00
5.413714928532577630e+00 -7.495233133184369123e+00 -1.592517734510067129e+01
3.807482726191130595e+00 4.449320542350838181e+00 1.729530317063930234e+00
2.657233482291385585e+01 -5.271411279653248982e+01 5.312065065399328034e+01
-2.503990600754702811e+00 -1.019623204484838652e+01 1.452838196940553317e+01
-2.600120696858284219e+01 -3.130683883169511006e+01 -4.901580571258456587e+01
4.338087415572888972e+01 -3.281231568568561130e+01 4.197874652813087692e+00
7.613768046722948490e+00 -7.986672373303203187e+01 -4.775924443524063179e+01
2.424831229882155270e+00 4.854832841781437480e+00 1.463891969715411800e+00
-1.617051283549178464e+01 -1.039360009136540697e+02 1.021343409684837980e+02
6.286295181429645496e+00 6.895945329176155880e+00 1.035429853415851653e+01
-2.541305011151051119e+00 6.772031379469698464e+00 -3.291947766551294308e+01
1.372437948644266328e+02 -7.343041524247507823e+01 1.549254383823503645e+02
-2.454889093175174253e+01 -3.509391066205662923e+01 4.165446722751067199e+01
3.404401667785585062e+01 -8.546260153791283187e+01 1.099237055761631581e+02
1.570491774481913794e+00 -3.381932272914914961e+01 5.170886629502675902e+01
-3.744047112014163048e+01 -2.173439292922527599e+01 3.104569022714576931e+01
1.653454426202015526e+01 9.736547178885825105e+00 1.963450773351048184e+01
-3.166748302144180904e+00 5.199453995088613389e+00 6.238373341067163125e+00
1.311482122804503661e+02 9.717501522545305193e+01 1.910449664113545509e+02
1.305093933437324871e+01 -1.262046837977046749e+02 -5.674127500851623296e+01
1.665306683960916416e+02 7.579129746543128476e+02 5.276381748149874511e+02
3.307149102438690313e+00 4.787054284816100846e+00 5.834320786824196858e+00
3.852917887040706368e+00 -4.216124709291450223e+00 4.309758221807655332e+00
-1.884984163685766134e+01 3.714492255109746566e+01 -4.573968160287526530e+01
4.693560468918455797e+00 3.089530226435247329e+00 1.079928134881070090e+00
4.244193648460173662e+00 1.388488132818723741e+00 4.045924909275075976e+00
-6.788854862817620983e+01 -1.246448337828049659e+02 -1.815624425964718398e+02
3.896663562379310974e+01 -7.468447080082192713e+01 -6.614479583220658299e+01
5.578975167091708265e+00 1.102349899399678534e+00 3.258556851967840284e+00
3.505268359977044668e+00 8.594482101000796348e+00 4.889638178462745621e+00
1.346826297524479354e+00 5.941702216951043170e+00 -3.435819900415561623e+00
1.930242558554824406e+00 5.874085510078812078e+00 -5.586959220615122845e+00
6.148950887251626796e+01 -9.317710219691544182e+01 7.244477144520516276e+01
1.310133973972498644e+00 4.205919811801640762e+00 6.144669292826188567e+00
4.046768421592618736e+00 4.350754325274476031e+00 1.438217393459625626e+00
-1.249058948407907321e-01 -6.781920390452840230e+00 1.855106686885640244e+01
