2.107911874118322704e+00 1.869798717104512176e-02 7.237981300285237118e+00
3.055851221500930137e+00 6.319705840945861672e-03 5.112261039011056774e+00
5.832314951324561569e+00 2.964207283356229405e-02 7.680011545618110613e-01
5.795230602106771656e+00 2.256547968163092471e-02 2.171356627812351281e+00
5.929328977904349429e+00 8.108483150340661805e-02 3.627779185253355854e-01
7.545962840700921603e+00 2.012692730631036181e-02 4.149000082351254726e+00
7.751718855097212035e+00 7.168843324458998301e-02 3.574072173117592843e+00
4.121564381283119971e+00 1.291399323623844131e-01 7.461762388963697035e+00
4.197820419587015905e+00 1.320234145735168507e-01 8.844280154100733427e+00
5.084799647619062668e+00 9.790887943963191842e-02 4.960656037430388743e+00
6.098607967709590127e+00 1.428919444098357694e-01 1.092161079158388226e+00
6.256167645647488840e+00 1.154151765609253977e-01 2.002684557460260084e+00
7.471722865380250767e+00 1.138870399315303761e-01 3.269114854831792982e+00
8.559456103661052140e+00 1.133045841524073227e-01 5.209635670456000511e+00
9.327580950254926506e+00 1.137019791404964841e-01 6.595847026689574122e+00
9.342772663194358174e+00 1.264087713097576948e-01 7.650259068143158814e+00
2.869120017376315168e+00 1.788493742841247292e-01 4.022713294972781739e+00
3.248954343881988116e+00 2.052901358343359739e-01 6.800142769866885928e+00
4.763315523522257067e+00 2.039832592763108354e-01 4.297921961945061042e+00
5.386411743386261719e+00 2.041390528079304878e-01 9.592788512508358956e-01
5.362061657628260924e+00 1.731146387001752385e-01 6.603265452453591422e+00
5.969992348401539140e+00 1.774738154440804183e-01 5.800471272987053339e+00
6.659696535400859041e+00 1.667479004700658796e-01 8.523184514356586458e-03
6.691364574708509316e+00 1.851515580450142640e-01 7.430558354157620116e+00
7.915455964043212944e+00 1.864746948100962087e-01 2.353294858925616406e+00
8.176430374884336771e+00 1.686287513644150193e-01 2.133221080236971545e+00
3.817100275771532658e+00 2.892266508331263752e-01 9.273056416848877159e-01
5.881897576929647542e+00 2.410084187614203732e-01 2.092227299768505855e+00
6.304417200400015631e+00 2.920784872162888179e-01 4.446089723890329637e+00
7.100794920705942204e+00 3.055814234886411462e-01 2.218757392997278366e+00
7.841777101562071195e+00 2.803883998925054133e-01 2.082582268680069681e+00
8.017640969389322692e+00 2.641998831675059778e-01 1.891049193189275002e+00
7.966846231173321691e+00 2.753821757357046707e-01 5.299738115504536218e+00
9.551237426412431120e+00 2.725402017481676209e-01 1.317154787203963284e+00
3.525779310284764101e+00 3.627712320526609302e-01 6.089122142776510316e+00
5.595247066030653471e+00 3.260317034813544623e-01 2.914835750452017482e+00
5.766912712198870139e+00 3.435098181607333379e-01 2.320301209807908993e+00
6.484028375680022549e+00 3.438205957886184549e-01 2.657667723589896447e+00
7.633603747687756069e+00 3.566988996144094815e-01 2.324256253201614442e+00
9.040445466383618012e+00 3.860125141775052615e-01 5.572177281802563442e+00
4.386067740158811068e-02 4.027892035929498959e-01 2.657858122013325719e+00
5.573027486879743364e+00 3.987382902940247442e-01 2.513619940361234928e+00
5.930214240558578709e+00 4.079686688891389634e-01 9.414274914533121930e+00
7.050856216239712815e+00 4.715774319604977283e-01 1.681651508481041724e+00
9.424844411384524889e+00 4.385746005818136339e-01 5.605426553360600472e+00
4.815190298228307908e-01 5.005423410940675888e-01 2.705496149807332440e+00
5.636301867190551818e+00 4.919680486984059353e-01 9.852429603837958183e+00
5.887485164311977215e+00 4.847217441663783655e-01 6.900251432796514095e+00
6.174108126968320676e+00 5.352828211559389482e-01 4.038601911262877486e+00
6.257314363475036778e+00 4.792800347431470653e-01 1.477775111637841254e+00
8.841457467595674302e+00 5.187956018204440412e-01 8.143126523281162932e+00
3.304709773214339119e+00 6.285969832337601204e-01 7.339961466746188101e+00
4.379053275365423659e+00 6.199484067760825390e-01 7.112798491597737138e-01
4.680073894490650588e+00 6.221018324112518316e-01 5.257761115879045377e+00
5.139343687203528077e+00 5.515832010274815955e-01 9.383764225895228961e+00
5.229251835792958936e+00 6.070172144594840891e-01 3.135991941591381948e+00
5.349729029092279653e+00 5.783991470087584963e-01 6.690612229069901495e+00
5.453932592315495320e+00 5.605435184935210202e-01 7.650426969361861396e+00
7.829740349115875908e+00 5.662161554748985637e-01 5.801667162858391791e+00
8.165642022745389639e+00 5.968852398350319444e-01 1.821047653763052221e+00
3.832194733090549033e+00 6.648359119268607564e-01 8.051613303825000401e-01
5.691051861793319233e+00 6.688429077434219217e-01 5.031565939913093644e+00
6.234571352718876192e+00 6.432602715593040976e-01 4.545563551689476789e+00
9.343987566274840617e+00 6.367347747117934054e-01 6.854950797913582861e+00
9.956815175631350101e+00 7.010365306689966269e-01 2.559627737890443733e+00
5.634203252381699834e+00 7.060733750341570136e-01 5.084360244960893560e+00
6.375359612427270228e+00 7.131908646330844537e-01 2.806737392757923999e+00
6.838423943107759584e+00 7.281769077410493729e-01 9.618793865696925849e+00
8.291648697576363247e+00 7.679497461564530614e-01 7.777828765938847866e+00
9.221214484557034297e+00 7.506507353573970143e-01 3.294558785561474412e+00
1.151871106564393177e+00 8.609468209325895627e-01 5.911559372087168640e+00
4.559945090367685694e+00 8.379558169988872152e-01 3.689250974423988527e+00
4.599761489821990956e+00 8.615408052349072809e-01 6.290185880707609201e+00
4.849937268292026538e+00 8.283457075827240779e-01 5.675717997615836730e+00
4.931617024607857225e+00 8.259893781579633609e-01 5.832228680757291173e+00
6.085134032421449568e+00 8.111507234049984971e-01 4.844543505378225312e+00
6.181079028599274494e+00 8.136966704247230453e-01 5.173532805449132077e+00
6.268105506247945158e+00 7.958523716429802830e-01 2.912737473380400566e+00
6.349939432748442414e+00 8.424262244198276184e-01 9.766107561734575171e+00
9.918090787832170463e+00 8.410615197211932514e-01 7.323466374116345712e+00
4.634454563561521745e+00 8.986470038754440504e-01 5.761117332088894649e+00
5.574279076229535335e+00 8.864052962245827505e-01 6.769519584254781286e+00
5.802965568195752155e+00 8.785270448028350554e-01 7.039917359801794561e+00
6.691447321460890940e+00 8.786351302124381091e-01 4.024648274027295969e+00
8.355233967706274356e+00 9.003033201881441849e-01 7.728692014325522663e+00
8.536704571442829348e+00 9.102977517066501711e-01 3.144035894722179592e+00
9.150276567052664234e+00 9.143889886994651661e-01 4.788738724205492403e+00
9.775774610125184338e+00 9.242366828259011013e-01 4.707438862309306415e+00
4.422350289911616272e+00 9.592517426080104936e-01 6.031846681786164233e+00
4.787099232862706444e+00 1.012911242885751406e+00 6.428477378899961181e+00
8.185404557597157904e+00 9.535251474212861345e-01 3.224209340089154718e-01
8.261204291550940937e+00 9.528802793474211441e-01 7.364889579240727180e+00
9.312638668781673346e+00 1.018006626567637962e+00 8.182125196575753989e+00
3.705397687727097544e+00 1.035205001799257785e+00 5.912081633283617244e+00
4.527936032925881982e+00 1.090662424176297440e+00 6.970121978592299428e+00
4.848489662666533917e+00 1.068044836479533632e+00 5.274872890999486863e+00
7.484290107718489793e+00 1.048932498704568061e+00 5.902777897568338261e+00
4.038290075953200997e+00 1.124298060177850278e+00 1.873216999489287549e+00
4.755302283415024256e+00 1.116545502979407800e+00 3.568602547060047314e+00
4.727314105970070734e+00 1.115771838325721355e+00 5.122783948364080686e+00
5.470629048701089125e+00 1.154177846792252549e+00 6.845286523026753223e+00
5.482223923129573961e+00 1.110918675268153688e+00 3.392545593039612228e+00
6.303552372928590941e+00 1.165598883887589921e+00 1.254347141317227798e+00
6.282916509309178110e+00 1.142248286316964734e+00 7.719032011311792729e+00
7.576784855852397804e+00 1.153495779190510495e+00 7.027092332306236422e+00
8.905155490679632635e+00 1.110464840377979323e+00 1.594558019962471818e+00
9.859924970687508505e+00 1.126422274121583023e+00 3.598959075672296226e+00
5.654289313347407031e+00 1.233985305049266623e+00 5.058714891041148576e+00
8.075732076180981878e+00 1.244267524372750788e+00 1.412502703139044691e-01
1.743895609101389299e+00 1.329402181154954343e+00 9.376718051063861026e+00
5.107414703845384096e+00 1.296813867037130530e+00 5.227581813787439913e+00
6.274695943263765230e+00 1.280322502238161686e+00 5.418310288426650523e+00
9.276084624527358713e+00 1.273688884420407952e+00 4.918468546263035535e+00
9.837849536214989143e+00 1.328266604246264748e+00 8.021199024977025971e+00
5.843927884568453024e+00 1.340019308376136919e+00 4.625492368328612436e+00
8.702772570501537075e+00 1.342121028754596379e+00 1.628181427780761581e-01
5.561476811107329832e-02 1.481294949559460949e+00 3.866770631121488222e+00
4.695464447004756181e+00 1.467065619971480439e+00 3.061001210198688316e+00
6.219119380297675193e+00 1.429105693883212069e+00 5.836570841072383775e-01
6.201791873845587055e+00 1.464693954757742667e+00 6.338980624292755550e+00
6.915118242415159600e+00 1.474940144826071720e+00 5.937000006779559413e+00
7.010790087719779962e+00 1.452141815555522131e+00 3.201653443413797984e+00
7.164737467895873735e+00 1.447130629413944991e+00 2.993122784630998012e+00
7.630916932018457999e+00 1.421158509451704077e+00 6.101887073079864443e+00
8.432396648326196953e+00 1.465277464131892415e+00 7.260125043148372370e+00
8.838999487363592422e+00 1.473019415691589229e+00 7.179858909281620072e+00
9.772572913420200180e+00 1.473518811698758313e+00 7.236121225912329535e+00
4.232122267742597366e+00 1.555736614156316477e+00 7.153897927510886490e+00
4.605802042453512435e+00 1.552468270006434059e+00 2.524761401101510483e+00
4.669459077274288106e+00 1.510749818339714778e+00 3.133172521922781506e+00
5.319388177771663173e+00 1.511970936323440373e+00 7.191898891172613162e+00
5.648336782786421040e+00 1.567928993641961588e+00 8.084262582918455564e+00
6.064600979408512060e+00 1.504087757138103276e+00 7.066347224082257128e+00
6.332515740414951466e+00 1.493916203217348082e+00 8.020854152308308116e+00
7.475840929577638683e+00 1.545134888621638058e+00 8.249884401003185985e+00
8.183228399681624410e+00 1.504676161754063823e+00 6.560910185393673544e+00
9.377563112784306654e+00 1.518531560028919536e+00 4.222684601041833297e+00
4.672455964735943823e+00 1.629165650907281604e+00 4.484707245757794780e+00
5.090990688128050223e+00 1.611591209804997593e+00 2.907169864872961362e+00
5.739257971880546982e+00 1.622346791369631891e+00 5.805180924209428106e+00
5.907493185015933790e+00 1.607833014306141006e+00 3.446695815189228185e+00
8.372778922035136517e+00 1.628661045740003477e+00 9.931701818355758160e-01
4.675670556547421697e+00 1.688093957038212523e+00 5.708381565457081308e+00
5.173779248854216029e+00 1.699611512922986067e+00 2.379425819827434729e+00
6.236069762822872065e+00 1.650061366102907323e+00 5.400822502629949895e+00
8.416792981445237132e+00 1.648822422719825820e+00 6.427295038850528108e+00
8.499347101729663123e+00 1.685115927677453884e+00 5.708633561283788183e+00
7.765963208610254798e-01 1.742076991327738300e+00 5.128134262006694755e+00
4.661647035248277504e+00 1.779919382543341033e+00 6.726211824031508968e+00
5.378178159903553635e+00 1.735148261896225730e+00 2.642864151613832924e+00
6.151585946941470873e+00 1.725941910247045019e+00 3.089959920915188896e+00
4.441574804008999067e+00 1.862119222900132431e+00 4.204014115796460338e+00
5.299299991103418428e+00 1.863504886721423004e+00 2.598406753587481077e+00
5.266046643154643547e+00 1.834220577535189634e+00 3.734497474254997229e+00
6.520675444848093250e+00 1.847938784675770663e+00 6.441891991852546795e+00
9.470019894289837481e+00 1.810732539174670475e+00 5.488939273505611283e+00
9.615871550921278654e+00 1.815212399424721124e+00 8.843040236680934640e+00
9.681931673541992467e+00 1.844538855566371538e+00 8.733222398569630229e+00
5.187138445135523135e+00 1.882764373575211536e+00 2.627131113564380005e+00
5.302428856857636319e+00 1.922208034819830491e+00 3.646330970024830975e+00
9.401942638115114548e+00 1.914364482651880195e+00 3.024254742029511167e+00
9.641943211224432986e+00 1.893566550018310535e+00 8.216523506732807292e+00
9.937308411587075341e+00 1.910642405895134122e+00 5.015140508457300861e+00
3.840425912981586976e+00 2.034837124840103151e+00 5.870708050233212738e+00
4.909092380679096479e+00 1.992771403579571832e+00 1.935562090378689870e+00
4.857902124581321424e+00 1.991380247912263979e+00 2.161119380591689954e+00
5.768185790661087609e+00 1.969795197387490315e+00 4.367271638427157043e+00
6.442313155313870610e+00 1.989053344245677035e+00 7.159218117076141752e+00
7.689769686826226192e+00 1.971539087635655552e+00 3.350888584700919104e+00
7.939173162579511001e+00 2.016034953141563335e+00 6.812897143357760754e+00
8.270369135001233829e+00 2.036579814574340563e+00 7.980631988555634493e+00
1.333753366671364127e+00 2.043738433716712155e+00 6.503765632179831613e+00
4.360548608569178697e+00 2.072662119569693484e+00 2.292777148698159184e+00
4.398569108593142651e+00 2.059896664845939362e+00 4.724530069235003182e+00
6.400878126475030072e+00 2.046569752621561378e+00 1.484315659593467007e+00
7.907872247289539303e+00 2.091082486889503045e+00 5.573018396395004181e+00
9.476815917680868395e+00 2.083107952465595325e+00 2.876582436340958449e+00
3.779731620158936767e-02 2.147572506133164971e+00 5.486266744026509379e+00
4.656922960290948987e-01 2.114836791916145042e+00 4.660680470119913821e+00
5.457026657948049753e+00 2.159718447467110281e+00 1.075315351193154578e-01
6.294413061255598407e+00 2.148375795379774633e+00 6.976421366649816491e+00
7.710389124274790618e+00 2.179994346335753619e+00 4.993024878092475305e+00
1.236641883874648240e+00 2.239970127288072543e+00 4.842599964888814057e+00
8.045735015180225602e+00 2.212282422774170421e+00 4.883844078668571065e+00
8.169067899844710823e+00 2.213446295360942173e+00 5.809059629974758110e+00
1.369072533702797800e+00 2.320291677173815792e+00 2.214151252068338849e+00
4.882045669691996714e+00 2.286725337384161172e+00 7.934104075187539351e+00
5.131051088351927802e+00 2.285484824805308790e+00 5.491219779283061264e+00
5.209054794074830852e+00 2.315476449632928091e+00 2.851828989485026167e+00
5.383707496360477407e+00 2.308107416572813708e+00 5.841200662454552273e+00
6.222508540343833161e+00 2.297310576285690686e+00 8.117641603827847163e+00
6.505519471434537238e+00 2.283908080770360893e+00 5.960743886728245400e+00
7.630937268459691225e+00 2.306004310125290946e+00 7.704600945182622063e+00
7.894863693667840465e+00 2.271738208805194503e+00 4.621833584308737031e+00
8.287955648205135972e+00 2.346871597803753762e+00 7.802957810843463626e+00
9.170891552780123135e+00 2.334514629172254274e+00 4.396090125426274753e+00
9.412651038835479156e+00 2.321892545159290222e+00 5.473707841535432550e+00
1.170835803152556753e-01 2.369162004460934501e+00 6.862649749874799809e+00
6.469758344575048170e+00 2.416786753849503810e+00 4.846324594390889473e+00
7.055254248205093504e+00 2.409146669808496455e+00 1.070566696132608353e+00
8.574843075271282089e+00 2.350336496636595829e+00 5.504313023843499408e+00
3.879664040136747705e-01 2.492776201018453097e+00 3.790235386359465330e+00
1.501929624743507885e+00 2.465966120707480336e+00 6.787608995780126442e+00
1.622269751039207453e+00 2.490496529395944680e+00 1.862819078515009608e+00
3.569861373442964947e+00 2.453560045930623268e+00 2.263630748149920713e+00
3.864589723910191843e+00 2.436104584609636525e+00 5.553059733203999038e+00
6.119469023508635530e+00 2.460587705214579479e+00 1.613770267246964263e+00
2.327847092298561127e-01 2.576169854870503428e+00 3.684500573304932303e+00
1.464449012027696284e+00 2.500239531852307628e+00 2.323156616169269384e+00
1.576518934647203052e+00 2.543286776965505425e+00 6.618390678306186103e+00
2.219232857730689012e+00 2.574658582054225597e+00 3.691958373554224515e+00
3.580164413112493449e+00 2.509855950328383933e+00 2.833639618825546158e+00
4.768112205255341074e+00 2.525741880373395087e+00 6.203678629488727836e+00
7.228641526751649948e+00 2.561490258120889596e+00 6.716829597417940612e+00
7.590136965611239184e+00 2.530873022076717049e+00 6.794661371415464224e+00
8.164501581412613618e+00 2.513572870498280487e+00 7.662281765290673619e+00
4.458023922666651373e+00 2.624432615060714014e+00 5.879016810572304408e+00
5.974505532998419355e+00 2.627398531302431728e+00 5.922216958923787189e+00
7.123300761678725834e+00 2.611928142406584996e+00 6.455175421262425495e+00
7.314371394143213578e+00 2.657949163622206790e+00 8.567128384350370496e+00
8.579722097241271328e+00 2.609109404512482300e+00 8.171745629234159480e+00
5.786705254353108785e+00 2.725768043376580074e+00 4.437380791084252429e+00
5.986083402814767140e+00 2.703771086360716058e+00 2.254651678488507560e+00
6.280601398834461335e+00 2.702392950059778087e+00 4.718337957332805033e+00
6.457007048757594347e+00 2.666684260870744616e+00 7.919521638267241315e+00
6.839887805599120796e+00 2.731183621420594676e+00 5.745723770685040588e-01
7.008581087061002357e+00 2.721072714652357671e+00 6.867792772849172778e+00
8.857363583112192629e+00 2.721973848852670130e+00 8.346984745007723916e+00
9.615306525717183250e-01 2.790749600771537331e+00 5.373175177318319229e-02
6.135577094067944159e+00 2.768089294947020385e+00 2.516145597411965973e+00
6.588246150200316009e+00 2.790407108710729389e+00 7.067624286300704384e+00
8.101915720460178605e+00 2.749951285281851288e+00 7.952562270807735700e+00
8.482907449637156816e+00 2.797943328683054620e+00 8.378565683117471963e+00
9.629478755539276236e+00 2.757217964541429644e+00 5.329643329202724544e+00
1.380169376103994039e-01 2.822469141258768133e+00 4.686130833156369135e+00
1.137317478934411152e+00 2.875936704449722825e+00 7.091262585328025558e+00
3.229913751409009048e+00 2.848244917947329036e+00 3.717657276613316686e+00
5.026266613606321876e+00 2.816634904701767805e+00 5.049098420400937925e+00
5.604489011311223123e+00 2.893739654275622630e+00 1.896009869258339364e+00
7.570198829766814796e+00 2.837830162820183411e+00 7.987102206729307596e+00
8.790177301083666350e+00 2.863624852397020693e+00 7.841506831746653639e+00
1.202749312768903511e+00 2.961255934438424831e+00 4.799482305701602947e+00
3.160949028480295908e+00 2.940086814979773422e+00 6.892540116005374529e+00
4.254110656499991094e+00 2.956152958589052027e+00 6.356197964137985323e+00
5.511227455979324397e+00 2.935155758367929302e+00 1.845577914493212290e+00
7.508796674136796412e+00 2.930778270987031586e+00 5.015688763269613659e+00
8.950198968965343838e+00 2.897940882170860100e+00 4.786643115074813437e+00
9.055624417771500845e+00 2.896104091248759005e+00 5.097231066909426289e+00
1.033244049661637298e+00 3.016362741114833490e+00 6.651740517292160426e+00
3.764366012270870421e+00 2.984361735616621214e+00 6.163880340854621664e+00
4.505517452678597934e+00 3.047347202756446105e+00 2.826167627700984841e+00
5.453159444033516046e+00 2.975214970339779441e+00 6.221646396680068136e+00
6.703365745395776898e+00 3.021249184736120252e+00 5.636195856510484603e+00
6.963268710075299239e+00 3.015077592251116378e+00 7.577542400705180370e+00
7.083316730692332364e+00 3.053242196280296916e+00 9.106208509312171628e+00
7.258704141496972184e+00 2.975246447970433028e+00 6.805138102458282212e+00
7.653835973862166853e+00 3.041024392135861731e+00 5.302986078664146063e+00
7.739786070454181655e+00 2.976511191554316760e+00 7.103497977271425512e+00
8.570932563919367198e+00 3.044953769736467475e+00 8.485120614592577937e+00
8.860842847721784210e+00 3.039107624791857365e+00 5.397584915230848601e-01
5.861550157618047874e-02 3.050987741137396903e+00 6.829533054242398649e+00
3.250254630078895257e+00 3.081515671995313177e+00 4.540605508307404392e+00
3.798401832500481135e+00 3.057215993018107092e+00 2.770468316125886066e+00
4.017323038786619449e+00 3.065232186732175457e+00 2.845591997798871287e+00
5.073950460726158518e+00 3.054804806528862215e+00 4.425712932434414881e+00
6.276165768970714431e+00 3.084056626720871996e+00 7.726737323599553342e+00
8.518348431563827816e+00 3.098008904709091738e+00 9.336718399568693982e+00
9.343304531267165203e+00 3.108930139423632610e+00 8.737046241948227987e+00
9.607065389537575939e+00 3.108470614251741537e+00 3.766761611896941808e+00
9.744341443990810703e+00 3.071299458773066426e+00 5.356330141141100398e+00
9.815753319102407559e+00 3.048996055414443962e+00 5.191752225326185410e+00
2.599088499623434245e-01 3.134347851979487842e+00 7.341327991725561830e+00
1.496150162518708360e+00 3.204212932590801977e+00 6.307995288568008618e+00
2.419961336408007924e+00 3.140876853214987108e+00 6.489464445225598510e+00
4.572081112528845637e+00 3.160137913472298887e+00 4.127354212367587927e+00
6.535280173000958648e+00 3.153734142242645699e+00 7.159921726894642013e+00
6.763351705817355786e+00 3.171175087567325690e+00 8.530490649471182962e+00
7.784214503030341348e+00 3.153571295661657281e+00 7.960311972204577202e+00
8.074000715158646813e+00 3.213553632060150989e+00 8.563686810334012023e+00
8.482157907850780276e+00 3.169564835225375354e+00 6.078910100384568693e+00
8.833980312944667901e+00 3.201653531528789287e+00 7.111429600860142308e+00
9.793810369333051824e+00 3.174244344540641194e+00 7.939237720759615868e+00
1.309063699992266239e+00 3.220589141632060226e+00 4.857740841982398194e+00
5.147212551790305568e+00 3.205241890972033936e+00 9.323405507008346582e-01
5.384003884086890679e+00 3.250020470071716794e+00 6.434539910759221826e+00
8.937055843012364775e+00 3.226545137309489331e+00 4.572986764374256552e+00
6.731321994835568034e+00 3.340519114168094550e+00 2.399811684149173008e+00
6.983171286344891371e+00 3.319818152747350481e+00 7.022827525633829282e+00
7.195092324522132543e+00 3.301665843151183388e+00 7.546079429677316597e+00
7.445060613016217133e+00 3.357494416770701040e+00 7.689071352885294530e+00
7.986018962113942798e+00 3.326655882638464234e+00 7.022868375780909389e+00
8.270661354024248624e+00 3.307237822364642810e+00 7.227990403575099698e+00
8.325147997111185916e+00 3.333856532312333698e+00 8.421490446371324268e+00
8.711648062575690687e+00 3.302375991133051247e+00 6.546726510681509126e+00
1.508051025489205887e+00 3.431402143467552346e+00 4.189125314984257997e+00
4.703311074502305900e+00 3.399971029419630142e+00 3.684157066958131388e+00
6.673733046958924220e+00 3.410415258048521192e+00 8.836185905600736135e+00
7.572934635889437160e+00 3.409089259096297564e+00 8.129687778186834635e+00
7.691126531139778066e+00 3.425701317968531612e+00 5.970540354422091411e+00
8.532368480771310715e+00 3.378068367277017980e+00 7.192489346649711734e+00
8.861410703785402632e+00 3.419301318383000776e+00 5.241242947039767230e+00
9.595382395315620983e+00 3.432132037498204280e+00 4.691107384738068653e+00
9.610879938809725687e+00 3.363003670574739701e+00 8.199568938305990429e+00
9.913479118853810945e+00 3.436366429765522312e+00 7.311410164257237554e+00
6.349134021737072864e+00 3.488284946372032458e+00 7.920311693564683786e+00
6.677043355589621143e+00 3.486603823198977103e+00 2.835853128969239911e+00
7.999906253495973729e+00 3.455820102794076476e+00 8.683585379985693464e+00
8.396284790935844455e+00 3.466901529115699709e+00 6.168557028558140587e+00
8.870735099663198397e+00 3.448356379835492369e+00 5.042002882865340041e+00
9.217393630572491503e+00 3.491964087745196288e+00 8.417665548853802804e+00
9.639961934422665024e+00 3.480603977588032194e+00 6.160819650807640713e+00
1.183278599548765797e+00 3.571080965007627839e+00 4.951225277652489432e+00
1.366066719728103784e+00 3.572356230637879548e+00 4.058127132051646768e+00
2.253924919898859347e+00 3.576990102300936503e+00 5.030456522169713729e+00
4.998928529158446210e+00 3.518441244053290617e+00 2.098701872315365868e+00
5.720837724095376053e+00 3.588056366397418540e+00 3.612198554761459679e+00
8.180619604216840202e+00 3.544975617841714222e+00 9.124504795195274909e+00
9.729181826430423286e+00 3.564968726817500322e+00 7.396944655221215470e+00
3.725883201836065473e-01 3.638827417456128366e+00 4.975234521943520782e+00
8.722859518995282890e-01 3.622090283214537187e+00 2.025706700338776312e+00
1.491443893698408019e+00 3.651505952510660347e+00 5.659516354430415674e+00
1.979776972092855081e+00 3.638011474944923052e+00 5.800127930192280346e+00
4.107544724110216983e+00 3.668805455761750878e+00 4.615969352188667330e+00
5.099507186628131628e+00 3.657592216433791954e+00 6.225287454999303804e+00
5.538022617963506811e+00 3.652964288101845369e+00 4.601040575659985699e+00
6.647008618232101540e+00 3.631383331513483803e+00 7.376981653057494981e+00
6.779606910885038751e+00 3.624080452723303480e+00 2.845802483609814360e+00
6.740167084029832445e+00 3.650138559181182796e+00 6.981806056994305010e+00
7.118656208669793983e+00 3.643094353683258735e+00 6.782820536195976580e+00
7.213771194860662206e+00 3.655727239275073259e+00 9.048124331833886203e+00
7.416593300713088865e+00 3.658457728804208831e+00 8.705014905665176883e+00
7.755146791555421970e+00 3.649722613550333339e+00 7.998030515997522016e+00
5.276921254006443185e+00 3.693683623297092211e+00 6.947770957909806810e+00
5.652960424452003529e+00 3.696798373351887879e+00 3.024800138887242973e+00
6.318446241303661282e+00 3.725550661915982609e+00 6.396452817981325367e+00
8.143167222543633343e+00 3.742619971882493957e+00 5.187215639337503958e+00
3.038448895965784047e-01 3.774352102374548323e+00 5.333735767747549872e+00
3.442980777380671986e-01 3.782707025078397400e+00 3.545195035722566335e+00
1.957421373116668750e+00 3.825130217618454509e+00 6.736659782278174191e+00
4.252710796802005255e+00 3.780445537547912238e+00 4.064162688807254398e+00
4.719575598042276887e+00 3.788947935225130514e+00 2.350221402272090643e+00
5.114355431323144074e+00 3.798705973225137811e+00 3.352861508771230348e+00
5.839382442044906085e+00 3.762569635199947360e+00 3.753075705600823486e+00
6.776498937720927707e+00 3.794813516815346510e+00 6.915744433715653727e+00
6.832072216269863496e+00 3.790815775962092182e+00 9.643513931610907974e+00
7.054625884620956633e+00 3.774975098588016387e+00 6.469406104323738305e-01
7.739958777898152675e+00 3.781794030767025916e+00 1.348353479089137608e+00
7.824404442045283403e+00 3.804577338734216774e+00 6.692696880393003589e+00
7.984816576348975126e+00 3.790105309217285168e+00 7.272181067059701576e+00
9.629975635430872316e+00 3.805300061811127676e+00 5.003418420179523984e+00
7.469271231894960561e-01 3.872523508781119617e+00 6.608031240145182394e+00
8.555244866836817508e-01 3.849404085176593604e+00 7.218313894298456823e+00
7.508254422121147797e+00 3.892174976210278636e+00 7.636449589229976631e+00
7.568623620015051401e+00 3.858875607482101344e+00 7.491883969367142626e+00
7.985770159712769711e+00 3.831234435547187012e+00 7.204745970902207475e+00
7.990571928415712399e+00 3.885864728391621892e+00 9.974181807471287797e+00
8.166373817704940308e+00 3.883952160622480054e+00 8.080144889415073806e+00
1.081562088567643798e+00 3.918212313390794233e+00 7.012856238985385460e+00
1.742684017760078419e+00 3.942453260174989538e+00 2.470170640379553806e+00
4.955091023971781361e+00 3.958192378755781782e+00 3.430016361776552447e+00
4.960736641791822166e+00 3.960781775490319401e+00 5.336456030165468434e+00
5.758928397341348315e+00 3.954106890738098734e+00 4.657135117804157787e+00
6.865272072586673602e+00 3.967616055200640091e+00 6.557420897376712965e+00
7.476686397842823517e+00 3.961568248646125223e+00 7.523960282729369453e+00
7.894159749455055497e+00 3.908710339220528240e+00 8.395006978856004665e+00
8.035340327573269548e+00 3.930682443655084235e+00 6.963565840726976930e+00
8.364224635488463733e+00 3.913270307100445322e+00 8.236826022611317910e+00
4.454391337877535717e-01 4.029490923640723921e+00 7.563292318438850081e+00
3.762607240990833546e+00 4.058669234465853926e+00 6.130357030668148965e+00
4.762878243573659631e+00 4.047252806442950934e+00 5.499158374747461053e+00
6.442856523042593153e+00 4.063362133586589486e+00 7.567035049296299221e+00
7.309309447466329601e+00 4.017156484053214349e+00 9.585736342938933063e+00
7.853108591020011353e+00 3.991904997961241541e+00 9.886210675051978924e+00
8.384562105469274940e+00 3.987912122966378092e+00 8.912737769235004492e+00
5.415462223063325808e+00 4.131575766271893713e+00 1.097044090613388700e+00
7.030253208862459857e+00 4.082482869590601915e+00 8.256860368807025452e+00
7.213577875046165211e+00 4.137439444411377565e+00 1.733355191941198248e-01
6.924456960996051791e+00 4.151079875608856717e+00 8.357514850953831953e+00
7.564842149547535755e+00 4.073659759020628712e+00 8.892176641920677582e+00
7.621910243394550477e+00 4.123558367210754305e+00 2.484293994145733375e+00
8.006500705192763689e+00 4.110868733333465919e+00 8.992384320485625082e+00
8.170504672560287673e+00 4.085970132837595692e+00 1.102549053010430380e-01
8.548247849127131204e+00 4.063537942046262508e+00 8.064430496274223259e+00
8.766489400397654563e+00 4.101162469248747833e+00 8.132858613871380982e+00
9.049043038922327753e+00 4.100708102898675378e+00 9.085846822686853841e+00
2.995727686298020220e+00 4.183073580889555387e+00 8.154323761604894472e+00
4.490123268615506369e+00 4.196724322512669580e+00 3.058435721869014134e+00
5.025151150371751640e+00 4.182869146747213662e+00 5.854300426181488604e+00
5.683149795881409894e+00 4.144200882131157115e+00 5.120557601446964036e+00
6.321243142861955100e+00 4.160717037910648841e+00 4.476484485850365402e+00
6.668900036966435962e+00 4.175476027680075752e+00 6.422279217604208057e+00
6.884237237732214965e+00 4.189847242412593431e+00 6.441092799368807853e+00
7.066420132690641509e+00 4.207188381566072444e+00 8.190309199777132676e-01
7.188663939848393802e+00 4.162792067700101128e+00 9.409429783106247669e+00
7.605790363872602100e+00 4.168508177324925512e+00 8.897642268890486150e+00
8.776822814859635002e+00 4.201715012410798700e+00 9.703725270260466829e+00
9.280518294618126163e+00 4.197169093776268234e+00 9.780859697863727220e+00
9.479437801682966125e+00 4.159979094566072177e+00 9.129839673716627857e+00
5.558209641726608474e+00 4.218815618329084138e+00 4.977196424518867346e+00
6.687871732280406434e+00 4.252520510677192611e+00 3.157900468993561471e+00
7.031956786217461897e+00 4.247785223491531426e+00 9.547554791204097668e+00
7.121259036136425635e+00 4.234806696898279377e+00 8.246318826339635422e+00
8.034360884285689508e+00 4.232336273925096926e+00 1.971943626557994822e+00
8.974603632924019081e+00 4.272188720136402829e+00 8.769498905584208970e+00
4.256103524734468735e+00 4.348381196388931613e+00 4.278944769325883968e+00
4.286764193746295248e+00 4.344490956336918508e+00 5.651044139217609619e+00
4.944489867223458290e+00 4.359515589888854237e+00 4.390041266355979133e+00
5.020595317415931902e+00 4.313371331248745832e+00 3.474964224111858346e+00
7.113520544307696092e+00 4.330023895403581236e+00 7.366488242209834780e+00
7.271873276286795473e+00 4.330370932752854785e+00 7.623019929576374309e+00
7.567705908101169499e+00 4.350682883078602181e+00 2.120538826688528999e+00
8.765783887566824362e+00 4.332418743328892319e+00 7.712589478701307399e+00
4.548938141354172959e-01 4.406192993029900862e+00 8.397250048562462155e+00
1.084097802006309230e+00 4.429674857532361010e+00 7.582551444842124511e+00
5.611351949060397359e+00 4.391197723967821709e+00 7.904755620196231014e+00
5.629911942445401607e+00 4.450291176300043894e+00 6.328307029553069007e+00
5.812177321634319327e+00 4.434235580832017298e+00 6.854948161127922823e+00
5.847024732107457545e+00 4.417042883135303910e+00 6.840653463686321878e+00
8.088177671506901589e+00 4.402681645050597226e+00 8.524832870042169830e+00
8.512564511420494640e+00 4.418263379360261034e+00 4.923938275672237186e-01
8.949943993186021629e+00 4.451205686513859838e+00 6.662007113962199689e+00
9.329920432400816921e+00 4.402506570373725836e+00 8.610976361651710320e+00
2.130715295058247971e+00 4.515507335197056271e+00 7.034454555051524949e+00
4.825791534145648320e+00 4.524275371496758957e+00 7.835348998247929631e-01
5.490967749245633023e+00 4.491295024697130600e+00 8.117470341313833160e+00
5.792335819337521841e+00 4.463998740119233588e+00 7.380927276939209136e+00
5.974769887841310911e+00 4.491231203027957974e+00 4.117009300308263953e+00
6.384731295697629427e+00 4.522399201085388398e+00 7.004899127068748399e+00
8.509011797697835888e+00 4.474864786797184912e+00 9.076989312345661531e+00
8.611941994983105531e+00 4.468157006956611887e+00 2.144793879875419584e-01
8.877173795834675474e+00 4.509538168619074305e+00 6.766458719822245449e+00
9.522481599058179924e+00 4.508719033200433657e+00 6.770676858674356424e+00
9.932252184662141659e+00 4.487513755657212222e+00 7.361171777219484014e+00
9.774908647176935306e-01 4.572466054953772563e+00 5.110757504778877802e+00
6.769124783979717286e+00 4.600214301346542634e+00 7.557955998425549993e+00
7.684505007196023030e+00 4.531411498661170434e+00 9.612931991527220887e+00
8.223527230095852403e+00 4.572358910398011567e+00 1.302698635343774836e+00
8.702376744293310651e+00 4.581760046956460997e+00 9.926648060920856054e+00
2.214330567205508249e+00 4.683403575421286824e+00 7.192091747133930291e+00
3.602842204312832308e+00 4.608541279067101648e+00 3.763866360317213999e+00
3.830691834447763178e+00 4.682260164502372923e+00 6.416393330146449969e+00
7.140866307959415238e+00 4.681925278392310652e+00 7.465618955493862785e+00
7.773179835498661205e+00 4.617882530914967809e+00 2.118092245377683813e+00
9.609823218188839888e+00 4.671460810442121137e+00 6.385355422097214628e+00
2.756505101447011441e+00 4.754140738950185963e+00 8.185108968874352797e+00
5.987042214654925587e+00 4.718716046114178830e+00 9.463280764515513255e+00
6.569672368867721879e+00 4.692009555669159226e+00 8.412478053335146200e+00
7.760583126394795528e+00 4.748933985050454609e+00 8.684963946358633891e+00
7.819821641238281273e+00 4.687388093213934681e+00 2.997489591971919776e+00
7.882435231450137358e+00 4.720867778916717050e+00 9.698604239860818765e+00
8.277300517765128873e+00 4.691824274261089833e+00 5.317987057528462458e+00
9.281687804670294639e+00 4.710767986830632914e+00 4.678873953302546962e-01
9.490076569643751014e+00 4.745284145000340459e+00 6.972126898153285346e+00
9.648032904714032298e+00 4.732671408359839127e+00 7.847352996030535266e+00
5.399195524511489097e+00 4.799631535571837304e+00 6.225085767074591381e+00
6.766498538855599598e+00 4.788692201801511672e+00 8.496873028890790991e+00
6.990742623897517660e+00 4.804609481324287223e+00 7.904562990180933335e-01
7.217744522251400063e+00 4.798269329060326882e+00 1.155503500705858055e+00
7.223193499568751008e+00 4.821451434132190350e+00 6.457818357067899306e+00
7.545840614503958932e+00 4.785352102833264176e+00 8.023976573964787917e+00
8.020269218551369761e+00 4.790408543342249637e+00 3.869258850799499605e+00
8.584757353788280199e+00 4.787333440486822411e+00 8.845982335583077116e+00
8.630008567275488929e+00 4.790138628925297404e+00 7.855958880995367544e+00
1.980970342523362682e+00 4.902426362100025692e+00 8.397394285241604805e+00
5.112194250358973235e+00 4.890768199881153855e+00 4.860491118492554108e+00
5.747944649886472135e+00 4.891432861079580086e+00 5.227997569137066591e+00
6.283276019760190678e+00 4.899678924088855858e+00 9.723604406172171366e+00
6.805560031739585902e+00 4.866343322177682396e+00 9.127220364165934186e+00
6.894493139197709120e+00 4.913155450965800419e+00 1.702986664033334652e+00
7.516673188182626753e+00 4.851647614568292077e+00 8.659193693227672739e+00
7.913343576324622042e+00 4.887744449035904992e+00 8.417089724292310393e+00
8.710837363663406663e+00 4.864497567808642842e+00 8.492790810089339004e+00
9.061419990581349282e+00 4.900705709873628635e+00 6.404107289683873105e+00
6.569169488363140630e+00 4.982831736274441425e+00 3.773182863910339302e-01
6.775265075803643455e+00 4.945609556374863658e+00 8.602543225443351815e+00
9.085885571178090814e+00 4.960350260794005983e+00 6.546257692462319255e+00
1.508919092107347870e+00 5.006013216750822892e+00 3.932680394794423329e+00
2.556046975232907137e+00 5.046460494027615873e+00 9.098066638905763170e+00
4.279395154139327140e+00 5.007056670981913093e+00 5.418117870750593923e+00
5.375756837355337936e+00 5.000964715319074827e+00 1.508211709575477677e-01
5.716491569678977314e+00 5.003443010434198257e+00 7.800204592809403259e+00
8.588881961957567368e-01 5.145401681174845976e+00 5.099783830884147662e+00
2.377545066318238476e+00 5.151867622022038518e+00 7.194250535968523153e+00
4.664722466146776547e+00 5.092771780184206065e+00 6.136393954943325291e+00
5.152599179756514047e+00 5.127503521556067589e+00 5.339735853217182360e+00
5.237759578905678559e+00 5.076361611949788966e+00 3.437478612715677784e+00
6.115979955698789716e+00 5.139743087180872472e+00 6.610031528165276171e+00
6.942750821386852067e+00 5.079525442596539264e+00 8.890245349862555102e+00
7.166279621411018041e+00 5.135593526626411887e+00 7.977081467025526784e+00
7.191631649073306320e+00 5.101742479594164159e+00 9.114536180137909227e+00
7.575178536848485855e+00 5.159623469126101369e+00 1.339968403869355174e-01
7.912793924702516968e+00 5.098478505875435829e+00 6.342195694779602988e+00
4.581383148050941934e+00 5.195004868743056115e+00 9.782168597341993177e+00
5.617729662002214575e+00 5.189452542391673084e+00 5.084879344514856570e+00
5.780110196284455881e+00 5.228367290257308397e+00 9.969585620025606332e+00
6.857910145375496036e+00 5.158884958803199972e+00 1.946914104111579613e+00
6.883002404580732758e+00 5.167358962976670966e+00 9.949914210825022920e+00
7.836563841090352867e+00 5.160938257242024818e+00 4.565011111126914045e+00
7.946614044617801298e+00 5.192848678849506072e+00 3.606604911727128160e-01
8.327964580412862361e+00 5.193610566525170391e+00 8.015123587032967123e+00
4.933525431930275928e+00 5.278380969702158865e+00 5.529706544048346828e+00
6.621271464430432907e+00 5.288814741012341614e+00 7.449135785363177220e+00
6.635588620823582140e+00 5.262069355867786236e+00 7.417385964813995258e+00
6.735323798890616942e+00 5.284927412100328681e+00 9.705545768206841117e+00
6.829273588412558382e+00 5.253028829219822171e+00 7.862454573140483127e+00
7.293486573653381377e+00 5.246637134207736253e+00 6.177145887927339984e+00
7.448800893909821141e+00 5.288017010669022966e+00 1.290289998416319195e+00
7.517368330686042377e+00 5.266461415074176422e+00 8.759540022395848169e+00
7.714360048929084890e+00 5.243952372809883578e+00 2.463001443624299736e-01
4.580137494457836134e+00 5.375116852957450675e+00 7.929256432034045510e+00
4.917642084742334774e+00 5.372336199663269696e+00 8.108326265781231612e+00
5.789615598407948482e+00 5.386786495953151288e+00 3.983729208365551777e+00
7.255918558467611135e+00 5.349406944349326842e+00 8.493427061873752848e+00
4.891836252885430447e+00 5.396044471226869810e+00 9.915152694180058290e+00
5.054550051452368464e+00 5.426815043216718593e+00 5.980382512147229157e+00
6.283844741959597968e+00 5.451234921957103907e+00 6.918204670917303289e+00
6.840589379662096903e+00 5.443736034448217964e+00 9.832152518222088133e+00
7.232043223270547827e+00 5.402306881313313269e+00 5.500173140614468548e-02
7.194746743688019031e+00 5.433717747115624164e+00 1.246470330911963798e+00
7.272145730691077503e+00 5.420385575033277448e+00 7.433095100672042044e+00
7.561342208953209187e+00 5.404402461072315589e+00 6.511668554794779240e+00
8.050192487114532724e+00 5.401508870372412119e+00 7.497592595695591555e+00
8.665005852260739161e+00 5.407677618069525849e+00 7.146972574540546574e+00
9.000813024054288292e+00 5.459054671658376101e+00 9.437607638754675676e+00
7.616678794605660219e-01 5.504543981393902996e+00 5.747485443879341460e+00
2.669084801618692993e+00 5.489169238490571701e+00 7.404311312315406290e+00
4.829364731970900770e+00 5.506934700118182313e+00 8.429508198859311463e+00
5.381489826514346930e+00 5.536034565627426574e+00 4.219743518454643905e+00
7.146562451181085684e+00 5.508167527931160379e+00 7.118401665857645888e+00
7.387079015960484440e+00 5.511932699140797531e+00 6.913974475354509597e-01
8.033450460699125273e+00 5.512518058596477921e+00 5.367445641309946669e-02
8.735131847062852506e-01 5.599877254872186683e+00 6.664784896054884555e+00
5.018788553362592886e+00 5.569503388277790457e+00 2.797425410651047883e+00
5.063791689567953114e+00 5.585149060957345313e+00 9.450819725681107286e+00
5.120575382243586660e+00 5.619559082340488843e+00 8.404590915963865427e+00
6.570712273580967100e+00 5.630429881015865945e+00 7.561883695801094873e-01
6.853457743497019194e+00 5.548955221720776265e+00 9.610401046332937014e+00
6.904426207854456266e+00 5.576461220309558264e+00 1.497051589060433563e-01
7.728087473330207402e+00 5.575901805962107716e+00 1.149123298659004533e+00
8.387441978947693499e+00 5.546380957878285223e+00 8.243416401287870343e+00
3.256942913834114162e+00 5.628433475467548242e+00 8.258259150419933192e+00
3.584976722806681337e+00 5.648721748310457258e+00 6.233448975320419194e+00
6.200207470153447531e+00 5.700779530104426840e+00 7.533203989644919218e+00
6.648689445487283578e+00 5.686343354470143829e+00 8.889431668918922336e-01
6.720540924590991949e+00 5.627999723616657235e+00 8.241091622296938368e+00
7.649387483453367054e+00 5.704795625129974290e+00 5.384303829204323932e+00
8.117131414358066621e+00 5.629758753890959255e+00 7.031521139290893840e-01
8.124284395805272396e+00 5.699952658769367630e+00 5.071768898609471776e+00
4.840124824990494012e+00 5.751266990967929260e+00 9.289350228683495914e+00
7.717086402033025649e+00 5.767991480251960290e+00 5.319154344583470362e+00
2.085219704731771984e+00 5.784200537653450880e+00 7.476066467300375606e+00
4.687195894817410391e+00 5.835547037452384345e+00 8.507470686038548280e+00
5.981281521130292766e+00 5.789049311955082544e+00 5.457452122259541127e+00
6.405197571977024218e+00 5.822172172935367485e+00 5.651918528748726800e+00
6.676495234771977927e+00 5.794598475374437285e+00 4.995404597909695710e+00
9.190683780201368336e+00 5.819061850022176685e+00 5.334515262785205492e-01
4.799744002911439544e+00 5.905212014941008114e+00 9.384092887038066877e+00
5.798957356466788227e+00 5.882397386811247131e+00 4.054681021561369336e-01
6.353107354750226143e+00 5.894569461581388836e+00 7.144400145058390272e+00
6.643572954371017580e+00 5.859664682692460325e+00 5.008387829638626387e-01
6.717955735158529507e+00 5.906117091761323046e+00 1.612476970073950744e+00
6.896301208793119919e+00 5.904922421809351896e+00 7.479715211098224570e-01
7.597897919117794885e+00 5.874848641431047014e+00 4.144128623394314204e+00
8.430517025924551433e+00 5.862011147862158822e+00 7.671341208040316495e+00
8.746284875011268056e+00 5.873207301467485486e+00 8.020623289183170357e+00
3.241541839136127257e-01 5.962457231308668781e+00 6.714104278855101526e+00
2.759362272220699630e+00 6.013228118343034723e+00 9.423499345511734404e+00
4.630922539233591984e+00 5.963269995755521080e+00 8.934348949284476760e+00
5.825410174324858303e+00 5.946737478721021652e+00 9.559329483502807534e+00
7.035061936207490874e+00 5.987610754533543300e+00 6.620388231584425354e-01
7.987189510492152422e+00 5.995939458106602338e+00 4.314538555125205121e+00
5.379991674688690217e+00 6.060546654115911203e+00 8.989347440377946086e+00
6.462825887533594660e+00 6.083496979331773247e+00 4.349027059940700823e+00
8.195773675626954358e+00 6.054276457733749339e+00 3.092836037025206597e+00
5.445886414065913783e+00 6.104353827373763863e+00 8.918339093482291702e+00
6.813811882865500991e+00 6.105347897375207111e+00 1.517580947820054149e+00
7.076315858663683400e+00 6.129187572528046246e+00 3.934354939893432324e+00
5.731236588288976641e+00 6.194012333492409539e+00 4.998679495611467516e+00
5.743492264773943035e+00 6.230358542079841300e+00 9.830710256622840149e+00
6.866390755320454176e+00 6.218754569873291338e+00 8.684465244041936316e+00
6.891959086551897151e+00 6.223568038122484047e+00 4.294435876529054674e-01
7.889656594838453607e+00 6.232003031179806918e+00 5.022671149663686663e+00
4.609440088983897121e-01 6.316418388406173534e+00 1.208789300913622466e-01
6.077669288748674070e+00 6.253364253994433852e+00 4.128634006813100221e+00
7.107841054831157912e+00 6.256521579574153336e+00 4.354163647822625549e+00
7.566904150119576400e+00 6.318113183821273182e+00 8.131516847407720405e+00
8.553730095279860279e+00 6.317579402165272029e+00 7.160336427701288642e+00
9.041378919145513393e+00 6.321096049919900928e+00 1.885048895194590290e+00
6.355095974421518079e+00 6.352940451478111150e+00 4.837245724712130324e-01
6.335522948996411330e+00 6.357246319637007481e+00 7.039793389266243651e+00
6.465523031319139413e+00 6.382279883732585368e+00 9.567268146350045299e+00
6.983039077088276869e+00 6.394052238062869264e+00 9.535707323676369640e+00
7.246117750415393743e+00 6.400825730234610766e+00 5.294416063675186912e+00
8.120060145624766079e+00 6.377584892233524982e+00 4.684172620853659375e+00
3.389857824004416820e+00 6.429511876724999908e+00 1.536902578612498460e-01
6.105209493712816737e+00 6.427903135495292908e+00 6.043064523668134846e+00
7.023803421046375561e+00 7.536591601084003500e+00 5.953952924596610075e+00
3.722149881201919364e-01 6.495252906391604242e+00 8.288264779470685184e+00
4.707634194485375900e+00 6.518592874582501473e+00 8.820006183396218447e+00
5.404270768938547853e+00 6.523422770851538210e+00 8.047223114135352517e+00
5.652021647962517825e+00 6.494107325991434365e+00 5.031428526038125071e+00
6.428973839531352041e+00 6.552188785870672660e+00 6.891028551733107577e+00
6.567579497429608004e+00 6.524739858466242381e+00 5.663174355490649958e+00
6.959918414204333104e+00 5.438090101021106015e+00 6.218853322000445161e+00
7.919292798432566727e+00 6.528065035558871188e+00 4.200495217360739275e+00
8.295076834873146510e+00 6.494848091835875081e+00 6.688669271844917219e+00
4.420385219330603022e+00 6.618572494006924600e+00 6.150242589346710531e+00
6.305231663820831223e+00 6.563372150492392976e+00 6.486363337533950002e+00
6.672977803993587642e+00 6.569398491571580401e+00 8.222651233120881642e+00
5.862331721464067336e+00 6.654171246947611529e+00 6.953243099493816359e+00
6.040180686744767158e+00 6.718273848187971353e+00 8.049503179084872784e+00
6.442869413898034914e+00 6.710593932224129254e+00 4.598233561861363172e-02
6.529761402317429742e+00 6.710263223401208066e+00 6.955988120517155870e+00
7.712515699956651538e+00 6.698891070143259796e+00 4.565674951277799209e+00
4.562196263700093013e+00 6.742635953444581887e+00 7.476359801495382484e+00
5.538503778157218171e+00 6.737505157573201231e+00 1.542262082732856823e-02
5.549569263519803286e+00 6.765358520161656841e+00 8.587028640823955783e+00
5.749122514270535333e+00 6.795719090848759691e+00 8.417000408408311429e+00
6.310293306793076873e+00 6.739154077790566078e+00 6.467715241028609841e-01
6.277184637250648791e+00 6.767077482445746028e+00 4.890226182100262164e+00
4.757671403197440974e+00 6.856340561713449411e+00 8.014212748838312805e+00
5.730236580896139742e+00 6.817111307783724428e+00 7.055890021620411234e-01
5.776275379768374130e+00 6.809606792052305124e+00 5.666279110585964673e+00
6.389425474483195089e+00 6.832359128891903666e+00 3.936536221152804327e+00
6.469424386447411024e+00 6.859969540611350780e+00 4.423014512848952862e+00
9.623554571872912078e+00 6.870716311032833090e+00 9.912350857790359626e-01
7.147182486151576475e-01 6.904142933692102524e+00 6.207667688502665371e+00
3.714710096273945439e+00 6.903693642958713461e+00 7.516843493511098373e+00
5.239527092328194691e+00 6.890422971512638384e+00 5.828886128057941818e+00
5.355708989361052552e+00 6.893321524128372069e+00 8.764756704454315539e+00
6.027518692969672465e+00 6.933159065918936825e+00 3.845198066550688409e+00
6.107880944452077188e+00 6.902955267071255285e+00 8.037502726355475247e+00
6.225558804883885244e+00 6.913867452918968759e+00 8.323135557552792108e+00
6.716284983378939089e+00 6.946512376773822162e+00 8.676045833211762925e+00
7.170425131984274003e+00 6.940573167667396071e+00 5.293545240707823396e+00
7.649235221110711080e+00 6.934773544330770534e+00 8.027786483940277051e+00
1.108889833521701451e+00 7.011289102164512066e+00 7.671468421909851898e+00
1.448754310331681783e+00 6.993937309076094344e+00 9.320680155056596305e+00
4.079498291466253868e+00 6.990041915524519922e+00 6.510750798900160952e+00
6.698238632008507665e+00 6.966655411758670979e+00 8.531756231511002042e+00
7.486020905731858299e+00 6.988391723850704729e+00 3.539282375690587124e+00
7.448139602552751981e+00 6.972411811011892446e+00 7.978861638615876828e+00
1.948433610440174490e-01 7.106461598952739322e+00 9.222516976917503939e+00
4.236546333205487791e+00 7.059407317309706720e+00 8.714737770806220141e+00
5.169968041626455957e+00 7.101160941900593215e+00 7.031757014265956229e+00
5.225791590319278868e+00 7.043343606960990044e+00 9.000583557350184449e+00
5.389453258867153984e+00 7.089770991224117580e+00 5.263407502474969135e+00
5.337126481920677179e+00 7.063635233054561091e+00 9.138578106834497561e+00
5.500301016695338774e+00 7.049582520232807070e+00 9.762934228334826159e+00
5.972109423701112085e+00 7.061062347748293888e+00 8.182933451228489474e+00
6.578796244198723109e+00 7.045985435756134230e+00 5.210597290860807362e+00
6.560640882510719862e+00 7.058133811941709190e+00 6.790156210927354330e+00
9.437976282232916958e+00 7.099879762134263750e+00 1.929577857237749772e+00
3.528625429174096162e+00 7.164281642067094502e+00 7.745087844412523737e+00
4.609644278357949432e+00 7.158579444177386009e+00 3.928966839580036563e+00
5.511652749798852113e+00 7.159152842459278077e+00 8.497281073187659128e-01
5.901627186116074952e+00 7.117381442189214980e+00 9.103036898691057033e+00
6.256432148423476391e+00 7.119798103650591514e+00 7.673004453195627628e-01
6.885613661690088705e+00 7.179684179861103743e+00 6.489998042772089804e+00
6.880290777190474216e+00 7.151117217330180686e+00 8.726501179127392760e+00
1.418667203114436504e+00 7.250940020310434164e+00 9.004052821596131295e+00
3.873355039089326990e+00 7.208957385584156441e+00 7.545084765770262436e+00
4.354536652880256931e+00 7.246672641641149326e+00 1.238513860489831586e+00
4.674125827716903103e+00 7.215811645549919717e+00 1.737564748745394905e-01
5.027538116145565894e+00 7.261875842681856597e+00 7.079217529162674438e+00
5.324497785559231033e+00 7.241950700348084524e+00 8.457821445996914766e-01
5.813354901050746371e+00 7.220983939714994193e+00 3.436643609825799084e-01
5.911810171525936575e+00 7.222552792072333361e+00 9.630301946925474255e+00
7.030822266749893856e+00 7.207944241662560536e+00 4.839256868588103444e+00
6.741768377207278284e+00 7.265104715018148696e+00 6.930053558428624250e+00
3.315149896760697601e+00 7.353735367278530610e+00 7.750832470951880993e+00
3.708453324557319242e+00 7.348523651178796356e+00 7.715417906753977206e+00
4.717181786920717990e+00 7.409176327470103018e+00 8.037809544122652028e+00
5.596904370488670288e+00 7.385531945236972540e+00 4.678503523486542193e+00
5.610986330430908886e+00 7.398810540534975999e+00 7.568470068872830581e+00
5.888622156586952983e+00 7.379290249428414050e+00 9.644139801918587551e+00
6.612453145648542474e+00 7.625043095957464878e+00 1.057638790520509520e-01
2.043141177901376948e-01 7.485843182198578916e+00 2.489139337392869966e-01
1.820886111623049697e+00 7.469214438815688695e+00 8.767639547269034495e+00
3.967872377592974509e+00 7.444032196189144024e+00 7.262106028619236930e+00
4.756132364428917292e+00 7.487666693004443985e+00 8.548470030118952678e+00
6.506055081322651645e+00 7.247237564674274601e+00 4.778971017766507901e-01
6.567962017276372855e+00 7.427585402615372701e+00 6.051764364187605105e-01
6.855608988828163497e+00 7.466061384715332316e+00 6.591118225440286693e-01
7.925585617850120279e+00 7.444954886073898770e+00 6.231714323760433771e+00
4.489771069792967140e+00 7.576193558870043532e+00 8.949385266525975879e+00
4.472813045807005672e+00 7.557176297708267931e+00 9.937542938575976592e+00
5.856540475516693434e+00 7.543781077430068649e+00 2.867257693724953427e+00
5.804394024133915586e+00 7.560630141241297508e+00 5.181619523975686370e+00
6.098487080467824839e+00 7.564532718626203689e+00 4.223627345026302216e+00
1.049113206179607793e+00 7.627118371285955156e+00 8.228666269400404687e+00
3.748513042761401515e+00 7.624285455383336796e+00 1.171343803796389027e+00
4.817554837746425456e+00 7.631289060007839353e+00 6.713811732916271424e+00
5.945634757872863219e+00 7.634355993941098539e+00 6.826147883543826289e+00
4.148017907549824912e+00 7.669581296265003623e+00 6.460655003727786116e+00
4.431059037548275015e+00 7.698103093521213580e+00 9.673895453553233992e+00
6.360961108409064479e+00 7.715916119668662532e+00 6.197026715352633275e+00
6.451643712124536023e+00 7.665290157309115671e+00 8.355584436038519414e+00
7.351656847918143001e+00 7.715727011020180548e+00 4.051784540678172952e+00
4.014165448219412902e+00 7.801450862511069673e+00 8.259319468792007513e+00
5.188895711450427051e+00 7.799973668371988467e+00 7.307730404710799377e+00
4.041974453355255292e+00 7.883569306605871851e+00 8.137272749082109513e+00
4.532783344786531998e+00 7.868277600325400911e+00 7.296474432658149212e+00
4.795125882030479403e+00 7.872248216426075196e+00 5.801476978035381649e+00
4.921298790991263772e+00 7.857596850443151482e+00 8.936087102057383547e+00
5.045528032100175864e+00 7.870657210411763138e+00 6.134656037806712758e-02
5.080889812848473852e+00 7.866728834478603716e+00 1.597868450763395565e+00
5.387411210658056504e+00 7.839014949695540579e+00 5.108896121302295867e+00
5.435630324691043569e+00 7.851867172533439465e+00 8.428720994449797388e+00
6.613578481815926224e+00 7.811231057030719072e+00 5.973283528064336600e+00
6.601854950794876054e+00 7.825397362940858415e+00 9.608980125290971230e+00
7.003885953875881754e+00 7.870070509098362699e+00 8.371067923737182781e+00
2.632800087038994485e-01 7.950292899720053263e+00 2.106326436033148397e+00
4.010391129585238801e+00 7.902462842788555264e+00 8.165056034404877039e+00
4.564903774118206137e+00 7.945167861367409934e+00 6.482434709869577816e+00
4.701750365511508711e+00 7.922562545384154831e+00 9.137049423971863149e+00
4.944215283099094194e+00 7.932708109828471521e+00 5.838033316272639439e+00
5.289210921798172649e+00 7.908756397384645531e+00 8.889136743218321257e+00
5.271519083197687472e+00 7.917015958453269775e+00 9.235068558220385526e+00
6.109668481073708968e+00 7.886782824143681481e+00 9.523101181349538535e+00
7.872474998319400008e+00 7.897060389724909868e+00 6.453924089306651624e+00
2.001560243052807664e+00 8.019152560634482896e+00 9.971463213278624949e+00
3.993592670840772740e+00 8.013554944014089187e+00 8.063782313669854318e+00
4.002807851185361088e+00 8.034399137577464600e+00 7.841327341615912383e-01
4.974242794126150891e+00 8.013852256983060585e+00 6.114135873137280797e+00
5.547381673131929425e+00 8.024394774147008746e+00 6.514557473912586438e+00
3.184928679902596649e+00 8.077161276083668184e+00 8.771653293612697411e+00
3.504961943816847114e+00 8.119730887758667137e+00 1.039226626804021780e+00
3.855381617204941769e+00 8.077593395046605451e+00 9.152568158189779979e+00
4.994270471718943227e+00 8.046754331892692846e+00 7.244486390056916747e+00
5.307363639753566176e+00 8.119372975219180333e+00 8.005335280269466836e+00
5.853123605553245845e+00 7.896061422925940931e+00 6.980357057549454680e+00
6.997503077007229066e+00 8.088685975352447599e+00 8.229628846241306306e+00
6.658816424313697413e-02 8.165281376264527324e+00 6.430814251103914359e+00
5.870007789939049037e-01 8.153274040878423889e+00 6.548104008997128744e+00
1.080376067011552976e+00 8.125723548348105396e+00 6.743396123090452221e+00
1.293580627969506791e+00 8.188938930757885259e+00 6.242244324391577059e+00
4.949857469411409916e+00 8.183975713480549530e+00 6.403738284591419472e+00
5.762207740414057255e+00 8.186578915570827064e+00 9.151953156178905147e+00
6.008204645845230729e+00 8.176996263843347990e+00 1.800731009804117821e+00
6.344488467179111524e+00 8.350197544858152909e+00 6.012766246501177747e+00
6.267525709587353333e+00 8.176847173934829627e+00 6.323739088689404930e+00
6.623801612030410624e+00 8.167325918996059642e+00 3.325308806875019840e+00
6.711288734096455322e+00 8.130457239985357631e+00 2.331893125552310764e+00
9.656755096788598891e+00 8.141971662189096293e+00 7.545104551268100757e+00
1.809832750973393800e+00 8.220536349626742734e+00 9.974775937052084984e+00
2.784180309165218858e+00 8.223125121715252561e+00 1.327620777957669862e-01
2.853016490702660946e+00 8.212523235501940633e+00 9.532990412085814214e+00
4.767830460890060351e+00 8.207229152268434191e+00 7.147201164854450894e+00
5.550493939343487781e+00 8.219951017973681218e+00 2.266539188256914361e+00
6.063268786148110934e+00 8.252114103225025588e+00 6.455883635095153172e-01
6.819755750445112952e+00 8.237499297519745411e+00 9.345412211175238681e+00
1.641421056621490404e-01 8.346393802695242670e+00 6.913396624242295729e+00
2.251076143383890837e+00 8.308647896822904499e+00 5.315880459616340037e-02
4.522904375224892526e+00 8.288171104206440987e+00 6.692251582435630120e+00
4.851032731105366480e+00 8.294162716693186610e+00 7.994141964335073069e+00
5.496218924170715781e+00 8.343235624881529588e+00 6.411463792263772277e+00
5.499664883708520691e+00 8.289724475268744897e+00 7.050105087590749164e+00
9.865152575619527298e+00 8.312641213761558845e+00 2.915776587947027210e+00
4.980985874303457628e+00 8.427546315278060973e+00 6.193128488593770520e+00
9.283460093499028787e+00 8.411598028421032325e+00 7.114202066241487543e+00
8.087192932968609860e-01 8.499203998395154613e+00 8.947484326498290841e+00
5.099624444061895190e+00 8.506402027380678632e+00 5.060205986203707873e+00
2.277991211232193169e-01 8.559561931322425821e+00 2.843434659835657907e+00
4.085779013086463074e+00 8.551754874228498338e+00 9.628295563596779516e+00
4.197979012302076818e+00 8.541361413867647912e+00 5.979850431421380286e+00
5.227770180908457576e+00 8.539433355864751718e+00 8.608775087981831220e+00
5.325574162938485401e+00 8.567331476355430908e+00 9.240895225879071972e+00
6.529098706025843413e+00 8.537930250479455196e+00 1.558409712499686961e+00
4.297902987607690406e+00 8.620957514180577874e+00 8.752074890388863437e+00
4.746108938779266317e+00 8.652886657943493987e+00 7.105809367623665551e+00
5.218349002446465157e+00 8.613576564933170587e+00 5.890111142106498221e+00
5.248232926265792742e+00 8.658362304521277864e+00 8.389963112269359868e+00
7.811055671786755639e+00 8.640781998551155141e+00 2.526776931758853983e+00
2.865875890846876217e-01 8.715882250964153144e+00 2.364361239534126025e+00
3.725962401718427852e+00 8.724967708446413894e+00 2.295182572712996638e+00
3.949352133007384857e+00 8.722483598745764510e+00 3.774323147032067727e+00
4.496314951249785530e+00 8.731760446611584570e+00 6.946977320443711079e+00
4.668101652267202972e+00 8.735844240352328427e+00 7.332189511115373648e+00
7.853796913059462703e+00 8.688338606030798772e+00 3.999187948080586530e+00
7.944760863438484755e+00 8.698017239697534819e+00 1.457553467599084218e+00
8.388088450092684667e+00 8.717290015097439948e+00 3.708284486455833306e+00
2.374602594099416208e+00 8.765412709115764756e+00 6.108729937093728246e+00
4.386271518889508947e+00 8.765804236402111371e+00 6.597328200414080968e-01
4.534411220306217238e+00 8.814305090312274160e+00 8.534189420269330029e+00
5.506103884111334779e+00 8.813756959939041735e+00 1.600826676217225852e+00
6.024107101332209169e+00 8.802055274407903696e+00 2.663883804873233618e+00
6.559620887028574820e+00 8.774396519348995227e+00 3.353409269649905600e+00
6.687773451590929952e+00 8.760205701241538634e+00 1.604033824046623424e+00
9.796369443342122452e+00 8.787691243172409017e+00 3.561566509018052606e+00
5.286175603624656105e+00 8.888606012749038499e+00 6.624058935550287686e+00
5.934925200711755444e+00 8.845259681259904028e+00 4.752523873166741630e+00
6.284722714427658730e+00 8.826683689795725485e+00 7.208540239092020130e+00
6.857028177303076788e+00 8.863368278866134986e+00 7.952268605942760971e+00
7.826647909161767558e+00 8.850400227983714174e+00 2.171337228140883369e+00
4.132799537689312963e+00 8.969530548464531350e+00 7.655594089545610714e+00
5.148000233249879543e+00 8.926908681024070091e+00 8.925929376636092538e-01
5.460426938754673998e+00 8.916087962909520215e+00 8.493296066230014318e+00
5.502688222377746463e+00 8.933880415590484958e+00 9.809600900373942167e+00
6.433844574729871368e+00 8.957508157639576751e+00 1.352591152698951360e+00
7.501638000097162085e+00 8.917972318588676117e+00 2.122598685463131130e+00
7.934277597195964482e+00 8.967018815250213493e+00 1.910452582382793363e+00
8.014047723422079716e-02 9.019503073686808037e+00 3.430298126470147313e+00
4.280393227728573891e-01 9.030337630563053608e+00 3.301948119937861303e+00
3.977554239090223209e+00 9.004201959502820429e+00 8.574536817484496254e+00
4.551977106097950809e+00 9.016339498958192422e+00 7.194578007885559234e-01
5.956409534006908757e+00 8.981959981072614951e+00 8.100867945384610636e+00
6.297492117508010523e+00 9.017728282120664574e+00 1.102817269869162065e+00
8.074918458294567003e+00 9.009803212479138068e+00 7.651367403627205910e+00
9.483311848668021682e+00 9.024520476673860259e+00 1.242854398217598799e+00
9.609369236836316830e+00 8.996319732868819585e+00 3.591735613372035729e+00
2.717918377818805631e+00 9.097926000797150081e+00 3.312813767469189763e+00
3.642349414930083462e+00 9.076569864326172521e+00 3.856833336268341128e+00
3.972747396290587041e+00 9.122009939171766391e+00 6.785185473725484862e+00
4.588630269893416269e+00 9.082679868191073425e+00 7.774534665133790767e+00
5.353430260724068468e+00 9.131841507569744110e+00 1.091393064047381678e+00
5.917955773030479705e+00 9.089967245113003358e+00 6.224286809081458927e+00
6.168563055041712317e+00 9.062939359320917987e+00 8.875482217249292205e+00
6.257729480467026484e+00 9.075274082230194495e+00 9.921491460294101117e+00
6.400736998661100685e+00 9.096510157567591293e+00 2.316510103941863186e+00
6.452693978442919587e+00 9.117146829749698256e+00 7.587446129261737227e+00
6.974858073609595088e+00 9.114774447953420733e+00 2.337041933445086705e+00
7.765409190122070093e+00 9.128626061541776693e+00 2.081551764871883314e+00
4.056744072617332719e+00 9.203587361075754814e+00 5.965069573627896027e+00
5.743042457192447436e+00 9.148216821860449599e+00 7.021065268480466415e+00
5.704937915082099131e+00 9.196882197120896052e+00 8.259355091197830845e+00
5.988418922311250725e+00 9.195512546287980982e+00 9.782331373472230140e+00
6.619393436316010515e+00 9.204281149726329048e+00 4.678163651532353029e+00
7.766106760632631278e+00 9.144684395928280196e+00 2.170653322474815461e+00
8.922890022838474877e+00 9.153886179427573211e+00 7.694279086839756587e+00
3.590156323828490148e+00 9.285279352759875593e+00 5.885778463821388584e+00
4.321976545414345949e+00 9.254792570525792073e+00 2.170190857054572042e+00
5.628889562814475056e+00 9.244228257576752483e+00 3.592142411325899287e-01
5.817557911965027806e+00 9.238417903894967864e+00 1.890145996483312718e+00
5.866349281722694542e+00 9.242787193888542419e+00 6.664738603423205454e+00
5.916274113481092556e+00 9.253258963048040187e+00 6.623958531245740744e+00
6.909485029433623637e+00 9.269798457403179981e+00 2.174872962825309841e+00
7.609440953230971694e+00 9.230597708271242041e+00 2.030575100689961054e+00
8.171232590040954591e+00 9.238440902525663745e+00 4.374272364437386429e+00
1.541304588894674699e-01 9.322587453104519639e+00 2.095142442820566497e+00
3.954353222691460168e+00 9.365577160020018610e+00 6.338667287471900780e-01
5.462665543004000313e+00 9.303978430265349431e+00 1.299141711845140490e+00
5.512875870187002647e+00 9.353242223971655278e+00 8.267978230682910379e+00
5.586034255226658196e+00 9.323692782290075698e+00 5.652662797016313689e+00
6.218590751403823447e+00 9.364313340658172891e+00 4.156508112174453373e+00
6.610281130793488558e+00 9.314189126317778289e+00 7.682699721316268437e+00
7.060456684476470457e+00 9.340621500729138660e+00 2.506356463108016186e+00
9.774990689911950525e+00 9.341160377511569024e+00 6.372196810961599844e+00
7.304467799005509576e-01 9.440057254954883348e+00 3.152344953777201919e+00
3.195527474780994304e+00 9.440841492020307868e+00 9.702215793136723221e+00
3.433594203231665531e+00 9.420253107251719271e+00 4.752631156236563292e+00
3.670805186473136139e+00 9.384516637902219571e+00 7.427233515418484089e+00
3.986938336264091998e+00 9.443344077700025707e+00 7.662880043629005655e+00
5.244279494003375675e+00 9.396907887331977349e+00 7.026597040191913113e-01
5.560291252471201595e+00 9.379157342809939735e+00 5.623315148986762324e+00
6.239954628470361975e+00 9.425585086202229235e+00 2.001727309382781428e+00
6.769146223597441114e+00 9.368923380960932690e+00 4.630531257333783124e+00
6.867982432500612688e+00 9.376573647492790542e+00 2.490578975151856778e+00
4.095151288609520712e+00 9.463662643503733207e+00 7.736950851653449313e+00
7.291251199559152241e+00 9.497838190485721199e+00 1.817087699263305822e+00
7.934000971502308097e+00 9.506203139352480846e+00 2.570887230116028377e+00
8.223402190603060546e+00 9.518958938713360851e+00 3.071080135631529817e+00
4.514804552598116416e+00 9.589187682956547221e+00 7.290393940464753086e+00
4.701888627104932716e+00 9.562539754386730095e+00 8.468527574479199904e-01
5.037114760576664629e+00 9.532703307371813040e+00 4.048732151361786435e+00
5.360269551594252668e+00 9.529474432951932528e+00 1.384895595974370064e+00
5.942849496184347657e+00 9.569218941966102676e+00 1.277982922423156253e+00
7.215104110046191010e+00 9.556733292658295298e+00 2.307970324781438709e+00
8.395100315734085328e-01 9.651508267014103026e+00 2.901956529001928686e+00
4.088481395810367403e+00 9.629723442735041772e+00 8.396486066869538689e+00
4.134776896582173400e+00 9.608369100556089393e+00 9.771533006164192514e+00
5.030320769476905873e+00 9.638940595151865409e+00 4.832391318967463434e+00
6.928314984861431824e+00 9.660969001837980130e+00 7.440727049951519234e+00
7.079492615940252698e+00 9.607109636229337113e+00 3.618328918944910377e+00
7.444257951825291819e+00 9.637674338032976351e+00 2.558290547632757761e+00
7.761708990726718049e+00 9.627735086432327449e+00 1.833444852702579952e+00
2.990076763293702644e+00 9.728960422534163044e+00 7.107686276985180740e+00
4.583174628912566106e+00 9.714841775687418135e+00 8.003473661936840955e+00
4.878683387960157880e+00 9.753127631318818658e+00 8.075617048440006940e+00
5.435127780528528518e+00 9.734227929467913043e+00 6.265932122233376589e+00
6.207178061221456211e+00 9.693157984581542763e+00 1.582010022067211197e-01
6.551713433035798673e+00 9.705867719549107875e+00 5.566341651003723356e+00
8.768287310723959393e+00 9.708064461452424965e+00 3.568855799165314480e+00
6.879535764045677237e-02 9.821857287782281176e+00 2.407593335284596403e+00
4.461745485873245265e+00 9.759927688098816390e+00 1.658480851916008803e+00
6.063636957185325471e+00 9.789734119363503240e+00 2.013760687353586487e+00
6.357765388130922624e+00 9.819706286881640267e+00 2.550103906629265893e+00
7.544428231703591337e+00 9.785375557795791934e+00 1.777658942054286761e+00
8.235775918340856094e+00 9.830164191550434083e+00 3.264791014594269569e+00
8.693135571441755971e+00 9.800414642795004738e+00 8.599586216588065213e+00
1.853057749383797970e-01 9.857555866030866198e+00 6.346594237118099890e+00
2.622490789992209859e+00 9.868320701458332067e+00 4.796506493620751321e+00
4.573058355793879315e+00 9.854002315010676583e+00 7.461530594853800658e+00
5.197002815338112924e+00 9.862031487004339070e+00 3.663742118540744386e+00
6.828286258072815862e+00 9.871439730660997114e+00 7.777627371907134268e+00
7.780976239765124092e+00 9.885131817736894533e+00 1.023997640508739204e+00
7.735879279370815986e+00 9.887355592339593713e+00 1.962952866215423864e+00
8.920100260004231174e+00 9.883554916969558235e+00 2.450031525691207968e+00
2.939476070064332980e-01 9.980443751821741927e+00 6.551936498669312492e+00
1.943953004892636116e+00 9.949259829767322927e+00 9.511490856080033751e+00
3.543693302887644947e+00 9.983675882235415244e+00 7.250288086622028061e+00
4.218270950159054067e+00 9.963417817039678326e+00 6.606062153794591829e+00
4.267373851463424295e+00 9.922115589018812187e+00 5.021832628493037909e+00
4.785704751341891772e+00 9.958198528041421582e+00 4.540184252782121455e+00
5.220463814422831028e+00 9.941313872014720943e+00 5.159062902371254644e+00
5.336416461690781432e+00 9.986179970434989173e+00 7.373123456879836723e+00
5.971117328450373130e+00 9.918452585707189684e+00 8.417799505371156954e+00
8.249405548236444119e+00 9.956418336584796691e+00 1.743469097187423600e+00
