2.130591171473408263e+00 4.318967616192289499e-02 7.226952616066276924e+00
3.081709163695029563e+00 3.941229255782277563e-02 5.115536994512624780e+00
5.839946115804647064e+00 6.285262606212854708e-02 7.981546206018188538e-01
5.817054882102950408e+00 1.095058529719653145e-01 2.192166374961120656e+00
5.930680426061950783e+00 1.040051793166173744e-01 4.057957322667834488e-01
7.531095180813535350e+00 6.222215841490134902e-02 4.152637053684077095e+00
7.726101006780885072e+00 1.102649580404114760e-01 3.580045404394647246e+00
4.141224975722637147e+00 1.669638782966688106e-01 7.440662626013736514e+00
4.214063274273905257e+00 1.592422630884560708e-01 8.822053011300301506e+00
5.098825922524250487e+00 1.573556192390332398e-01 4.967486340403435285e+00
6.092996113875621234e+00 1.731185684698144933e-01 1.119444750883422213e+00
6.237542062598683934e+00 1.598371572408872066e-01 2.033819633000972793e+00
7.462927256362194228e+00 1.512422506866922256e-01 3.286965974478239794e+00
8.538216219631975079e+00 1.587112914119927776e-01 5.218078696271518879e+00
9.301508195861702077e+00 1.576400938227802140e-01 6.593380267643102144e+00
9.317556479754575349e+00 1.684515721164235591e-01 7.635715065671078605e+00
2.893704879224805016e+00 2.073858531960924290e-01 4.032777482523538737e+00
3.276226120886947868e+00 2.402163028794416788e-01 6.789077192156819152e+00
4.784916024413742974e+00 2.526490838100772240e-01 4.311565290088489988e+00
5.405985880408182176e+00 2.280302512254750447e-01 9.862598916842550967e-01
5.373515270696570312e+00 2.431368528602200207e-01 6.592302160045825588e+00
5.965897108102514501e+00 2.361832336565841683e-01 5.794635744310312475e+00
6.653314238089162558e+00 1.866953216243563141e-01 3.980774526036301442e-02
6.685166186790271858e+00 2.355217117742465227e-01 7.410851107863656750e+00
7.889663308733119607e+00 2.347020854711031612e-01 2.332383528093301184e+00
8.116225886774980580e+00 2.155520237917274429e-01 2.143393046644858302e+00
3.837027692409233026e+00 3.228290280718011385e-01 9.455165184485119223e-01
5.875249360825790745e+00 2.588238700173265960e-01 2.149412057025635203e+00
6.292986760856679851e+00 3.629086349736976302e-01 4.458022566050550139e+00
7.094608239016054085e+00 3.389176292380020605e-01 2.238563822972881923e+00
7.851042605960937948e+00 3.036661803247943103e-01 2.115278379431113187e+00
7.990235116538102034e+00 2.981381571843551015e-01 1.958309952411128929e+00
7.953167620598046383e+00 3.215533553060803129e-01 5.308096226580881982e+00
9.529456814288813860e+00 2.918874007202840737e-01 1.336294353071548091e+00
3.556845557281508974e+00 4.019320449340546553e-01 6.084624053361103790e+00
5.604719724546125548e+00 3.762302198565464773e-01 2.917990855035984321e+00
5.774105633457343956e+00 3.632344560225914121e-01 2.337859493360330720e+00
6.468153676921861717e+00 3.922765684718522161e-01 2.675467703491521299e+00
7.641481573226496238e+00 3.722938140127036721e-01 2.328984950536318266e+00
9.022529714422621083e+00 4.266349846051722405e-01 5.573634633821249906e+00
7.089945339938061308e-02 4.188001762746275114e-01 2.668124735959552574e+00
5.607729046970179709e+00 4.273256135947056666e-01 2.524610817599705737e+00
5.932936806310443956e+00 4.418696401710296984e-01 9.392745680445871770e+00
7.040481551538284144e+00 4.945539026674240501e-01 1.717913512267335463e+00
9.381491833856781426e+00 4.738079779433908012e-01 5.605934037793649516e+00
4.918866968956148167e-01 5.143099570902165407e-01 2.714916498330078642e+00
5.646571431265896557e+00 5.176675697097512518e-01 9.816417327343462063e+00
5.876671486408206135e+00 5.511955782627783185e-01 6.882070790569873253e+00
6.173966796637139431e+00 5.808074574706127979e-01 4.064511893609259907e+00
6.252732260326595792e+00 5.001742276638799778e-01 1.510543776982194775e+00
8.821132496264770140e+00 5.635107870655815532e-01 8.114736013875779364e+00
3.332152675600553060e+00 6.541155056447642835e-01 7.318829197605874803e+00
4.386666838085464093e+00 6.378507517846978558e-01 7.414988929697090558e-01
4.715498928862792205e+00 6.883711054345533764e-01 5.274283060846714832e+00
5.155881612351361554e+00 5.775185829187750031e-01 9.358230907216137595e+00
5.250835940795211876e+00 6.512475967406119448e-01 3.150432907388095227e+00
5.371705812320901607e+00 6.346992722807645038e-01 6.675852720327459799e+00
5.468344530228876010e+00 6.068437696836679329e-01 7.615428015644058135e+00
7.812713517302068311e+00 6.162197803690978581e-01 5.800289631991629946e+00
8.134413484770057323e+00 5.970572160021949681e-01 1.857383129587968806e+00
3.854384887071066856e+00 6.719175934746224321e-01 8.333460337292664111e-01
4.244764160577005008e+00 1.314858678813104031e+00 6.051313182676002711e+00
6.221125499887368626e+00 6.823491770839378301e-01 4.563940337734572417e+00
9.313226959072792965e+00 6.715661450821412970e-01 6.850411431620383240e+00
9.928767270968045011e+00 7.204847244989156518e-01 2.576489398104462758e+00
7.100717190310625426e+00 1.717220408342911564e-01 4.071051253098409539e+00
6.315516889242606346e+00 7.757185627773617309e-01 2.872208338687165963e+00
6.828715716320681750e+00 7.593334046395596726e-01 9.588848268018342225e+00
8.211313029872330915e+00 1.108044625987869569e+00 7.392666768958253698e+00
9.194130020812174564e+00 7.780923361596885357e-01 3.309790945695926023e+00
1.176419699279724895e+00 8.849207995552035300e-01 5.908450341557568208e+00
4.597127378135133391e+00 8.884072618117380138e-01 3.698171087068361285e+00
4.640088260948012966e+00 9.214778446563773873e-01 6.264816736986004386e+00
4.876230053875673320e+00 8.870782341697429629e-01 5.742679601726044858e+00
4.888397145609514105e+00 8.832866308109819098e-01 5.754891973841401054e+00
6.076196264228700628e+00 8.487228358979814757e-01 4.861761815437957601e+00
6.158970929301183617e+00 8.632440918548329734e-01 5.159157312020842490e+00
6.310716682439823089e+00 7.817028670542183200e-01 2.877774776088745767e+00
6.353992651384497314e+00 8.656528086236701114e-01 9.730327416674398933e+00
9.877512124796897552e+00 8.745083217172764378e-01 7.314880102987067367e+00
4.705024255357775687e+00 9.321186420034459630e-01 5.758515025660831732e+00
5.579933601245861574e+00 9.370181974238949163e-01 6.765608331103575956e+00
5.793751452581748396e+00 9.225362931338616512e-01 7.000948817275872926e+00
6.670958783600133835e+00 9.095073063713046135e-01 4.041019599194100920e+00
8.404098252061391605e+00 6.605365702688275054e-01 8.049885096731175693e+00
8.514327557394786083e+00 9.328215727217057385e-01 3.160446656933967091e+00
9.128430354358386012e+00 9.572915526650189744e-01 4.804618375315099499e+00
9.732957993161258869e+00 9.564164257921146106e-01 4.718911193164110784e+00
4.483731297648886560e+00 9.898707181613399797e-01 6.021629586025734504e+00
4.795450107671369366e+00 1.036919137408300884e+00 6.393915076726024438e+00
8.170596613711527567e+00 9.834606859223966602e-01 3.437189535105952265e-01
8.248341347376410226e+00 1.003161372281159425e+00 7.366103025319918451e+00
9.284422632682041154e+00 1.054660583962907072e+00 8.155813995001516048e+00
3.747541000169431591e+00 1.064108380857688552e+00 5.908732607442007456e+00
4.560092629963863331e+00 1.127398713772118644e+00 6.938306584806749555e+00
4.852459277944586091e+00 1.114011094960493775e+00 5.257166786916850576e+00
7.473772004523427270e+00 1.101499462757516312e+00 5.908765274866125239e+00
4.064994718336699897e+00 1.148890695032469544e+00 1.901282980960252278e+00
4.777190205624969543e+00 1.147628987635241238e+00 3.581935665859953488e+00
4.795298747472143575e+00 1.135681125009277537e+00 5.182254575662554430e+00
5.494845198582714474e+00 1.168987330260732094e+00 6.823909672604048460e+00
5.486614505064354219e+00 1.148590517232451536e+00 3.404915387247031688e+00
6.300107787346553856e+00 1.180858300597600330e+00 1.288441414094301685e+00
6.283911926805300752e+00 1.193483127216196760e+00 7.689775461977486515e+00
7.570226251327429878e+00 1.206067700259074282e+00 7.013402811290259997e+00
8.879569230363536292e+00 1.124094955168286614e+00 1.616778590346146238e+00
9.824697050756002525e+00 1.147391001497767959e+00 3.614493745682319403e+00
5.662230714222947547e+00 1.258159953430372902e+00 5.065549141195418770e+00
8.071793592845093457e+00 1.247883086616010662e+00 1.785434442906881358e-01
1.762072923582423289e+00 1.344144287228882462e+00 9.358756750181740358e+00
5.110004154285240574e+00 1.309536587648071126e+00 5.238607092689544942e+00
6.259977470663229404e+00 1.325150519227446644e+00 5.418468508044079535e+00
9.243036290281452239e+00 1.295749383646257691e+00 4.925977953620446215e+00
9.794491850922259601e+00 1.359310658235723057e+00 8.003971032798741447e+00
5.843019328939567103e+00 1.363255652085477720e+00 4.650439421645415017e+00
8.679155795783733751e+00 1.352444210685364467e+00 1.912617310029225415e-01
8.204930591640760551e-02 1.499071363649386868e+00 3.875519982606168590e+00
4.228472000616450011e+00 2.002118728582157559e+00 4.410788592546026621e+00
6.218859185513060162e+00 1.442473650636888483e+00 6.232146399040225937e-01
6.203693362620014362e+00 1.510213858930601116e+00 6.332969679125556084e+00
6.903708692460145180e+00 1.517281346720252611e+00 5.941460817253471305e+00
7.007307138569297322e+00 1.471259567577313909e+00 3.199771117876400783e+00
7.128905836466537416e+00 1.465938713227206147e+00 3.037820621958239542e+00
7.614521874271510171e+00 1.460590513809530755e+00 6.102284688676568258e+00
8.410276007743819449e+00 1.504145768765940083e+00 7.245750547239016015e+00
8.791784140248154245e+00 1.509684182287459819e+00 7.172576099647644199e+00
9.728682404099815884e+00 1.497052208313242261e+00 7.231762147364877436e+00
4.270167363183364095e+00 1.577648175272466258e+00 7.123168082672998835e+00
4.648272505676457556e+00 1.585840568906539794e+00 2.559213689026535565e+00
5.215391007044877014e+00 1.036772115517572423e+00 1.815305805784527493e+00
5.344311236673925158e+00 1.535434620420914609e+00 7.157898961171213159e+00
5.670684842089827704e+00 1.600763939282880965e+00 8.044600509552310541e+00
6.070893861745160436e+00 1.543683695811087997e+00 7.043237276380628131e+00
6.335975775180488156e+00 1.532121269656924856e+00 7.979036789999090828e+00
7.471130378297324626e+00 1.595167737933630203e+00 8.211910653674074467e+00
8.169872729989396731e+00 1.559520100050946656e+00 6.552599695412908432e+00
9.344997775373460769e+00 1.539859177380651811e+00 4.244737244332088544e+00
4.695929799382714265e+00 1.660724570633088870e+00 4.495582335953100639e+00
5.108928991519702478e+00 1.648728436241095441e+00 2.910828853988641995e+00
5.749120797601229071e+00 1.651391034379175338e+00 5.800507500929506399e+00
5.899135972560978658e+00 1.630979408766986438e+00 3.457780863158913753e+00
8.354448222075198771e+00 1.637913496581501871e+00 1.017602680714781105e+00
4.707906294556370774e+00 1.705534952146195771e+00 5.705023710380416446e+00
5.194093672924779526e+00 1.750138595951883147e+00 2.461223713206383223e+00
6.228359960034856257e+00 1.666064436428674078e+00 5.411277081941559430e+00
8.367861843706139169e+00 1.680419937401001373e+00 6.435807833919853671e+00
8.465036290389342355e+00 1.726880964064607227e+00 5.718838575501170141e+00
8.028373863006752487e-01 1.767782682707197850e+00 5.127624306960591127e+00
4.691535351349425120e+00 1.797723477236824685e+00 6.704509570174380428e+00
5.294512997390082631e+00 1.857868388173756546e+00 2.627948272206267255e+00
6.133273994827223241e+00 1.740016491254253950e+00 3.117874395316257541e+00
4.479290762866345865e+00 1.879545404386822050e+00 4.226102669119858213e+00
5.311750843498344921e+00 1.824783627370782924e+00 2.642373428082754216e+00
5.508048048938689156e+00 2.400213728893257237e+00 2.978315549783687288e+00
6.516445408706722731e+00 1.886008871149967181e+00 6.437545028007107817e+00
9.426934260314233427e+00 1.844076409265501759e+00 5.490076675559992125e+00
9.247330513662252116e+00 1.740356140812386432e+00 8.929307704471519003e+00
9.977513100153867498e+00 1.974342077426566533e+00 8.574267944499762706e+00
5.233679670903911507e+00 1.823819028869500425e+00 2.666021210427508503e+00
5.083880990694580326e+00 1.386941056550627938e+00 4.426163420231073786e+00
9.382999470152554977e+00 1.949873123418060405e+00 3.025577858051082369e+00
9.599861134917492933e+00 1.917401421280300777e+00 8.201782094808740098e+00
9.886683305321062321e+00 1.932333491516962987e+00 5.027938602101225563e+00
3.883882068539583621e+00 2.061251448584542345e+00 5.863227711500868189e+00
4.921137646403942689e+00 2.004147275255022453e+00 2.022057424378303825e+00
4.890358794359285888e+00 1.998700395219042747e+00 2.180685135462041124e+00
5.768889172211393301e+00 1.988317585495623874e+00 4.384782607402318177e+00
6.437987811400530447e+00 2.042110761058383961e+00 7.122610798143199418e+00
7.665505668377974757e+00 1.985056903948755558e+00 3.373227797221710844e+00
7.915601205385768502e+00 2.058625356439174325e+00 6.808686248954280984e+00
8.243641808179045682e+00 2.106787089343913788e+00 7.941968160799625309e+00
1.363848137685370165e+00 2.077017613820222763e+00 6.499937606261381617e+00
4.401733358403035368e+00 2.082430133134815176e+00 2.326296350951643443e+00
4.435718014813984311e+00 2.074024958644100636e+00 4.731369491670827543e+00
6.391027560150986275e+00 2.065031998561781990e+00 1.520411242876765101e+00
7.898165229283959476e+00 2.126695310534398420e+00 5.591065775561227191e+00
9.435905871938171430e+00 2.068849330203845316e+00 2.920303050805966638e+00
7.200337327192483927e-02 2.163026425390520924e+00 5.483512491695445412e+00
4.970478300780805103e-01 2.133385668701397009e+00 4.668554355774611864e+00
5.464957120321446205e+00 2.170171828049618945e+00 1.441589617828857306e-01
6.321747483179765759e+00 2.171927764671349959e+00 6.972719017036757450e+00
7.711397917337713181e+00 2.211527790126958770e+00 5.008323311991569327e+00
1.258585813184973645e+00 2.261375556057489078e+00 4.848995966112221723e+00
8.001807110436443438e+00 2.240880433043376918e+00 4.901112115555268822e+00
8.137991692553210754e+00 2.237277494258786081e+00 5.809411082095413903e+00
1.411349206601399953e+00 2.362522037235562866e+00 2.243792332807933221e+00
4.911815870983415877e+00 2.308845806187802552e+00 7.900143192830162420e+00
5.154698307763271536e+00 2.304334906725991061e+00 5.503528000217232652e+00
5.220725184662327933e+00 2.304528211285247874e+00 2.868428670927646085e+00
5.397075616521250119e+00 2.329515490900534225e+00 5.834772962193909507e+00
6.246974377878657059e+00 2.339882145095743216e+00 8.073206522653764594e+00
6.503313441605960143e+00 2.310921342307926896e+00 5.972005008205059085e+00
7.629262045114050039e+00 2.367767099910627504e+00 7.681278348593132854e+00
7.879756616169324879e+00 2.289005076987178811e+00 4.675015639186264949e+00
8.239091245800315377e+00 2.416471328228979587e+00 7.777898182867306609e+00
9.136174486261811722e+00 2.354392259646457930e+00 4.425611254800836392e+00
9.369352272765670619e+00 2.346889099641805032e+00 5.476177441319595829e+00
1.501878011216983277e-01 2.389752472475116019e+00 6.853748645669940132e+00
6.452900202452919842e+00 2.445078300648826364e+00 4.862580734198026278e+00
7.040452259682489000e+00 2.422514932234613561e+00 1.102032327329450556e+00
8.536169539339173440e+00 2.372621291419516165e+00 5.519125942124968986e+00
3.812270048987672633e-01 2.522585537815332124e+00 3.781395287153299201e+00
1.541376387066535791e+00 2.507077939929163168e+00 6.730362821885946367e+00
1.637216726644624032e+00 2.497302064912406028e+00 1.896854609892983934e+00
3.603685554910458499e+00 2.466248761076206275e+00 2.299435035126793814e+00
3.906340198661644170e+00 2.449828777936900792e+00 5.560759949025871229e+00
6.116204230772402717e+00 2.470337778624920322e+00 1.654603721817011319e+00
2.980642010059044722e-01 2.566383460240721170e+00 3.723757625769738233e+00
1.475338701608258418e+00 2.482450728814932450e+00 2.318195245194401899e+00
1.578215911368782809e+00 2.544768837254872462e+00 6.650744663656080746e+00
2.246998696873283574e+00 2.588969519162928723e+00 3.707937458269485731e+00
3.618172151875154618e+00 2.527867841135782889e+00 2.852449280372638896e+00
4.794627246185231506e+00 2.546259611701104486e+00 6.185220497651851446e+00
7.211242900453071591e+00 2.625290995797576077e+00 6.717904363645097909e+00
7.553394642145656590e+00 2.581162453747436025e+00 6.798429953161003958e+00
8.144337494629173335e+00 2.549779587360856858e+00 7.676224737201698289e+00
4.495011668980565034e+00 2.638547587487313884e+00 5.881571303727612943e+00
5.983524998536523754e+00 2.645637533057921598e+00 5.928743086664514550e+00
7.125626740617439836e+00 2.648934067149701921e+00 6.501929714421764039e+00
7.318918611137916308e+00 2.714815425449252473e+00 8.512333440783960370e+00
8.535272775371549159e+00 2.677659472586726430e+00 8.151863040848159159e+00
5.790211815077110025e+00 2.738332100942822755e+00 4.459544538276921877e+00
5.986889565612277586e+00 2.716098783822200602e+00 2.293799447298335625e+00
6.276445199524254726e+00 2.706889085318279431e+00 4.741868231713757709e+00
6.478007067479096825e+00 2.711308190966218223e+00 7.880173210835019759e+00
6.834874407806195151e+00 2.741319716812863128e+00 6.140603519739242788e-01
7.029962410295786945e+00 2.764844513502534795e+00 6.856857518269661611e+00
8.779845823166626317e+00 2.766756589429987923e+00 8.303318466630212669e+00
9.773546397124102114e-01 2.795795893511510588e+00 7.157886248861178302e-02
6.118136023491107522e+00 2.773611661617116031e+00 2.526359515699970082e+00
6.617052361795076720e+00 2.840224701627727999e+00 7.059389049874900124e+00
8.079412495497342306e+00 2.789794557564631017e+00 7.921447330572563672e+00
8.462113420614661763e+00 2.851696116189453623e+00 8.324772584239109818e+00
9.583566034357682284e+00 2.792191814998620458e+00 5.334841566348567099e+00
1.755002136418338798e-01 2.830126685230456296e+00 4.692090913055192658e+00
1.166316199028074596e+00 2.892199082316767811e+00 7.063431699226723204e+00
3.264469024150433718e+00 2.859148246900482526e+00 3.734327180205052610e+00
5.049223435809529370e+00 2.829254133218207734e+00 5.059490900205679154e+00
4.639631826014078975e+00 3.393637325883365197e+00 1.355951743602726633e+00
7.575468711005063582e+00 2.901124740353588916e+00 7.949072192995831898e+00
8.725278242641110182e+00 2.893662419977521605e+00 7.840183754734105115e+00
1.238686573193594320e+00 2.995556224783910260e+00 4.811586704030589523e+00
3.192210669146135160e+00 2.956531274259623920e+00 6.873856302055438405e+00
4.289058068238671417e+00 2.967013467368021296e+00 6.336541981109295563e+00
6.495024727053023028e+00 2.441310935664825266e+00 2.470767385336696709e+00
7.500565420737409283e+00 2.944715339807566501e+00 5.056295018292278343e+00
8.923454560938713698e+00 2.921329382849235490e+00 4.826013413305014765e+00
9.015408555044370331e+00 2.916090003962604538e+00 5.100802455937813562e+00
1.070889589670915409e+00 3.027291084399399423e+00 6.648960954902043419e+00
3.808926915123033830e+00 2.995362943590191396e+00 6.156758381000823732e+00
4.523220607183059627e+00 3.052616116908475341e+00 2.854083054284173304e+00
5.472515302573525808e+00 3.002673830693469714e+00 6.223034704987572496e+00
6.700250987926652968e+00 3.035114079614952054e+00 5.658496852071040806e+00
6.980768933704505130e+00 3.068650067320001451e+00 7.545809718408184708e+00
7.092961901966387650e+00 3.102264515287585400e+00 9.038730055124979401e+00
7.239647949764552948e+00 2.993061916262196309e+00 6.821052489989235745e+00
7.631171416126854012e+00 3.046555465621212822e+00 5.317480480353079741e+00
7.713319836255845274e+00 3.020982020141032010e+00 7.105401108105271035e+00
8.511673207688108533e+00 3.064916457721329479e+00 8.425294384218602772e+00
8.838397389981142993e+00 3.049595910938236898e+00 5.655787384618955471e-01
9.861103479208703504e-02 3.059552333479209629e+00 6.826453543007840352e+00
3.286006114002873346e+00 3.091783476639833772e+00 4.550059124889379802e+00
3.865461619322002829e+00 3.057523367341629772e+00 2.808792783974564333e+00
4.021150171447143151e+00 3.065765575539685539e+00 2.860409494283348675e+00
5.090979653709497121e+00 3.068694206637354593e+00 4.442063884239326299e+00
6.319609269305988875e+00 3.119090560070061358e+00 7.695307731183404165e+00
8.484377302485428984e+00 3.135262179533823357e+00 9.271832752476859341e+00
9.284271789691896259e+00 3.136744412565631634e+00 8.690008424672175380e+00
9.568471427422212017e+00 3.112570308264262842e+00 3.794137144676644979e+00
9.710021213285887853e+00 3.056936477051112711e+00 5.297884210255748627e+00
9.723326190227263410e+00 3.056007491356303341e+00 5.270481511275248110e+00
2.939983655572848686e-01 3.145165825474243171e+00 7.320564773316140972e+00
1.522675121877088866e+00 3.213556571935524797e+00 6.307094673588709455e+00
2.444797948051742331e+00 3.155359787200747945e+00 6.481151103687675885e+00
4.604570665821334785e+00 3.175604223884491262e+00 4.142096585135607079e+00
6.575835047545993461e+00 3.183572800987446438e+00 7.149270531588112654e+00
6.789208175626630037e+00 3.216155037375717285e+00 8.487378670524094559e+00
7.755564329791541311e+00 3.196790609243895798e+00 7.935703789001916419e+00
8.059996280205600883e+00 3.279690202187075521e+00 8.507239072317990036e+00
8.438521627238971590e+00 3.201085921015804026e+00 6.104478404154949800e+00
8.758749967337507769e+00 3.230974529268586970e+00 7.116245038995463013e+00
9.723898951387637268e+00 3.199547154580990593e+00 7.929791346912335115e+00
1.325600000451263139e+00 3.220441188429421508e+00 4.862047535476071047e+00
5.161828755962603488e+00 3.211851750006694317e+00 9.728368370284952160e-01
5.411112219387250732e+00 3.262296757335816366e+00 6.417015051878204090e+00
8.907251560291584269e+00 3.221868423501796919e+00 4.619418474345156511e+00
6.716938579069246629e+00 3.353477221082178605e+00 2.440447720938025977e+00
6.983332702161646921e+00 3.355565769002718746e+00 7.025715290167505955e+00
7.210165797785682784e+00 3.334821535609622245e+00 7.531988235929476971e+00
7.431355457791109842e+00 3.393204944497230535e+00 7.665825860088347099e+00
7.957040169474157487e+00 3.355159792163881605e+00 7.048516627470906570e+00
8.230037976156827639e+00 3.342683486371004875e+00 7.222038310489796054e+00
8.269215140163789002e+00 3.353757622792417958e+00 8.389650568545972575e+00
8.653135689973744604e+00 3.318785240447872376e+00 6.559510111042225589e+00
1.513331272764251612e+00 3.452767844667366859e+00 4.191694519769219696e+00
4.729693560248141360e+00 3.409978046333042467e+00 3.709455678333910100e+00
6.711092542444912823e+00 3.438435494206016241e+00 8.775077630955607333e+00
7.582125660917188981e+00 3.446520167117809841e+00 8.077354809223571408e+00
7.670950915845510032e+00 3.433771927345548480e+00 6.000435308176266247e+00
8.456990721490297958e+00 3.385593814948494984e+00 7.195344048931723080e+00
8.829625970601917118e+00 3.420029240044591745e+00 5.208636143620944736e+00
9.544646108309482457e+00 3.430071643229388734e+00 4.723651144987401018e+00
9.545337496048666992e+00 3.371929038238461018e+00 8.173042175003754295e+00
9.825666789740253648e+00 3.464145765897831630e+00 7.321759885028653159e+00
6.389238701937417275e+00 3.509463291829196585e+00 7.876834048651637055e+00
6.732557154897033769e+00 3.593292120794422395e+00 2.874409619696235652e+00
7.986789490329051944e+00 3.475488018886030872e+00 8.612447682086504130e+00
8.361380286132259698e+00 3.457404931515402513e+00 6.190298023097666302e+00
8.836982995322737011e+00 3.431413459797476140e+00 5.108894847051248078e+00
9.157617841634065670e+00 3.501823690077375151e+00 8.386376053072266856e+00
9.582514836601355057e+00 3.486283880284206660e+00 6.166823390243932224e+00
1.216876568304481765e+00 3.559605868575678844e+00 4.955095887075887440e+00
1.412306888870992871e+00 3.553030246172414142e+00 4.095935957852793408e+00
2.278007373495402721e+00 3.580640530600148530e+00 5.040030671546174013e+00
5.013171997057249030e+00 3.519500565937565995e+00 2.138820421712581243e+00
5.730306314086830000e+00 3.615360085913205790e+00 3.650530134072938804e+00
8.149738760770592449e+00 3.578532160248298233e+00 9.047546205533404162e+00
9.689573676843789229e+00 3.556062561454173210e+00 7.383775529090318201e+00
4.097774079025859884e-01 3.642383082983922549e+00 4.990909303162502475e+00
8.976894001937880674e-01 3.622980872142669728e+00 2.044778152308227792e+00
1.525365524824297214e+00 3.652292837673972059e+00 5.661859378266715481e+00
2.000002164833440066e+00 3.641178650819060891e+00 5.800408144215280615e+00
4.147876055622411684e+00 3.675508649684938955e+00 4.623119252799877898e+00
5.133089170612606722e+00 3.668457300487678374e+00 6.220652419612273221e+00
5.552298247766068506e+00 3.674196333356863686e+00 4.622425317497358854e+00
6.679791620738967595e+00 3.650030541448086918e+00 7.346901570903670020e+00
6.696518221369784030e+00 3.527473009731333597e+00 2.847377552576741522e+00
6.761998918625828914e+00 3.792869100223081880e+00 6.854598635977065868e+00
7.091416073708467493e+00 3.658885402557996436e+00 6.811897188485370513e+00
7.228550954035199538e+00 3.691687614159566699e+00 8.976335900729619510e+00
7.419139853533325279e+00 3.696254655444351833e+00 8.653658582462938398e+00
7.727206794280323976e+00 3.659911067594980416e+00 7.973987601592545715e+00
5.315901316572691826e+00 3.710789780868783083e+00 6.925755808965464055e+00
5.653801018333091122e+00 3.697255052832507882e+00 3.062841387276439953e+00
6.344973540641037246e+00 3.745966946803001463e+00 6.418378021372554088e+00
8.118579245391256194e+00 3.738029117359336961e+00 5.215701675898900547e+00
3.445217479463403842e-01 3.770543370961596530e+00 5.325322202585521580e+00
3.751805874644691396e-01 3.781283869931469255e+00 3.560859240088328992e+00
1.983299720021496793e+00 3.830773533614571846e+00 6.727023926779407859e+00
4.290826466575914822e+00 3.781885140986626759e+00 4.086132585199445444e+00
4.745638782470491535e+00 3.780127879545684522e+00 2.384002752300244943e+00
5.108613274366105905e+00 3.822898186355597971e+00 3.394838358474206785e+00
5.821279121304931969e+00 3.748422294738382732e+00 3.762769198239539481e+00
6.804221898639765342e+00 3.671084461847977209e+00 7.048782561134180114e+00
6.859557540803269404e+00 3.825334342111110342e+00 9.570196632781037493e+00
7.051264409368341646e+00 3.800091856107773669e+00 6.830212364668051261e-01
7.718757805216044154e+00 3.800059559432139800e+00 1.375821947441329129e+00
7.799700317819934448e+00 3.804920454385311235e+00 6.737286177634802975e+00
8.138148114878037021e+00 3.423526134833921208e+00 7.460711689587608220e+00
9.578627962924105788e+00 3.788294653479794771e+00 5.019164207445071746e+00
7.870915277544308086e-01 3.871764922091657457e+00 6.612028350084361961e+00
8.976966606091258960e-01 3.858899045076739753e+00 7.192107510947026050e+00
7.535059014311386250e+00 3.877201476663033830e+00 7.498006967619084584e+00
7.443057892642222839e+00 3.959174027816664498e+00 7.620635618297233904e+00
7.745401216136320599e+00 4.194140370669474649e+00 7.003361903999453020e+00
7.932809414372592016e+00 3.933969549727362569e+00 9.875440959380556549e+00
8.140863418395124285e+00 3.890970405110891761e+00 8.082234996526036497e+00
1.096345017847865755e+00 3.916049349904724863e+00 7.010665330001916828e+00
1.766159845058395295e+00 3.940775123900047028e+00 2.490221601435424592e+00
4.997132957988180912e+00 3.943176589088909889e+00 3.449836052713354473e+00
4.973614913819198513e+00 3.979919822763934079e+00 5.363010994658315767e+00
5.751703795762623805e+00 3.958912429059820326e+00 4.683500010839944494e+00
6.853117826594371742e+00 3.995340776338645039e+00 6.569060646064410314e+00
7.530144141382784539e+00 3.878984947191232102e+00 7.510494607882796103e+00
7.877123460251734599e+00 3.912864797428605712e+00 8.351694557442671751e+00
7.977692732706570311e+00 3.904074380400126110e+00 7.008569118126064978e+00
8.302870023806482536e+00 3.924563263829934368e+00 8.185875514123381436e+00
4.858070478401652625e-01 4.030934786850814078e+00 7.543920286559997912e+00
3.803802243597777633e+00 4.066779203713548618e+00 6.125881225700945620e+00
4.816327436922884786e+00 4.051070360822322414e+00 5.496983267780120030e+00
6.479664799201971803e+00 4.073095843771641356e+00 7.541764145461522517e+00
7.288682968725761491e+00 4.058436583354450455e+00 9.491351182272300235e+00
7.869857332229188707e+00 3.981822328248443288e+00 9.831777493593774508e+00
8.331640798488219701e+00 4.001198210314769632e+00 8.856549280992258133e+00
5.427480044593420594e+00 4.134624109385865331e+00 1.130226248094136299e+00
7.093438581561068546e+00 4.172712358363781071e+00 8.222321512927614151e+00
7.207110668908292439e+00 4.152390663004627669e+00 2.207659077749341003e-01
4.916960460762490825e+00 4.410186179061258649e+00 6.606489141794572362e+00
9.600789077964211771e+00 3.851017669110772701e+00 1.052766612457944362e+01
7.600360052587696202e+00 4.138692021611330318e+00 2.494537791124702419e+00
7.976058126175320950e+00 4.113414318747041776e+00 8.924536041652233465e+00
8.154984643047582082e+00 4.103896722901239968e+00 1.495832463337677110e-01
8.502860513864579417e+00 4.055419066735477251e+00 8.068324444273535789e+00
8.662908150884229386e+00 4.092951275193271954e+00 8.104589060542998880e+00
8.993852531767920766e+00 4.113359022569169632e+00 9.027618397207263001e+00
3.022544257346201135e+00 4.200641700939750756e+00 8.130261526786386028e+00
4.523851710887225153e+00 4.186153066452710014e+00 3.093510201038292440e+00
5.051247165304284081e+00 4.185181610526813145e+00 5.847628979226474399e+00
5.658156491502722929e+00 4.166324141607129050e+00 5.096449806137322902e+00
6.302061255731376654e+00 4.163639564668636162e+00 4.500265561795965041e+00
6.725798368402270633e+00 4.160281138673844303e+00 6.464859984318355401e+00
6.840340404954710962e+00 4.155637548665316316e+00 6.479257996064370140e+00
7.063610929707586195e+00 4.222166467457545203e+00 8.479070065474938467e-01
7.183724835462770741e+00 4.173121119300611248e+00 9.378071941553645985e+00
7.595246415483066116e+00 4.160106900467142488e+00 8.836222206479511954e+00
8.738035002798191897e+00 4.209445664256104003e+00 9.642973040806470664e+00
9.227239862957411276e+00 4.199742354567981728e+00 9.725242255105806422e+00
9.406560540230596956e+00 4.160679746793822353e+00 9.085223522607034141e+00
5.597231191098988035e+00 4.202206104261660080e+00 5.022767644814763344e+00
6.677109690726714675e+00 4.247448070597784842e+00 3.181213934433297919e+00
7.077602025994211843e+00 4.235617757039280562e+00 9.455071281118941684e+00
7.090425612211275208e+00 4.167248979898248606e+00 8.222602100912737910e+00
7.994188359980711311e+00 4.246325758419463803e+00 1.996283871347848127e+00
8.917484342514613971e+00 4.265029994842540972e+00 8.737574188279848997e+00
4.294258572834769083e+00 4.337412873013829717e+00 4.297336355857071410e+00
4.331707104455039925e+00 4.346167844462181407e+00 5.655206200961900187e+00
4.969600819840443329e+00 4.354440487554967376e+00 4.413867498931450584e+00
5.036688036456338224e+00 4.286896592201943967e+00 3.501821551042924252e+00
7.119472800267622858e+00 4.328682003126315792e+00 7.387852810466949194e+00
7.254751381730991433e+00 4.316530850479503023e+00 7.596004427384766444e+00
7.563699299670357590e+00 4.362971688028963513e+00 2.145727658114961578e+00
8.700254869887720233e+00 4.319269712228583913e+00 7.719656504024008825e+00
4.852278510253860144e-01 4.408555095079392139e+00 8.376120379686266659e+00
1.113589969652021505e+00 4.425860577716449917e+00 7.563184215445112102e+00
5.641540791666113108e+00 4.419705579055647426e+00 7.890820744360786954e+00
5.650587273389611198e+00 4.459549309181030985e+00 6.335842930807408457e+00
8.146946997190420703e+00 3.277840264910924617e+00 6.040328227045082876e+00
3.576855064788931671e+00 5.594181012615485393e+00 7.658793846272620165e+00
8.047007821652996995e+00 4.386624080787981050e+00 8.490084362715807131e+00
8.489253169606602256e+00 4.429814853177687084e+00 5.010174443777755116e-01
8.732190286212057728e+00 3.972458521024319289e+00 6.521803570153561047e+00
9.251745866838543719e+00 4.386141558197963697e+00 8.588342452809920147e+00
2.171574207323597516e+00 4.540368964640173033e+00 7.046187710315042096e+00
4.847025757603187657e+00 4.525220138329203223e+00 8.159443727449950945e-01
5.542404616210076185e+00 4.500484962959944824e+00 8.061234752129653458e+00
5.830860790914421443e+00 4.469464798302579034e+00 7.362878567418787767e+00
5.971191062790539128e+00 4.483587608815087222e+00 4.148345217597692702e+00
6.402900815964762238e+00 4.515746842863436861e+00 7.006424023940475365e+00
8.464528214937482531e+00 4.461224771780738507e+00 9.011541825042810316e+00
8.576195848043106196e+00 4.471012390044875495e+00 2.652922985509486575e-01
9.010365865546543063e+00 4.985089420478633571e+00 6.925282778222306312e+00
9.453110243121951584e+00 4.519474544893168577e+00 6.779661093781067294e+00
9.863207857889284114e+00 4.480454344010113665e+00 7.352630319718336693e+00
1.007903000507407443e+00 4.569038116279842576e+00 5.118220904081324463e+00
6.797131804768099528e+00 4.591689148731888714e+00 7.542119831472353653e+00
7.677019922701528998e+00 4.532234840584117741e+00 9.544707301636259800e+00
8.190005328022634146e+00 4.578162459707879606e+00 1.324434028837447652e+00
8.667325248418727313e+00 4.564730845921403990e+00 9.860139342103900972e+00
2.236724897630255171e+00 4.671150355478998151e+00 7.162955469243384776e+00
3.639672005197473581e+00 4.599326463766083783e+00 3.786009464636895583e+00
3.870431208084156083e+00 4.682849427046297919e+00 6.408211475741099505e+00
7.123726904720857789e+00 4.646730566481388713e+00 7.468496710478863321e+00
7.741217730415531406e+00 4.599308671176310703e+00 2.135857547351807550e+00
9.540430570473361627e+00 4.658969215714148682e+00 6.411762485024690150e+00
2.786354725031855217e+00 4.760950007421649310e+00 8.161994009545903594e+00
6.018515316668336723e+00 4.738936079057328499e+00 9.415769553424734539e+00
6.634988171544338620e+00 4.716203747289494430e+00 8.391940165354089487e+00
7.715775694550247366e+00 4.739924148865031661e+00 8.624589513969079135e+00
7.793793015748121000e+00 4.684621744486967110e+00 3.015392254346569434e+00
7.842276545371471563e+00 4.689919952789477264e+00 9.621141986571354110e+00
8.240610396368699853e+00 4.685839143222596093e+00 5.341251113925970628e+00
9.247447520949098276e+00 4.712366921370281680e+00 4.916482686884693365e-01
9.426754797968325050e+00 4.713835503132833615e+00 6.955115493153040340e+00
9.584518963462016927e+00 4.714257452858590547e+00 7.829460960873351638e+00
5.427969874413467899e+00 4.791808301895837729e+00 6.227604688710838055e+00
6.768468003755502949e+00 4.820018903957748790e+00 8.480485307903132153e+00
6.995145844287805836e+00 4.820416826346800576e+00 8.280058578154265714e-01
7.204795735668205303e+00 4.816838343089299812e+00 1.174461842680475598e+00
7.202375192380629620e+00 4.813288897850477532e+00 6.476976522539596992e+00
7.518050657398553938e+00 4.765372195905358765e+00 8.012898238414880581e+00
7.990094147898334498e+00 4.791389430809385175e+00 3.894771987931744839e+00
8.534540686192293890e+00 4.750652592700447485e+00 8.794331599119722398e+00
8.572633413000552594e+00 4.762711230932827000e+00 7.850112292157938931e+00
2.015362598010546513e+00 4.906774186110393288e+00 8.373545377497867648e+00
5.141876473351930876e+00 4.884386659839045741e+00 4.889656385806617322e+00
5.743311499858306135e+00 4.898068892919271278e+00 5.239935870830622733e+00
6.298889621754297785e+00 4.910217644850959573e+00 9.658244553152442791e+00
6.828749347425897120e+00 4.876780916737338600e+00 9.055926421972690932e+00
6.896014857666533437e+00 4.927871247524000076e+00 1.725849581321284631e+00
7.517751286644771547e+00 4.830711308443460972e+00 8.615117510957238878e+00
7.864938696162422360e+00 4.850163950621225517e+00 8.398452542962150602e+00
8.646866002712869204e+00 4.830410304197000571e+00 8.468957435422662883e+00
9.006692469012392621e+00 4.920164883796956268e+00 7.105353788906214163e+00
6.585090268180790574e+00 4.999002211277455920e+00 4.222157024295638550e-01
6.792004925647786351e+00 4.889548727412003082e+00 8.536711284829429758e+00
9.042141399238477817e+00 4.878549833942419589e+00 5.885465386335500426e+00
1.536447728427396964e+00 4.998389311624881870e+00 3.948434536560484709e+00
2.585285691505940342e+00 5.053250546341175209e+00 9.066802871710834211e+00
4.323531394691215723e+00 4.998665195989510757e+00 5.432807858512186172e+00
5.391990581107095615e+00 5.005185651241837341e+00 1.881672600228126990e-01
5.748364555748691984e+00 5.000587704873742823e+00 7.778532898585967637e+00
8.910369123429688898e-01 5.134282642371866601e+00 5.109744470769003399e+00
2.410550454695271405e+00 5.148537407476922567e+00 7.190394173405682210e+00
4.706467524669271540e+00 5.090425627066355929e+00 6.130252855679008128e+00
5.173121517290023341e+00 5.123725470741725907e+00 5.359989170201971298e+00
5.254109994877316225e+00 5.064992022738072031e+00 3.469323046133856003e+00
6.132825317559148282e+00 5.132931783831309325e+00 6.624673713264822794e+00
6.948667315700321367e+00 5.051576644024318163e+00 8.842357524459655949e+00
7.146498318500987601e+00 5.110112021924194003e+00 7.959050996830936420e+00
7.165148019778452948e+00 5.078640290137900415e+00 9.040777237951088452e+00
7.595595871808536792e+00 5.194396654993765239e+00 2.137849107912443980e-01
7.868172589969189445e+00 5.085293664477654296e+00 6.362479447345879890e+00
4.621660630883349441e+00 5.217472545187002986e+00 9.735444849604185436e+00
5.627066425766701130e+00 5.170400256296030506e+00 5.113265172312313922e+00
5.797687866585397032e+00 5.235114429360334221e+00 9.906020838017612462e+00
6.858776812303895909e+00 5.147753320240168406e+00 1.949121902121925931e+00
6.864386591170758223e+00 5.188692695917334063e+00 9.852825271557724918e+00
7.807621470532484231e+00 5.164673322764185670e+00 4.590320926394126033e+00
7.889744018154415173e+00 5.206465118480034349e+00 3.804636076788706633e-01
8.282635535772456592e+00 5.164475987231834431e+00 8.001781429943676471e+00
4.977419979378500337e+00 5.259707533575856075e+00 5.537967078292330925e+00
7.430387686284861459e+00 2.806357370511211258e+00 5.510673970291458446e+00
5.832707607038988051e+00 7.714628442666677799e+00 9.347028127686403565e+00
6.765507515322116028e+00 5.309377927371635053e+00 9.668186281094230949e+00
6.838985468380951893e+00 5.227809024073634347e+00 7.841691248757512334e+00
7.273348874882884729e+00 5.231790558452018125e+00 6.206634433423785069e+00
7.412065271835908575e+00 5.299437981146157384e+00 1.295972225249343968e+00
7.479212140127730279e+00 5.220343526495824449e+00 8.705361637564104527e+00
7.677671402725691152e+00 5.227867933415202728e+00 2.709354413738193634e-01
4.633076671643507893e+00 5.388437371227636774e+00 7.924933940184094361e+00
4.943018497461570071e+00 5.395681308540154930e+00 8.103113606156183479e+00
5.791375422392722072e+00 5.380481096067983415e+00 4.018003184316036425e+00
7.240262232926210295e+00 5.305650337795897009e+00 8.465297551374231233e+00
4.910214594304742164e+00 5.404791545874959802e+00 9.849925176353011125e+00
5.081053508309053335e+00 5.411036253307552890e+00 5.978655249399454696e+00
6.295724155513402920e+00 5.439691839350493829e+00 6.926004186899477943e+00
6.819033691302061051e+00 5.400531688382332440e+00 9.724870777888057205e+00
7.225025083662894865e+00 5.404102664063204386e+00 1.172764711653817710e-01
7.198911384794543622e+00 5.421966230833361600e+00 1.258414756136402968e+00
7.238462050106914347e+00 5.390282083206220598e+00 7.422891226330652792e+00
7.526593455639358332e+00 5.375432975798936752e+00 6.519227457826904271e+00
8.012912595418368866e+00 5.371255773450218207e+00 7.498493715697906126e+00
8.613004245001196324e+00 5.378356494949462885e+00 7.151410798234071109e+00
8.957443786084755999e+00 5.432932246533488829e+00 9.395579689941806478e+00
7.942194738951400268e-01 5.496260908144256163e+00 5.750938798726533463e+00
2.696330373315299678e+00 5.483248294310412163e+00 7.393256166023175702e+00
4.877997948275834439e+00 5.534736107650740422e+00 8.393390748394208956e+00
5.406261965370837252e+00 5.521940855147631666e+00 4.246765216885068028e+00
7.126646241673956439e+00 5.475652868532772999e+00 7.135891208476571101e+00
7.364481058964710947e+00 5.507543066283959732e+00 7.225741769252971292e-01
7.995942308981206281e+00 5.494150754504091516e+00 1.067583330445612266e-01
9.038359074058444076e-01 5.595756711781596060e+00 6.661038477610699005e+00
5.038389024536522598e+00 5.558892758412508073e+00 2.826893989266961782e+00
5.069569745070477751e+00 5.612251742997781179e+00 9.392344046255072243e+00
5.121558811936600009e+00 5.623902579304292715e+00 8.379283762234614130e+00
6.806043830394285621e+00 5.424614045204966040e+00 9.085228606454491818e-01
6.835164476111616594e+00 5.497275251393615392e+00 9.585233590549231408e+00
6.910976268734771111e+00 5.576983042896222820e+00 2.105957682286982990e-01
7.686874758974996169e+00 5.558816944455488240e+00 1.161844567817048812e+00
8.341022159829918792e+00 5.503109187352533738e+00 8.207467751439530446e+00
3.291905652897137990e+00 5.631869767677491367e+00 8.235982042893082777e+00
3.625245356715262268e+00 5.643701444339063400e+00 6.237561949044637899e+00
6.221314930885399441e+00 5.688527154448561163e+00 7.513531671417725377e+00
6.463814467568919753e+00 5.923112736835305370e+00 7.625994425252655695e-01
6.723306710335912761e+00 5.600570390552244149e+00 8.209371583956833973e+00
7.399499415591339613e+00 5.651920997787541978e+00 6.634279956655467103e+00
8.075897943346268093e+00 5.614053285814783578e+00 7.262466162238194745e-01
8.070644230804310482e+00 5.695413844480098575e+00 5.090011372047587912e+00
4.867767919456648329e+00 5.808498509252909336e+00 9.275163790764281657e+00
7.910816994263862867e+00 5.806358997356889873e+00 4.090239191170535804e+00
2.124133684793411359e+00 5.775234386651579399e+00 7.465360683660414054e+00
4.737272031828468677e+00 5.832353056267881364e+00 8.485769558979889382e+00
5.993420500809248708e+00 5.785715641095257489e+00 5.474113984091644625e+00
6.395165163702406730e+00 5.819285545821982986e+00 5.662648435002491709e+00
6.664993405961793016e+00 5.795048258080627512e+00 5.018032595605829371e+00
9.160564630698367239e+00 5.812281427173056514e+00 5.582051662592955044e-01
4.852503431941737944e+00 5.849808609651217850e+00 9.295397274245898345e+00
5.822638489363883174e+00 5.887586882750150963e+00 4.416250811937209031e-01
6.354659406283591494e+00 5.878809229408691550e+00 7.144025777513360431e+00
6.667549214552066061e+00 5.853278821109082486e+00 5.652258389887833134e-01
6.731743954227268567e+00 5.920265664260763394e+00 1.606439458643125207e+00
6.916255586416970580e+00 5.911063245116668696e+00 7.370323568732015662e-01
7.576005686219504653e+00 5.876970822329224298e+00 4.178823283902758590e+00
8.385965238099313268e+00 5.822060378760143706e+00 7.664750691860221288e+00
8.685075268357206113e+00 5.833453547166895348e+00 7.996507302629876079e+00
3.607357698875190977e-01 5.955409539604711533e+00 6.710163134213212643e+00
2.789604967573418470e+00 6.013770615171334377e+00 9.391918976478921266e+00
4.681576763596026147e+00 5.965144022900747522e+00 8.898486521763324220e+00
5.827534188010967675e+00 5.952173518792718276e+00 9.506942767888798329e+00
6.956657397220554095e+00 5.939889296595628920e+00 7.139571926753691677e-01
7.940906495394019160e+00 5.991924847891435313e+00 4.342459163737695249e+00
5.735812829043179129e+00 6.335403383868503546e+00 8.590026843470740303e+00
6.457258648945710000e+00 6.082935078881789970e+00 4.376990122637634428e+00
8.165010696438251614e+00 6.045137047224396376e+00 3.116432605838084680e+00
5.108006290980499742e+00 5.838573233200064827e+00 9.236628537891327539e+00
6.796209048704684896e+00 6.062747695510761758e+00 1.536673323219411635e+00
7.063771520611772381e+00 6.123433672124862781e+00 3.977836168577878695e+00
5.746156983581494515e+00 6.200729258163200086e+00 5.025874655427351456e+00
5.750795596224024919e+00 6.218485231963052584e+00 9.758838515766811383e+00
6.844161842326961676e+00 6.202971477024146196e+00 8.641171055679057744e+00
6.875255897389559223e+00 6.187055623546780403e+00 4.850608134872441690e-01
7.851166972074260286e+00 6.210552669228440514e+00 5.028566428636827013e+00
4.768491990878143127e-01 6.314958567754589858e+00 1.358779581596541441e-01
6.092081390212308989e+00 6.245455848553568501e+00 4.164773135936825632e+00
7.090735375962899489e+00 6.242850796998903995e+00 4.375263514350827165e+00
7.527606970810326814e+00 6.289663074318592173e+00 8.107142684255887133e+00
8.504090453100786817e+00 6.283257313726512194e+00 7.155900727351287571e+00
9.012016869146620479e+00 6.314781144406939717e+00 1.902252491342586005e+00
6.367710311231808085e+00 6.350598847813074599e+00 5.222241401026221919e-01
6.342135683808059810e+00 6.367637924434490060e+00 7.018797764046510679e+00
6.455164733104171049e+00 6.366230183051363234e+00 9.509083056721543414e+00
6.953025896969126762e+00 6.370999859753091243e+00 9.480950792562495621e+00
7.219095176942587067e+00 6.385078863818121953e+00 5.305286052054687396e+00
8.063908812410051752e+00 6.354253967285291793e+00 4.699809354087594038e+00
3.409203071649004713e+00 6.428184836196176200e+00 1.790704363854797587e-01
6.113218287657349315e+00 6.419568068979327080e+00 6.055403783639508042e+00
7.046417052389332802e+00 9.418159480969571007e+00 5.721776178732108420e+00
4.038740897126162910e-01 6.493087196904624214e+00 8.276126428141699520e+00
4.748500372443284157e+00 6.515641431756458601e+00 8.782929465515751488e+00
5.428114231384785882e+00 6.529888460376889192e+00 8.040459018840149241e+00
5.678149391614677022e+00 6.468403298401180557e+00 5.055404844979099366e+00
6.429424712346304638e+00 6.560966478170298544e+00 6.912118712896045736e+00
6.553167814215928644e+00 6.507593231324850791e+00 5.676959580991226773e+00
6.882884387317451669e+00 3.508320079259388713e+00 6.487157541991088294e+00
7.879166161550225311e+00 6.504039405350285463e+00 4.235805646088769194e+00
8.252387816717082103e+00 6.463501462699481337e+00 6.694427449861107604e+00
4.457101711264025212e+00 6.619151067673183064e+00 6.165707289810582026e+00
6.302905711023961466e+00 6.549557365669054221e+00 6.506783501488964561e+00
6.644941815867692725e+00 6.559391608773930571e+00 8.206308705479052890e+00
5.884529319250922264e+00 6.642677317007308346e+00 6.952197486910943525e+00
6.052753100702322087e+00 6.773754199555550137e+00 8.051044443410003026e+00
6.438797993843379253e+00 6.700358082952173611e+00 1.037581700297538628e-01
6.480075855607797308e+00 6.652122617011426264e+00 6.929990004857672581e+00
7.682756418749448812e+00 6.664923254959554733e+00 4.580305590973249963e+00
4.596505836958523439e+00 6.753421903742043320e+00 7.473872978114741272e+00
5.557333755195801750e+00 6.737075205456060090e+00 6.287285624373628590e-02
5.566151008579741877e+00 6.772172818616654766e+00 8.550464316628087147e+00
5.744844118231990926e+00 6.789932281417533133e+00 8.395275637126120571e+00
6.310710994214273839e+00 6.735189007519430504e+00 6.731260319125984548e-01
6.278665792742519791e+00 6.749339363385011836e+00 4.912495819460566793e+00
4.788704652830214847e+00 6.862374674500165028e+00 7.997264418335747749e+00
5.747082056092018831e+00 6.824575694878880050e+00 7.293794852197663658e-01
5.785048754745597321e+00 6.793645938878356105e+00 5.679771173388974859e+00
6.377838926254536744e+00 6.816307709969613882e+00 3.973851608529337387e+00
6.460257408101607979e+00 6.836507513553585547e+00 4.448668824974072677e+00
9.596392464445386850e+00 6.861772726325234828e+00 1.012967186459867719e+00
7.450950211558697855e-01 6.896137386968788974e+00 6.211147309840105990e+00
3.763558284971489698e+00 6.937281999552333822e+00 7.521045106925489776e+00
5.268023367436067694e+00 6.882784534407280219e+00 5.841260401546644943e+00
5.379731396939225085e+00 6.887514603422076220e+00 8.733380119864429858e+00
6.047103468835334006e+00 6.913320708791957259e+00 3.882575751961958588e+00
6.071136595007258663e+00 6.851456548170955507e+00 8.062664641116141340e+00
6.188609484212506118e+00 6.892157157709069892e+00 8.271830240789498134e+00
6.545208268465799506e+00 6.813095979655019896e+00 8.440130422246749475e+00
7.136240109916823116e+00 6.909091079427168935e+00 5.302337974666766485e+00
7.562763921792734045e+00 6.906380102352557060e+00 7.998763541066717053e+00
1.139945653252835367e+00 7.004865465093972787e+00 7.665236217682066311e+00
1.476442904231721531e+00 6.997921446213692498e+00 9.288971867550369410e+00
4.125744666923948145e+00 6.990365454258445688e+00 6.522904635973085341e+00
6.825373985873193661e+00 7.074052449125401765e+00 8.696897639199002938e+00
7.462953682899986951e+00 6.971100934052089748e+00 3.567279945116421658e+00
7.447423095112942981e+00 6.929278735865772809e+00 7.972846897829922952e+00
2.234051588873368632e-01 7.101177260105046685e+00 9.205768919876387457e+00
4.283428042019612469e+00 7.062469662202969900e+00 8.677030294317361836e+00
5.162583571725009257e+00 7.131758061832818463e+00 7.043718751943124801e+00
5.296446372296713001e+00 7.033960559663727352e+00 8.992790205268560655e+00
5.415308618143555464e+00 7.074998340127629959e+00 5.287471061965156593e+00
5.312365857879805198e+00 7.040996443004123861e+00 9.022044603413743147e+00
5.516615477539143164e+00 7.043649198338977513e+00 9.689266052093190140e+00
5.989023301054030135e+00 6.996405111747082017e+00 8.157568924863696225e+00
6.566359800252364209e+00 7.013782365706431321e+00 5.224694613437561586e+00
6.548726787442083364e+00 7.029298320213915652e+00 6.796619771979021785e+00
9.408368360218283044e+00 7.088986647824950360e+00 1.945116678222688300e+00
3.598432373182722355e+00 7.191308642318442246e+00 7.719103473902654500e+00
4.636999616789060141e+00 7.144806615068908684e+00 3.952634160473182945e+00
5.493117507105841568e+00 7.164492523838423388e+00 8.654178585677809732e-01
5.884692934929929287e+00 7.099624601440350347e+00 9.055439541574523687e+00
6.262105011573975588e+00 7.099872045815893706e+00 7.794901552969957237e-01
6.843567952736635540e+00 7.148041729664191379e+00 6.502118901004706686e+00
6.817142569739204738e+00 7.090121858743346550e+00 8.669077827743027598e+00
1.452494488718424126e+00 7.240774900061473396e+00 8.989434940976190447e+00
3.891606335543175366e+00 7.213869691400628170e+00 7.552053226938463482e+00
4.376073681027508933e+00 7.245504013985595293e+00 1.257597532853707900e+00
4.696304083458256784e+00 7.212550671368247457e+00 2.083726600939029838e-01
5.071581452436970672e+00 7.238614399083219020e+00 7.072124930862155878e+00
5.389164942914847600e+00 7.213481157625158957e+00 8.676002897446366546e-01
5.824657790223067622e+00 7.201907796615346413e+00 3.909477509454118982e-01
6.222948576162682599e+00 7.486580657997309984e+00 9.661302365266614345e+00
7.004838169181013541e+00 7.171362107607656355e+00 4.861808295579709949e+00
6.699181504076190841e+00 7.215142066508288821e+00 6.909204698769147335e+00
3.397004700695398949e+00 7.333215276308784780e+00 7.734959937485820447e+00
3.747887183516043663e+00 7.309385530596930636e+00 7.690863575665131791e+00
4.742643277440730110e+00 7.400037128164633771e+00 8.023269676977676568e+00
5.614416410955517911e+00 7.363951231320202240e+00 4.711730544342962901e+00
5.604520848833599800e+00 7.384173153484194785e+00 7.556881093872524602e+00
5.552106650061561233e+00 7.073999107166741851e+00 9.481163031710750033e+00
7.077168313945277234e+00 9.288142733075696711e+00 -1.498784775698409621e+00
2.203166983068818308e-01 7.480300517014066841e+00 2.627651762433750315e-01
1.844770404599976210e+00 7.456035867140215601e+00 8.753818106786201980e+00
4.008591831144470596e+00 7.425433391506829572e+00 7.279959142081719570e+00
4.780970992835700706e+00 7.478333921251097749e+00 8.521422100272776134e+00
6.024568182509046466e+00 5.551709311369288358e+00 2.177685660485367602e+00
6.568250245552778033e+00 7.403073393835367000e+00 6.231164529980468547e-01
6.810159294373372418e+00 7.444122944163034106e+00 6.799945251217458519e-01
7.883053651966537068e+00 7.418299544431663506e+00 6.236783355315042243e+00
4.533850948992308005e+00 7.569828652489325904e+00 8.902709251543583946e+00
4.493620253524489350e+00 7.554104331161139996e+00 9.862364633472736841e+00
5.865968051272563599e+00 7.534717010758122058e+00 2.886238287840728667e+00
5.800767603111543380e+00 7.532079816643522108e+00 5.201125324356859814e+00
6.099623422799028916e+00 7.533716320783668152e+00 4.249971676627114725e+00
1.080571609754779061e+00 7.613355871119069640e+00 8.218809668887489650e+00
3.774383094970573005e+00 7.623595133084593911e+00 1.187417486506042952e+00
4.842164664328869605e+00 7.633732592668547312e+00 6.724383994579918422e+00
5.929983378981931175e+00 7.617477257639949428e+00 6.825121486148355565e+00
4.204785426844011909e+00 7.661704104179788644e+00 6.479227049028909668e+00
4.461204316905065248e+00 7.675402389253108026e+00 9.629760544792274501e+00
6.348005391989630652e+00 7.694931767685645241e+00 6.204322280785644850e+00
6.429340659894005050e+00 7.624566607724956313e+00 8.330886109755081037e+00
7.328173692375685278e+00 7.690429665830384565e+00 4.067478270244733629e+00
4.056095756126217644e+00 7.887131311548548851e+00 8.131261119933459014e+00
5.183974876024350920e+00 7.792631231797076730e+00 7.292216724106161507e+00
4.990938650202947358e+00 8.488147042358081151e+00 6.300723333065715082e+00
4.578101081914295101e+00 7.860016880399870232e+00 7.286000203060137181e+00
4.895604171995727505e+00 7.909192853970624881e+00 5.914168850181757975e+00
4.938810727777823040e+00 7.833988346131462777e+00 8.902799805161910385e+00
5.058607096122490709e+00 7.856794776651240042e+00 1.000060136603991984e-01
5.100758596867644101e+00 7.859210527084787401e+00 1.614778733480068951e+00
5.405206421684993323e+00 7.809223365912323800e+00 5.137313451101828576e+00
5.425775408871257532e+00 7.827073375966792312e+00 8.405387988528566723e+00
6.577168984850546352e+00 7.773931846183439021e+00 5.997830797209423359e+00
6.571076739141506806e+00 7.800875888794521984e+00 9.554960573074298580e+00
6.962599128061172316e+00 7.851745402151632192e+00 8.331923117654497446e+00
2.827341359960272582e-01 7.948858067310149877e+00 2.120415163069713671e+00
3.132493614727734688e+00 7.251427987949281118e+00 9.977370078767158645e+00
4.613261982355932211e+00 7.936266346156150675e+00 6.502855300935591387e+00
4.740491912107605899e+00 7.886821233162098821e+00 9.071550751120732059e+00
4.905199586063710093e+00 7.878769791322547178e+00 5.823367914246599497e+00
5.280781834804845865e+00 7.879625700710638725e+00 8.858130123120725230e+00
5.272782188794136182e+00 7.889076800440647297e+00 9.161085399199420110e+00
6.094317381475790718e+00 7.852440445377093070e+00 9.468571563372794486e+00
7.833572744610556526e+00 7.857126282282306917e+00 6.450516066250864711e+00
2.009620127403989542e+00 8.024400525228291059e+00 9.944155448413532383e+00
4.061974268354307860e+00 7.886172866371369494e+00 8.124605942237511869e+00
4.020622192058965538e+00 8.023971282763561419e+00 8.128574288652965496e-01
4.985437132440467600e+00 8.001353250367309045e+00 6.131587013924253426e+00
5.537707108584162263e+00 8.014620543311295364e+00 6.522999981509266298e+00
3.229952185505142737e+00 8.058137296392116511e+00 8.745866614278618556e+00
3.535758734068586762e+00 8.104725072184448820e+00 1.057305306768413278e+00
3.895436361802148362e+00 8.057229413227910086e+00 9.109839081911708547e+00
4.996599434520401672e+00 8.020728702347810213e+00 7.229320439158229306e+00
5.299016614624626698e+00 8.088788195837228301e+00 7.989923205045519339e+00
5.290277978120964342e+00 7.345126387434495641e+00 8.060872859397116841e+00
6.960061574212934588e+00 8.026738417203869602e+00 8.222617421584926589e+00
1.034826823665662143e-01 8.155705282889604391e+00 6.438278152418526190e+00
6.140568598088560481e-01 8.141380684048291627e+00 6.550749737929548289e+00
1.103140731221917026e+00 8.112379830575060069e+00 6.734747917897269787e+00
1.316915487767444493e+00 8.173647814335762263e+00 6.251412824863412432e+00
4.967051002630846313e+00 8.156926589441308550e+00 6.402330549450777397e+00
5.743214582017853509e+00 8.147981572693442587e+00 9.106846540653581457e+00
6.014797536334236305e+00 8.175346094388400431e+00 1.820146116533871705e+00
6.890820871768051248e+00 8.812699846300823481e+00 4.937747817125931249e+00
6.214837750403812144e+00 8.141639597745665924e+00 6.330084482388504519e+00
6.617312342194345831e+00 8.154481466982979043e+00 3.337561698997183690e+00
6.703496459673305097e+00 8.130214563408813433e+00 2.346549506955850184e+00
9.620262747031164352e+00 8.122720692933132369e+00 7.532734512044641839e+00
1.850389575961677746e+00 8.189673625715599314e+00 9.949131398341853227e+00
2.797580136291983433e+00 8.214265329599246712e+00 1.544249135267448114e-01
2.882320185741816143e+00 8.195624612416416710e+00 9.501837240464544365e+00
4.800060469531473473e+00 8.171451270269161071e+00 7.144735769977010875e+00
5.569887011385668885e+00 8.210436594429282309e+00 2.277061544481935318e+00
6.063209065249306029e+00 8.236172407249620520e+00 6.826620252558315283e-01
6.786714807063496835e+00 8.199748714478943157e+00 9.306626549512122537e+00
1.961927898826521521e-01 8.329476314125397352e+00 6.900940431905297601e+00
2.273848530395485401e+00 8.298412444213996153e+00 7.336302366027852573e-02
4.572855094306609303e+00 8.252228951199366946e+00 6.704206156718659493e+00
4.871894937953952009e+00 8.260256410591157561e+00 7.973624515438295646e+00
5.484178365620521411e+00 8.294800780763715409e+00 6.429095355073076945e+00
5.483723802280444204e+00 8.248868315643505866e+00 7.038540383859421823e+00
9.833697723482579534e+00 8.302157287147139186e+00 2.928859508240813092e+00
5.002261945731757642e+00 8.367684190809823619e+00 6.222517311626099890e+00
9.252092166542764673e+00 8.386429745893995147e+00 7.111116633032688483e+00
8.356083707990746845e-01 8.482621020234525133e+00 8.933615499653146941e+00
5.117593439985459902e+00 8.475029115036505800e+00 5.089152014468081298e+00
2.500322087116305658e-01 8.559394274703802097e+00 2.848440617198995550e+00
4.109944076753833109e+00 8.521075536512316972e+00 9.580028686901798096e+00
4.240462703680108802e+00 8.511937594063706314e+00 6.004129925206163954e+00
5.235876283162331113e+00 8.513408594541028052e+00 8.547862984560646638e+00
5.329760052090450451e+00 8.521360089611370370e+00 9.187642700786188499e+00
6.532954120720761537e+00 8.556820660316599714e+00 1.588935308689908066e+00
4.332709494418468310e+00 8.589967627777976844e+00 8.706130668341630852e+00
4.743655484097625497e+00 8.611376759039506723e+00 7.118171352981333300e+00
5.222532366769279122e+00 8.565672850186494713e+00 5.924994644216168282e+00
5.254576885385950469e+00 8.609777496015981413e+00 8.388811988577572265e+00
7.779743883126835513e+00 8.651511170081441549e+00 2.519300776782057660e+00
3.042623089221743182e-01 8.708770923180033208e+00 2.382739964129467314e+00
3.751191874200133114e+00 8.709441945706547727e+00 2.308806132279523027e+00
3.967922410343965200e+00 8.708325406853019146e+00 3.792128855048880087e+00
4.547443089277672712e+00 8.678284549255772973e+00 6.967845618673679908e+00
4.693603309642102595e+00 8.681298335900615726e+00 7.294299173670699687e+00
7.832760083513214511e+00 8.667106992098558393e+00 4.001660067657137887e+00
7.913706934762883449e+00 8.697175125782614202e+00 1.503118001667097747e+00
8.354904025534727552e+00 8.700621010396716315e+00 3.714213679463524986e+00
2.406769264077962767e+00 8.744859349168246254e+00 6.113748178302857106e+00
4.417459150559274406e+00 8.768040849871544751e+00 6.924993781515300650e-01
4.550263279811808559e+00 8.765714192387980219e+00 8.504254639318011399e+00
5.525000509729070863e+00 8.806941444496832361e+00 1.614016548231338000e+00
6.040354155900709898e+00 8.785284288234844752e+00 2.666010072628604899e+00
6.557760499284125189e+00 8.749379693292791416e+00 3.357284574632091623e+00
6.660347377463816443e+00 8.738713717420663940e+00 1.627719699409440501e+00
9.749961264174755726e+00 8.787373058797982139e+00 3.568390043707585058e+00
5.292452881896709371e+00 8.833162304478907600e+00 6.629899534880967948e+00
5.933821298876469363e+00 8.814065313083375486e+00 4.770162330053410393e+00
6.256346243852451749e+00 8.790198286636474734e+00 7.204932566573651442e+00
6.819049678287066207e+00 8.828066342195899807e+00 7.929256086537026960e+00
7.774524158349091607e+00 8.894715501542711067e+00 2.167883915693695762e+00
4.176701922452711990e+00 8.945612832362746403e+00 7.643416324947516216e+00
5.170116506350179719e+00 8.927577065704607406e+00 9.297126160771529424e-01
5.450628317371716491e+00 8.861182879489955866e+00 8.452055326040737171e+00
5.508027032397313505e+00 8.898039938760586409e+00 9.759624296780048169e+00
6.423736735964461708e+00 8.934391105395761201e+00 1.380128454517231873e+00
7.521941295213705914e+00 8.946520759504114295e+00 2.141456053689056116e+00
7.855893188264072791e+00 8.978900390364639605e+00 1.971079454503007256e+00
1.163908182180768691e-01 9.009137754654405583e+00 3.425856742555502432e+00
4.384147769985602405e-01 9.022220057022098061e+00 3.305426033272156783e+00
4.018916826080238813e+00 8.962519857054571659e+00 8.542325869807356753e+00
4.566731774896698681e+00 8.987403114083452493e+00 7.462997213382218664e-01
5.926864314087306518e+00 8.945576174124123980e+00 8.086947499713481591e+00
6.300197934964323565e+00 8.991765143099005542e+00 1.162341798271560478e+00
8.044763454892827070e+00 8.977150255740902196e+00 7.640017566956550432e+00
9.457219574668826567e+00 9.010125229621596787e+00 1.262938689332886444e+00
9.593526279047308591e+00 8.960326208361291123e+00 3.593688342802253466e+00
2.741667400477915351e+00 9.079317434147261778e+00 3.326068281265161630e+00
3.669893521531817804e+00 9.048755005663652540e+00 3.870937234931268733e+00
4.013105911742952614e+00 9.083109174228653160e+00 6.795763989161275553e+00
4.598761113007444834e+00 9.038986176538532646e+00 7.753188909233463377e+00
5.366602496545902490e+00 9.122179419647340026e+00 1.125545841839443284e+00
5.897356204502993471e+00 9.046694191667434382e+00 6.248251849296527993e+00
6.144526282013609730e+00 9.017606784817026266e+00 8.838139244706482600e+00
6.228736412309483939e+00 9.046169017299828141e+00 9.872191788870525286e+00
6.416280683962614972e+00 9.081965060315775773e+00 2.321014488357204364e+00
6.440405670625521495e+00 9.087153496930969965e+00 7.583106984715481502e+00
6.968887986705726512e+00 9.155485538020691649e+00 2.336913595344809913e+00
7.949504911890574732e+00 8.887282711153098091e+00 1.557731890027089339e+00
4.081676716978902775e+00 9.164097191706403578e+00 5.980586457628189301e+00
5.737003529303327021e+00 9.097401561453001051e+00 6.995607851239324049e+00
5.674957182084358287e+00 9.151216340930847792e+00 8.236071430698460816e+00
5.988414929077311655e+00 9.148352443915172216e+00 9.747481594701815411e+00
6.626614369492060064e+00 9.194356176736892650e+00 4.677220596521094009e+00
7.468381488256278899e+00 9.333313382485407317e+00 2.695435774797456219e+00
8.893415963454783579e+00 9.125141766930887854e+00 7.683335713401808320e+00
3.630761331553833848e+00 9.250486511675797274e+00 5.899433551028472777e+00
4.343362224039653441e+00 9.231472607938194130e+00 2.180040082261638368e+00
5.627734483416034550e+00 9.222609773625745078e+00 4.054582612070637415e-01
5.838466218663839413e+00 9.213143615232969097e+00 1.899723977439626843e+00
5.682390067611514439e+00 9.134101864016223260e+00 6.885722003387864554e+00
6.058977166027218253e+00 9.240400363288891583e+00 6.412005470647962113e+00
6.930127040507386482e+00 9.231935734830550189e+00 2.240902191831835033e+00
7.636248575819211126e+00 9.169215841479990914e+00 2.087072216888304688e+00
8.145106262237533201e+00 9.207122725890062753e+00 4.370422861248220769e+00
1.727689415574374387e-01 9.310846956947766984e+00 2.113599955722631041e+00
3.980856311494613387e+00 9.340698467571218799e+00 6.590865407249488772e-01
5.460977361874403080e+00 9.283174241812677252e+00 1.314302136623270556e+00
5.531734057412183603e+00 9.272260434804632467e+00 8.244013151214705459e+00
5.461397439042886326e+00 9.563452591634707289e+00 5.499413202237427356e+00
6.219207574159845819e+00 9.326282863965884573e+00 4.171213297715906876e+00
6.572481536692418302e+00 9.251057789675037668e+00 7.660305747838688006e+00
7.007362462230732447e+00 9.313258681625672608e+00 2.466763822946748341e+00
9.747931181982085747e+00 9.317558152908524960e+00 6.370665241347933438e+00
7.460315090297662266e-01 9.427713862360693753e+00 3.148674394279451949e+00
3.217692625748181712e+00 9.413649714645416111e+00 9.674616246225475891e+00
3.459486009617623203e+00 9.393233255423877992e+00 4.764708456325410957e+00
3.726637542770131706e+00 9.348931508861062056e+00 7.428679533640419663e+00
3.942120483149619936e+00 9.330395790942763057e+00 7.571694391232275834e+00
5.256048205361661729e+00 9.359161883553147376e+00 7.467213002233303865e-01
5.682096634079786490e+00 9.044622268016166089e+00 5.812520050698070762e+00
6.244391955466371158e+00 9.390514146034210086e+00 2.021224545900064840e+00
6.727571956219843052e+00 9.303960422676020414e+00 4.643293178608209892e+00
6.935242281374365270e+00 9.318947768575466029e+00 2.466970470444909136e+00
4.210468713142144992e+00 9.473565994860788209e+00 7.790850966551784218e+00
7.299729533996851316e+00 9.463951151961168762e+00 1.867759430451688019e+00
7.892720255712987409e+00 9.468630951110689864e+00 2.563720602762514567e+00
8.193353219072273319e+00 9.500149363315458118e+00 3.074386105377785672e+00
4.529026198128923042e+00 9.543869947724129332e+00 7.304123424426915534e+00
4.724354806180469879e+00 9.525064699043518601e+00 8.726000131146098848e-01
5.050688680524027419e+00 9.504911089051917727e+00 4.064846726126889465e+00
5.388601700328149668e+00 9.463482267331013276e+00 1.389510687304582603e+00
5.938377546906920657e+00 9.523987163182077609e+00 1.309824531211049248e+00
7.205080367117430384e+00 9.490405554340657801e+00 2.326155008047356976e+00
8.470810840315834422e-01 9.623360920480042324e+00 2.921004128853669002e+00
4.116980665324017075e+00 9.577795033676540726e+00 8.361806477771672519e+00
4.147517651380406178e+00 9.573975321003898031e+00 9.737546988429388151e+00
5.040621294602188662e+00 9.606917899683427464e+00 4.847682818301382923e+00
6.894383401921893473e+00 9.613181474794579628e+00 7.444200884611774427e+00
7.068852038819068540e+00 9.568657246432573871e+00 3.617598648190441857e+00
7.420409143986881340e+00 9.578924533574188160e+00 2.536863442620543641e+00
7.708866138969026949e+00 9.607626510401434672e+00 1.876395328318328115e+00
3.029570583447316778e+00 9.695442413319018016e+00 7.106249720923759838e+00
4.607854068584495977e+00 9.656451418753002613e+00 7.979196215856472207e+00
4.865000124438295437e+00 9.690732268726831578e+00 8.045785397211398404e+00
5.439093258827236710e+00 9.671149301799916387e+00 6.271320259890835302e+00
6.201475247170145089e+00 9.665426883029729410e+00 1.939047477572488076e-01
6.532175596044773158e+00 9.658566052627895360e+00 5.571102133984499716e+00
8.735651323870628815e+00 9.678218058043611904e+00 3.566927538622660876e+00
8.913078326916704097e-02 9.800930807662375344e+00 2.416953668245100939e+00
4.483182667925246889e+00 9.726187139457227460e+00 1.671522829130367871e+00
6.078682540959816194e+00 9.731085001996056860e+00 2.028656465595946923e+00
6.367490795625389666e+00 9.767784947435359300e+00 2.548378837864087920e+00
7.557109961651451435e+00 9.720473400219093563e+00 1.833565505378102145e+00
8.213142350471745345e+00 9.782665738649857445e+00 3.258164592064506593e+00
8.671072414793785654e+00 9.772718854287589352e+00 8.583285839463492550e+00
2.180334336338392021e-01 9.852696587761547775e+00 6.367313193130304860e+00
2.647309676216336616e+00 9.841517639426660580e+00 4.804397814043741555e+00
4.580558598784540969e+00 9.776069996272436669e+00 7.452975773344445720e+00
5.205948372722890127e+00 9.822321560569495347e+00 3.681861903352039000e+00
6.805665299281420388e+00 9.812973463587349343e+00 7.755466976222588293e+00
7.763884215740054273e+00 9.854065141321850518e+00 1.063271514879961188e+00
7.699982789470933398e+00 9.803868135786945714e+00 1.962404434278284260e+00
8.886798784501470649e+00 9.854935646403548688e+00 2.461900755274639252e+00
3.037498403303950933e-01 9.949477671630489795e+00 6.529077745059315596e+00
1.964061739155283259e+00 9.927514668089891359e+00 9.495659120523111341e+00
3.574813137157950571e+00 9.932250571485958801e+00 7.247120640504370215e+00
4.237861204439999696e+00 9.909648592172732862e+00 6.614974969789998660e+00
4.289962444325671420e+00 9.881654651940827705e+00 5.031241307063262447e+00
4.802476674245546917e+00 9.912237838389504674e+00 4.557736026714002797e+00
5.223260716293451011e+00 9.888017478104188740e+00 5.165110742768068697e+00
5.331289694438166471e+00 9.924735216112573255e+00 7.366796164416131276e+00
5.959425481504123212e+00 9.860654383015823754e+00 8.393021219113638409e+00
8.209826150126762201e+00 9.915660215875728767e+00 1.769676324871988893e+00
