1.134171849452867065e+02 1.721430995213738981e+02 -2.642895685208324963e+01
-4.729073296040616547e+00 -2.493653285022650046e+00 6.168132236363558230e-01
-1.205478029409367124e+01 1.821701242720967571e+02 -2.604000794661934037e+01
1.872428558988658231e+00 6.066200860161612418e-01 -4.211912255551840012e+00
1.091063276811813143e+00 -1.696310589146896142e+00 -2.473095687815932919e+00
-1.283651007945779410e-01 3.122506054264667874e+00 -3.592396532801059195e+00
-5.191548711040546493e+00 1.448492498647337712e+01 2.714558764338949048e-01
8.083537286962441115e-01 1.104356675146716427e+00 -2.570387823440540842e+00
-3.280942067074026802e+00 4.448398033900454962e+00 -2.171293287733336186e+00
5.200348168553369277e+01 4.232636316791184754e+02 1.835288293844274676e+02
-1.258893601613931850e+02 8.389004589403556622e+01 2.760704550211788728e+02
-5.009239831142132005e+00 1.024928997049788393e+01 1.034526123447348178e+00
3.571082585714347779e+00 -2.479475231585346467e-02 -1.484796507849180358e+01
9.093907867359702912e-01 -2.203302291860101736e+00 -1.702659140315763864e+01
-7.697592792831422059e+00 1.368371160481079869e+02 -4.238241060934118565e+01
4.470029907972980610e+00 4.572684901088731602e-01 -9.135974963206127342e+00
8.690591142022753957e+01 3.038275124138744445e+02 8.234634723890295049e+01
2.421561786251512558e+02 1.862716383178629371e+02 -3.592351197578626909e+01
8.516775391699027420e-02 7.979473323406952368e+00 -3.443011711232197847e+00
-6.216434371291969541e+01 8.889608716709844316e+01 6.880630141254934529e+01
1.391841105756211228e+00 3.582485580185580165e+00 -4.208394938120660456e+00
7.131392356908460073e+00 1.275204239191066691e+01 1.720700754772485741e+00
7.743884053493046338e+01 2.081969949837067588e+02 2.218334497852106892e+02
-3.490897994458865128e+01 2.979876755915034892e+02 -1.744403550349494196e+02
-2.571701345983651166e+01 1.420601656772526837e+02 1.777118387836825946e+02
-1.035103304652187717e+01 1.160432263339494874e+01 7.042874707704054771e+00
-1.091379896423052429e+02 9.210778492679114038e+01 7.593618162665079296e+01
-1.005419536566313781e+02 1.125178618033068858e+02 4.417251585287726812e+01
1.463823801999423857e+00 -1.995920772147081301e+00 -7.626036612851508245e+00
5.309350939412686543e+00 1.785484532298131088e-01 -1.091101106203019455e+01
-8.631424143681650207e+01 3.213994434583488555e+02 1.845867488293853285e+02
-4.518864556450527203e+01 1.604880803578241739e+02 -9.892651302188500040e+01
1.589618635907450228e+00 8.117183859869943063e+00 -4.549293648552535707e+00
1.114739711555456481e+01 2.333575205308539466e+02 1.707279953244484432e+02
-1.226712377677449872e+01 -5.712238146830842744e+00 -2.385392931081685708e-01
3.558651750097583388e+00 -2.968323396364691114e+00 7.025719790272075826e+00
-2.416570827327702009e+00 5.315043399565143822e+00 -3.885446969777731852e+00
-5.338184421541123825e+00 1.855547853210525489e+01 -1.718473645971334918e+01
2.819886223632841471e+00 6.844495318592889532e+01 1.040634126693250323e+02
1.172081944640011216e+03 -1.280747236200601719e+03 1.137590903851814573e+03
1.391934853299219412e+02 2.411891787079206040e+02 1.836088013990224397e+02
5.791982799984378261e+00 1.494315551804260878e+01 3.074869789231382100e+01
8.463495259496010448e+00 -1.022011037123602861e+01 -2.575647830158772678e+01
5.620507981561252819e+01 2.346884879745261401e+02 2.133932464734523364e+02
-1.294515564980671570e+03 1.469580580598759070e+03 -1.086877035233413380e+03
-2.107301685083089460e+00 7.952218978909079361e+00 -8.897888605654302729e-01
-8.729643646365191501e+01 1.357324751623824284e+02 -2.966988562187183902e+02
3.540198391792836574e+00 -2.425770466179286267e+00 2.117321732438824378e-01
2.079069281921606116e+00 5.719593033760623779e-01 -5.674034058246384404e+00
-2.044288819255680956e+00 2.579426694891160388e+00 -7.856156501863145181e+00
4.510452051678798036e+00 -4.598188774664150102e+00 -2.111069745088732130e+00
6.438267357210598618e+01 2.973396697625029219e+02 -4.487948742749175608e+02
-1.750907893543132587e+01 1.625950956469988000e+02 9.978697966395994001e+01
-3.424527874318466836e+00 -1.222023556210831030e+00 -3.038428995761799811e+00
-4.021853262817856489e+01 4.536024163140911014e+01 -7.166653239973479472e-01
2.520871076579299874e+00 4.428987041898294841e+00 2.503487950447480070e+00
2.133561636795350225e+01 -1.090116788507532846e+02 1.774674490358424706e+01
2.271330445240129503e+00 5.825457656306464393e+00 -2.040726141849313002e+00
-1.492365629652804841e+02 4.245163317885021570e+02 1.145031180213238429e+02
-5.948613169978806958e+00 7.031052941580486504e+01 1.007436741624541732e+01
-2.112033900304077605e+01 2.179216375310813874e+02 6.415544508501551491e+01
-4.781242250977887807e+02 3.896060576871653893e+02 4.364223729140101113e+02
-6.246781655200845051e+01 -4.300126491564427056e+01 -5.119839553216912975e+01
-3.483598020294925490e+00 -3.922630964131577080e+00 1.941570995356921259e+01
-4.438825566951926760e+00 -1.075578368869934565e+01 -9.258159105007059964e-01
5.492286753058162958e+02 -2.216262909220829727e+02 -4.604641271273716825e+02
-5.309750199243562507e-01 2.806033542123486768e+00 -4.192973389950476637e+00
9.791121253471185781e+00 9.921693986687753863e+01 1.147324404513192597e+01
-1.106483912619311809e+02 -4.209761236552366199e+02 6.331727017551131667e+02
9.815137536026594489e+01 -7.611827002863552138e+01 -3.391164971139649964e+01
3.729923878952649261e+02 1.962956423811706372e+02 1.663774573443077713e+02
1.144866355717218953e+00 3.485030181649969361e+00 -2.802264849124242119e+00
-1.090336336116121796e+00 4.161367873279448126e+00 -3.830694219359713770e+00
3.501070051913117709e+01 9.676771251722355416e+00 1.913956576337057669e+01
3.919204495242256314e+01 3.229930622605469352e+02 -5.141119225672336590e+00
2.416601222711725505e+00 5.447837685514117290e+00 -2.703423056925547741e+00
4.717680737280476677e+01 -5.189598934091661420e+01 -1.879110151122137040e+01
-3.783387815578404201e+01 1.214164651160459840e+02 1.887181627817319907e+02
1.856409816610529173e+00 5.950525313654031478e+00 -1.317790371794007154e+00
4.039798665591707305e+00 4.614089923624824507e-01 -6.619733682432942246e+00
2.167316578218853707e+00 3.237925271922114767e+00 -4.152311308576834392e+00
-1.687167646472423485e+03 3.731845989226009692e+02 -2.071791585959328586e+03
-1.328963854832369451e+00 1.299690735840665567e+01 -1.441909297978409299e+01
7.446385859470684210e+00 4.213331675976188961e+00 8.814556408915736885e-01
-1.101330843327773756e+01 -6.863632017357238269e+00 5.885656177296102243e+00
1.359087990852706707e+00 7.950514120576027466e+00 -1.090920476146714391e+00
-2.021156418200825726e+02 3.255956366126793000e+02 1.828920170887494692e+02
-1.225303885001914352e+02 2.729838236985778508e+02 1.627480152333505714e+01
-2.783331949924678916e+00 2.212401575226709127e+01 7.469545128279888146e+00
5.175191975080758233e+00 7.655496773708636127e+00 -4.460439689982029776e+00
-3.627516438346192729e+01 6.880522528528959469e+01 1.173437273758805901e+02
1.785189636384064471e+00 2.916745975352111664e+00 -7.428028340108715710e+00
-3.414001103406465631e+01 1.577057729096295589e+02 -8.354501244267137139e+00
1.375638886354388468e+00 6.426345834132890289e+00 -1.295158900319570705e+01
-3.621482570384660704e+01 -6.815857821366020630e+01 -2.039025269621069469e+02
-9.669900511038129309e+00 -3.026880692672820672e+00 -1.922393511226439244e+01
-1.169536606172939308e+00 4.534478392604107455e+00 -7.876319351088177712e+00
1.519465496246903413e+00 2.995227919526426419e+00 -6.203876800653612911e+00
-1.321979150858047660e+02 3.243694598871150561e+02 7.706917566371490125e+01
1.025015712010182938e+02 1.109400265614564915e+02 1.215097929707984576e+02
3.827274252928144449e+01 -6.063592407305914422e-01 -2.674451945656265650e+01
2.675932731102778916e+02 -3.530895399114520217e+01 3.988990673613554918e+02
-6.394717128928226746e-01 4.686869239059598957e-01 -8.264610777942227315e-01
3.621377700275464351e-01 2.003361943894375496e+00 -5.775911259421498301e+00
4.022306974288206716e-01 -2.787204350745736692e-01 -5.459606492961533775e+00
-5.068889812970884634e+01 1.341293340335216726e+02 -8.948865965632907660e+01
5.783725911239393724e+00 -1.399147089692662149e+01 -1.397584375460521144e+01
-5.267909002202836177e+01 -2.274394701854892844e+02 3.262177892312564609e+01
-3.345828172055715299e+01 4.987655065476118921e+01 9.552406975249837728e+01
1.201421579576739020e+02 9.989435656153905541e+01 -1.342141277498902241e+02
6.493157982948243756e+00 8.691943569807925041e-01 -7.716780204773236562e+00
3.106666094271342331e+02 7.234020404109971025e+01 -1.278022485716362837e+02
1.086262410749593244e+02 -1.970575966713881257e+02 -1.395968459642202575e+01
2.558548016835003835e+01 8.343308003050377408e+01 -2.674779035588061049e+01
6.230583615355921978e+00 3.201487928950609074e+00 -4.851661541296808267e+00
-2.598914214586532694e+02 1.849203542571582375e+02 2.631368114477596691e+02
2.440916317687640742e+02 7.017208372070830080e+01 -2.516860324076984057e+01
5.852441367165884856e+01 1.915516005936374881e+02 1.944464304660844789e+02
-4.820171375075115727e-01 4.766083670891093860e+00 -3.401872485481734820e+00
-1.282214316758233679e+02 -1.712349975258952668e+02 1.375094155768647397e+02
1.074468096351513802e-01 6.118282102368274877e+01 4.939137611621612223e+01
-1.314927649832702627e+03 -8.316163807011309927e+02 3.577011360510822215e+03
1.277491435874151875e+03 9.106812413413647391e+02 -3.515905230639416004e+03
4.608826073428787251e-02 3.850748808653312594e+00 -3.257751305989671664e+00
3.916390596945524294e+01 1.002043561665032634e+01 5.120508389810393624e+01
-7.574652338120062556e-01 -2.666474377720146061e-01 -6.555346072315722417e+00
3.279211793753048276e+00 3.450836700764187137e-01 1.345927319717405757e+00
3.757439845289875624e+00 3.697291591332083627e+00 -4.157061379578168570e+00
2.293668958918282819e+00 2.283295542599928396e+00 -4.492116063654917113e+00
1.694569474371212152e+02 -9.143247981858905860e+01 -2.104175504900524629e+02
-5.358501547636236317e-01 -1.105979357420540765e+01 -5.329340433181064540e+00
2.127317763001034534e-01 3.262952551402762857e+00 2.730915260781942688e+00
5.667461641695179519e-01 9.514528642732926755e+00 -4.996078541272083839e+00
7.626047776403459011e+01 -3.755293937523444470e+01 -1.755438904084678029e+02
1.238795217556277972e+00 5.214310372541831384e+00 -2.576819431877161115e+00
-4.651802169523124775e+01 8.151397199426330076e+01 -3.014141902401430428e+01
6.050366848350327587e+01 1.563731052680621474e+02 2.422977067149683705e+01
2.737986672191960480e+01 -2.987188683150794333e+01 -3.026176367973049963e+01
-4.078039355547623757e+00 1.037046016660498893e+01 2.103983152138110935e+00
1.068941043745515351e+00 1.560022715908498281e+00 -3.348922556444670739e+00
2.760559734587546359e+02 -2.268025803099818631e+02 -1.587671442633220067e+03
-2.825323892764462830e+00 1.529950536678080368e+02 9.888622975437721152e+01
2.414270977348427891e+02 1.719054767948044855e+02 3.182823229730942103e+02
-2.049319059897996453e+02 2.951405270638611000e+02 -5.202726014691636180e+01
-1.924486761542542297e+02 -5.343817012526474564e+00 -9.328734938270000043e+01
-1.074574087349321871e+02 8.420175662601391764e+01 3.800536784238430243e+01
1.635830929279860957e+00 -7.469507655479556973e-01 9.957629894045865182e-01
4.365382092776172840e+02 4.583944852914001444e+01 1.063798913245526023e+01
-1.346557805512146011e+01 2.525034835314783521e+01 4.791550670797287914e+00
1.961391856161956184e+02 -3.400251321494340573e+01 -1.747450120856082663e+02
-3.106490848966974454e+02 3.548218365639800709e+02 1.672987800825434078e+03
-3.490464739474370504e+01 6.980127420866463694e+01 -9.682850619201775544e+01
-1.307916196463614611e+01 6.617723456880182376e+00 6.629663605765593992e+00
-2.063891628262111408e+04 -5.187786056585102779e+04 -4.070473814829847834e+04
-2.695311347114764722e+00 9.329589849763404441e-01 -8.594214304049662800e+00
-5.081499771228032500e+02 3.772754148642699192e+02 -1.133212456190495914e+03
7.781099612392279141e+02 4.482045712156604509e+02 -1.899752393785640379e+03
-8.513477352986426467e+02 -3.898171442242597777e+02 1.860632900517628968e+03
2.353343840076140392e+00 3.296159252346773094e+00 -6.063604246986917801e+00
2.066322613612023997e+04 5.189923119003666216e+04 4.072564440827208455e+04
9.083524681930462066e+02 2.022246047823585059e+03 -2.279228681098679772e+03
2.230124966975100875e+00 3.645751671187121179e+00 -6.074800782077248940e+00
-7.339730371846332480e-01 6.305701957241866218e+00 3.153829438001540808e+00
-4.500850653363973386e+00 5.763803263479116978e+00 -6.353604055953393726e+00
3.187017188582519793e+02 -1.042205971104413322e+02 -3.124638223937929524e+02
-1.483705664231956121e+02 2.055841232868241377e+02 4.761475402483578137e+02
-2.173072724239659692e+00 1.396029337058334097e+00 -3.961015461980098351e+00
1.029773572244375934e+01 6.928368935620950708e+01 -3.650215898546863258e+01
1.115597537458189379e+02 -1.594978652592634205e+02 -1.411037806006279993e+02
2.445461006865761178e+00 1.194357240438598478e+00 -3.933052519339883091e+00
7.853536111783181894e+00 6.270163139516906625e-01 -7.174637913118210975e+00
5.959021398994248209e+00 6.264647519334170411e+00 7.449156382548181021e-01
3.888603747441409908e+00 3.416992666487591634e+01 1.505124388795714863e+00
2.951430535320631776e+01 -8.249284229696093007e+01 -4.637104746494043894e+01
-7.725902498272001484e-01 8.426767737569756278e+00 -6.668639816490955496e-01
5.743981537332349490e+02 -1.071878380182649977e+02 8.240517322206571862e+02
-9.761292912142000660e+02 -1.969406447193803615e+03 2.345369148672356005e+03
5.461870075569228788e+01 3.119543538253797976e+01 -7.112195795405416021e+00
-1.246320697224714058e+00 -7.263329757392891217e+00 1.437600198920209493e+01
-6.411167339772802620e+01 1.842998971801461607e+02 5.213641915670493887e+01
2.362990330390938531e+00 -2.723951307509326014e+00 -9.144262992039280391e+00
-4.592790816604005455e-01 -4.096803388571096605e+00 -2.938721263298526232e+00
2.102953126570656650e+02 6.213752572568849075e+01 -2.193375616277281637e+01
2.345915994014088568e+01 -4.542963050729687424e+00 9.785799379889964200e+01
-6.852239770192491051e+02 3.032020504972237518e+02 -7.227928866818371034e+02
-6.340466395807111688e+00 7.326946598188367687e+00 1.012401145950560633e+01
-7.165409532744067000e+00 -2.077362773613223301e-01 -1.013126346932642363e+01
7.807538666496810720e+00 -3.396782352891041690e+00 -1.028914730481309547e+01
-5.987770611105827534e+00 8.285093324489590572e+00 2.447688198217961464e+00
1.016942335771986894e+00 9.156623599792299117e+00 -8.393575552681413754e-01
-2.001411523846027940e+00 3.160401573685590826e+00 1.320665680786316187e+00
2.211122019980255118e+02 -5.387483534520735873e+01 -9.151833209644804583e+02
-2.244649567319595178e+02 2.937894650759906199e+02 2.341723836105178407e+02
1.014109324221504904e+00 5.202318426708643528e+00 -2.183669545511896515e-01
1.181979052071114200e+00 1.242640835221978879e+00 -1.390685708072881610e+01
-8.457178587346155041e+01 1.375628912943768398e+02 -3.420945865965846622e+01
4.562337472430163388e+01 -8.873852959805715557e+01 1.232985706067154979e+03
3.661735252879746660e+00 -3.835218086839096152e+00 -9.292437682777576313e+00
-3.932696073616374299e+00 -1.285984467445982382e+00 -8.181343357492963264e+00
-2.170995880637636155e+00 -3.478448198329945340e-01 -9.024435399944006342e-01
1.758840723091911751e-01 5.689494135819272991e+00 -1.536697140128354011e+00
-6.440444256071812106e+02 4.708217622215180995e+02 -3.713614451073153759e+02
2.605743785009300382e+02 1.741234708789796173e+02 -1.745443328821066871e+02
1.746015030732953619e+02 1.133459709636243389e+02 1.935326872685873312e+01
2.885044117942481834e-01 2.564143808575628736e+00 -3.128453946959157683e+00
-5.810480121508892353e+02 1.956015040337341588e+02 -1.706106578169222985e+02
9.818219531888459528e+00 -1.205988409515039095e+01 6.702717433619119092e+00
7.696739117050623236e+02 -3.377993535438940853e+02 4.167135760829515903e+02
-4.691249208153704942e+00 8.482455659300555340e+00 -7.199461586592474927e-01
-9.081414003448992389e+01 -1.078733974242646099e+02 2.778910891198199238e+02
1.432540452704254896e+00 9.285516475579793649e-01 -1.940342270475061692e-01
3.089572006566311480e+00 1.904600638248406419e+00 -2.580195992357475099e+00
3.763400372626087176e+00 4.040880609547922830e+00 -1.160603261643920447e+01
-6.922473771328967018e+01 1.057895911778227571e+02 -3.826950836298078684e+01
4.776437580485279000e+00 1.125858582816679387e+00 -7.186259122231554386e+00
4.704849936472773209e+01 -3.665838499149337792e+00 -1.529809228254534048e+02
-1.534877787882583666e+00 1.615256427146796847e+00 3.058971565913237711e+00
-8.617958384643958913e-01 2.337698538139346693e-01 4.589528200274645142e-01
1.133257064201903006e+02 3.157025169338417072e+02 1.126745932339347291e+02
-2.251447338961834355e+00 3.923237943021907093e+00 -6.668977236933517183e+00
2.032839377223854882e+01 2.240534198535144483e+01 1.119087710677714931e+01
3.267520167236100725e+00 3.537381031877480986e+00 -1.099236456103206550e+01
-9.909129017750109014e-01 3.534511446909049504e+00 -4.808046929800934954e+00
-7.590091707495865148e-01 5.590141774871874247e+00 -9.158470435218990957e+00
2.650764353074487545e+00 9.889341868385592704e+00 3.399165162544965924e-01
-6.863459710378163159e+00 1.176484005751185080e+01 6.651893363846381746e-01
-2.513445137247468431e+00 3.515409044593641674e+00 3.075049308188271269e-01
1.109567813238270473e+00 -8.376759272135700485e+00 -4.516780863514052058e+00
8.957513100450668730e+01 3.531518556937311359e+01 1.135839270429039374e+02
-3.487030558008245684e+00 -1.846649849704566293e+01 -2.337886606093524478e+01
1.603954540365420289e+00 3.017582892033261466e+00 -3.935578587264174644e+00
-7.207359998317248995e-02 6.543904498560128680e+00 1.289114662885915141e-01
-9.905072813177989710e-01 -2.175550927623049469e-01 -8.725792411780270541e+00
-3.954520218308452684e-01 1.595115049568808896e+00 -4.847365960300372478e+00
-3.371658709426256451e+00 -2.335978301623384379e+00 -2.962412367813007208e+00
2.594261882127389072e+02 6.754484944049025330e+01 -1.533630903250254107e+01
-1.245656837342870915e+00 3.812505023559432438e+00 -3.775965578903368147e+00
1.081055678692546849e+02 1.199428790030423357e+02 2.558695497807394759e+02
-5.663421953763864281e+01 7.614395169247457318e+01 2.857951858409807855e+01
-2.491013881847060816e+02 4.403996410892441986e+02 4.168346830305099502e+02
-1.452632804288291446e+00 7.317419594216302059e+00 1.742610678906190369e+00
8.172094356093307255e+00 -7.915294106265188256e-01 -6.362934141783279429e+00
3.196039815195516720e+00 1.859619789678525592e+00 -4.092162485581603448e+00
6.455148869649924848e-01 -7.274247267710750364e+00 -1.719220675878139648e+00
5.545208637129793772e+01 3.264574376875842177e+01 1.709007090521447481e+02
-1.218430062298963890e+00 3.937957739335049112e+00 -3.593181672223974665e+00
2.636799804763451327e+00 -5.213948519562589645e+00 -3.436875848052163562e-02
6.073802202109793491e+00 -8.154193159527457269e+00 -2.063034115817914227e+01
4.659157909539779325e+02 5.808814530408731258e+01 2.549205039823859806e+02
1.865379223686106425e+00 1.671522095885842329e+00 -5.467375267779602588e+00
2.504881399066628234e+01 -6.363508213621040799e-01 2.355658681287916423e+01
-2.444127280176727979e+00 1.528724807075707348e+00 1.567975950679048047e+00
3.209847265306534858e+00 3.172903927304076888e+00 -3.193387652310816449e+00
4.246358231583766241e+00 4.629947107702429676e+00 -7.458137496667808009e+00
2.496365610855437289e+00 1.128543161474751866e+00 -5.034056561034641053e-01
4.397019941194816539e+00 1.789394022918509464e+01 1.011606211276645073e+00
-2.316519808508861189e+00 1.720616555570833839e+01 -2.187435319576700010e+00
4.027576143842601653e+00 4.825258675616279636e-01 -6.734825005165607337e+00
-3.029575770558071923e+01 4.560802767099620070e+00 -1.162509295707406309e+01
-2.561618280505271628e+00 7.780103930962600600e+01 8.877495018781573322e+01
5.399567176238290500e+01 3.143503955393672555e+01 -8.100110416939614311e+00
8.107371196648557543e+00 2.390663518046290292e+00 -5.418458408999146769e+00
4.734661975687125960e+03 1.249212529107251976e+04 -7.053344292884039533e+03
-4.644695802377526888e+03 -1.248368690815556874e+04 7.121465695403693644e+03
-7.368984614979854086e+01 6.048554497119074824e+01 -7.312472541600146769e+01
1.602489236026094375e+02 3.120426508441599367e+02 -8.574631388263441067e+01
-6.086405392570943818e+00 2.328892585923611203e-01 -1.342206997729369533e+01
8.877389402746311831e+00 -4.923420868974238473e+00 5.209875199893529540e+00
1.156173651614348152e+00 -1.286800018346397234e+00 -5.160274994778129454e+00
-3.058034139256535013e+02 1.816942156293754920e+02 2.123868822984444762e+02
-1.596327521583289499e+00 -5.184921174156664314e+00 8.102092510288617933e-02
-1.094724043378985545e+00 6.449667710948902233e+00 3.208974799085407170e+00
-1.877875033339181599e+00 6.961016139776394773e+00 -4.132075622325995568e+00
1.740098541460588066e+01 -2.384259390789203081e+01 -6.955857713292406430e+00
2.648742609805102344e+00 1.569980088781818139e+01 -7.877479600838234397e+00
6.477435994082005877e-01 3.021335967479966023e+00 -3.502671249178498147e+00
5.654310895851917707e+00 4.449187079153611890e+00 4.432484828026586499e+00
4.302757911376353661e+00 2.617218065081268641e+00 -4.733382329528498467e+00
2.988972587469539199e+00 4.310037377272567305e+00 -1.755586109270278694e+00
6.930750943581629464e-01 -4.867145791388670872e+00 -1.172004267557865909e+00
1.351591579965330414e+00 4.567451276454095321e+00 -2.516067169780446200e+00
1.223362756106459170e-01 4.210242947430144156e+00 -5.481469474591930791e+00
-9.659690029280683099e-01 4.284188707401189511e+00 -8.260477855883976872e+00
-6.589844574486158901e-02 -2.941118061845135578e+00 -6.498408605692137741e+00
-2.197984030767527486e+01 3.777324384578869854e+01 1.213345613489968855e+01
-5.491958202447486670e-01 4.366681896883514824e+00 -7.362870534351985130e-01
1.671361074263235658e+00 3.053177403330173512e+00 -6.070131304481274803e+00
3.427121706837241710e+00 2.712046416596804121e+00 -4.744528703800346747e+00
-2.990927077840450199e+00 2.983262497780651001e-01 -8.416564940035600628e+00
1.195059370568388424e+01 1.512291176120141634e+00 -4.311303723700560475e+00
-3.786963542551496289e+02 -1.425651852544616531e+02 -1.228418089171038616e+02
1.111050320117985279e+01 6.855023463990333710e+01 -3.397406478854162515e+01
-2.003435728578414796e+02 -2.567912521519803590e+02 -3.273372444870930167e+02
1.419732763715588764e-01 -4.484661248833553548e-01 -1.631601006778664043e-01
1.898058233605942746e+01 7.303692808429977390e+01 -3.363631087239943440e+01
2.644021591512928926e-01 2.160263957864735573e+00 -3.881554250426581198e+00
-1.229212562014402543e+00 2.632750762577323655e+00 -2.358727074359089126e+00
-2.320681582955347011e+01 -6.538559971331844167e+01 -2.265460208138475906e+01
1.953052613643787350e+00 3.376804881423020710e+00 -2.546477092862322600e+00
-4.517399045220078619e+02 2.701045888631732623e+02 -5.781411666847825472e+02
5.435501808465814122e+01 1.211228453287008193e+02 9.964390141919193411e+01
2.780919114269735019e+03 -8.348405597127414239e+02 4.345565163990838755e+02
-2.285895666193308085e+00 1.247269023334360227e+01 -3.041261697820415444e-01
-1.906420216036156523e-01 1.027875294056127764e+01 -1.416200838810476625e+01
6.869650839611240372e+02 2.243658243955227135e+03 -5.193465078441083733e+02
8.992148827611135431e+00 -6.650415730838837192e+00 -2.306795316589566269e+01
2.929769856975617426e+00 6.763121989781813781e+00 -4.138159171066611464e+00
8.236392644856362910e-01 8.775499060885199043e+00 -3.131430228267260141e+00
-6.240171370898397463e-01 -9.836303771211893476e+00 -2.714088189742794865e-01
-4.439149285854671945e+00 8.631771993118722008e+00 -4.942209331849120701e+00
4.621910827738427985e-01 4.265334278289494740e+00 -1.561449096222086386e+00
-2.677642354661169399e+00 3.278965755592574638e+00 -1.092363344432169647e+00
2.050484457445813007e+02 3.371056225438624665e+01 8.496434701199927986e+01
-3.718363042166857202e+00 -3.306528206741195408e+00 -5.579518882230958710e+00
-5.839370986180894008e-01 7.391746771193327126e-01 -3.457985576479133627e+00
5.887315189218700198e+02 -2.908049188789005939e+02 2.769480445988108386e+02
4.631780101549860085e+00 -6.265158474641976838e+00 -4.782958407813599599e+00
2.231404606120459988e+00 3.877766425927917204e+00 -5.479012627713865768e+00
1.181673026413196084e+02 7.790339226679691365e+01 7.043319311352357204e+01
1.619159067919452184e+02 1.185676292027545742e+02 6.494959174733907048e+01
7.263107214762516151e+01 1.474340904706590827e+01 -2.412316531967658406e+01
5.428521404527602954e+02 -2.952335375329329281e+02 1.819797674625626200e+02
-7.494453455488600646e+00 -5.629501473726358896e+00 -1.214045913406613053e+01
2.439096074442901774e+00 3.343329933559996192e+00 3.376219061250413933e-01
-6.946706511232484393e-01 3.270688859613500199e+00 -7.127517105006031528e-01
-1.427547988469189955e-01 3.508111549996380418e+00 -5.013023139510452530e+00
2.174967270245810269e+00 5.319831562011071213e+00 2.443622481028106463e+01
-1.427349895465656118e+03 -2.413533060674577882e+03 -3.369501374137935272e+02
7.867345832645415982e+00 3.616966653847835111e+00 1.736979649000880421e+00
9.027791665539135479e+00 4.835084226893634707e+00 -4.824678312626278220e+00
4.006204175842758564e-01 2.518742541753640651e+00 -4.638572791723101219e+00
1.320123143350079999e+02 -1.938671115659357156e+02 -5.968564667156576888e+02
2.162731503550070933e+00 3.036832106558043698e+00 -3.728868214052330821e+00
8.504266653975571799e-01 7.656297877452309386e-01 -2.861228806477943643e+00
-5.051432997227716548e+00 2.143737130977561023e+00 4.506421546991157712e+00
1.928369519101674978e+00 6.593076939475919218e+00 -2.923715530943717500e+00
1.952950420861627379e+02 -1.773239069834212955e+01 -4.614379884963967271e+01
1.653578160944626347e+02 6.335984453196742550e+01 -3.930568563698363249e+01
1.724548377689192648e+03 9.145626636055351355e+02 6.933525581294611584e+02
2.207273678634835079e+01 -8.113254571151109928e+00 -7.176661904494046951e+00
-4.980743192786915330e+01 8.713043851823279340e+01 -1.344614701134082324e+01
-7.453973333289105607e-01 6.507890265099947058e+00 2.346036054668641846e+00
-6.318621403732420561e+01 -2.767510979826466766e+01 -5.265684515322399761e+01
1.470377552559312562e+03 2.436430143664547359e+03 3.503852113180819856e+02
-2.324117672393075207e+00 1.842819258134484439e+00 -1.394285383601773276e+01
4.386227515173440850e+01 1.720914708513196274e+02 -6.465758853912579696e+01
-1.666284360047031843e+00 8.578637964472055621e-01 6.321085557202991367e+00
3.084569699721729918e+01 -4.623560442441433338e+01 1.208538270207784393e+01
6.396384603450862869e+02 -2.598672263492074308e+03 2.848538603755283475e+03
4.588693258862709179e+00 -2.355395613708407554e-01 -5.158297112400413553e+00
1.851228240740409259e+00 -1.915064585699398947e+01 -1.919447981787311264e+01
-1.399838471156505371e+01 -5.798871233157426275e+01 5.867546850839624994e+01
4.921929285507933969e+02 -6.516488772386902610e+02 -6.445594079715851876e+01
-4.674707329271857930e+02 5.916913668001886890e+02 1.315560183353876766e+02
-6.807589664803240339e+02 2.606031955048848886e+03 -2.835307085058490429e+03
-1.039801584403609922e+03 7.102798565518398846e+02 -1.242680359617167142e+03
-2.660349008635669588e+00 5.216025396784465862e+00 -2.589036649428764214e-01
1.526890646564540646e+02 2.730229672368485794e+01 -8.839909306820873169e+00
-1.837800884033993221e+00 3.138904906215981505e+00 -6.214944073536571523e+00
-3.170360503873727032e-01 5.148305407698483549e+00 2.437732984114192814e+00
1.008162498609518593e+03 -1.438470358896609298e+02 -1.957255759937494304e+02
-2.909849843320487253e+03 6.523829167042554218e+02 -6.105501744504583712e+02
2.954721526142226367e+02 2.735371176815473291e+02 -6.056857906870686747e+02
3.166556886518224090e+00 -1.140116775900973423e+01 3.686717512288822718e+00
3.844224996298422070e+00 -2.370438752038481312e+00 -5.799921776018955200e+00
3.382122934726996100e+00 2.976295396714964347e+00 1.126356433031278081e+00
-2.535437810921054691e+00 -3.083088725388744233e+00 -1.360724987512573136e+01
2.026951260350760897e+00 -2.453952345918848366e+00 -9.851018688921126198e+00
8.085010402971448684e-01 3.331743654373822139e+00 -3.794749850603803321e+00
-8.963355398661509525e+02 1.913122083905064414e+02 2.741972057072465532e+02
2.260551470283101771e+00 4.796708925575025262e+00 -4.627663834743301230e+00
1.835364474466328888e+00 1.878534007751925472e+00 -9.440276891838877305e+00
1.045400445750391327e+03 -6.763161903305157239e+02 1.100802011681824297e+03
-7.235265314097956590e+00 -5.109187044554637680e+01 1.690551744598041495e+01
2.136429506752124396e+00 6.086299453256902581e+00 7.657424119991447231e-01
2.835181768627437648e+00 -7.077251451921584557e-01 -2.139797208655976668e+00
1.309821846440658799e+00 2.450122034228132684e+00 1.309833822237505441e+00
7.301779547666299663e+00 2.102972895032367617e+00 -1.106803233276808740e+00
2.833825506955256923e+00 1.160684703340432478e+01 7.627992840287197041e+00
7.384482143267676602e-01 3.826179711964774910e+00 -1.964229342587228366e+00
7.622502263868264905e-01 4.061304653149764299e+00 -1.572616630380203162e+00
-6.301807493926427917e+00 7.142406164230645782e-01 -9.823724335876873326e+00
1.408007150747303537e+00 2.694426626917274081e+00 -2.370129919255578699e+00
-4.246828991266088451e+02 -7.262122385594590241e+02 -4.365512364199743729e+02
5.351695712744000133e+01 -1.145645234045380221e+02 -5.909365064084304286e-01
4.638983859284640232e+01 -2.496558201552875289e+01 1.843490889709742930e+01
-3.506279165868894779e+03 -7.514896674565148942e+02 -3.852506071323220567e+03
1.412621270964142584e+00 1.482511394820465345e+00 -6.273625942360487429e+00
2.013873219357129596e+00 4.901238722408028936e-01 -3.843786344645276465e+00
-8.041836211579441951e+00 6.485361827699858139e+00 -7.346578623355231485e+00
4.157018627818118262e+01 8.437923798709110201e+01 4.684694318934961643e+01
3.236387287910029276e+00 -1.550471858160403471e+01 4.784339025195767370e+00
3.788472217262444097e+00 1.034473727738463253e+02 2.836170974071972068e+02
2.699478110920930263e+00 6.161834578601399492e+00 -1.704491979757797315e-01
1.725084577287890042e+01 2.172043064136962798e+01 2.385647953482347816e+01
1.442560304605092325e+00 -1.778979330924643332e+00 -3.837136081990336400e+00
-1.432192862169974390e+01 -2.140872821903435153e+01 2.187927127754970558e-01
-1.208911235227590986e+01 -1.997087430157405663e+01 -6.962239993249665915e+00
-8.792840961088114682e+02 -3.661734122783258272e+02 -4.785665506321819294e+02
2.099205312022912828e+00 3.866665516212585807e+00 -3.522445381329987413e+00
1.503227517401080071e+01 1.866290037786434652e+00 8.654716393505001548e+00
1.135267288310441991e+00 -7.022516361616193414e-01 -6.033391056219407744e+00
5.696592034725784792e+00 1.616624541147541905e+01 -4.182308766236387143e+00
1.246096888845243278e+00 -2.753047381706251961e+00 -2.840278043319927281e+00
-5.515940820549662504e+00 8.488212245182616300e+00 -6.470008702006335710e+00
1.563103973732932673e+03 -1.738655364430697716e+02 1.547301694796859920e+03
5.581189866995643456e+00 4.866303188942463720e+00 -3.172857090299787686e+00
1.655883798019565756e+00 9.951856418938398008e+00 -2.908910945241097501e+00
3.592383717533385479e+00 6.618492281150488488e+00 -7.434100555107531427e+00
-2.960507874873870460e+00 5.405019278211858236e+00 -1.129338399695032358e+00
-3.258368957230558527e-01 3.482281412245175289e+00 -7.236939892639985494e+00
-9.544849916203848039e-01 6.047009123712314249e+00 -1.452578460476276367e+00
1.400629324682790298e+02 7.998702667822765022e+01 1.115379778534454580e+01
-1.418975875248537477e+03 -6.615027504015506565e+02 -6.189344315056907817e+02
4.206807464046998035e+01 1.460212582164804473e+02 -2.329599949761396260e+02
1.526901316646607443e+00 2.921163739671192694e+00 -2.836279361081678552e+00
-1.718522469483697205e+04 8.043605739719057965e+03 8.332803257521882188e+03
1.722087350165513271e+04 -8.029726254664819862e+03 -8.321735900978383143e+03
-1.779342629080116200e+00 5.190210285184952532e+00 -3.746327028254709646e+00
1.514503694334606280e+03 -2.245114412177338181e+02 -1.196255974891257665e+03
6.475178420750782493e+01 -3.618797504560948397e+01 -2.520896392909866535e+01
-3.362138098754769544e+00 1.186302594256839260e+00 -5.030970639493534513e+00
1.764061714497634057e+02 4.352807695943475608e+01 -4.603402103562715553e+01
-4.824483500806492131e+00 -1.633604605311536062e+01 9.005067852590908917e-01
5.333699289093331686e+01 6.385856952167199552e+02 -5.136869389733365097e+02
6.452657938054104925e+00 2.774100067536076075e+00 2.727415102451468787e+00
-4.969276010659520182e+00 1.415822125981391011e+01 2.139905074906513160e+00
2.300508844027026878e-01 4.025826230810839235e+00 -3.399365483133491850e+00
-1.171407676246670775e+02 9.121007004208532720e+00 -2.069704994608171944e+01
-1.561160835963843056e+03 2.536340813498431146e+02 1.314988923183863790e+03
2.913046299856492105e+00 -4.892156354930995432e-01 -3.735937407120928810e+00
6.764445722598077637e+00 -3.967288134648578879e+00 5.809825753673571569e+00
7.390808875693767988e+00 1.153133977722998083e+00 -3.117715531485687031e+00
2.794482796365815958e+01 6.039225509315126139e+00 1.633957931348295034e+01
-9.777669177482791740e-01 7.432282004702889466e+00 -3.108925921891904309e+00
1.178444884236128143e+00 4.713703958507702296e+00 -3.883413533359033387e+00
6.037576412341271848e+00 1.406546508654675520e+01 8.710144540845516303e+01
-1.615133762701499975e+01 2.935847446339319333e+01 -2.540477910565707020e+01
-1.858893537342255087e+01 -1.884644467230062048e+01 -6.068610044554628047e+00
8.603989477970523581e+01 7.874293636030219545e+01 -2.336627845198416082e+02
8.125785293256919672e-01 -4.755677751167987632e-01 2.498902633391968386e+00
8.220598592019751294e+00 -2.188205415240299878e+00 -1.150677242518442611e+01
-1.198330830368521616e+00 3.067368226463647485e+00 -3.119750846836385261e+00
-1.177062603685711917e+00 7.630930116432232069e+00 -3.478919668703778001e+00
-1.709618038737685364e+00 9.620826035142584942e+00 7.151440776230513663e+00
8.021618282314271653e+00 1.233435832302723512e+01 -3.297264916058121553e+00
-1.361262770017092283e+00 -3.968603477503604093e+00 -5.359287829383579727e+00
4.061075408404936127e+01 1.418601038303856043e+01 1.542498811171217881e+02
7.374725542937679279e+01 1.109918530434233617e+02 2.497527124215573622e+02
-1.281392765194487815e+01 7.940813268227921640e+01 -6.089460034803601474e+01
-5.959039900831311343e+01 -1.331236718526811273e+02 5.608715670419229582e+01
3.439907597461969857e+01 -6.191551031046439668e+00 1.129459431489622858e+02
-8.873812342894218830e+00 -3.506217570063974165e+00 -2.827409747582295907e+00
9.722798706312298478e+00 -1.095057628110094772e+00 -6.429841488071733835e+00
-9.110781177415547827e-01 1.101703032380938918e+00 -6.493687062286538136e+00
-1.401423353551240609e+02 -4.862758430254336872e+01 -1.052303361055458453e+02
-3.071934495284147459e+01 -2.221446621396021115e+01 -1.483767545146279865e+01
3.353018818730512862e+01 1.617300450869145152e+02 -1.910531252329540166e+02
-2.378242837274326116e-02 2.869251267539177253e+00 -3.950027893846744576e+00
8.078954875814181591e+00 6.671554314136862729e+00 -1.007870513558589920e+01
2.228931439944129345e+00 -5.383500134285501559e+00 -1.033880622647134473e+01
-2.261663443396484396e+00 1.012010803635523359e+01 -4.453447595509839374e+00
2.082880903568292474e+00 1.952575295833183677e+00 -5.155048839043239184e+00
-9.799154413842074973e-01 2.657014258093004955e+00 -2.316760615999535311e+00
-1.596945745131189597e+03 -3.803526220438638461e+02 -3.569065758159925281e+03
3.830041294037826560e+02 -1.906704550550949193e+02 4.073704476202948399e+02
-1.534144997056583470e+00 -8.469156634816024098e-01 -3.530346499150473605e+00
3.037668004298854640e+00 2.589551748745491100e+00 -5.965430031750895701e+00
-2.166074407661286330e+02 -3.061111996330690204e+02 9.225042096256764523e+01
-8.463465537022477614e-01 1.041903226214535572e+01 -6.131173580063290274e+00
2.835414622654906402e+00 1.384878122273324741e-01 -6.828372859695333474e+00
6.647721182099363801e+00 7.661047997186287262e+00 2.795024184347587592e+00
-1.143858736103082197e-01 5.938629360017069203e+00 5.273794192962135696e+00
1.653771854838987032e+00 2.694056926184551060e+00 -4.889205791515356836e+00
4.792773339459198922e+00 2.423253965406736654e+00 -9.592514507084832331e+00
1.365460957262667918e+01 5.694030922294135877e+00 -1.682230769618157318e+00
1.021072193879633971e+01 7.254377933423288738e+00 -3.970567873087008870e+00
5.986495725531154832e+00 2.929829749894546254e+00 -8.978211375478879930e+00
-5.003715984319587307e+00 3.927699771862342981e-01 -8.450520881563953424e+00
4.061486040700250655e+00 5.757224805400596779e+00 -5.569406808567725520e+00
-3.221792078216084931e+00 5.278870055796865302e+01 -1.410793899872839745e+02
-1.108037618970882576e+01 2.612636936457781722e+00 5.478456442550466932e+00
-1.502083499115526344e+01 5.073021654801021185e+01 1.898614526123041824e+00
1.142410889466893025e+02 1.239034015157344015e+01 -9.569382075886515793e+01
4.460139565720412591e+00 5.610781700332525546e+00 -2.945232273742066642e+00
-1.831728302476764991e+00 1.223294204806523133e+01 4.315378853217969990e+00
-3.467499026348025204e+00 2.610429397896748327e+00 -6.937871651051787936e+00
1.072387727225265541e+00 1.244293277809864096e+00 -2.570355394911182145e+00
5.031571553559475163e+00 4.662354799615110679e+00 5.444769113234544378e+00
-8.573705443951522511e+02 -2.352383925517541229e+03 3.248459697871988396e+02
5.210546620107895706e+02 -5.019017957985785472e+01 7.990213313319540589e+01
4.253472684920168945e+00 3.509226000034267656e+00 -7.717921932701727883e+00
-1.062820497501210770e+00 1.247807942241358958e+01 -6.545184215326099064e+00
-2.286319904994766148e+02 1.889442182032154847e+02 -4.341374021403699999e+02
2.319185328469099083e+00 3.863883701508686652e+00 -5.161311935609167456e+00
2.110259708439389499e+02 3.348787606007837212e+02 1.021087321780513975e+02
-1.349112760180402937e+00 4.393909251706213936e+00 -4.102546255174472911e+00
5.150592002512905943e-01 2.708197884526327925e+00 -3.542957014869367427e+00
-6.291947950313576712e+02 9.855983501231210653e+01 1.432587626140615669e+02
1.548916990147364281e+00 1.794563229088496525e+00 -4.935598834973803584e+00
8.607382698305805491e+00 -5.393826417582908483e+00 -5.170568449152696644e+00
1.118696251593660236e+04 -2.537206108468420280e+04 -2.521255435428916098e+04
-1.116719136410594365e+04 2.537213781374638347e+04 2.522509565104581270e+04
5.118431780750554161e+00 -5.781980580922884805e+00 -8.585943515644580692e-01
2.596480949263090476e+00 3.897653680142969534e+00 -1.417211365885148622e+00
1.205266853854881859e+01 5.028965759678531100e+00 -2.309427751331032397e+00
-3.988761253883360780e+01 -9.631280043904160948e+01 6.251644357035790733e+01
1.873475039282608279e+00 -2.089726464936887407e-01 -8.164036305146019634e-01
-2.128815795648091758e+00 2.154359198167709266e+00 1.158260897868344852e+00
7.732655186508395673e+00 -5.853540088938878228e+00 -1.453679112417287556e+01
5.995631915238474718e+00 1.155094138804059156e+01 -5.341584732555233472e+00
5.452696798257193223e+02 -9.131495802453388251e+02 -1.375119818433536807e+02
1.217265485843079365e+00 -7.430499969691489737e-01 -6.585612901151617571e+00
1.615121186892205518e+00 2.694233171818952854e+01 -3.690998916196409851e+00
1.881471389493210911e+00 3.857742358184385267e+00 -7.979402036783762142e+00
7.062283986264108471e-01 -3.625405623273646682e+00 -1.310974785057040926e+01
-1.722371702073196076e+01 2.805174545708926814e+01 -3.587953047663167183e+01
-7.447870365161165296e+00 1.299409769092202627e+00 -7.466249943845697956e+00
4.547887295350461656e+00 1.185534306394785187e+00 1.208109045344123800e+01
9.926318862923524833e+00 2.054916156474037692e+00 -7.640587266588132920e+00
8.735738737429214780e+02 4.346014156387225285e+02 2.745077550098234269e+02
3.456376195282748085e+03 6.242326324363027652e+02 3.926425686132624833e+03
1.602523466653832074e+01 -1.033079251302244828e+01 -1.833604246910839919e+01
-1.788617260071454940e+00 7.165580642707760717e+01 4.809365441353221371e+01
7.631718690518914627e+01 4.287431165596976257e+01 -1.257853432452248299e+01
3.366249940568014409e+00 3.584940330437603073e+00 -4.900239175288500171e+00
-7.409152231062965388e-01 1.815809306604938556e+00 -4.026815791527228683e+00
-3.149407428471168169e-01 6.947136557487255892e+00 -1.000088823317546627e+01
2.237098735078425271e+00 1.154522587905935538e+01 -9.340331395628147959e+00
2.411360606029774090e+00 6.452569579385201592e+00 -2.811518396092948180e+00
1.321103823558732904e+00 -7.959890157458141546e-01 8.465212060727278498e+00
2.098302534376762551e+01 3.919286636368239485e+00 -1.595366670554696142e+01
7.488521192279591343e-01 -1.827268306066028636e+00 -3.063180450367966046e+00
9.735319436173632823e+00 -1.558312563213899438e+01 -2.576650660353680955e+00
9.016637116170501898e+00 1.123382633514287932e+02 -1.020584082067947804e+02
-2.413564701870244411e-01 -2.026845913238010333e+00 -1.729394279765955389e+00
3.176548423673185573e-01 1.233127467967793045e+01 -1.511170615151056928e+01
2.267100597025178672e+02 -2.357983564704591828e+01 1.790232662482349042e+02
1.944141693647710056e+01 -1.297142932958895756e+01 1.982351548393050393e+02
-1.994503580092032990e+00 4.886563268927639037e+00 -2.323929167846721988e+00
7.998772398223490399e+00 3.642446275788518761e+00 -8.498599107054893409e+00
5.445050158820652797e+00 -2.743016312158621517e-01 -6.515577787304733803e+00
8.077956205487423214e-01 5.016764023969148667e+00 -1.894868297018313719e+00
-7.357811124431548055e-01 3.422524717477992340e+01 6.972475853321898853e+01
1.248479671257645585e+00 2.987437890981772703e+00 -1.585398240240769141e+00
1.185065924110242719e+01 6.738542340178707946e+01 -7.270753047222578402e+01
4.612935405757838669e-01 -4.002931319997493631e+00 -4.736242762264766704e+00
-1.203150411742175052e+01 -3.579357750190337129e+01 1.620351727538078634e+01
-1.095853040742581015e+03 1.438098384818438262e+03 -1.029574893413806791e+02
-1.179918187499023929e+01 -1.574056971987652886e+01 4.620204960796545635e+00
-6.569668675738865593e-01 7.571580484508225517e+00 2.266113342612698922e+00
-1.239217625980527160e+01 1.233865627811928789e+01 3.385347836078192785e+00
4.386726649310194404e+00 1.760346919239948460e-01 -1.014442909930042269e+00
3.835411805063086432e-01 8.151294214493473689e+00 -4.774144680532486085e+00
2.847571790685505810e-01 2.972233942761211001e+00 -7.505613581891194208e+00
1.360560427440375086e+01 1.956503962444385536e+01 5.620916720973615099e+01
1.192799789160687169e+03 -1.408301631712551625e+03 -3.047825258121684655e+01
-1.052988586281623062e+00 3.566356669169148397e+00 -8.095027840268581798e+00
8.446825116867381666e+01 -4.394563080769987806e+00 2.661438058678888297e+01
-5.036199906326444875e+00 2.728092662552131564e+00 -4.006090243430382891e+00
2.914225940486945277e+01 2.809977735648733415e+02 -1.238064802754104505e+02
2.496669331883730365e+02 2.509001983679461318e+02 -6.411926382806518632e+01
2.546574478778638628e+00 7.130046605237932988e-01 -1.102373132155764068e+01
-4.811054537429352962e+00 2.968754500755678372e+00 3.538346086640563826e+00
1.466476577723038943e+01 2.428168459507640478e+02 1.174913333094370103e+02
6.535840026782608447e+01 2.776929573670916440e+01 2.959451112934666384e+01
1.653729353435269900e+02 -4.349680346822668042e+01 8.723192393779399367e+01
2.445472078237284741e+00 6.218854783722608026e+00 -8.429128788482975754e-01
2.117416157178858782e+00 4.859144371587200695e+00 -2.194594125973743814e+00
-1.659760344197041491e+02 -1.534118118018742791e+02 2.923272535040595130e+02
-3.056764094525471265e+00 4.297137251253293044e+00 -6.500988996216213067e+00
-2.292081205093291373e+03 -1.197263215996219060e+03 2.591656975261779735e+03
1.508351216878511991e+01 1.774558908199742007e+02 -1.630967378645344752e+02
4.595876973929407541e+02 8.104071087872351882e+02 5.269213595120236278e+02
2.301013609151125820e+03 1.207294905802975336e+03 -2.629224001099716133e+03
-5.055407680610937859e+01 -1.831810064692755873e+02 2.554157471896849643e+02
-3.347024674498624108e+01 -3.282126676871661175e+01 1.028282610432048614e+02
7.238554988666503487e-01 -3.762789767439464583e+00 -3.066056445242958617e+00
2.618614887870019459e+01 -5.179451994254393554e+01 -4.864849656300364131e+02
9.052413206369790544e+01 -7.552274556236378089e+01 2.244984327154587334e+01
7.501619602801407050e-02 3.550525935582015347e+00 -3.519919427660651579e+00
2.383920805147329069e+00 3.280931937055351355e+00 -4.352463530222573596e+00
1.458635685269552695e+01 2.381969267434429227e+01 -1.673709107469936441e+01
7.724479077852029718e+01 -2.485410477108273710e+02 3.292291070494989071e+02
7.012479378884007630e+00 7.608797446228017236e-01 -7.605694391819113775e+00
-1.611396485387059929e-01 1.357779664419342947e+00 -5.222811427758797365e+00
2.811566569369690516e+00 9.753631130805711535e+00 -5.980700186357942982e+00
1.834439190175727319e+00 2.014061269511383756e+00 -9.183482747988545469e+00
4.560736058276738447e+01 -1.664970803753809889e+02 8.711971745725310257e+01
9.579942814487434077e+01 -1.248267446567745083e+02 7.717468414798740639e+01
3.895590009760003802e+00 -2.305497208661049058e+01 -2.258664453168214337e+01
2.034771207172459739e+00 -2.824936929550678322e+00 -3.716758636212262878e+00
-8.709490665348161542e+01 1.303571391255916296e+02 -2.240835296456333126e+01
-3.612904498489248883e+00 9.616162830350894808e+00 3.650725130098285698e-01
-3.275032742925613150e+01 -8.466331847930945287e+01 7.238745751888613711e+01
3.322793094467892949e+00 2.857240446959930846e+00 -1.483979523113754251e+00
-1.450539578961648868e+00 2.843323759362353265e+00 -4.355524319866661997e+00
2.213757691857759369e+01 -1.254835714416170447e+02 -1.048990137911941076e+02
4.926994686299508430e+01 2.065606094949874461e+01 3.649968426689181911e+01
-4.144194826680013648e+02 2.530218160763876654e+02 -2.552940275281683924e+01
-4.449309622696862476e+00 -1.254920976095250662e-01 -5.641034862230452696e+00
-1.095334113547820287e+01 -3.408837232279621432e+00 4.842841142295119994e+01
1.189981628105871714e+00 2.030485903855120178e+00 -2.545314803654151525e+00
-2.942721515137597610e+00 -2.041168018181349808e+01 4.011459554045033826e+01
6.125854404398154429e+00 1.236062665193808030e+00 1.383026702800713270e+00
6.860589088795403079e+00 3.631747134113251896e+00 -3.073070741591588995e+00
-1.266179300531376128e+01 -3.237555557878202706e+01 -2.234794320366311808e+02
2.394027674940565564e+00 8.196397229240485416e+00 -6.021012056071223917e+00
1.238118769695121246e+00 5.605946182603162242e+00 -2.303900043131692499e+00
-8.936734694326818840e+01 1.801387252575536024e+02 1.474942739967395084e+02
2.946865627844941216e+00 5.073553966339950705e+00 -2.455151637903273176e+00
-2.093293658502611834e+02 3.795694956755183114e+01 4.224518318251824667e+02
1.605593210790556782e+02 -2.568828556621999155e+02 -1.608281128152899839e+02
1.169069546497864209e+00 2.713163337800635233e+00 -3.202253494835700209e+00
6.734391374736875768e+00 2.474922922967457595e+01 -6.059121359306184118e+00
-8.610300186255653188e+00 -2.571106556651385944e+01 8.400359864541851351e+00
-2.626839695114476569e+00 3.399935126926739493e+00 -3.466434792568120926e+00
-9.236040466204283206e+00 2.100033876012509904e+00 -3.299304042388846447e+00
-9.519563673582023711e+00 2.119725082595954291e+01 -1.065491319582167407e+01
8.923394977921658366e+00 -8.489859121130351127e+00 1.639191177927178167e+00
-7.408358241935469879e-02 9.506811951170195840e+00 -5.434887821840824529e+00
3.447994415828671944e+00 3.601010714650872302e+00 -1.721330763047275614e+00
7.390455392841506210e-01 1.714319781861702552e+01 4.551559774118978829e+00
-2.763372886412028038e+02 -2.655587822774655820e+02 6.001849466796248862e+02
-4.950719182475085489e+01 -1.959564407989920198e+02 3.334525000981757330e+02
1.578623373999405111e+00 8.127697548435317554e-01 5.862212843769505355e+00
2.620742904928676609e+01 -1.292916464042798168e+02 -1.190431695958663738e+02
-5.009799989150123700e+00 6.396446751196643632e+00 -3.134662284193052262e+00
-1.010912234603306459e+01 -2.913026145915332421e+01 -3.306368831796420693e+01
7.567132608792379034e-02 -1.290005457519710408e+00 -1.677358271568178072e+00
-2.557176353232919919e+00 5.388309789008777884e+00 1.980449523088231079e+00
8.291727923092839347e+00 -1.232498047848674219e+02 -1.415200608106873688e+02
-1.657171304973685810e+00 6.850229031239814859e+00 3.124603829713699099e-01
3.674946617420522088e+00 -8.835668270908179522e+00 -2.421264580287249046e+01
1.872292774747282618e+00 9.417838484051639369e+00 1.448717018388800959e+00
-3.185774157207873031e+03 1.115568169374568242e+03 2.222602843360447764e+02
2.735218606775378447e+01 2.337151433486261709e+01 2.189847730950480464e+00
1.717270989999707069e+02 -9.492194431171196811e+01 -1.845051590754355573e+02
1.293450276973964197e+00 3.278497604741219984e+00 -6.138598299040925355e+00
1.601760079872649234e+00 2.812065436049535627e+00 -7.579710119369761911e-02
1.395704150893715134e+00 -4.502994221083439497e-01 -1.975328211179324711e+01
3.110743354038221696e+03 -1.191815596443275581e+03 -2.548190084377075095e+02
1.292817302115074369e+02 -1.275529749885949116e+02 -1.262848907993536329e+02
-1.562153834093441773e+00 4.740811085578700457e+00 -7.904605572420128290e+00
1.538428759602695209e+03 9.024841293640252843e+03 -5.573025562449751305e+03
-3.185271830476753330e+00 2.030840385257112857e+00 6.177728976225813629e-01
-6.112024426107150248e+02 6.892908358010093650e+01 3.374403367038349444e+01
-6.133511563647328302e+00 8.530913459325752513e+00 1.056161666456465476e+00
1.595438103495317364e+03 6.514603032252264256e+02 3.448261981486083187e+03
1.621954431877787872e+00 3.287506869931725362e+00 -7.845545215643088710e+00
2.468933401070064093e+00 -5.297979208385436678e+00 -8.809712796186945027e+00
-5.907461375184976937e+00 5.220208489419228215e+00 -1.605886216213875617e+00
-3.936441869752934863e+00 2.914077679742934279e+01 1.248454139895519077e+01
5.840129094736205388e+02 -1.422449960987933764e+03 1.334160177065932885e+03
-5.773240791881751193e+02 9.164648288886659202e+02 2.049850433293788683e+02
1.098437194374064347e+03 -2.675438806923090738e+02 4.383595977313948424e+02
-6.380853469925515498e+00 -1.846925277849026159e+01 1.114880763645498085e+01
4.465680138498694163e+01 -4.033638900994098719e+00 4.068221851636051412e+01
7.801432466951310207e-01 4.698110585810253426e+00 -1.469365271130584905e+00
-4.300969187421760376e-01 1.454242543141264665e+00 -5.740100746255491160e+00
-5.840484380433514033e+00 1.435693184128874833e+01 -9.065053026222571475e+01
3.473346984050663622e+01 1.429183179732992492e+01 -3.458769539979310537e+01
-1.247669249419626851e+02 -9.809310111743437233e+01 7.463183956166199096e+01
-6.107746105190422981e+01 -1.311274455308694655e+02 5.432210659766455052e+01
-1.490294144429490643e+03 -9.006177636620226622e+03 5.587277573124219998e+03
-1.065482824565137889e+03 2.355209416936722278e+02 -3.515800553417675474e+02
1.739810161958344281e+01 2.562054314008253009e+00 -2.196326220946034979e+01
4.727106170397213702e+00 -2.464190433744718689e+01 -2.414733053675317365e+01
-4.602979805196079965e+00 -2.508462334224485346e+01 2.038079589368935274e+01
4.879978367519509419e+00 3.555978628104829120e+00 1.532962765498884217e+00
2.570235913187112864e+00 4.285990789693785885e+00 2.260807112908616467e+00
-3.572716449212723688e+00 7.378002000294039853e+00 2.977249096047693833e-01
-4.134326902980481222e+00 2.142011465279579596e+01 -1.770861682184465602e+00
9.629874644657137051e-01 2.133596622356535022e-01 -4.985862118955903810e+00
-6.399442836066555174e+00 2.203365680362847634e+00 2.321029162688937886e-01
7.684464334848742695e+00 -1.375773682091666785e+02 6.854017510902544075e+01
-1.091775689192832033e+01 1.151148941313255847e+01 1.148962801019015245e+01
9.110745604451483359e+01 -5.487245565659495838e+01 8.198004761379777960e+01
2.936490109243178637e+01 -1.111237096700473757e+02 -1.030586213530957735e+02
4.706532462513655446e+01 -4.259559095002806828e+01 1.092067280495289623e+02
1.575336591216617137e+02 2.472437351450348046e+02 2.488821833682977740e+02
-4.626557431005229759e+00 8.872534274695742518e-01 9.689343192224020296e-01
6.781863566338894422e+00 4.836045659147503173e+00 -7.372141232551537193e+00
-2.591299209974753026e+01 -1.395076362707479802e+02 5.456130683900059353e+01
-3.171928458601591672e+00 5.409269635318073810e+00 -4.520409499363127637e+00
-2.702683676810523394e+01 -4.693589595632703393e+00 -5.697085379926951987e+01
-3.507165249985680355e-01 5.680292766239725122e-01 -3.225988905366697912e-01
-9.894888676650427373e-01 4.363951457115704535e+00 -1.310478332392485790e+00
4.164836533728141887e+00 2.247853882702103956e+00 -1.095093227811642578e+01
-2.847943941895376141e-01 -4.374434829293028848e+00 -2.094472626882350585e+00
1.047291687849069497e+01 1.622849036446038440e+01 1.071683189159381655e+01
-4.998626310461887812e+01 -8.402837006840367451e+01 9.464148396586308820e+01
-1.219484809648176071e+00 1.131085090065333176e+01 -1.021460518664052586e+01
-2.732572523819833510e+00 6.186152724936167857e+00 2.024059159256903939e+00
-7.878187265551687233e+02 1.141694765582911032e+03 -1.702328016799222951e+03
-1.976522687716611060e+01 -2.460927717972810314e+01 7.540149530884829865e+00
-2.911075104715460604e+00 -2.124526245553870041e+00 -4.444535339953085362e+00
-4.264664681195522444e-01 4.412878647262617804e+00 2.355994440236099940e-01
7.831215944775760107e+00 5.257151704729161601e+00 -1.103968033033186025e+01
1.995313699816019248e+00 7.407418086239140109e+00 -3.397353218320925627e+00
1.417755808119762762e+01 2.975290125906626315e+01 1.074494755173015470e+01
-7.251211025830005383e+03 2.696440235573800237e+02 9.917517892929245136e+03
7.459604871713589880e-01 3.452100578894250926e+00 -2.074114792291362974e+00
-1.064036514213957616e+03 -1.531015195776430460e+02 6.378648173313588359e+02
-2.293790553553407108e+00 3.856830098669731921e+00 3.186839456460645037e-01
-3.300772982005634049e+01 -7.370152955182558685e+01 7.297363735247569139e+01
-7.402336601525405513e+01 -1.741666644804845987e+02 8.239789788885005350e+01
-2.476146084488628496e+00 1.594054297876964288e+00 1.976555679496646567e-01
-1.484523090547337443e+00 3.177878766035532543e+00 -3.540067697677127700e+00
-2.065212270522746252e+01 2.946219170047090330e+01 -4.279071732420956664e+01
-3.404006127210996269e+00 5.884116023234844839e+00 -2.130933014109682055e+00
2.919328646365568769e-01 3.297261908267461017e+00 1.825698913401349599e-01
5.461733609288278046e+01 -8.061016108638150968e+01 3.210058333792721896e+01
7.276801414527446468e+03 -2.738797667329386627e+02 -9.903627741559193964e+03
-2.184614634166901936e+00 2.833909888671833244e+00 -3.987352457718714493e+00
-3.142904931573949234e+00 1.135425305644675120e+01 -1.692165237556284652e+01
1.133212327617395658e+03 1.064322994130340447e+02 -5.415383521885451046e+02
-5.067415128270051383e+01 1.217574955937133581e+02 -2.035713460951046727e+02
2.595968144013220069e+00 1.953726960410490099e-01 -1.880087193032826676e+00
1.569774788069805194e+00 4.150391772551947689e+00 -1.934914326497090276e+00
1.985108223708611952e+00 -2.735654470177428799e+00 -6.577273643727558294e+00
1.038784243456741052e+02 -1.623414945554444841e+02 -1.375103311956600862e+02
-1.633679497699006777e+00 7.389493578267377849e+00 -3.145841521245950734e+00
2.774332958231586943e+01 3.958055316381711464e+01 3.516096410641540615e+01
-5.554860684412063421e+01 9.903572531408897817e+01 -9.262451730887633516e+01
7.841475253624109243e+00 -1.522982514580337465e+01 -4.356359369366966661e+00
-1.849145656477998001e+00 -2.118702730641712495e-01 -4.704936557327453528e+00
-9.235704796520900572e+01 -8.599616128010757166e+01 7.449057350842394953e+01
1.746570724005933162e+00 2.990688088420967006e+00 -5.613368577302419560e+00
1.272054274188164236e+01 -1.917230660810333802e+02 4.623897419230930694e+01
-2.183207247343473156e+00 1.196623431539692195e+00 -1.299504906008858818e+01
-1.281670440893277146e+03 -1.104508296087632061e+03 2.383887850104643803e+03
1.960543743186488608e-01 8.205524605825157636e+00 1.720910105023301551e+00
7.205831726656421665e+01 -1.216324884570286287e+02 -1.690737141705498345e+02
2.917997905351659256e+02 -2.063282431713025460e+02 -1.333272289276943638e+02
1.757388672762120763e+01 -1.196629769081794592e+02 -9.473815649220702539e+01
1.052103741951953424e+02 -1.613220769110992308e+02 -1.369842073781762508e+02
1.327240460020896684e+00 4.979685047590837854e+00 -9.890776509841363584e-01
1.406817059341875620e+00 1.130702780802258367e+01 3.104757128214182593e+00
1.588755297205066697e+01 -9.542891318566088898e+01 1.425236255933995153e+02
1.288279930259158846e+03 1.084714311333755404e+03 -2.391334926449840168e+03
-4.135170142077473088e+02 -6.473396936216447273e+01 -2.879211056812205243e+02
-1.245863861830360264e+01 -7.531283812167255576e+01 4.862433888151455363e+01
6.667237873669049009e+01 -1.065453634113902694e+02 1.321436302682489270e+02
1.908584365712935105e+00 2.601666140209933920e-01 1.264280639076151402e+00
2.419577564256143631e+01 -1.242106828013478008e+02 -1.058845756952046315e+02
2.729249293131318765e+01 -6.057597731705944710e+01 9.565323317731949260e+01
-1.171672816146938079e+00 4.405303346288391708e+00 -1.033877846162540859e+00
3.358171834665488298e+00 2.013507873920758584e+00 -4.655667752239770252e+00
-1.868701434539560324e+01 -1.888618537464873555e+02 3.154898794404395517e+02
2.352327044157340552e+01 -6.815532611524081119e+01 1.358371815457754792e+02
-6.504491362122045928e+00 -1.018336874955503291e+01 4.267579406110077578e+00
3.010098522102558718e+02 -3.806235950529020329e+01 1.556966524355763681e+02
-2.335383346998622756e+01 -2.678612718100908978e+02 2.768786316477350056e+02
1.952218213653866741e+01 -2.359507306483626010e+01 6.273960162122431683e+00
4.146782609325929680e-01 5.100402354453599685e+00 9.024543177937436322e-01
2.558783005995577842e+00 1.738405604618612710e+00 -2.247194494054665093e+00
2.442001831029509518e+00 -9.014073566200313081e+00 -5.779206337073203414e+00
2.763040904945095733e+01 -2.225516584966106848e+01 6.698237445634188703e+01
-6.362409481727205218e+00 -3.420241111424229530e+01 1.381652969467599057e+01
5.918131134679660121e+00 8.888658035191209450e+00 -1.931431773239101091e+00
5.760325887628819430e+01 -1.292811655064218428e+02 -1.197218190954411057e+02
-6.271133695156860810e-01 -1.144305457025744710e+00 -7.056391011061394103e+00
8.544516988962804760e+00 1.120716546051422569e+01 4.143998998735892059e+00
-3.105060867031775307e-01 1.460692232751458874e+00 -6.535170458387351999e+00
8.349652315030408056e-01 6.838823022231703241e+00 2.810261786912009896e+00
2.085962583416051643e+02 3.587925449794936412e+02 -1.393210026041984122e+02
1.585229669444076617e+00 -2.759280807600238177e+02 -2.596535236303257079e+02
1.248301741925083519e+02 2.299272916304104797e+02 1.800036738178880569e+02
-2.218882919280111388e+00 2.579459096191980549e-01 -8.935407507162004492e+00
-1.985453308668263972e+00 6.252439139286249115e-02 -2.020546441835502804e+00
8.952191441412375994e-01 6.340536916897430153e+00 7.838193899923857622e-01
-7.992976019269273991e+01 -4.649436685521022810e+02 -6.815235752401409286e+01
1.453710686512971151e+01 -5.635530313194608709e+01 1.067945405074837311e+02
1.955786869361739946e+02 -7.085424417186681012e+01 1.162309026947566224e+02
-1.040552176353224212e+02 -7.423021512723171611e+01 9.341171887263220697e+01
7.249455035445693696e+00 7.516628538497769352e-01 -2.424592400585075858e+00
2.789433328721576011e+00 -9.919910688414041999e-01 -1.046326405842819440e+01
-5.668057208011427761e+00 -1.482517974338148026e+00 -1.038355891746248361e+01
4.082890943469526412e+00 -6.402161839108813979e+00 -1.844922738701440323e+01
9.663341348563814392e+01 -1.215809266751719377e+02 4.703407916879774575e+01
1.665761602815351949e+01 2.520922850215065125e+00 -1.320812660901418134e+00
-9.655673439181380502e+01 -4.513888468351544958e+01 -2.002051923317341959e+02
1.658524474981576532e+03 2.245334001037973337e+02 6.959671119788195028e+02
3.359275020235725773e+00 7.576120414501239964e+00 -5.789514093572593056e-01
3.764576027935778768e+01 -1.415806241123071061e+02 9.698560783725108081e+01
1.479753484552841769e+01 -5.671808897645920666e+01 1.068672963524895181e+02
-2.220268208321628522e-01 -2.608081102423123188e+00 -3.385940379611937168e+00
-7.268198847711940402e+01 -2.366420585904448330e+02 7.561105038666551081e+01
1.098753019466013484e+03 -2.337550894344230619e+04 -9.946631197059519991e+02
1.337169572387694738e-01 3.087705590138023481e+00 -5.888398276041715285e+00
8.542056535325834865e-01 2.950274155401039877e+00 -8.656570140981407757e-01
5.907125816475664593e-01 5.960747764125855497e-01 -7.785866292646872466e+00
-1.166842905793074037e+00 8.379825813388563915e+00 -3.879436360376740112e+00
-1.921565851251541446e+00 5.083199092510648498e+00 -9.950747808305772379e-03
3.052812467938111674e+00 -1.351243399687360291e+00 -5.238769354799226008e+00
-2.405018790735750756e+01 -4.901509311551915005e+01 3.910723564921224238e+01
3.819822837343389565e-02 1.956556769579445465e+00 -5.475333187588304007e+00
2.052496858673856561e+00 3.084780339279251216e+00 -2.944353544582290816e+00
-2.336131019782474283e+01 -1.420598512741532602e+02 2.928712122484614611e+02
1.500265533708752930e+00 5.114542934271273822e+00 1.792640871092498145e+00
-3.119226249318793265e+01 -6.364313822694732181e+01 6.887068761524076876e+01
5.418487222765950406e+01 -1.072673959127551910e+02 1.375122633377173713e+02
-5.653743154689525596e+01 5.161234861704971166e+01 1.121140499396346790e+01
4.111704716447485808e+00 -1.313119090040675374e+01 -7.246995218456495635e+00
-1.582168980549332900e+03 -2.841390603007023401e+02 -5.453252590420445358e+02
-7.723316133686854101e+00 -1.073075123840421341e+01 5.626018573141765344e+00
-8.335151095271337240e+00 -7.578728460132748523e+01 -4.389769077875314451e+01
-2.448424995756769196e+00 1.265120065040077790e+01 -1.298274881579379425e+00
3.143168702844823059e+01 -1.965187114394390733e+02 2.358501869106250126e+02
-1.169587768421413784e+03 2.334236235543026851e+04 1.015091959864846785e+03
5.291760991989547414e+00 1.744287210885957862e+01 3.032600001001310730e+01
-2.119237394349379144e+01 -1.191271062183438545e+01 1.993113495540852398e+01
1.796931191099847780e+00 1.747069929318119996e+00 -5.579233918982396290e+00
2.118960340909782580e+00 -1.009036834805636662e+00 -4.763143539379246505e+00
-3.254309770762392473e-01 3.694212640155338789e+00 -7.769518889828905372e+00
7.450230332560674462e-01 4.345851253671834336e+00 -1.539652907419920336e+00
5.889763590685712646e-01 4.205147231616686909e+00 -3.665993156091479577e+00
-2.617012684403141520e+01 -7.097468970908002461e+01 -4.788942295233484003e+01
2.981491014157045782e+01 3.906302065714258021e+01 -1.051553895511548120e+01
4.472543621121609192e+00 -6.404406382902610773e+00 -3.870613944694243358e+00
-1.129920598226108837e+02 -1.736172265426263266e+02 -2.148175267137252717e+02
-4.609341293136504447e+01 -1.161296314471708087e+02 6.965125901332669400e+01
4.408804033096538344e-01 1.028028112717943188e+01 -6.907358350258050450e+00
2.362864124760767126e+00 3.806992925331445399e+00 -2.630048307700459276e+00
-2.474218115513769192e+02 2.013371954365834711e+02 3.453613498690197847e-01
6.604872333731801604e+00 6.109596424886212240e+00 9.369683718001471817e+00
-5.171706675424136535e+00 -1.620731711224340543e+01 8.226074517347409909e+00
-6.510837786382498393e+01 -8.894874883718213709e+01 -1.139480596170386093e+02
5.351913043576164597e+00 1.520252131376950899e+01 2.865820040921100542e+00
-3.388981934840156640e+01 -3.491143414775143583e+01 5.510596825147911915e+01
-5.354856464790439929e+01 -7.663953272703753328e+01 7.871887002326261040e+01
-3.633471850347604004e+00 5.122038546835144146e+00 2.481109287088524518e+00
-1.099281841901214918e+00 1.724323964659809860e+01 -1.028613576505905947e+01
2.150649487680787786e+00 -4.842027130018532688e+00 -2.352556251372559259e+01
-1.382454134668436438e+02 1.500536343803990462e+02 9.715940210145608944e+02
1.019764839260592595e+02 6.457214992465146963e+01 4.288480754640227133e+02
2.783897545681010754e+01 1.507199309557609723e+01 9.693188773191475605e+01
-6.105122468970549932e+01 -1.328753617286117787e+02 5.576229308453627453e+01
2.064867413589382750e+01 -4.987487835719610985e+01 2.684558891882508291e+00
-7.530892657731141071e+01 -9.398486703368931217e+01 9.612274231793793433e+01
-1.882333969664974127e+00 5.779947422343503227e+00 -1.537242230246597430e+01
2.019919452016850414e+01 -4.249689011113831612e+02 -1.016453177182400793e+02
-8.148224387787081469e+00 3.779352275195584809e+01 -4.307149310957925792e+01
2.687606143126215130e+01 5.074380005243144254e+00 3.591676114412681642e+01
1.265377531731558314e+00 6.317239181723127928e+00 -4.362759594555511100e+00
-7.567702103792214530e+01 -9.410302546064221474e+01 9.610554261539951426e+01
3.926786031859204329e-02 -2.122108217988809713e+02 -1.081447731571595767e+02
1.852515336496594855e+01 -8.862231372833909404e+01 -4.069321801728217736e+01
1.008632653183145607e+02 -3.336602862393729083e+02 -1.987463565749511645e+02
-1.631804615581710638e-01 -7.218401749584375082e+00 -5.455441998455445862e+00
-5.091167806904822513e+00 6.198778847958610783e+00 -2.671676642873956453e+00
4.510511991376392302e+02 -4.642067047129336999e+01 2.182333733376115674e+02
5.187322362366215245e+00 -9.002158510584953532e+00 1.592889285908615804e+01
1.776986060636966069e+00 -1.095574865275485976e+00 1.255759535508503610e+00
-1.146735895126087428e+02 -1.148596791904750773e+02 -6.405156221744040579e+01
-3.034369216095160748e+00 -4.021057020883179733e-01 -6.909960221874997810e-01
6.100080969765177485e+01 -4.520144518981037152e+01 1.233330493643880175e+02
-3.991639152812137468e+02 -1.553912667631886109e+02 -3.815843229804348198e+02
-1.692809833502816446e+02 -6.902229464380124568e+01 5.657917685892890347e+01
9.991383156670997323e+01 -2.745627117632034953e+01 1.036385922260295871e+02
3.007854772718436465e+01 -1.573504065074869231e+02 1.223080983911714554e+02
-3.082849908282566957e+02 -2.099125429878919931e+03 -1.278650151007670047e+03
-5.122557060357106451e+00 8.477406057128158423e+00 5.270712070973111452e+00
7.278649309330842243e+02 -1.314096191043255999e+02 -1.159851306182087782e+01
-8.637364888872708946e+01 -9.819733738536160672e+01 1.069068414330380534e+02
-4.968499209082742851e+01 -1.870517014428365883e+02 2.275778054590073225e+02
1.904742653528436591e+01 -6.337094577811370044e+01 1.070676630469177155e+02
7.619784396573008323e+00 1.762588294930475996e+01 1.248518788271462299e+01
6.071006411047026319e+00 4.733439486058860446e+00 6.457201461423587752e+00
-1.554400670033784237e+00 3.196004087692576157e+00 -8.331788963331399955e+00
-1.372228493422933404e+00 1.034581097025517149e+00 -6.062952394156456926e+00
6.049237110479048773e+00 2.614622088130809274e+01 3.104842641011840954e+01
-3.951759541776590723e+00 2.204739143595091377e+00 4.381146890553423212e+00
5.010489663434580621e+01 -1.324407964826816055e+02 1.153570017771246370e+02
-1.520852595240474869e+01 1.341788679881586255e+01 -4.218617715763306464e+00
-6.662580898666786311e+01 -7.071808734340135061e+01 -1.210353511075507384e+02
6.831384850641644846e+01 -8.124040389463735323e+01 -9.913868625217936881e+00
2.025321065653035646e+01 -1.999463479885712900e+02 -1.192335994321136212e+02
1.839500505213593318e+00 6.659683342014236729e+00 -2.432694247655137865e+00
-5.141411597407968515e+01 -2.713503210526134808e+02 2.522143604904059373e+02
1.424998167542162797e+00 -1.748252478247576125e+00 -8.989248530002091897e+00
-1.078153989176485794e+01 -7.520588815734588373e+00 -1.227280083017490568e+02
3.537674923554675388e+02 -2.020182875768244060e+02 3.941989709177715326e+02
-5.680191590812670910e+01 -8.469361119922085379e+01 7.902708189856934951e+01
6.841099074869673302e+01 -2.246696075596948674e+02 2.647731013323816569e+02
-6.849110597839255021e+00 -7.502148202193980353e+01 1.016671932807434189e+02
-9.330126930597754153e+01 -4.465482068428261186e+01 5.409356021433265482e+01
6.879760187567180996e-01 7.114760438390179687e+00 9.261219243811865676e-01
-8.532689560940454054e-01 2.155547361402568640e+00 -5.812984493437863165e+00
3.283167344106835799e+02 2.271863721631452790e+02 4.676709069878633045e+02
2.238128773637339464e+01 -3.287911828521621374e+02 -1.555268336412507892e+02
4.134603820703957808e+02 1.899366872143621549e+03 1.320991529698199884e+03
5.400478771941636946e-01 9.754343520211286034e+00 -2.318483304835276648e+00
6.672955983185826057e+00 -5.475949284712610776e+00 3.563701288615289120e-01
-9.297989773591160656e+01 1.417009334351485279e+02 -2.017164390622020562e+02
-6.481964775323947325e-01 5.721231941133981813e+00 -1.127558056846538204e+00
-9.077763530777076539e+00 1.898403390986012340e+01 -9.017676218719628878e+00
-1.687540279331938677e+02 -3.269382660034277706e+02 -4.632342919194808815e+02
8.700248233392376562e+01 -1.946070588792191529e+02 -1.744768032394570128e+02
-2.794535475078260056e+00 5.420900495044373990e+00 6.790315758569895888e-01
-2.703550213612214037e+00 6.501955541713041242e+00 4.285873033892046990e+00
4.137236648966405306e-01 7.968252989024463773e+00 -1.164777427920805231e+01
9.949998273620266787e+00 -1.034229098357341137e+01 2.814436783487182581e+01
1.410408972066375384e+02 -2.457378383475691521e+02 1.683594485085504289e+02
-3.892383211863160497e+00 -6.938129804111949905e-01 5.370361657200628080e+00
5.666291243580881543e-03 4.150450381730822258e+00 -2.082059000608591504e+00
-2.011527943687506870e+00 5.849568962191793731e-02 8.057004651694589015e+00
