2.127171455427120161e+00 3.949783856407813876e-02 7.228602179199277167e+00
3.077813167503935077e+00 3.441486277944985628e-02 5.115038903644365753e+00
5.838809119594876584e+00 5.784236439858611578e-02 7.935944016104166110e-01
5.813576374827691851e+00 9.577346354896820735e-02 2.189074198109832725e+00
5.930490077884956079e+00 1.005451164088268790e-01 3.992855802407250243e-01
7.533401596182599746e+00 5.586007728792485860e-02 4.152086641346753204e+00
7.729999756980032721e+00 1.044484235118241511e-01 3.579152677701711749e+00
4.138263174291500590e+00 1.612470529641232830e-01 7.443854452588677617e+00
4.211620690368091502e+00 1.551398812236678415e-01 8.825418073908856798e+00
5.096753400230875641e+00 1.484032788170114581e-01 4.966442551349001810e+00
6.093868462359482763e+00 1.685539520053918605e-01 1.115332815028704516e+00
6.240407081655895638e+00 1.531264769769151435e-01 2.029094481096890501e+00
7.464254853458498928e+00 1.456151884745079117e-01 3.284252629890015207e+00
8.541422164835431374e+00 1.518725593497016468e-01 5.216818989912875182e+00
9.305440203896871765e+00 1.510236887010672491e-01 6.593754837198376961e+00
9.321365226629902523e+00 1.621146501379606697e-01 7.637901312367528561e+00
2.890001361451091988e+00 2.030840865060547507e-01 4.031237001820588972e+00
3.272101465163606449e+00 2.349442034061264839e-01 6.790741889181532542e+00
4.781673379498116105e+00 2.453068581077823551e-01 4.309506222160978339e+00
5.403030215752981036e+00 2.244224030916998069e-01 9.821752838747135339e-01
5.371786129128428122e+00 2.325640052587055751e-01 6.593960404980093060e+00
5.966496683455573269e+00 2.273465933569713271e-01 5.795464523511046906e+00
6.654280220277340341e+00 1.836917399228387149e-01 3.509010272529563407e-02
6.686093735657919090e+00 2.279088055855326145e-01 7.413834996971550240e+00
7.893568151055047721e+00 2.273219450468506597e-01 2.335875822980260086e+00
8.125673978094251737e+00 2.083094332678484539e-01 2.141967089748259667e+00
3.834018137375552193e+00 3.177374727000565890e-01 9.427797471710150923e-01
5.876531477572122242e+00 2.565188516135841201e-01 2.140563189688653889e+00
6.294348590861874371e+00 3.520559146355775049e-01 4.456079332902639578e+00
7.095545284680417453e+00 3.338976809009305269e-01 2.235590466129755427e+00
7.849352230587173906e+00 3.002457636480454495e-01 2.110316173498612891e+00
7.994456172530197691e+00 2.931007554516981140e-01 1.947758935910344658e+00
7.955239392066110860e+00 3.145894609103503381e-01 5.306855250913112165e+00
9.532740641701909823e+00 2.889744269286742551e-01 1.333410707277807195e+00
3.552138926090594673e+00 3.960165469018677165e-01 6.085301624875361526e+00
5.603267736055283166e+00 3.686806594516933711e-01 2.917548426488102198e+00
5.772944700634619508e+00 3.603741835749859623e-01 2.335338276054244044e+00
6.470575185642854166e+00 3.849806631689122183e-01 2.672756406618996827e+00
7.640004955021451494e+00 3.700370716401761850e-01 2.328445950363491335e+00
9.025202190329038032e+00 4.205140994558608236e-01 5.573419253762047276e+00
6.682493685324544797e-02 4.163825053852588942e-01 2.666571978285070088e+00
5.602464113005227730e+00 4.230430937044866724e-01 2.523066644758181543e+00
5.932533527687077424e+00 4.367662386950148523e-01 9.395991460502772341e+00
7.042057497911812014e+00 4.910724806095724260e-01 1.712456207677578668e+00
9.388057344223513567e+00 4.684970093186932028e-01 5.605873733742172682e+00
4.903528692811912615e-01 5.122413272895806058e-01 2.713497004156709469e+00
5.645017087396205113e+00 5.137889994818396477e-01 9.821857023803616471e+00
5.878327826838694037e+00 5.411149551956550008e-01 6.884813180332516325e+00
6.173893648801087153e+00 5.739804184341387172e-01 4.060563113476297836e+00
6.253436881694399041e+00 4.969998817098321142e-01 1.505604883133666805e+00
8.824217285718830794e+00 5.567650902360350429e-01 8.119003875527598169e+00
3.328003862978544003e+00 6.502659747245047583e-01 7.322015848729138021e+00
4.385529680719862711e+00 6.351520160751340516e-01 7.369331435874725278e-01
4.710155015820161495e+00 6.782214850749451740e-01 5.271652511585429579e+00
5.153394426976053211e+00 5.736073579940800249e-01 9.362084374820296873e+00
5.247572413669154834e+00 6.446007963775912675e-01 3.148276863634731360e+00
5.368379118730858046e+00 6.261835666248846133e-01 6.678054436513375158e+00
5.466166106967471627e+00 5.998370631214480220e-01 7.620727009110872530e+00
7.815279868593697721e+00 6.086692887250835238e-01 5.800501771212969615e+00
8.139186389321663384e+00 5.971027785277476241e-01 1.851811554839623675e+00
3.851038492398747071e+00 6.708813774945732167e-01 8.290855603683044972e-01
4.455304838947355961e+00 1.223034660758048231e+00 5.903434454296826672e+00
6.222942774609724559e+00 6.767069823915001781e-01 4.561202906651007360e+00
9.317867558071032619e+00 6.663048103563095070e-01 6.851088540836892449e+00
9.932998584500678518e+00 7.175583750951731732e-01 2.573950687035353013e+00
6.887823038473745108e+00 2.483671032254783362e-01 4.217968229772572464e+00
6.330476755146915657e+00 7.607606766214212168e-01 2.856148301369834996e+00
6.830185566451998369e+00 7.546478308419011238e-01 9.593382702611975787e+00
8.268685016946797361e+00 9.730093319132209206e-01 7.585115223503922977e+00
9.198233438010976926e+00 7.739587142638486572e-01 3.307478907476897323e+00
1.172724319865966702e+00 8.813021250931941664e-01 5.908908682143817259e+00
4.591513899370216478e+00 8.807743212065868299e-01 3.696766217149932476e+00
4.633909726325881273e+00 9.123234101714260413e-01 6.268720946621931134e+00
4.868100758128893979e+00 8.785947304622880871e-01 5.725787024137836134e+00
4.900271858672661018e+00 8.734274034059122949e-01 5.773506528349715339e+00
6.077173796184202281e+00 8.430023222654859927e-01 4.859306648834434306e+00
6.162027097725191638e+00 8.557084575694602346e-01 5.161357480551893140e+00
6.298363171735200439e+00 7.893648296573984036e-01 2.889274054069951525e+00
6.353379614745309212e+00 8.621601185803381417e-01 9.735731146631238175e+00
9.883648413337319028e+00 8.694579127802226637e-01 7.316169681708367456e+00
4.693431599770524265e+00 9.268463212633480941e-01 5.758988931851358295e+00
5.579049194072879914e+00 9.292670957737521054e-01 6.766147601101851983e+00
5.795209667669642073e+00 9.159003308138826682e-01 7.006891171619562542e+00
6.674043892553046753e+00 9.049029882200722019e-01 4.038514349825785388e+00
8.351454320983732416e+00 7.805039755775221577e-01 7.867434840218662018e+00
8.517723220291713915e+00 9.294324753032381370e-01 3.157970352065160746e+00
9.131728729335179651e+00 9.508067829203441512e-01 4.802223214508369864e+00
9.739428247974254660e+00 9.515595820780248237e-01 4.717180197048781665e+00
4.474326168815872862e+00 9.850154625108131778e-01 6.023299377453912307e+00
4.794345516580420963e+00 1.033354585982005247e+00 6.399376279338742535e+00
8.172844483940346905e+00 9.789038723016848520e-01 3.405436635834516723e-01
8.250329797815949107e+00 9.955106635145327676e-01 7.365609522336547421e+00
9.288691043024194016e+00 1.049133706799367793e+00 8.159782985995271076e+00
3.741121917596489599e+00 1.059739713190650745e+00 5.909241352538731284e+00
4.555248738636600514e+00 1.121856767980333958e+00 6.943131109301674542e+00
4.852849730931930949e+00 1.106677676544996380e+00 5.260938865432700062e+00
7.475364030639413571e+00 1.093524409643834794e+00 5.907843510045438506e+00
4.060923784817065396e+00 1.145153014352377152e+00 1.897070555134807268e+00
4.773907684845030808e+00 1.143061924843921329e+00 3.579701459216331649e+00
4.784006886183925111e+00 1.133040674348027466e+00 5.171763962715848706e+00
5.491124081096592668e+00 1.166897793896542801e+00 6.827145683142478383e+00
5.485910508807609887e+00 1.142953470856808540e+00 3.403034792120596563e+00
6.300653784549256287e+00 1.178556312440845133e+00 1.283286577585427413e+00
6.283741226600049856e+00 1.185733886166751905e+00 7.694202599238165519e+00
7.571235715323651583e+00 1.198112190479430739e+00 7.015509043830941316e+00
8.883419706358669288e+00 1.122044898072522612e+00 1.613428398101384609e+00
9.830022064418610483e+00 1.144220680697741521e+00 3.612149538316622444e+00
5.661063753228223305e+00 1.254178122929727524e+00 5.064484016944330591e+00
8.072374351176110352e+00 1.247384226873996749e+00 1.728987669839383567e-01
1.759334320245945493e+00 1.341922674545141136e+00 9.361460693859761761e+00
5.109840016408170982e+00 1.307644738245637539e+00 5.236839516873200040e+00
6.262176040074930228e+00 1.318277145486476787e+00 5.418400474241050979e+00
9.248028746501239183e+00 1.292485443925646127e+00 4.924869675155511217e+00
9.801040059236573398e+00 1.354642633926933293e+00 8.006575990272452259e+00
5.843146546546359232e+00 1.359649155425532996e+00 4.646705155185459013e+00
8.682730399132420729e+00 1.350905091229418931e+00 1.869749048615359510e-01
7.807775271464524602e-02 1.496389404009109914e+00 3.874198948342765014e+00
4.296652585909722433e+00 1.924858808474330774e+00 4.211680443530799067e+00
6.218915907580161218e+00 1.440454957677601122e+00 6.172290568935117072e-01
6.203383894691262945e+00 1.503315858125435334e+00 6.333870684094062398e+00
6.905427946671567341e+00 1.510836772691560359e+00 5.940758471969132870e+00
7.007645512664051779e+00 1.468389917546437440e+00 3.200273702286197786e+00
7.134502792905200508e+00 1.463084316431112253e+00 3.030837292171334241e+00
7.617022952673575986e+00 1.454594227669276041e+00 6.102216350706993531e+00
8.413602765306855247e+00 1.498284376402688522e+00 7.247926121876400174e+00
8.798955036229296311e+00 1.504151834220644135e+00 7.173666962515584444e+00
9.735302296068601535e+00 1.493505756258418860e+00 7.232417410380623579e+00
4.264420768512718674e+00 1.574367253027799674e+00 7.127833450084594347e+00
4.641733993101778033e+00 1.580836437355181756e+00 2.554286476317515042e+00
5.135392378206736552e+00 1.104762073608467343e+00 2.008484884073616250e+00
5.340542246360132417e+00 1.531911399667087004e+00 7.163026974555718240e+00
5.667292045786600951e+00 1.595819692815313884e+00 8.050600316551584257e+00
6.069915475427832163e+00 1.537720947644704461e+00 7.046738106706104787e+00
6.335440452511800657e+00 1.526356060331956366e+00 7.985377013404329816e+00
7.471838835838144455e+00 1.587612977936637915e+00 8.217660601339648707e+00
8.171821781839572196e+00 1.551171998272914632e+00 6.553934829938620865e+00
9.349906593980035652e+00 1.536652344125475356e+00 4.241412211891160133e+00
4.692420585960384471e+00 1.655888468638812006e+00 4.493996926979500373e+00
5.105762781501669068e+00 1.642935368177938837e+00 2.910745998285668712e+00
5.747677502091836921e+00 1.646972262379076568e+00 5.801190740537543356e+00
5.900321056272256115e+00 1.627490917523368719e+00 3.456141706658913293e+00
8.357218031840167427e+00 1.636518878667904353e+00 1.013925288199946539e+00
4.703070082291173293e+00 1.703014186973876409e+00 5.705521815824722509e+00
5.190620168248710975e+00 1.742283208268702088e+00 2.448099735637981667e+00
6.229531549030747684e+00 1.663626258948930348e+00 5.409697440888741937e+00
8.375372237481872872e+00 1.675691680824529239e+00 6.434456934137155137e+00
8.470272565109729257e+00 1.720551965886315537e+00 5.717273192192882547e+00
7.988909843982109349e-01 1.763906170969940179e+00 5.127698520310634223e+00
4.687032257208622710e+00 1.795064675778765384e+00 6.707804357868916156e+00
5.299956589102698956e+00 1.830292350307412441e+00 2.640636524212296443e+00
6.136025499467947064e+00 1.737865749092235124e+00 3.113665601099396163e+00
4.474115656610017311e+00 1.876840666500394050e+00 4.223027693076384814e+00
5.315457808469301604e+00 1.843452028376152407e+00 2.625046062540723923e+00
5.451749244829635188e+00 2.267305258204461271e+00 3.163340365252214070e+00
6.517074939224579921e+00 1.880236086476178237e+00 6.438219047025553365e+00
9.433438778802674562e+00 1.839042499109943218e+00 5.489880848063293683e+00
9.350438881927528811e+00 1.767477741504243749e+00 8.887286071575548618e+00
9.885442351830658225e+00 1.938949236751529970e+00 8.627226927846294302e+00
5.228609018962317556e+00 1.829276795960049107e+00 2.661304750851739787e+00
5.136865120358553582e+00 1.515124495323363796e+00 4.237488619541412760e+00
9.385697126896809905e+00 1.944145802697232472e+00 3.025695206922021097e+00
9.606182954937207086e+00 1.913799303046602729e+00 8.204036439653465962e+00
9.894336765673212852e+00 1.929068816407599307e+00 5.026003429106673970e+00
3.877313302743083057e+00 2.057274132737695993e+00 5.864368197061016197e+00
4.919402596455029197e+00 2.002507155616460643e+00 2.008426888066465743e+00
4.885352514693139803e+00 1.997578140408600600e+00 2.178279684512739678e+00
5.768805200159487612e+00 1.985471383913432586e+00 4.382092463134215521e+00
6.438693000141844536e+00 2.033988322252950454e+00 7.128298723294385297e+00
7.669169536741184956e+00 1.983010141069160071e+00 3.369856996879026845e+00
7.919161785259838382e+00 2.052175680423241388e+00 6.809349521249645321e+00
8.247706324774613407e+00 2.096111089359870672e+00 7.947808639184589907e+00
1.359304275456846955e+00 2.071971718432837672e+00 6.500512912866671655e+00
4.395503755347318631e+00 2.080949897726406039e+00 2.321286086733673759e+00
4.430101117091385099e+00 2.071916363571574493e+00 4.730396653918070626e+00
6.392512914126681878e+00 2.062239319368516455e+00 1.514935025140845326e+00
7.899646223208579343e+00 2.121279616174859939e+00 5.588286897146679699e+00
9.442242666602817636e+00 2.071362822873285658e+00 2.913361251341561431e+00
6.684907808509282789e-02 2.160689313949472279e+00 5.483927718359539405e+00
4.923318835811721916e-01 2.130587386017057216e+00 4.667361014405603470e+00
5.463766694655359579e+00 2.168603344197426175e+00 1.386228231832752067e-01
6.317505279828344200e+00 2.168488704012646817e+00 6.973172905416536338e+00
7.711180429298556405e+00 2.206750636045360814e+00 5.006056586870627712e+00
1.255285865013366919e+00 2.258160866430080294e+00 4.848029500635814060e+00
8.008581713615077646e+00 2.236556564310316908e+00 4.898560934794823574e+00
8.142745871586145157e+00 2.233657107534253505e+00 5.809372824374165134e+00
1.404710344347364748e+00 2.355654912394369305e+00 2.239038979194372558e+00
4.907314364901247394e+00 2.305512929565900038e+00 7.905273254983244513e+00
5.151126021265442390e+00 2.301498203915266494e+00 5.501673653509564055e+00
5.218838386651370342e+00 2.306180948333123926e+00 2.865853135215819858e+00
5.395086929093821482e+00 2.326299741910641483e+00 5.835764155956915999e+00
6.243261094980097070e+00 2.333453987477517977e+00 8.079927559820097471e+00
6.503634367684847817e+00 2.306818138248936112e+00 5.970298600604403205e+00
7.629451214915439650e+00 2.358414127703923224e+00 7.684800244134023295e+00
7.882019626509841004e+00 2.286413306507162346e+00 4.666808683934354107e+00
8.246618816875196600e+00 2.405660366240098380e+00 7.781856698460512867e+00
9.141415097675135826e+00 2.351411263208307290e+00 4.421173607538595007e+00
9.375897772883812209e+00 2.343127266880658865e+00 5.475780743805811923e+00
1.451973831504765888e-01 2.386651113419315795e+00 6.855094288971383065e+00
6.455463509913450082e+00 2.440745111527828470e+00 4.860131182344838763e+00
7.042693193564975473e+00 2.420490334277714872e+00 1.097278482215478412e+00
8.542043365845170655e+00 2.369244803085240658e+00 5.516859943994850468e+00
3.832817294801414976e-01 2.517549429671764205e+00 3.783453465467431442e+00
1.534746935453456862e+00 2.500173325522195178e+00 6.740459246757077416e+00
1.634986789393022999e+00 2.496279994243772560e+00 1.891699317308211281e+00
3.598589526804325089e+00 2.464315388622219771e+00 2.294047759157208155e+00
3.900009905291234702e+00 2.447766623581613565e+00 5.559596636237649214e+00
6.116617862524785565e+00 2.468905875948470552e+00 1.648409817866749005e+00
2.872033566964363738e-01 2.568387454382367707e+00 3.717120843811624553e+00
1.473962985801661851e+00 2.485623217264165241e+00 2.319286212106134393e+00
1.578649049212609734e+00 2.545236683233841113e+00 6.644410177792414274e+00
2.242807178389917055e+00 2.586804782487272192e+00 3.705524195714735569e+00
3.612444369678887490e+00 2.525124622280817910e+00 2.849609174386939614e+00
4.790642926062672835e+00 2.543179590231475107e+00 6.188030048284069551e+00
7.213997536968362212e+00 2.615526610320226819e+00 6.717854953982212329e+00
7.559009452743867818e+00 2.573475917427441750e+00 6.797903839686687100e+00
8.147217958961126882e+00 2.544470208076927698e+00 7.673938637344484448e+00
4.489411795303357877e+00 2.636440968081553926e+00 5.881182452175508502e+00
5.982126302673384188e+00 2.642898779371313012e+00 5.927774663528579069e+00
7.125187304787148790e+00 2.643217401926111876e+00 6.494657491783123682e+00
7.318205757229405251e+00 2.706281144008900519e+00 8.520636510653057272e+00
8.541949472367091900e+00 2.667112252937887895e+00 8.154782737781797408e+00
5.789674051093914642e+00 2.736420085789423418e+00 4.456173746346897779e+00
5.986178056423810290e+00 2.714576508941394462e+00 2.288313198154687367e+00
6.277043757891217268e+00 2.706214013278494868e+00 4.738276804568435807e+00
6.474776852341149080e+00 2.704576108432848791e+00 7.886162549470286720e+00
6.835634162704574024e+00 2.739791408126342809e+00 6.080822701537547115e-01
7.026581461184393085e+00 2.758207857646875372e+00 6.858660515907640587e+00
8.791752002372120955e+00 2.759912987120188177e+00 8.310000912261774175e+00
9.749761642144921803e-01 2.795032177031334442e+00 6.889828763518028587e-02
6.120722492353177557e+00 2.772962215019688870e+00 2.525048992581354845e+00
6.612628842495944070e+00 2.832618503378022901e+00 7.060654291653724712e+00
8.082790394047444593e+00 2.783801371955344717e+00 7.926206943967615715e+00
8.465195042506557854e+00 2.843572447389473457e+00 8.332928641137758774e+00
9.590395647978111171e+00 2.786725518288885262e+00 5.334117827876703188e+00
1.698568959241385512e-01 2.828959810916519935e+00 4.691181994077410877e+00
1.161942772287344994e+00 2.889739955401733340e+00 7.067656102761969983e+00
3.259247405506692896e+00 2.857497516468130883e+00 3.731803706336500159e+00
5.045759552193451292e+00 2.827343678672877392e+00 5.057934923900530677e+00
4.823072887342682691e+00 3.298125177868822977e+00 1.460681693840677031e+00
7.574616298645832302e+00 2.891496581755666817e+00 7.954837686192057333e+00
8.735155948987060270e+00 2.889161265065420370e+00 7.840337324819677711e+00
1.233229973147981884e+00 2.990236075885977840e+00 4.809732286942504764e+00
3.187491909148518765e+00 2.954042978619075832e+00 6.876661533151951389e+00
4.283777332910554847e+00 2.965394476990858230e+00 6.339514726560677715e+00
6.309359883187606322e+00 2.535278269180952115e+00 2.352659962659573001e+00
7.501774802444254320e+00 2.942591114756226478e+00 5.050049668517855750e+00
8.927493912874334470e+00 2.917776492934867072e+00 4.819984146952315029e+00
9.021517402247749118e+00 2.913043319853559687e+00 5.100305683769711607e+00
1.065201642579071351e+00 3.025656770802624074e+00 6.649366333834124454e+00
3.802199601847098265e+00 2.993704031543539035e+00 6.157841370602159969e+00
4.520537189299099978e+00 3.051794249504829803e+00 2.849860585154349923e+00
5.469586252994823816e+00 2.998518969859638617e+00 6.222819786402531861e+00
6.700653825768322136e+00 3.032996163379054533e+00 5.655085486924898319e+00
6.978018072229447810e+00 3.060428164136687279e+00 7.550689270105847228e+00
7.091524203476534005e+00 3.094918592985070660e+00 9.048921302718710535e+00
7.242553562473297291e+00 2.990392982466497873e+00 6.818776476099249528e+00
7.634657222209986216e+00 3.045725574343089548e+00 5.315236695269012657e+00
7.717282466460156698e+00 3.014191839033825815e+00 7.105125779402753139e+00
8.520589104017677329e+00 3.062053742956565738e+00 8.434444394520266286e+00
8.841797424844628495e+00 3.048012052434728947e+00 5.616841215648937791e-01
9.258928972312029104e-02 3.058267455820302239e+00 6.826922520899758595e+00
3.280597751821372032e+00 3.090233405145466961e+00 4.548626054352498116e+00
3.854833238732052969e+00 3.057419422449479285e+00 2.802847024949297161e+00
4.021106704488326855e+00 3.065709515274413377e+00 2.858333127255707762e+00
5.088412526372645850e+00 3.066605469105512682e+00 4.439576794781071811e+00
6.312993071996900518e+00 3.113807145793510145e+00 7.700089201773134384e+00
8.489520599375600440e+00 3.129580923363957545e+00 9.281647374983501564e+00
9.293209716884668126e+00 3.132495023680742285e+00 8.697110974994114230e+00
9.574286471997242032e+00 3.111956771260413035e+00 3.790009001272744094e+00
9.712700328822000628e+00 3.059629358753513273e+00 5.312227035577793188e+00
9.739939373473189832e+00 3.054613643090406061e+00 5.252992800366699910e+00
2.888799853026332576e-01 3.143548348190085662e+00 7.323704893712685404e+00
1.518673322084783450e+00 3.212149774391392043e+00 6.307228122449011209e+00
2.441056608272090145e+00 3.153169425322338348e+00 6.482406175232538814e+00
4.599668960160988362e+00 3.173231499953149903e+00 4.139849638517344665e+00
6.569615716046361520e+00 3.179051316775773461e+00 7.150925886550607125e+00
6.785320824040142362e+00 3.209419060551038427e+00 8.493928903305977940e+00
7.759893550526330230e+00 3.190165834138116274e+00 7.939494597613546034e+00
8.061994849169103361e+00 3.269569899262157797e+00 8.515765676427239583e+00
8.445255668422905870e+00 3.196256856035811111e+00 6.100567379377933364e+00
8.770174489667205364e+00 3.226554163016722043e+00 7.115488884416659054e+00
9.734498472980927630e+00 3.195699154116385721e+00 7.931214515090946549e+00
1.323149840338950112e+00 3.220572361505115389e+00 4.861419880659285653e+00
5.159670539614127804e+00 3.210840719105090280e+00 9.666932535629335632e-01
5.407002896321635887e+00 3.260520750212897667e+00 6.419697160274255410e+00
8.911755627334946084e+00 3.222621581034358140e+00 4.612361753155255428e+00
6.719112281923449004e+00 3.351527917299695236e+00 2.434283983600468826e+00
6.983267564845467845e+00 3.350051686660959760e+00 7.025386827046437688e+00
7.207767517027514614e+00 3.329780106790821037e+00 7.534111748487108073e+00
7.433387508828747769e+00 3.387868769888644049e+00 7.669471137052022769e+00
7.961367680101958832e+00 3.350896574033165543e+00 7.044609421439494312e+00
8.236212981963397795e+00 3.337199839687590597e+00 7.222718595301418354e+00
8.277802013393200653e+00 3.350747922027325743e+00 8.394382311854295509e+00
8.662034820779417998e+00 3.316320792053442101e+00 6.557610078109394891e+00
1.512823374496167883e+00 3.449263897930478162e+00 4.191578384943889901e+00
4.725726508742095433e+00 3.408432455873412259e+00 3.705587468660234585e+00
6.705498812747036297e+00 3.434292974096563977e+00 8.784326895846287897e+00
7.580605967241995202e+00 3.440875082888481540e+00 8.085446892480025127e+00
7.674022021398585025e+00 3.432506326069768576e+00 5.995584713583165026e+00
8.468663156102952172e+00 3.384442216304883733e+00 7.194836064597915026e+00
8.834297714492969078e+00 3.419799297669030125e+00 5.215158330604815262e+00
9.552311483697405237e+00 3.430392867843792271e+00 4.718723380999558792e+00
9.555243379632171852e+00 3.370566379950919789e+00 8.177077077041111863e+00
9.839313786475734958e+00 3.459724391566060930e+00 7.320048779870491629e+00
6.383151844455562163e+00 3.506327985618577614e+00 7.883462545749222450e+00
6.702769706421097595e+00 3.540431775605989984e+00 2.855677279367825783e+00
7.988571001619547474e+00 3.472686409090645299e+00 8.623311627768437404e+00
8.366753340467443678e+00 3.458953373343968352e+00 6.187062633180367754e+00
8.842218310697729677e+00 3.434196291841529636e+00 5.097218123620107733e+00
9.166677262916639535e+00 3.500321930322297881e+00 8.391081384869126580e+00
9.591204516434459038e+00 3.485461243025292255e+00 6.165930513029373117e+00
1.211808557417920262e+00 3.561358250456945207e+00 4.954527832386500741e+00
1.405052781334195089e+00 3.556226401693650452e+00 4.089945524838288549e+00
2.274382494229807872e+00 3.580093064994154251e+00 5.038579236436944164e+00
5.011078743943768288e+00 3.519304364474912461e+00 2.132807521947034601e+00
5.728718465385095548e+00 3.611014558226558702e+00 3.644524631166781159e+00
8.154327154030628577e+00 3.573467439964454595e+00 9.059170357947561314e+00
9.695207555651411013e+00 3.557632172403502491e+00 7.385921487149973430e+00
4.041823599852913951e-01 3.641837589545162679e+00 4.988525974867484614e+00
8.938689933358183737e-01 3.622850271464948868e+00 2.041907799576845317e+00
1.520238068230274298e+00 3.652175964225553795e+00 5.661502247053869397e+00
1.996949154435452511e+00 3.640710440225130462e+00 5.800361235459753573e+00
4.141770563203411193e+00 3.674497614432938875e+00 4.622054325386560691e+00
5.128017661340124711e+00 3.666845823244201164e+00 6.221382834431281594e+00
5.550113807129199550e+00 3.670973139204069646e+00 4.619178585196016762e+00
6.674738379986319359e+00 3.647280640350525793e+00 7.351548130291648775e+00
6.730482151061676355e+00 3.578825350912770098e+00 2.860061906324799175e+00
6.778656410311145741e+00 3.724813756308775314e+00 6.955838420810501077e+00
7.095668391766935201e+00 3.656484328784781912e+00 6.807715901522048974e+00
7.226350759413019631e+00 3.686396220939144541e+00 8.987052881274003369e+00
7.418659997074350088e+00 3.690868219523593563e+00 8.661393865987641050e+00
7.731409579591844050e+00 3.658584758884693588e+00 7.977693020531102519e+00
5.310080149836012176e+00 3.708243477331379268e+00 6.929056097820101456e+00
5.653664922233001100e+00 3.697152471571051091e+00 3.057073842941453456e+00
6.340661883808403232e+00 3.742970170533765462e+00 6.415092993156443768e+00
8.122322383627851750e+00 3.738756943988176928e+00 5.211369891202908278e+00
3.383940406017815761e-01 3.771132862352075676e+00 5.326623590952813458e+00
3.705319988985117385e-01 3.781497378321711622e+00 3.558500533615206241e+00
1.979398841760757310e+00 3.829935117529932320e+00 6.728481596238308882e+00
4.285055044860867746e+00 3.781662090285467848e+00 4.082802266654342205e+00
4.741704307294628329e+00 3.781453310798120526e+00 2.378933590337979354e+00
5.109758856817711248e+00 3.818875142685107527e+00 3.388325883847040920e+00
5.824153380476099429e+00 3.750770369092487844e+00 3.761482375938667300e+00
6.779697287138101380e+00 3.736431476484582070e+00 6.946991100953171738e+00
6.855373195877523251e+00 3.820070760423651457e+00 9.581256752717127512e+00
7.051770931942949794e+00 3.796295535821569977e+00 6.775779865729925078e-01
7.721941926153263580e+00 3.797294847061808198e+00 1.371675915905006704e+00
7.803548925785875667e+00 3.804855669026195208e+00 6.730622323613354219e+00
8.117089561004597442e+00 3.477863064312756158e+00 7.429877917146303190e+00
9.586370708558154874e+00 3.790898638155181466e+00 5.016792971265858547e+00
7.810331469695919182e-01 3.871881316889935754e+00 6.611398994207279500e+00
8.912664449110945242e-01 3.857456606111906439e+00 7.196136843530083205e+00
7.537754327479387229e+00 3.871714526266219814e+00 7.514334382132385137e+00
7.458364729371696811e+00 3.946561802198937485e+00 7.607251125614062914e+00
7.778962458847205497e+00 4.141330990584368266e+00 7.036198290008325529e+00
7.942817620450811411e+00 3.925684303426788535e+00 9.891313213313774000e+00
8.144341441036587526e+00 3.889852744429669773e+00 8.081739298704789576e+00
1.094192859361964754e+00 3.916394740578394096e+00 7.010938953548722097e+00
1.762616086236155066e+00 3.941022419126435139e+00 2.487200458727486296e+00
4.990494353787419790e+00 3.945747661533919981e+00 3.446956259277314860e+00
4.971817376473010697e+00 3.976946733416341306e+00 5.358852686885665406e+00
5.752785914023119673e+00 3.958219989797037819e+00 4.679497783778453268e+00
6.854771795233258302e+00 3.991084979610548089e+00 6.568688271852026084e+00
7.519249305461822352e+00 3.896917468027442322e+00 7.511283374903925392e+00
7.879492379132440938e+00 3.912300347357694719e+00 8.358349810926425150e+00
7.986773307203026917e+00 3.907459976171822724e+00 7.002325685348147033e+00
8.312288851954930280e+00 3.922893780802835906e+00 8.193663708331147433e+00
4.797356802730965430e-01 4.030707745525853980e+00 7.546845614093064647e+00
3.797560780625749643e+00 4.065550217295146318e+00 6.126554337514157567e+00
4.808076496281060486e+00 4.050580327776430956e+00 5.497455516863709590e+00
6.474066997189419581e+00 4.071732859832978058e+00 7.545611973545620188e+00
7.292121828474146028e+00 4.051900945499679274e+00 9.505761004285023574e+00
7.865903750500913283e+00 3.984370337885384750e+00 9.839031016027069754e+00
8.339623219525069686e+00 3.999210970991517122e+00 8.865071685986215755e+00
5.425672596062362629e+00 4.134159435711193709e+00 1.125214413336087738e+00
7.076361614929584931e+00 4.146142566522864392e+00 8.228902648742828063e+00
7.208085049240199105e+00 4.150143280805226098e+00 2.135964382274128659e-01
5.130827621692125362e+00 4.381614752222678710e+00 6.795445658372999631e+00
9.383471063730890904e+00 3.874156148650880205e+00 1.035472054102381989e+01
7.603616593431766546e+00 4.136386456196867734e+00 2.493009926517458563e+00
7.980431631336742271e+00 4.112999456089803552e+00 8.934811313634630991e+00
8.157320392511795859e+00 4.101202144418745199e+00 1.436329547450071187e-01
8.509367451187054954e+00 4.056521556857371813e+00 8.067664880131985683e+00
8.679076060921650182e+00 4.094355168826255387e+00 8.108944867454241034e+00
9.002241070944737800e+00 4.111449627624592651e+00 9.036432330586709583e+00
3.018499558620381773e+00 4.197979715006569634e+00 8.133901530033584848e+00
4.518750154971319155e+00 4.187748282372610653e+00 3.088208296905808670e+00
5.047359199028392140e+00 4.184836641516564981e+00 5.848671434252208812e+00
5.662838719909514928e+00 4.162500475045410653e+00 5.101243277107717411e+00
6.304962572179685587e+00 4.163217646980292841e+00 4.496665325834936056e+00
6.715210468414031908e+00 4.163227540834415485e+00 6.458194445395392336e+00
6.847263994850822044e+00 4.161776274265502451e+00 6.474221653123382048e+00
7.064027825432523500e+00 4.219901703433957429e+00 8.435450906895372025e-01
7.184822730798448909e+00 4.171450863627898187e+00 9.382127480031357436e+00
7.596413823873342963e+00 4.160847455191897026e+00 8.845353655959577566e+00
8.743891760606725683e+00 4.208419808474027413e+00 9.652047982295115958e+00
9.235354228738454907e+00 4.199430663179069434e+00 9.733563098277171477e+00
9.417615163412392576e+00 4.160584033557061190e+00 9.091959216214718253e+00
5.590416211706302541e+00 4.205306895635035680e+00 5.014786090874832070e+00
6.678742323032128780e+00 4.248205005868370243e+00 3.177686889103096934e+00
7.070035516768587769e+00 4.237920571776699674e+00 9.469331343145844571e+00
7.102617821706214585e+00 4.190471577997880281e+00 8.225896534547132433e+00
8.000296478355089391e+00 4.244188309591620190e+00 1.992592227191633203e+00
8.926106689367177438e+00 4.266129179883729527e+00 8.742369383618820322e+00
4.288479718981406563e+00 4.339080846546409020e+00 4.294569180355567894e+00
4.324888657708651607e+00 4.345919450757755875e+00 5.654593365047552389e+00
4.965798509349887979e+00 4.355243416657616606e+00 4.410285696459279592e+00
5.034215288748747241e+00 4.290938614703089016e+00 3.497772674645499347e+00
7.118437489548653296e+00 4.329029853093400604e+00 7.384566164081368456e+00
7.257378142618872374e+00 4.318689392421276807e+00 7.600309785549331565e+00
7.564265326588644811e+00 4.361040294483831126e+00 2.141936978803670399e+00
8.710178856741306319e+00 4.321302453129916898e+00 7.718560949850123976e+00
4.806687831627887153e-01 4.408191621221321910e+00 8.379292123045701146e+00
1.109146684590107679e+00 4.426436617034645415e+00 7.566104854640322230e+00
5.637148358886168609e+00 4.415365338789489336e+00 7.892756377367107667e+00
5.647602486527866006e+00 4.458208740357407329e+00 6.334990689852806334e+00
7.877333693854069452e+00 3.410646508758691908e+00 6.133537236559535977e+00
3.838356749949727309e+00 5.457585307752376380e+00 7.564539478159935548e+00
8.053111671728743204e+00 4.389040262603160159e+00 8.495358165981718557e+00
8.492725117789875711e+00 4.428070270177172141e+00 4.998323483445676896e-01
8.783459797998219187e+00 4.136224031096539910e+00 6.585510843093902444e+00
9.263601924210783878e+00 4.388639459862027081e+00 8.591736410746703356e+00
2.165256289598011197e+00 4.536346072864579249e+00 7.044195571079081120e+00
4.843816423927534309e+00 4.525075733241167519e+00 8.110512633827443585e-01
5.534575640551689268e+00 4.499240131450196856e+00 8.069917491528389775e+00
5.825235174747831479e+00 4.468945984247314485e+00 7.365353456137498256e+00
5.971720750405951073e+00 4.484764057774386359e+00 4.143609723633240982e+00
6.399874780822925935e+00 4.516892467231651054e+00 7.006213516034524247e+00
8.471196194675952640e+00 4.463320258755385517e+00 9.021471031081871317e+00
8.581643071479152951e+00 4.470621355540770558e+00 2.574941172166166914e-01
8.970999301091126199e+00 4.821090108540178498e+00 6.858578842094599004e+00
9.463574252926092001e+00 4.517780520208772188e+00 6.778201170002182252e+00
9.873652757833225380e+00 4.481533159682951073e+00 7.353899239727166304e+00
1.003320836630757995e+00 4.569548420857947768e+00 5.117091406607485737e+00
6.792740171611792555e+00 4.593264176223132544e+00 7.544507747446456136e+00
7.678037114490669168e+00 4.532023151142641204e+00 9.554911987683899710e+00
8.195085240350502787e+00 4.577302841253968246e+00 1.321140175085417034e+00
8.672576007244636287e+00 4.567381804126400269e+00 9.870175733813438157e+00
2.233465754718303220e+00 4.673281605147336926e+00 7.167563243362534031e+00
3.634118913972167242e+00 4.600696567476206589e+00 3.782644962920023612e+00
3.864418240771411384e+00 4.682757653808365284e+00 6.409431281543932712e+00
7.126236546051043064e+00 4.652319087548881349e+00 7.468099534277950369e+00
7.746096646936875274e+00 4.602179378586177982e+00 2.133169074701061430e+00
9.550907227962174062e+00 4.660888299215463881e+00 6.407728294528492796e+00
2.781844131333006231e+00 4.759923130155600646e+00 8.165496214153666443e+00
6.013770013196332087e+00 4.735866820800350929e+00 9.422909797796446441e+00
6.624900785331534259e+00 4.712177915992013411e+00 8.394712794740691209e+00
7.722590032874396826e+00 4.741080490586259799e+00 8.633777312548948757e+00
7.797763443185198540e+00 4.685044694835761803e+00 3.012695161440587466e+00
7.848416650850176701e+00 4.694707029661612019e+00 9.632879675761804705e+00
8.246164153849418810e+00 4.686806799654772426e+00 5.337738032029820445e+00
9.252618966272429191e+00 4.712135951049035931e+00 4.880650530764544248e-01
9.436363014915578162e+00 4.718648913609918338e+00 6.957753826726116309e+00
9.594145740343279272e+00 4.717058658174706487e+00 7.832167390646452176e+00
5.423726206429490659e+00 4.793010011338507681e+00 6.227281622500847824e+00
6.767834936558915437e+00 4.814021836331749071e+00 8.481938630315761785e+00
6.994465581190896231e+00 4.818013529261185646e+00 8.223167029881300882e-01
7.206763691657006810e+00 4.814034848926958432e+00 1.171644146762500061e+00
7.205463470906806833e+00 4.814744695220698922e+00 6.474128268896650162e+00
7.522183190989208512e+00 4.768416878077247567e+00 8.014595479398696654e+00
7.994681679267714003e+00 4.791254674278017767e+00 3.890941471458685186e+00
8.542102794754196537e+00 4.756249605753472665e+00 8.802147550337863890e+00
8.581302475254592110e+00 4.766890333359060428e+00 7.850975328120401109e+00
2.010164944288784561e+00 4.906118208804195469e+00 8.377140093391394871e+00
5.137392570980523487e+00 4.885391768773161836e+00 4.885271604334818107e+00
5.744033996816016341e+00 4.897088454737009933e+00 5.238183087584962649e+00
6.296541549318668274e+00 4.908612638021875973e+00 9.668102405843495006e+00
6.825169561274669228e+00 4.875141220881983983e+00 9.066765197222030892e+00
6.895807868874654467e+00 4.925586716217877914e+00 1.722360575995767640e+00
7.517328756357502861e+00 4.833899987008231314e+00 8.621841475156815093e+00
7.872294997953564355e+00 4.855856021172435533e+00 8.401207939987941131e+00
8.656506280873005110e+00 4.835616444005815140e+00 8.472529902225755194e+00
9.024700151953346960e+00 4.913931837251492851e+00 6.760664004602171318e+00
6.582666163892989530e+00 4.996556121466040779e+00 4.154462437589949708e-01
6.790063492525456823e+00 4.899482756405850736e+00 8.547910470931938676e+00
9.039814598146493907e+00 4.895116025102049129e+00 6.224145981390833526e+00
1.532295510559720020e+00 4.999536721153251762e+00 3.946060006763850048e+00
2.580871921155989845e+00 5.052222908115127531e+00 9.071520560483712359e+00
4.316813588839008453e+00 4.999992338234691580e+00 5.430628768504433879e+00
5.389540729571217881e+00 5.004546581339512912e+00 1.825386048366374747e-01
5.743677282760970115e+00 5.001076477095249828e+00 7.781746696206075065e+00
8.861961053756238771e-01 5.135956288542764980e+00 5.108234802662884988e+00
2.405559162354904856e+00 5.149042197475399263e+00 7.190982669856445852e+00
4.700166081743303970e+00 5.090803994736347704e+00 6.131203459882100582e+00
5.170075470851800858e+00 5.124319562965301778e+00 5.356910178677263268e+00
5.251620431627975982e+00 5.066730702515322093e+00 3.464507411205225651e+00
6.130289011183237768e+00 5.133933786028081592e+00 6.622567632872097931e+00
6.947680248955848015e+00 5.055834551474960747e+00 8.849475229412172794e+00
7.149449860989150807e+00 5.113975281264258044e+00 7.961717784969446932e+00
7.169185849653839426e+00 5.082176401068870142e+00 9.052005792219501856e+00
7.591267911186593942e+00 5.188702447882182156e+00 2.008816454159808862e-01
7.874929130500572860e+00 5.087338477326118991e+00 6.359433307677031522e+00
4.615539456721582390e+00 5.214024792584889489e+00 9.742505079719734340e+00
5.625670046561107362e+00 5.173377781055378044e+00 5.109009395001670839e+00
5.795041049411413070e+00 5.234088250026671219e+00 9.915600914313005276e+00
6.858647809646519100e+00 5.149443460446408771e+00 1.948835576132400105e+00
6.867318928916226639e+00 5.185170394729073706e+00 9.867781565976178726e+00
7.812016858165986122e+00 5.164096022158352284e+00 4.586564506393258966e+00
7.898507333356784343e+00 5.204441642671973511e+00 3.775784339353069896e-01
8.289469894083305590e+00 5.168892604386132739e+00 8.003804768497111866e+00
4.970780824750050897e+00 5.262592478879430047e+00 5.536783336898722041e+00
7.336482296431829475e+00 3.097200689716384403e+00 5.735838353349928198e+00
5.927134538948890530e+00 7.428033370906418575e+00 9.123151848468063818e+00
6.760307197014853386e+00 5.304635981258842392e+00 9.673232330667131507e+00
6.837312781581653454e+00 5.231634162551948464e+00 7.844336259690062541e+00
7.276185388171239943e+00 5.234118742838072436e+00 6.202181509366324619e+00
7.417739603834098361e+00 5.297653067616622025e+00 1.295165685610559114e+00
7.485001990594994048e+00 5.227338071621905335e+00 8.713559634842672708e+00
7.684286250193701484e+00 5.230698475060653330e+00 2.679314410521048684e-01
4.625110418648969990e+00 5.386413382727010202e+00 7.925620976549580199e+00
4.939252133516964349e+00 5.392092373794843851e+00 8.103883741380171202e+00
5.791110101530936305e+00 5.381455920648674507e+00 4.012820593564417671e+00
7.242575295152821724e+00 5.312311726868878203e+00 8.469479990281687520e+00
4.907468425733143569e+00 5.403446094309855674e+00 9.859799552472221507e+00
5.077082291165071481e+00 5.413474379548663507e+00 5.978945306535822901e+00
6.294053240164293683e+00 5.441356241213624045e+00 6.924999363344795711e+00
6.822694296091924571e+00 5.407716810415646336e+00 9.741901222819681294e+00
7.226097473590424869e+00 5.403837443867010037e+00 1.078342446981552100e-01
7.198163197003927927e+00 5.423836853702693972e+00 1.256595429023793953e+00
7.243322107239436036e+00 5.394808428901937347e+00 7.424464782522929518e+00
7.531779188372556000e+00 5.379769628037188056e+00 6.518205837523458612e+00
8.018486814622168168e+00 5.375863594715701410e+00 7.498363021828538422e+00
8.620827610365589422e+00 5.382823519834664339e+00 7.150731121225657461e+00
8.963978177448613138e+00 5.436881014989427108e+00 9.401933019201889508e+00
7.893118565245236251e-01 5.497507073003442102e+00 5.750416933687638732e+00
2.692211550526113939e+00 5.484164133894912752e+00 7.394924543489399760e+00
4.870574359467036096e+00 5.530509663271771181e+00 8.398884132620034748e+00
5.402505906894434773e+00 5.524087858414635122e+00 4.242706076861813003e+00
7.129409210394734409e+00 5.480553021929589264e+00 7.133320510061170516e+00
7.367908203323789706e+00 5.508248530601988158e+00 7.178524403802462039e-01
8.001679764992552180e+00 5.496996839609360030e+00 9.868555599912738618e-02
8.992678083114565846e-01 5.596372059824613387e+00 6.661603230507434859e+00
5.035403475575928489e+00 5.560493205255222726e+00 2.822442407483118920e+00
5.068757345509647294e+00 5.607907733446301890e+00 9.401284946045315394e+00
5.121620239833980293e+00 5.623280861381283913e+00 8.383140582509405192e+00
6.649893797986002220e+00 5.644111953811151494e+00 8.417284440274594992e-01
6.838053468710009852e+00 5.505706674176229498e+00 9.588449034457839915e+00
6.909968808613022873e+00 5.576951705147748406e+00 2.013533957491563942e-01
7.693147340912817711e+00 5.561447232664011864e+00 1.159903645444167797e+00
8.348013883643934818e+00 5.509664008534207902e+00 8.212904478657247154e+00
3.286606117712832731e+00 5.631367260167233546e+00 8.239364743534805413e+00
3.619164278718033145e+00 5.644460938250745130e+00 6.236930421827695525e+00
6.218357953777308822e+00 5.690188941740453643e+00 7.516440848357092364e+00
6.612270094348971838e+00 5.698810151026198589e+00 8.256414705246345465e-01
6.722863837464656100e+00 5.604709788385401126e+00 8.214018484195857894e+00
7.454717883040292037e+00 5.668957755988428993e+00 6.378932475790243473e+00
8.082143356710954407e+00 5.616461175231545866e+00 7.227770318570178043e-01
8.078597862139407226e+00 5.696107439178263121e+00 5.087533019198577477e+00
4.864614091621784375e+00 5.796287555319308282e+00 9.275477654550289941e+00
7.864104320845347829e+00 5.791670210072244807e+00 4.342068762066540799e+00
2.118256024042400654e+00 5.776611281907658935e+00 7.466972435155218690e+00
4.729687919471269097e+00 5.832875629123781991e+00 8.489093473572879134e+00
5.991603226488176226e+00 5.786251937990540384e+00 5.471652502549844144e+00
6.396752247250382162e+00 5.819749071146201658e+00 5.661075352620562384e+00
6.666785924108958206e+00 5.795013061525729370e+00 5.014698321663875191e+00
9.165104841855107765e+00 5.813313225493859093e+00 5.544828196737278114e-01
4.843117672809602148e+00 5.861804808428712654e+00 9.310716759136544951e+00
5.819046416771607610e+00 5.886821618880315299e+00 4.361326585352827134e-01
6.354524487032347402e+00 5.881045806477462889e+00 7.144109857826040688e+00
6.663746998442904079e+00 5.854278582945478426e+00 5.552915913134651715e-01
6.729593231023708100e+00 5.917740552584763059e+00 1.607517607266706561e+00
6.910595015573080424e+00 5.908267725916648949e+00 7.403744604604022284e-01
7.579169946461146168e+00 5.876689930878997714e+00 4.173515676449296663e+00
8.392661473758572299e+00 5.828119117726693332e+00 7.665731838804426879e+00
8.694308946214997391e+00 5.839489303798900188e+00 8.000151928255672118e+00
3.552221626885790906e-01 5.956462660347650484e+00 6.710754843823336202e+00
2.785026347611109898e+00 6.013672438250296182e+00 9.396679129327219826e+00
4.673886183960886065e+00 5.964895842766079426e+00 8.903849975869075450e+00
5.827224836145596498e+00 5.951327329807031497e+00 9.514804619507884809e+00
6.971404933368463119e+00 5.949118566426809807e+00 7.045009253097253010e-01
7.948048876612537228e+00 5.992829923620365484e+00 4.338220329828839539e+00
5.677931887934518862e+00 6.289690694373640589e+00 8.654420447483341050e+00
6.458117972138778917e+00 6.083018614099181320e+00 4.372798336437684341e+00
8.169662848030087687e+00 6.046530760159916085e+00 3.112873885709955157e+00
5.163558052217855021e+00 5.882861664316765271e+00 9.184369485857438065e+00
6.799104766217865858e+00 6.069631521934448770e+00 1.533542610794921490e+00
7.065679803393516423e+00 6.124294190235032076e+00 3.971269571118774877e+00
5.743931279045303206e+00 6.199615527595909725e+00 5.021799301841545216e+00
5.749692796466360889e+00 6.220286716645212266e+00 9.769696493986572250e+00
6.847576884304061196e+00 6.205297919576651999e+00 8.647662071115687965e+00
6.877784711557558772e+00 6.192807134608858455e+00 4.765846944950558051e-01
7.856910309246830870e+00 6.213733115230826165e+00 5.027876533727967612e+00
4.744563948626344674e-01 6.315172031385532847e+00 1.336202167723085088e-01
6.089900781887116032e+00 6.246659279696181954e+00 4.159306106320916463e+00
7.093301788154575682e+00 6.244922587088412413e+00 4.372133703567893548e+00
7.533512193811775504e+00 6.293905954336075581e+00 8.110777212302270556e+00
8.511558423894030057e+00 6.288447196446989906e+00 7.156564039971135216e+00
9.016445442504656071e+00 6.315739173319030009e+00 1.899666306359078849e+00
6.365845567282606865e+00 6.351054682398014073e+00 5.163836840504228975e-01
6.341144666573041988e+00 6.365724709694837280e+00 7.022000564582043580e+00
6.456736275650157175e+00 6.368605073214051338e+00 9.517890307866650801e+00
6.957583126753753788e+00 6.374447265656160155e+00 9.489238141917013536e+00
7.223197070889103344e+00 6.387401466172959452e+00 5.303741419352525632e+00
8.072397151422990191e+00 6.357798817880510711e+00 4.697531987372287610e+00
3.406286088104041099e+00 6.428378108160305970e+00 1.752551922426943687e-01
6.112085872642738948e+00 6.420831502418491432e+00 6.053561897520174817e+00
7.045436229888460744e+00 9.217690813992577503e+00 5.746562530194514906e+00
3.991022138705899724e-01 6.493411834230446544e+00 8.277951365211242418e+00
4.742323186949159108e+00 6.516087572430490304e+00 8.788528955995582592e+00
5.424496448681064287e+00 6.528816546877128424e+00 8.041393945144449162e+00
5.674194760145792493e+00 6.472375232454471217e+00 5.051831016495123450e+00
6.428779955677518032e+00 6.558417455430287646e+00 6.908694060988727514e+00
6.555464955990880860e+00 6.510155077433163129e+00 5.674982609325770255e+00
6.892513406238995444e+00 3.715591968323541217e+00 6.454902819808966186e+00
7.885225339977914416e+00 6.507725048554473091e+00 4.230459789827433426e+00
8.258788392975965564e+00 6.468241018289068833e+00 6.693545077596061432e+00
4.451591889943799174e+00 6.619071368261012722e+00 6.163365754306013855e+00
6.303308010330117561e+00 6.551574845640873335e+00 6.503586319598456456e+00
6.649315004248695260e+00 6.560783478453644513e+00 8.208681577629931780e+00
5.881215520353737070e+00 6.644396118165748710e+00 6.952313668565286875e+00
6.050340850283435046e+00 6.762845346923503698e+00 8.050171575352287334e+00
6.439465311483027143e+00 6.702068364952160628e+00 9.508536570509693031e-02
6.488348718521821823e+00 6.662263293942256581e+00 6.934025317201903071e+00
7.687186709536075746e+00 6.670093018538013396e+00 4.578138073128693364e+00
4.591310893941214388e+00 6.751801369088889615e+00 7.474229996117898622e+00
5.554546926152775121e+00 6.737160557306253850e+00 5.570980165840799803e-02
5.563478911993435361e+00 6.771139836018354785e+00 8.556036055698609033e+00
5.745473911761978414e+00 6.790768905058653715e+00 8.398459678485183488e+00
6.310723427839936228e+00 6.735952620118837331e+00 6.690864075655699184e-01
6.278457271752653668e+00 6.751998254477815209e+00 4.909172687762302090e+00
4.783956238245216319e+00 6.861466687909405060e+00 7.999826022973097750e+00
5.744551679313511627e+00 6.823494075276837378e+00 7.257485736158505452e-01
5.783765650734733477e+00 6.796045107553988274e+00 5.677756681273958606e+00
6.379619912943708115e+00 6.818738770937903482e+00 3.968217714619825198e+00
6.461658241383418044e+00 6.840056225291069936e+00 4.444790818873038063e+00
9.600484345580369450e+00 6.863124368091369831e+00 1.009693400766162208e+00
7.405152384478638217e-01 6.897340101843503213e+00 6.210616867022636711e+00
3.756179003745650391e+00 6.932086464904950951e+00 7.520391070046255066e+00
5.263738404576298713e+00 6.883940524673079153e+00 5.839393093344655838e+00
5.375981650346425944e+00 6.888308569118717806e+00 8.738075923751177143e+00
6.044090888867995837e+00 6.916342330833864516e+00 3.876897117859138930e+00
6.077339671992488590e+00 6.861040235495672768e+00 8.058679824824727334e+00
6.194653717177596164e+00 6.895497459832619747e+00 8.279796825994100828e+00
6.602235013551769782e+00 6.864866998304717249e+00 8.494445149083841073e+00
7.141391280959423327e+00 6.913780555750391521e+00 5.301102170158605631e+00
7.576912109858199074e+00 6.910410985393424355e+00 8.003342281867690033e+00
1.135268665228723162e+00 7.005834829281410769e+00 7.666171446848322191e+00
1.472257189007574851e+00 6.997296626055780955e+00 9.293764282706476365e+00
4.118777311573485811e+00 6.990320734389547042e+00 6.521048012254536452e+00
6.773996784117823466e+00 7.023760689712055694e+00 8.653208182855356867e+00
7.466445007234574938e+00 6.973731831223179078e+00 3.563056054091522817e+00
7.446445655931531959e+00 6.935980082202557462e+00 7.973494937863014442e+00
2.190993577517429403e-01 7.101973580567383593e+00 9.208288642846451211e+00
4.276323614453363398e+00 7.062027704360779090e+00 8.682657651535283350e+00
5.164219914595063798e+00 7.126482140611884120e+00 7.041718893668628354e+00
5.282651378441956425e+00 7.034390099953615305e+00 8.989213463200952603e+00
5.411400614741480375e+00 7.077257906086567019e+00 5.283823153289358032e+00
5.319062474981794963e+00 7.045436789612296913e+00 9.044540713144193944e+00
5.514080998202862460e+00 7.044498178572847991e+00 9.700464900167142801e+00
5.986215650050215054e+00 7.006746050604023779e+00 8.161448240796644882e+00
6.568270852249525227e+00 7.018610772690055732e+00 5.222639163316818767e+00
6.550523822021881770e+00 7.033574572274706505e+00 6.795564497139698013e+00
9.412830588898643214e+00 7.090628391730990465e+00 1.942771111930245542e+00
3.587632026733441393e+00 7.187093316368996732e+00 7.723153837692906976e+00
4.632871720980242358e+00 7.146884923247876387e+00 3.949053740057063777e+00
5.497064095884642398e+00 7.163170837325743889e+00 8.629598578125332597e-01
5.887070519845066130e+00 7.102087009368387882e+00 9.062862721580417613e+00
6.261470691577788017e+00 7.102991335637153014e+00 7.774169613759488451e-01
6.849953070764296825e+00 7.152782486719679866e+00 6.500129210610417374e+00
6.827976050160991406e+00 7.101764533814173497e+00 8.677791844271325772e+00
1.447389589537188659e+00 7.242316148959274003e+00 8.991615668436422126e+00
3.889109670307650202e+00 7.213194635574975422e+00 7.550902109720237121e+00
4.372833854151946475e+00 7.245680400656597797e+00 1.254715143815191780e+00
4.692985329946171902e+00 7.213038612581156528e+00 2.031489669971886514e-01
5.064462228005005784e+00 7.242657331867619064e+00 7.073260670192192734e+00
5.378289759153124905e+00 7.218355082904322373e+00 8.643311505194267719e-01
5.823120466703318066e+00 7.204838458891472897e+00 3.837973088081033657e-01
5.979950351409535791e+00 7.339094246225133844e+00 9.605569823663021367e+00
7.008769409377125115e+00 7.176845933652022502e+00 4.858446440788362963e+00
6.705672218995974099e+00 7.222769591384183840e+00 6.912338410138517908e+00
3.384244580801198055e+00 7.336597325872491915e+00 7.737374958541638037e+00
3.742159316420846871e+00 7.315690028006168077e+00 7.694767866109506471e+00
4.738610770254344295e+00 7.401490087874222468e+00 8.025491738843300027e+00
5.611773346774282523e+00 7.367210113238169988e+00 4.706692300155733477e+00
5.605782702215997837e+00 7.386057139924016468e+00 7.558317402119865136e+00
5.798995421044004672e+00 7.227724931219365878e+00 9.556957910840523596e+00
7.027527938190230472e+00 9.110054449517409836e+00 -1.327731485226699037e+00
2.179071023685869024e-01 7.481133462656963218e+00 2.606814507747076681e-01
1.841170533794016517e+00 7.458023867398338780e+00 8.755881082162570550e+00
4.002446388139572875e+00 7.428240244918094426e+00 7.277298828056079749e+00
4.777095082637079493e+00 7.479776674982449691e+00 8.525464511717768090e+00
6.075862995602319572e+00 5.734224866302215950e+00 1.994528827848218722e+00
6.568017421377684961e+00 7.406618947585013046e+00 6.194602409879895744e-01
6.816884575261110690e+00 7.447422834924823043e+00 6.765908583128747988e-01
7.889438262623484910e+00 7.422272668758410852e+00 6.236014973671872852e+00
4.527102775609327168e+00 7.570798032828680135e+00 8.909682275229766191e+00
4.490492505686128233e+00 7.554533035281784770e+00 9.873815590197462910e+00
5.864552007959117574e+00 7.536096225113382729e+00 2.883369832130988186e+00
5.801328194405866334e+00 7.536382573472925728e+00 5.198206407872695500e+00
6.099425614289506470e+00 7.538353273022663004e+00 4.245998907373304654e+00
1.075826939516482117e+00 7.615418471838174774e+00 8.220298148714833886e+00
3.770481464318661047e+00 7.623689042253710468e+00 1.184993277963908964e+00
4.838465963370253142e+00 7.633221869162763795e+00 6.722724525431383213e+00
5.932418748845051937e+00 7.620277602492763869e+00 6.825206866944962592e+00
4.196176654691397445e+00 7.662850784698572504e+00 6.476387215296715461e+00
4.456653975098394227e+00 7.678888433531776414e+00 9.636310680418416652e+00
6.349906103584022077e+00 7.698195660351739633e+00 6.203343527144514979e+00
6.432762148348372122e+00 7.630738665790824271e+00 8.334575797085168603e+00
7.331718744511340091e+00 7.694240510511586528e+00 4.065116936017479254e+00
4.048237849042322090e+00 7.871858734773944377e+00 8.155205036180014133e+00
5.184790624340100074e+00 7.793700365221043924e+00 7.294508189761057082e+00
4.867731394931876565e+00 8.414095888683011282e+00 6.535182400573406269e+00
4.571127318661195815e+00 7.861079663694580333e+00 7.287695410595718570e+00
4.890884486714757173e+00 7.892096230664384926e+00 5.856977585056498015e+00
4.936146012281263040e+00 7.837552089489742357e+00 8.907739005946920585e+00
5.056657797886405348e+00 7.858875374978793182e+00 9.417976570996071384e-02
5.097771353844747111e+00 7.860344314653749720e+00 1.612213406152102291e+00
5.402526505531309198e+00 7.813715473433951786e+00 5.133030285920506586e+00
5.427226216516332968e+00 7.830887587855438703e+00 8.408935865698836665e+00
6.582689578492145088e+00 7.779510975878325851e+00 5.994176162095627980e+00
6.575756851836573880e+00 7.804595300619377340e+00 9.563137660498925996e+00
6.968858346629584588e+00 7.854267188897948948e+00 8.337960630182905675e+00
2.798074346888617114e-01 7.949069331002097449e+00 2.118290107281938006e+00
3.244592294246736230e+00 7.332749897483331836e+00 9.747296708482878103e+00
4.605885107371036291e+00 7.937497277253505068e+00 6.499692103818276223e+00
4.734491146046679866e+00 7.892253230323920121e+00 9.081485286540850410e+00
4.900572837623416333e+00 7.898275950387102284e+00 5.865470316312048737e+00
5.282035801950325293e+00 7.884062285229831879e+00 8.862722241880556240e+00
5.272586345786701933e+00 7.893325844142285774e+00 9.172352301546625952e+00
6.096660879641967234e+00 7.857683235981189895e+00 9.476856359252138873e+00
7.839428676271981367e+00 7.863117824963241631e+00 6.451031678901728128e+00
2.008529661726679905e+00 8.023472185886083352e+00 9.948249815264148310e+00
4.054070559198706292e+00 7.907765711900161421e+00 8.109946527247885228e+00
4.017942347862785368e+00 8.025538851672751051e+00 8.085148902403987980e-01
4.983879022491158217e+00 8.003217785678749863e+00 6.128889171357712939e+00
5.539504496643879783e+00 8.016017125915791297e+00 6.521732378647690176e+00
3.223185464992643467e+00 8.061037110246953574e+00 8.749680167779114726e+00
3.531104051169112967e+00 8.106989836691564477e+00 1.054574653917065952e+00
3.889439662036444645e+00 8.060362397911195131e+00 9.116203746225451710e+00
4.996367217096789659e+00 8.024560547781923958e+00 7.231671867092318351e+00
5.300220523008491114e+00 8.093482204272875791e+00 7.992247195396155135e+00
5.350743652123827410e+00 7.405695897896633184e+00 7.945592008100208048e+00
6.965742544073600939e+00 8.036323217627742821e+00 8.223534839269090568e+00
9.791331248215619232e-02 8.157141837624227065e+00 6.437142296437803779e+00
6.099860340095069056e-01 8.143166374650276040e+00 6.550347105167015016e+00
1.099708454749337427e+00 8.114388825302540909e+00 6.736049717439522411e+00
1.313412381291611863e+00 8.175953570514106872e+00 6.250013329232719350e+00
4.964543398252440731e+00 8.160792399874360115e+00 6.402487269364341316e+00
5.746092487734308918e+00 8.153853821126766377e+00 9.113687429450745725e+00
6.013814901018061931e+00 8.175577092606337359e+00 1.817172256781805828e+00
6.833056019541208670e+00 8.764473703718694608e+00 5.052739837709829374e+00
6.221561350026730608e+00 8.147284386919674048e+00 6.329122237160523134e+00
6.618277911482145726e+00 8.156415464366602919e+00 3.335729713491757842e+00
6.704698297893041392e+00 8.130219173368836039e+00 2.344334394850615233e+00
9.625755472473892738e+00 8.125619705283497751e+00 7.534602852088387870e+00
1.844123848844637870e+00 8.194464966469185541e+00 9.953000198080486527e+00
2.795562661276089322e+00 8.215596046014187692e+00 1.511723232650367121e-01
2.877865281060897118e+00 8.198207708602161858e+00 9.506523392013400908e+00
4.795353370106939295e+00 8.176833844342988655e+00 7.145263379691034089e+00
5.566973156156770131e+00 8.211869933384782883e+00 2.275484999384209228e+00
6.063245332282335198e+00 8.238470711569380711e+00 6.770211144376517831e-01
6.791719910106454705e+00 8.205474453125132683e+00 9.312488783071602327e+00
1.913572462627364801e-01 8.332027446163049689e+00 6.902828327175736689e+00
2.270414148365466289e+00 8.299949373417579324e+00 7.032535349037408179e-02
4.564948887432271896e+00 8.257564853043689368e+00 6.702248432892683461e+00
4.868617056257120268e+00 8.265402556519656940e+00 7.976751946130329785e+00
5.486217969368341940e+00 8.302115710551738914e+00 6.426398123814543339e+00
5.486288611245440094e+00 8.254980462810152630e+00 7.040233052691778681e+00
9.838429781921979256e+00 8.303740372597697927e+00 2.926885820257865589e+00
4.999180251314190748e+00 8.376814582062014125e+00 6.217804765108529530e+00
9.256809597334916262e+00 8.390213837335494418e+00 7.111578265554388878e+00
8.315529289402519009e-01 8.485109743602651022e+00 8.935705723726766081e+00
5.114874893869037820e+00 8.479780785470536486e+00 5.084776334284231147e+00
2.466859967720401725e-01 8.559410561328634870e+00 2.847692544428768624e+00
4.106292281311065828e+00 8.525717886120167677e+00 9.587292029369642421e+00
4.234013000496848811e+00 8.516412276234223810e+00 6.000431635563180599e+00
5.234574501462224916e+00 8.517114622327525808e+00 8.557371122207291236e+00
5.329119527516441579e+00 8.528343454736404539e+00 9.195710223153252372e+00
6.532262712733547971e+00 8.553756147773658114e+00 1.584272148319029849e+00
4.327399163536687965e+00 8.594560943672014730e+00 8.713038639733175827e+00
4.744152518686250097e+00 8.617559414091001457e+00 7.116231602080748786e+00
5.221933391883763598e+00 8.572942257371066077e+00 5.919649788812222369e+00
5.253616276168314059e+00 8.617293658410963175e+00 8.388701863977068740e+00
7.784515735961683447e+00 8.649838471781102101e+00 2.520424300906642934e+00
3.015994374971420200e-01 8.709838466505107846e+00 2.379962951168903107e+00
3.747386543241271628e+00 8.711785943599128501e+00 2.306752572438488080e+00
3.965129381204415715e+00 8.710441647003847265e+00 3.789438035433575269e+00
4.539518615509938293e+00 8.686532288881767983e+00 6.964581078223694988e+00
4.689696637721142203e+00 8.689749516704726062e+00 7.300462501702453366e+00
7.835942810581134843e+00 8.670307430831195816e+00 4.001282311851299234e+00
7.918396055780839937e+00 8.696984115753647160e+00 1.496063238550002339e+00
8.359909577481580811e+00 8.703144529548126229e+00 3.713314549350860805e+00
2.401909389098909386e+00 8.747971097822144770e+00 6.112975563800476131e+00
4.412687078744665037e+00 8.767609371260540740e+00 6.875397679380785831e-01
4.547846846935500231e+00 8.773046365018661419e+00 8.508727305286734932e+00
5.522149448703949304e+00 8.807943102742257224e+00 1.612036253058760860e+00
6.037893837150781096e+00 8.787824336568187178e+00 2.665710557822854820e+00
6.558026729164747159e+00 8.753154988378321733e+00 3.356712987484590460e+00
6.664613000922408048e+00 8.742113116301712950e+00 1.624192374534443983e+00
9.757077844351339735e+00 8.787291134733850484e+00 3.567343464187463731e+00
5.291583445666255159e+00 8.841571891705735098e+00 6.628965989782084733e+00
5.933924431095589647e+00 8.818771518317607416e+00 4.767486595773845259e+00
6.260636488123404675e+00 8.795667169378834416e+00 7.205452249766091555e+00
6.824799300750724385e+00 8.833370447238428014e+00 7.932715803680233435e+00
7.782366719763681218e+00 8.888521109426774203e+00 2.168714926547782973e+00
4.170076162540655496e+00 8.949167289365272282e+00 7.645303312202665680e+00
5.166738445905929566e+00 8.927427222364556769e+00 9.240997286338825667e-01
5.452130293532816196e+00 8.869518865492830528e+00 8.458272298920642029e+00
5.507201246869477096e+00 8.903457422876270400e+00 9.767154607157655377e+00
6.425289844559067376e+00 8.937857439012660166e+00 1.376009757803596356e+00
7.518952432951951259e+00 8.942354752798093998e+00 2.138644327944386081e+00
7.868171866307743123e+00 8.976941565787200261e+00 1.963206231566128057e+00
1.108961457235293768e-01 9.010692805546652195e+00 3.426545556052065233e+00
4.368972611023514974e-01 9.023449373761060599e+00 3.304892960342845409e+00
4.012644196457474166e+00 8.968786826059700346e+00 8.547183606859242389e+00
4.564569090829586173e+00 8.991821202658577761e+00 7.422800700979053090e-01
5.931386581558180993e+00 8.951069928933018005e+00 8.089041417217629260e+00
6.299715418141909495e+00 8.995693398896047910e+00 1.153239409047121633e+00
8.049309653663504704e+00 8.982079671349978867e+00 7.641725703049790930e+00
9.461142993802786449e+00 9.012301491014952148e+00 1.259926350375763171e+00
9.595783520952911871e+00 8.965886979011653324e+00 3.593414868341836765e+00
2.738092069226959246e+00 9.082117528633586900e+00 3.324069249568264439e+00
3.665724916592298044e+00 9.052937057843942981e+00 3.868804439958792862e+00
4.006949773070998866e+00 9.089005811738159579e+00 6.794137550873238673e+00
4.597234120678638902e+00 9.045555717601045487e+00 7.756429202921040655e+00
5.364582475250080584e+00 9.123553924414588678e+00 1.120347772174468570e+00
5.900325703551667189e+00 9.053066478807624051e+00 6.244675707717213697e+00
6.148157480429468080e+00 9.024467229825333447e+00 8.843779827641391478e+00
6.233169097453280294e+00 9.050543391485629030e+00 9.879666004782821531e+00
6.413897049312412335e+00 9.084157667430007521e+00 2.320343922788919322e+00
6.442144221742822197e+00 9.091534219668632844e+00 7.583684065572272814e+00
6.970012813317700839e+00 9.148170458021068541e+00 2.337179502382723761e+00
7.920449664128645928e+00 8.925536271052344262e+00 1.641810820996247866e+00
4.077898644117768256e+00 9.170066854632874964e+00 5.978222421179148149e+00
5.738198236352009651e+00 9.104770685531386576e+00 7.000349316858205384e+00
5.679765894479285926e+00 9.157899796578433893e+00 8.239586392292308048e+00
5.988337236168414179e+00 9.155488319524737406e+00 9.752708938274635031e+00
6.625030939532451590e+00 9.195438532577453472e+00 4.677437825992017295e+00
7.512690379993248513e+00 9.303119732662562313e+00 2.609404323287408900e+00
8.897857755398645097e+00 9.129476355438935542e+00 7.684987340974775094e+00
3.624623984819087763e+00 9.255737927634793749e+00 5.897365428438746449e+00
4.340129957256877447e+00 9.234997920999637344e+00 2.178563993408764610e+00
5.627889194530897754e+00 9.225858062229013612e+00 3.984684443477041205e-01
5.835294905751365668e+00 9.216941829076025883e+00 1.898294364727498795e+00
5.708868143849748833e+00 9.150291044204998059e+00 6.854061501365923625e+00
6.038672231823483116e+00 9.242946546855620227e+00 6.441427149978894207e+00
6.926533640190783103e+00 9.237990274860671036e+00 2.229704716093081629e+00
7.633667295190627478e+00 9.177983480968011420e+00 2.079224833922883597e+00
8.149067601661737825e+00 9.211850939496187607e+00 4.370994070157099287e+00
1.699645579941008178e-01 9.312610131937583802e+00 2.110814548392631718e+00
3.976857438876299611e+00 9.344440702985574276e+00 6.552935329678230003e-01
5.461319267871397543e+00 9.286139271957804198e+00 1.311993590899772633e+00
5.528621298758013225e+00 9.284767337027197698e+00 8.247676529901532660e+00
5.475629628572826313e+00 9.537464652262793052e+00 5.516859569826459975e+00
6.219083451732222656e+00 9.332011684017620823e+00 4.168974980324216872e+00
6.578310023807430795e+00 9.260742629280233729e+00 7.663737458625465848e+00
7.017962357362893755e+00 9.317452611009485963e+00 2.473145461110148879e+00
9.752005321217909639e+00 9.321115491156733768e+00 6.370900800609967440e+00
7.436772126593060861e-01 9.429529098023063938e+00 3.149265480227204872e+00
3.214349591440633702e+00 9.417757893006811543e+00 9.678769885065928946e+00
3.455570841522883185e+00 9.397295186865639138e+00 4.762881659944283363e+00
3.718107301684454136e+00 9.354336418146239396e+00 7.428424744560784276e+00
3.973263219495192899e+00 9.357566475883349000e+00 7.604296151711569252e+00
5.254246371031571883e+00 9.364863036474375235e+00 7.400452247304556419e-01
5.668272036352363763e+00 9.084867906726287856e+00 5.789677168625718906e+00
6.243701570115338662e+00 9.395788191678111190e+00 2.018288344558687442e+00
6.734248989160325216e+00 9.314270576363846033e+00 4.641142062648886402e+00
6.922230463882899087e+00 9.328184503634535218e+00 2.470987412475610601e+00
4.168635165067146708e+00 9.461941617103407864e+00 7.763907872235578544e+00
7.298419566610505171e+00 9.469038846708881962e+00 1.860067250626369795e+00
7.899131333767207330e+00 9.474329486744830220e+00 2.564749834452458188e+00
8.197885874625558955e+00 9.502958849363587035e+00 3.073860163091405528e+00
4.526849487186359156e+00 9.550683881749433723e+00 7.301979309095372628e+00
4.720941540844543205e+00 9.530727789059145749e+00 8.687223809183494128e-01
5.048638553406619600e+00 9.509101594037629113e+00 4.062415051999648696e+00
5.384235801928798359e+00 9.473692471312766372e+00 1.388972704809904091e+00
5.939058393088947341e+00 9.530833916329569888e+00 1.305020271236503326e+00
7.206698503154317592e+00 9.500551290766344081e+00 2.323283723582358906e+00
8.459672842355339117e-01 9.627637587895941707e+00 2.918099308923807200e+00
4.112641912128522037e+00 9.585651855970212409e+00 8.367043103766025780e+00
4.145589104073567732e+00 9.579158978992609264e+00 9.742662268583286433e+00
5.039042584291252957e+00 9.611717302087452452e+00 4.845365501369311545e+00
6.899511739407302002e+00 9.620381127127522802e+00 7.443670377659998394e+00
7.070439162408182376e+00 9.574456085203129518e+00 3.617708987500813933e+00
7.423995526207941786e+00 9.588090631683090947e+00 2.540120760840991476e+00
7.717156310586239520e+00 9.610090458914601896e+00 1.869989348102925719e+00
3.023616586690678343e+00 9.700499364455422935e+00 7.106459338056080099e+00
4.604021979296780032e+00 9.665298178693038977e+00 7.982858581366782502e+00
4.867157393559851108e+00 9.700198362609029346e+00 8.050350464600901645e+00
5.438515148658348508e+00 9.680652899503140674e+00 6.270496147163022727e+00
6.202312354291154683e+00 9.669609224428516114e+00 1.885204923411577527e-01
6.535057021901140573e+00 9.665767523915672399e+00 5.570380861386325932e+00
8.740556568368621271e+00 9.682712390238139122e+00 3.567202876904314479e+00
8.607325618806202505e-02 9.804079990794770438e+00 2.415542204483080990e+00
4.479950773371098371e+00 9.731265502514542476e+00 1.669565060011474866e+00
6.076367628631594187e+00 9.739965364533437864e+00 2.026418938352074317e+00
6.366010765318013576e+00 9.775620739115140623e+00 2.548661228102288234e+00
7.554747780832709481e+00 9.730358448507264058e+00 1.824856107223679302e+00
8.216578992996279140e+00 9.789863573507012973e+00 3.259196255318569158e+00
8.674397068453219006e+00 9.776893748702441655e+00 8.585746100127717995e+00
2.129856081233383325e-01 9.853293577558757121e+00 6.363967755878459975e+00
2.643570228108529374e+00 9.845545909561680631e+00 4.803205285107092770e+00
4.579430457558713030e+00 9.787957593181820570e+00 7.454292281576317514e+00
5.204600727434218754e+00 9.828296797161099718e+00 3.679105536735378656e+00
6.809078961657887952e+00 9.821812255192769570e+00 7.758839750912746247e+00
7.766461576717420101e+00 9.858763488509207917e+00 1.057349110407631576e+00
7.705653725221639938e+00 9.816862844743786454e+00 1.962734420533545077e+00
8.891821592091270432e+00 9.859254571955947455e+00 2.460108059228814703e+00
3.023907007163578742e-01 9.954267537643268327e+00 6.532738472471975477e+00
1.961031728268550545e+00 9.930786558909771244e+00 9.498049794517008593e+00
3.570104193742261067e+00 9.940017440310166208e+00 7.247588904384404174e+00
4.234899769877584319e+00 9.917776564868335143e+00 6.613631163588890693e+00
4.286530395055081932e+00 9.887742404469484825e+00 5.029815952051087002e+00
4.799922096661359383e+00 9.919160271123018902e+00 4.555057996653077090e+00
5.222812789538788358e+00 9.896068766486422419e+00 5.164171434493733948e+00
5.332073525736234387e+00 9.934048456083818479e+00 7.367727461054451865e+00
5.961223617383068607e+00 9.869375749772654416e+00 8.396788422140613051e+00
8.215813650170938232e+00 9.921826928278317581e+00 1.765723770262968451e+00
