2.105561763866351743e+00 1.617226804348798064e-02 7.239129031911699208e+00
3.053171871912522484e+00 2.916715772704673963e-03 5.111923301487794724e+00
5.831504555951585012e+00 2.620651453729266889e-02 7.648953831822531413e-01
5.793101695765397352e+00 1.402703692574595179e-02 2.169186437901378550e+00
5.929167491623578812e+00 7.871745387396153482e-02 3.583433731859824167e-01
7.547460763182696653e+00 1.577560719135772532e-02 4.148623081214378949e+00
7.754325837254630649e+00 6.770521541656665532e-02 3.573439549435339035e+00
4.119528279799572701e+00 1.252486132825889054e-01 7.463928801148394854e+00
4.196127109292866919e+00 1.292099354727210825e-01 8.846556824284558473e+00
5.083335922335235679e+00 9.178276495041742811e-02 4.959959057026854801e+00
6.099150536276470191e+00 1.397696119490880462e-01 1.089344099278343414e+00
6.258041601595804693e+00 1.108347437385672485e-01 1.999512889329708276e+00
7.472618006366573695e+00 1.100268207739212578e-01 3.267271039294073809e+00
8.561633982730505465e+00 1.086035809670222174e-01 5.208760349709477211e+00
9.330268083028794734e+00 1.091453308681513967e-01 6.596101822429611516e+00
9.345362335123459374e+00 1.220528269188480563e-01 7.651767544258156306e+00
2.866569867091742552e+00 1.759042596559441951e-01 4.021700588700426238e+00
3.246140477453301365e+00 2.016920893353417732e-01 6.801287343102831784e+00
4.761066988928503108e+00 1.989669293123310090e-01 4.296526070845329670e+00
5.384381460765245819e+00 2.016661429632266578e-01 9.565069704886570712e-01
5.360872624644732021e+00 1.659080084712981074e-01 6.604385582082509032e+00
5.970422489820822243e+00 1.714251802183275331e-01 5.801080589692864109e+00
6.660349562030307702e+00 1.646792100890952515e-01 5.282702112522158489e-03
6.691992682167104967e+00 1.799635628745281934e-01 7.432583924824932353e+00
7.918087386241927206e+00 1.815789541301437438e-01 2.355193120062553991e+00
8.182361387337913072e+00 1.639036183565188987e-01 2.132108519606839003e+00
3.815036103177201099e+00 2.857787822601872696e-01 9.254167350156448091e-01
5.882373837683534390e+00 2.389122628643794433e-01 2.086507933239463153e+00
6.305730606890366019e+00 2.849116207981841065e-01 4.445036700483559144e+00
7.101425209546322392e+00 3.021300194222068525e-01 2.216710453065121378e+00
7.841037644803103390e+00 2.779126299794190125e-01 2.079239645726205232e+00
8.020380858507721200e+00 2.606415837819099357e-01 1.884428237976751852e+00
7.968236708739468988e+00 2.706032263982829367e-01 5.298863412204503298e+00
9.553474419403787721e+00 2.705362086564842006e-01 1.315180923537885072e+00
3.522578743874579033e+00 3.587390779184265188e-01 6.089586540880794985e+00
5.594278509680133737e+00 3.208378589568638972e-01 2.914502747314712483e+00
5.766223474199879462e+00 3.413796761617294839e-01 2.318408236658117350e+00
6.485636241473883956e+00 3.387969802582488921e-01 2.655867117998157667e+00
7.633054679286209065e+00 3.549849346565427943e-01 2.323585526967584691e+00
9.042311441991172316e+00 3.818050437902095195e-01 5.572027995914719867e+00
4.105847486691709125e-02 4.011450307576626129e-01 2.656804236039643996e+00
5.569464199293678419e+00 3.957649306957998769e-01 2.512419820923308844e+00
5.929919966926441077e+00 4.044617908354438685e-01 9.416496295739170463e+00
7.051910777088887805e+00 4.692135226654138291e-01 1.677896994744898951e+00
9.429288042348238363e+00 4.349251264470979095e-01 5.605362401489062840e+00
4.804158086804106720e-01 4.991225612994879546e-01 2.704523436006911030e+00
5.635235529518284991e+00 4.893121809369147535e-01 9.856137758435654206e+00
5.888558958034900925e+00 4.779085465807360045e-01 6.902123732530078826e+00
6.174148802481065346e+00 5.305572083308506270e-01 4.035974027982642376e+00
6.257765383097580347e+00 4.771399271731151526e-01 1.474396969084708742e+00
8.843535521081005157e+00 5.141681208414548010e-01 8.146074280274754997e+00
3.301878866764324183e+00 6.259642901487934008e-01 7.342142715611939430e+00
4.378245662763967871e+00 6.180966279036761435e-01 7.081643919796728470e-01
4.676442676459382497e+00 6.153622469531646599e-01 5.256151872721495977e+00
5.137622941060039139e+00 5.489056525045269419e-01 9.386396554371414069e+00
5.227004779658893874e+00 6.024603865726452234e-01 3.134501407555729369e+00
5.347461777727583687e+00 5.726080466711481742e-01 6.692148252126577823e+00
5.452440517561023547e+00 5.557957574637288900e-01 7.654012091980060717e+00
7.831487786576025734e+00 5.610565769909627853e-01 5.801815535003415292e+00
8.168807394827174662e+00 5.968018308721094733e-01 1.817378245306949136e+00
3.829892924382235275e+00 6.640752477382094732e-01 8.022585651775260285e-01
5.698476866418024755e+00 6.569098024285831006e-01 5.022799712932913607e+00
6.236024979244342070e+00 6.390112385435406939e-01 4.543756127087227092e+00
9.347158297136992644e+00 6.331328687849485659e-01 6.855426915720093106e+00
9.959699434441672494e+00 6.990142962810396154e-01 2.557877284755854852e+00
5.624080362754622975e+00 7.061586920085942687e-01 5.092384444438928348e+00
6.379654131927122940e+00 7.083850745773341284e-01 2.801892023764332329e+00
6.839410672284559567e+00 7.249476602871076647e-01 9.621862154183130400e+00
8.290298849992066010e+00 7.572094556522557252e-01 7.782834541588520949e+00
9.223990176233197502e+00 7.478055768882052590e-01 3.292997243878943880e+00
1.149325341693311131e+00 8.584863491463542440e-01 5.911885685560941184e+00
4.556118121281038214e+00 8.328052649343273828e-01 3.688342291467088696e+00
4.595681942424561406e+00 8.554255982379629364e-01 6.292773347100281356e+00
4.848355548387343283e+00 8.223692401234898863e-01 5.671132609671679425e+00
4.934274734809942053e+00 8.204751243524511795e-01 5.837739032620740787e+00
6.086197949980220123e+00 8.071928265335882591e-01 4.842706832702645237e+00
6.183473904807826216e+00 8.085962525393359801e-01 5.174960771066927201e+00
6.265535995298902705e+00 7.956547914030921431e-01 2.914422367090351074e+00
6.349518207113625579e+00 8.400242317715208573e-01 9.769786540765835525e+00
9.922259620779595224e+00 8.376033933496029871e-01 7.324359645937167151e+00
4.627869729940276677e+00 8.951954963176970148e-01 5.761311636211529752e+00
5.573711267694424265e+00 8.812762131670845989e-01 6.769960040978703297e+00
5.803844300362200670e+00 8.739787873938631435e-01 7.043888523313142969e+00
6.693544439234018206e+00 8.754264849721459241e-01 4.022984829828972764e+00
8.359791890294003380e+00 9.007259823889689487e-01 7.730199188035106417e+00
8.538984389178363443e+00 9.079581425631326752e-01 3.142343696215343485e+00
9.152530244278338500e+00 9.099657770733535767e-01 4.787109910509627753e+00
9.780180918778475174e+00 9.209154762784709236e-01 4.706257055981371451e+00
4.416115023355262181e+00 9.561429941436598856e-01 6.032892240045231169e+00
4.786135131383577601e+00 1.010374871950492803e+00 6.431866594555351924e+00
8.186918452551489978e+00 9.504674373903808648e-01 3.201914139124734104e-01
8.262495268149544714e+00 9.476425546015565526e-01 7.364844664021068077e+00
9.315535718508481722e+00 1.014210995718678010e+00 8.184847652000360796e+00
3.701073946186639763e+00 1.032232045113706365e+00 5.912422357311373666e+00
4.524612545963187848e+00 1.086876120366520260e+00 6.973380788210667092e+00
4.847571639542154642e+00 1.063525900009164804e+00 5.276084797746020350e+00
7.485362928841098551e+00 1.043537010593103886e+00 5.902172853329528124e+00
4.035566525813502281e+00 1.121796162592759494e+00 1.870316206184436947e+00
4.753019454914071851e+00 1.113310125708981246e+00 3.567329479442602924e+00
4.720925819233039000e+00 1.113508085998232477e+00 5.117528466448144187e+00
5.468174145524801411e+00 1.152529973466318136e+00 6.847475862397321755e+00
5.481747409759055500e+00 1.107040243208738950e+00 3.391284420644833375e+00
6.303875686140202106e+00 1.164017191308786003e+00 1.250841855894052390e+00
6.282831790098850178e+00 1.136983134016945396e+00 7.722033772687703745e+00
7.577435656000143460e+00 1.148088639281432011e+00 7.028479273654592241e+00
8.907792426367795002e+00 1.109043761690732710e+00 1.592267185955858810e+00
9.863554379836802610e+00 1.124254632771104934e+00 3.597354259402609333e+00
5.653433351879110447e+00 1.231649449961665033e+00 5.058041847572901872e+00
8.076146662468298487e+00 1.243850156079412628e+00 1.374191769731096247e-01
1.742011335493393487e+00 1.327883937900674605e+00 9.378576383077280809e+00
5.107005017050147089e+00 1.295448612215210238e+00 5.226519229270939704e+00
6.276204550651321767e+00 1.275763428071663874e+00 5.418322496116572573e+00
9.279486450170638889e+00 1.271347256542913140e+00 4.917667802132340782e+00
9.842315783872457757e+00 1.325039653219137303e+00 8.022981175128439446e+00
5.844009056406616054e+00 1.337662084872878410e+00 4.622928176787643118e+00
8.705198635176987665e+00 1.341036554699018835e+00 1.598825370731385420e-01
5.286866099919303175e-02 1.479472012094010136e+00 3.865866493716963781e+00
4.695141618649961046e+00 1.457110419152262137e+00 3.048821328972940226e+00
6.219122670549170451e+00 1.427726879770518043e+00 5.795847825822553201e-01
6.201600309137849543e+00 1.460015458506799924e+00 6.339601058756985097e+00
6.916292104388650941e+00 1.470600867144891133e+00 5.936570916619986704e+00
7.011277154031972714e+00 1.450148637247210326e+00 3.201692674050984788e+00
7.168264849760067392e+00 1.445198622840782487e+00 2.988702557252892689e+00
7.632584082379258561e+00 1.417117909269546505e+00 6.101872319851278981e+00
8.434678327208825266e+00 1.461268645587414650e+00 7.261621747324433329e+00
8.843825195983425758e+00 1.469237654943545524e+00 7.180622588328883893e+00
9.777105795217545747e+00 1.471071927709910909e+00 7.236576726571032125e+00
4.228203051398604195e+00 1.553454724028940692e+00 7.157044689916265412e+00
4.601534596144204237e+00 1.548982676193787933e+00 2.521115313357231269e+00
4.661475787185013431e+00 1.514606231437960915e+00 3.142452769958902437e+00
5.316806744170086141e+00 1.509536382063045412e+00 7.195402739164595829e+00
5.646046460295245595e+00 1.564535924655473975e+00 8.088341649137227307e+00
6.063963704855849457e+00 1.499979757739964947e+00 7.068727003971639888e+00
6.332161930049752030e+00 1.489979870688401098e+00 8.025144436152293892e+00
7.476316376456749957e+00 1.539982620960811843e+00 8.253788568562775652e+00
8.184653275007043760e+00 1.499064760307947886e+00 6.561717878428858342e+00
9.380919285051364298e+00 1.516322508429227778e+00 4.220414125745352685e+00
4.670015381350776096e+00 1.625963464469928121e+00 4.483556248343095518e+00
5.089368906001931592e+00 1.607839962922377186e+00 2.906502692644052033e+00
5.738196115509189177e+00 1.619373147955542436e+00 5.805667837444375756e+00
5.908361996956376316e+00 1.605455705517823350e+00 3.445555112493082994e+00
8.374663785441272879e+00 1.627694372848532023e+00 9.906465905288319718e-01
4.672334488791163309e+00 1.686246956581129108e+00 5.708727953622037887e+00
5.171892790630061576e+00 1.694633456391591020e+00 2.371609392283446915e+00
6.236829487859344212e+00 1.648421471069423161e+00 5.399748710479801872e+00
8.421739812863275887e+00 1.645514797015278141e+00 6.426487592089483947e+00
8.502845845894194454e+00 1.680819230216188620e+00 5.707604046678254051e+00
7.738787983157876527e-01 1.739433692626018102e+00 5.128189256717218925e+00
4.658555247249656972e+00 1.778063465847812274e+00 6.728439490055896144e+00
5.384639654289864907e+00 1.726329666191924517e+00 2.642212703108068439e+00
6.153457501240809258e+00 1.724502508725058725e+00 3.087096836744334993e+00
4.437599863023306668e+00 1.860327575800412525e+00 4.201652310562937309e+00
5.306479012247264926e+00 1.866947472963590426e+00 2.591523099823043630e+00
5.262353847057623213e+00 1.826786880866486218e+00 3.738922113867302777e+00
6.521114528282748068e+00 1.844016195724655027e+00 6.442325363138809990e+00
9.474454807260851652e+00 1.807283700134453053e+00 5.488838614108850322e+00
9.615309513056873314e+00 1.810489958873521932e+00 8.853607363986313317e+00
9.689999905536289759e+00 1.843574013577968351e+00 8.730165151000843338e+00
5.175623496424242909e+00 1.885214243982929805e+00 2.627098687238496932e+00
5.303589787224542107e+00 1.926499974166354434e+00 3.639515616301374656e+00
9.404005845744771719e+00 1.910955783502272798e+00 3.023886838401456334e+00
9.646277885809432462e+00 1.891093140036818943e+00 8.218045454548965623e+00
9.942507183856346131e+00 1.908387443478293921e+00 5.013817841005230314e+00
3.835935218523061963e+00 2.032115792794746412e+00 5.871473299017069714e+00
4.907789081915401752e+00 1.991552529001062499e+00 1.927064818788895462e+00
4.854629492071805608e+00 1.990640944664066048e+00 2.158739643856381285e+00
5.768077748289305973e+00 1.967915292647897108e+00 4.365506566897332519e+00
6.442707255829395407e+00 1.983660049666308822e+00 7.162870867618600812e+00
7.692261396494100012e+00 1.970140314751241295e+00 3.348577297445014977e+00
7.941604701553826473e+00 2.011633129733360725e+00 6.813315589638943237e+00
8.273099408870175253e+00 2.029422792596294212e+00 7.984625598059807317e+00
1.330651981007896278e+00 2.040336175287098097e+00 6.504157590464849648e+00
4.356317452734376872e+00 2.071650040911563462e+00 2.289316972642979398e+00
4.394747244099396433e+00 2.058428666897053283e+00 4.723817478422390082e+00
6.401877038660915176e+00 2.044660730239503010e+00 1.480615577783249481e+00
7.908860479146948563e+00 2.087419656871841056e+00 5.571212806435846154e+00
9.480911906576812598e+00 2.084315551384301024e+00 2.872310411228000238e+00
3.425789719967275992e-02 2.145989826545553036e+00 5.486554572523320239e+00
4.624391061682969761e-01 2.112932761222105160e+00 4.659874221874748201e+00
5.456197397554231721e+00 2.158636251771461900e+00 1.037590293237525829e-01
6.291670656675323769e+00 2.145843669886188909e+00 6.976883702234610851e+00
7.710328590504717639e+00 2.176742326591748267e+00 4.991395250861989652e+00
1.234362277973848343e+00 2.237758506491856370e+00 4.841943540433556237e+00
8.050145822362738457e+00 2.209327718285669206e+00 4.882007410901784361e+00
8.172225023915368425e+00 2.210980065557738961e+00 5.809025954760766552e+00
1.364881003897549627e+00 2.316286763672224858e+00 2.211276907995499919e+00
4.878976330262607242e+00 2.284452191939804422e+00 7.937603500401049672e+00
5.128620519434281988e+00 2.283532709732372545e+00 5.489948721164823020e+00
5.207887164944452252e+00 2.316581858419116013e+00 2.850120767709514613e+00
5.382295908422927155e+00 2.305881899751949238e+00 5.841831179639616067e+00
6.219994453523044697e+00 2.292929138725046556e+00 8.122211801504869655e+00
6.505742181110568012e+00 2.281134376149041909e+00 5.959599045266791961e+00
7.631144505796491728e+00 2.299650819307933691e+00 7.707018395739308581e+00
7.896424819691574726e+00 2.269942775984729266e+00 4.616478530360391019e+00
8.292892791120978657e+00 2.339918933820957836e+00 7.805423672979517669e+00
9.174466211306970820e+00 2.332438704689151265e+00 4.393021831712898617e+00
9.417097510744367739e+00 2.319279969602392910e+00 5.473474510990993025e+00
1.136623661477724756e-01 2.367041015104326629e+00 6.863571027082992160e+00
6.471444950683958197e+00 2.413913017607714373e+00 4.844631023430077121e+00
7.056762466138867040e+00 2.407759211839644919e+00 1.067323166019039427e+00
8.578822143788958243e+00 2.348035685725627264e+00 5.502819975562891486e+00
3.880233485130888393e-01 2.490035828546288688e+00 3.790707225957550719e+00
1.498236181085136343e+00 2.462130554910977764e+00 6.792686847301180997e+00
1.620689545538164467e+00 2.489798377110617356e+00 1.859344805731995010e+00
3.566366195580660481e+00 2.452264967582942212e+00 2.259925591057257321e+00
3.860300393754638293e+00 2.434694366205181204e+00 5.552275567184394411e+00
6.119813024934742884e+00 2.459562595097579241e+00 1.609569309206936971e+00
2.266502737296725023e-01 2.576871211066658951e+00 3.680879224888622403e+00
1.463134680204301930e+00 2.501749399970940146e+00 2.323424173367290457e+00
1.575951991644598538e+00 2.542749996277103186e+00 6.615875919475403322e+00
2.216366059255646448e+00 2.573196591570222402e+00 3.690315467974790486e+00
3.576252673833401730e+00 2.508015549364496444e+00 2.831703845947844300e+00
4.765354481555823973e+00 2.523622384339484714e+00 6.205556695183624072e+00
7.230319700307289210e+00 2.555001626941219239e+00 6.716645805105799560e+00
7.593861852830610992e+00 2.525746792541102792e+00 6.794243908055936920e+00
8.166706012926242764e+00 2.509719921021853928e+00 7.660987397701536139e+00
4.454228613901156208e+00 2.622965996579928571e+00 5.878761778310597208e+00
5.973583182708733119e+00 2.625502054710942446e+00 5.921521351924022625e+00
7.123115081396010240e+00 2.608194368306602229e+00 6.450546167395928343e+00
7.313912238121535125e+00 2.652038681531853292e+00 8.572779935082584402e+00
8.584311056540121498e+00 2.602215717137196016e+00 8.173865839927582755e+00
5.786318838753583549e+00 2.724481422120818230e+00 4.435106074506390605e+00
5.986168945244509487e+00 2.702408003315893925e+00 2.250428153186543323e+00
6.281015850680851997e+00 2.701918441418529326e+00 4.715937174073115301e+00
6.454875976459700126e+00 2.662082831760758772e+00 7.923543544615831991e+00
6.840400515540244086e+00 2.730137141706255655e+00 5.705218746537312757e-01
7.006462089568860740e+00 2.716557864280021217e+00 6.868806606471427045e+00
8.865181404672181742e+00 2.717432313715618442e+00 8.351411209974063610e+00
9.598840038951731435e-01 2.790237299624326539e+00 5.188033298890352973e-02
6.137339330056386544e+00 2.767461787027936104e+00 2.514993441752675807e+00
6.585316825681168496e+00 2.785357888427384410e+00 7.068472533557940807e+00
8.104223142131592894e+00 2.745813517985132624e+00 7.955730134635912165e+00
8.485090526217099693e+00 2.792421143343662759e+00 8.384096727636059398e+00
9.634290515576855896e+00 2.753741239482166314e+00 5.329061058394758632e+00
1.341347413004841393e-01 2.821700342566145103e+00 4.685526242685828180e+00
1.134321892330296677e+00 2.874271851159813984e+00 7.094111246719248420e+00
3.226352657870816376e+00 2.847133036945610485e+00 3.715949187776311557e+00
5.023897968735483666e+00 2.815343061479582243e+00 5.048020621833570587e+00
5.611609832097112616e+00 2.889946043327640712e+00 1.896122220405795922e+00
7.569692374348084840e+00 2.831357284156601928e+00 7.991013644904665369e+00
8.796799421537230046e+00 2.860479384419910343e+00 7.841694935734328631e+00
1.199066265185917413e+00 2.957842451288626329e+00 4.798253535776203726e+00
3.157724501016448748e+00 2.938409591384777642e+00 6.894485430374505341e+00
4.250507592241419275e+00 2.955024127187132699e+00 6.358232152640542978e+00
5.502012354684420181e+00 2.938480036070276746e+00 1.836978319464689147e+00
7.509656354725994021e+00 2.929349620270914389e+00 5.011567332613727999e+00
8.952947650486587250e+00 2.895539640285433869e+00 4.782645444802332335e+00
9.059736289580047952e+00 2.894051801301054105e+00 5.096822120487345842e+00
1.029367808498065084e+00 3.015233136734416952e+00 6.652046852998080517e+00
3.759770650438283290e+00 2.983231333328053569e+00 6.164616106665354422e+00
4.503707678734651054e+00 3.046815936258612023e+00 2.823290850305775646e+00
5.451155595287501932e+00 2.972388844588371271e+00 6.221512052258715286e+00
6.703684660526274541e+00 3.019839234861929622e+00 5.633931224929312975e+00
6.961528668101710338e+00 3.009727980349937937e+00 7.580714539510301719e+00
7.082319134690744811e+00 3.048138733813827272e+00 9.113174964390324817e+00
7.260607686852189602e+00 2.973375268052640852e+00 6.803407822418907180e+00
7.656131948580384261e+00 3.040425454560167218e+00 5.301496344798968252e+00
7.742537382001343005e+00 2.971915746673436054e+00 7.103256004279531410e+00
8.577037928488259411e+00 3.042777995479934550e+00 8.491210884685646221e+00
8.863148441042266512e+00 3.038016990062313294e+00 5.370891795416778969e-01
5.447405855562988120e-02 3.050109864287613881e+00 6.829854395191075511e+00
3.246577226521609294e+00 3.080460956252656146e+00 4.539645010329595110e+00
3.791841605782752644e+00 3.057218693312602653e+00 2.766639118744551151e+00
4.016541988293765186e+00 3.065155058706631408e+00 2.843960316144540368e+00
5.072175892887124782e+00 3.053363012436354218e+00 4.424041422455118777e+00
6.271720091985760526e+00 3.080490809377206318e+00 7.729951458498907080e+00
8.521813036252039453e+00 3.094248446926161300e+00 9.343395009340815349e+00
9.349348259767200631e+00 3.106106561113207931e+00 8.741889838055481476e+00
9.611045410639819764e+00 3.108032246087275574e+00 3.763932457804584963e+00
9.748771374088098796e+00 3.072497322608610304e+00 5.360302012548480377e+00
9.824264595831072810e+00 3.048395429760331954e+00 5.185750421503302121e+00
2.563604202928067011e-01 3.133228808608741645e+00 7.343468722443750707e+00
1.493415085068693138e+00 3.203256204232729054e+00 6.308094136548069386e+00
2.417394809071626405e+00 3.139399015614402266e+00 6.490323576578186149e+00
4.568722798556141385e+00 3.158563979291714841e+00 4.125861125555830178e+00
6.531174882408062210e+00 3.150716641129625462e+00 7.160996211783973386e+00
6.760644797024153441e+00 3.166469377149677911e+00 8.534877059651321929e+00
7.787124934397121834e+00 3.149183206824487158e+00 7.962779508741252954e+00
8.075538274580988940e+00 3.206844973302275470e+00 8.569543873736165551e+00
8.486568633725440236e+00 3.166354845277282060e+00 6.076324056455089107e+00
8.841688278337986873e+00 3.198627669733856926e+00 7.110966566709172376e+00
9.800974388307583496e+00 3.171659910656105197e+00 7.940216868258392680e+00
1.307318243265269020e+00 3.220533177318471552e+00 4.857275897466086789e+00
5.145690896970497974e+00 3.204555773909462779e+00 9.281632227044422923e-01
5.381221446996992341e+00 3.248701362559120120e+00 6.436333684526461596e+00
8.940120854739285861e+00 3.226979313137746441e+00 4.568234796972523881e+00
6.732798049178814637e+00 3.339183110896994489e+00 2.395649918052587868e+00
6.983130378402563565e+00 3.316258458751841331e+00 7.022498687242823223e+00
7.193607913708540025e+00 3.298351331974617828e+00 7.547519566720074735e+00
7.446459630849043165e+00 3.353789892566198194e+00 7.691310332302558450e+00
7.988993357475554724e+00 3.323755600492509288e+00 7.020239117445431276e+00
8.274851265628836217e+00 3.303642425005076433e+00 7.228634862863894561e+00
8.330799518182827157e+00 3.331792966011911439e+00 8.424870886214231192e+00
8.717622742609176356e+00 3.300672247207903975e+00 6.545398753231667754e+00
1.507294720181751480e+00 3.429404998800932081e+00 4.188668446235384479e+00
4.700568536460471236e+00 3.398963533533685855e+00 3.681599998566080778e+00
6.669798222293117362e+00 3.407409672690798086e+00 8.842459305216411991e+00
7.572094645858648221e+00 3.405172484334962224e+00 8.134819486206527728e+00
7.693117561922564462e+00 3.424876293172856023e+00 5.967548404845180343e+00
8.539949190448940186e+00 3.377301745593421334e+00 7.192231335638775036e+00
8.864759376603359442e+00 3.419284974533042920e+00 5.243671213646758034e+00
9.600603737833004914e+00 3.432330982332048475e+00 4.687758457408679469e+00
9.617610558618411076e+00 3.362093576269709061e+00 8.202284215826274760e+00
9.922239994468647240e+00 3.433672159392363810e+00 7.310452368902867093e+00
6.345025710584486056e+00 3.486153046836690805e+00 7.924722381040436581e+00
6.675105060545792668e+00 3.481697847519915179e+00 2.833603729030082619e+00
8.001422665124044542e+00 3.453671418891004485e+00 8.690904653202551344e+00
8.399850281052248846e+00 3.467793294787488989e+00 6.166311967702133856e+00
8.874131813479406716e+00 3.449936788863597670e+00 5.036013144175800704e+00
9.223509439353218653e+00 3.490966406153041213e+00 8.420915834816897316e+00
9.645860238669950348e+00 3.479989640041689647e+00 6.160178315000182536e+00
1.179809246801613032e+00 3.572259626900364360e+00 4.950806835902404224e+00
1.361490302134087838e+00 3.574150945642085908e+00 4.054426901954663265e+00
2.251430346018356676e+00 3.576619759269549892e+00 5.029474529071046085e+00
4.997436620936552387e+00 3.518340308168727226e+00 2.094553825617333942e+00
5.719963824777164696e+00 3.585389413397656266e+00 3.608426468967418810e+00
8.183811080551688377e+00 3.541633623209762494e+00 9.132483014829592349e+00
9.733506041472946180e+00 3.565729053827186856e+00 7.398194916959042189e+00
3.687347035345307500e-01 3.638484318340263535e+00 4.973633703578214771e+00
8.696515078366398033e-01 3.622002496149835160e+00 2.023731856287901198e+00
1.487952403103801391e+00 3.651432211492602331e+00 5.659277750925220118e+00
1.977692008153651537e+00 3.637687931155162424e+00 5.800102897957723158e+00
4.103388217329114518e+00 3.668121671071880918e+00 4.615215292877643094e+00
5.096050077751839602e+00 3.656461058339476544e+00 6.225740019582941542e+00
5.536556554695102328e+00 3.650779003911710952e+00 4.598852773912992298e+00
6.643732711828592485e+00 3.629505096771948658e+00 7.380004284091731037e+00
6.784365959201736906e+00 3.627932813780383903e+00 2.843901634472906004e+00
6.736132367440631263e+00 3.643903148472603437e+00 6.983364903421522385e+00
7.121274227588063610e+00 3.641539092854267690e+00 6.779729115548989604e+00
7.212285269964656464e+00 3.651794782375698212e+00 9.055759183966106463e+00
7.416596231578010290e+00 3.654029772806092868e+00 8.710429393200048054e+00
7.758052155717123810e+00 3.648452720043663167e+00 8.000368963917352971e+00
5.272864977121934693e+00 3.691876635709007815e+00 6.950093194792016149e+00
5.652876876020694219e+00 3.696767814157114085e+00 3.020885241021655787e+00
6.315959280128863540e+00 3.723482210187491148e+00 6.394238461024809084e+00
8.145677442637934362e+00 3.743066454736815984e+00 5.184287486475160023e+00
2.996355789385924950e-01 3.774746323571156914e+00 5.334582217154540729e+00
3.411003619146995014e-01 3.782870359766222101e+00 3.543575045179504723e+00
1.954750497077202276e+00 3.824543540219608850e+00 6.737646229732302317e+00
4.248790410724111233e+00 3.780300919789425507e+00 4.061903689787818905e+00
4.716892212812557439e+00 3.789854209272825791e+00 2.346727640093950740e+00
5.114740114352089861e+00 3.796470048099677363e+00 3.348668292185294604e+00
5.841114641293339460e+00 3.763840872038365593e+00 3.751960486456145549e+00
6.775648605929279533e+00 3.799199585283108860e+00 6.913390779908306527e+00
6.829302596691111837e+00 3.787303698520254613e+00 9.651078747652743317e+00
7.054961070440701754e+00 3.772379039946666346e+00 6.432188753250762669e-01
7.742161208855153021e+00 3.779914108505940007e+00 1.345520819931306011e+00
7.826858152768082277e+00 3.804537498487092329e+00 6.688134257960926199e+00
7.989701981326450486e+00 3.782194491432387728e+00 7.284840261006685580e+00
9.635278175658315902e+00 3.807012992912757632e+00 5.001785390758324290e+00
7.427841621428037389e-01 3.872616506515820234e+00 6.607639954507991575e+00
8.512276337415023431e-01 3.848446519765562179e+00 7.220954868729713816e+00
7.509218794605857283e+00 3.889342043483767775e+00 7.648369254487348279e+00
7.576491271507910241e+00 3.852765616875394983e+00 7.486045644419835554e+00
7.990191001503712087e+00 3.839024261521374548e+00 7.193252838736496457e+00
7.995845790795599761e+00 3.881487758793410681e+00 9.983728292265828586e+00
8.169323426144739386e+00 3.883270273945584439e+00 8.080088094216861805e+00
1.079970993903097476e+00 3.918431146840363422e+00 7.013129178867435698e+00
1.740259876083087409e+00 3.942641439318589569e+00 2.468101540538799821e+00
4.950965302978556970e+00 3.959519606394491298e+00 3.427903913178859785e+00
4.959298951658478671e+00 3.958875311485369419e+00 5.333829108813688435e+00
5.759660955592419640e+00 3.953575946224876958e+00 4.654451823826203594e+00
6.866306455670196485e+00 3.964959226238765844e+00 6.555196712159665928e+00
7.472271852409968496e+00 3.970015801603709260e+00 7.519855232640599851e+00
7.896183710976687031e+00 3.908221540404821504e+00 8.399404238199702277e+00
8.040944599583045971e+00 3.933662792323055157e+00 6.958939479046186705e+00
8.370473207483671629e+00 3.912097224810192841e+00 8.242025543989850433e+00
4.412579355296234462e-01 4.029360413218942227e+00 7.565286952065322090e+00
3.758377336685440717e+00 4.057847087961634180e+00 6.130825699645187754e+00
4.757507460531220644e+00 4.046798586329992453e+00 5.499263817929829656e+00
6.439063947717496461e+00 4.062376097176126244e+00 7.569748925373778192e+00
7.311292150848233362e+00 4.013113352424405811e+00 9.595323976934285071e+00
7.852240849347952967e+00 3.992366914650163245e+00 9.892250458753816034e+00
8.389920052355396507e+00 3.986535392208953255e+00 8.918609281958758572e+00
5.414225505138007932e+00 4.131266524390607486e+00 1.093621821316383524e+00
7.024656590778258547e+00 4.076540602471960817e+00 8.259607962320977492e+00
7.214241128710312090e+00 4.135882686317799539e+00 1.684413964733736946e-01
7.247501595783537809e+00 4.107917742480315049e+00 8.614463858878162128e+00
7.239252172747313807e+00 4.114705189869233948e+00 8.646814350023717566e+00
7.624127752524964663e+00 4.122014612325730631e+00 2.483215198895219356e+00
8.009521031770365340e+00 4.110447364504612899e+00 8.999763815172991954e+00
8.172120889321167425e+00 4.084100494459767638e+00 1.062105196048404032e-01
8.553174765634947718e+00 4.064443435675852534e+00 8.064118845292636450e+00
8.776786245699801370e+00 4.101878980345397885e+00 8.135705153566227921e+00
9.054630219226964982e+00 4.099398105132237902e+00 9.091836403770475528e+00
2.992966012357955119e+00 4.181268141198483335e+00 8.156792968378637099e+00
4.486639657147766691e+00 4.197811468816984082e+00 3.054821222429917160e+00
5.022431605231346907e+00 4.182653377443823928e+00 5.854970035306603648e+00
5.685190220349872980e+00 4.142198488427926151e+00 5.122395833894674233e+00
6.323204411201538200e+00 4.160394126579740615e+00 4.474050462196219158e+00
6.664277186544216747e+00 4.176654807294966965e+00 6.418261288113026097e+00
6.888610659745641129e+00 4.192920435949098135e+00 6.436886153129228738e+00
7.066709822496065385e+00 4.205641404925111182e+00 8.160567529248894392e-01
7.189039321749944200e+00 4.161768590590286365e+00 9.413206236471705068e+00
7.607513445299668220e+00 4.168413745095277179e+00 8.904707903983478445e+00
8.780702467315116166e+00 4.200742067716451977e+00 9.710019807741673503e+00
9.285922249812117002e+00 4.196845474931625297e+00 9.786596778494230264e+00
9.486882908111322621e+00 4.159889662282907352e+00 9.134432000305302779e+00
5.554712036433318012e+00 4.220174618538840683e+00 4.973153757085444937e+00
6.688967597271304300e+00 4.253036702894251953e+00 3.155498727875382325e+00
7.027752944336137730e+00 4.248706580274937750e+00 9.556906985276514277e+00
7.121958181323714498e+00 4.238684975414527933e+00 8.248107741071358134e+00
8.038457679875968154e+00 4.230914349442120859e+00 1.969443112111484595e+00
8.980449259979241816e+00 4.272899849121526650e+00 8.772819816243545787e+00
4.252174588064857375e+00 4.349501169842916681e+00 4.277033612141092789e+00
4.282174778096280221e+00 4.344315389034300701e+00 5.650606178128923851e+00
4.941893464858615914e+00 4.359988894195099718e+00 4.387577312899935578e+00
5.018968332915315855e+00 4.316062748896774437e+00 3.472205922348601259e+00
7.112900576957739140e+00 4.330029384701642670e+00 7.364336488678501880e+00
7.273523178882056683e+00 4.331747344578831260e+00 7.625546444717338446e+00
7.568144258024515736e+00 4.349472444046123876e+00 2.117923912508377526e+00
8.772522590476407700e+00 4.333723286414748799e+00 7.711897131070511335e+00
4.517537755583886927e-01 4.405964656144853109e+00 8.399439069102299982e+00
1.081048196246356952e+00 4.430076717536292286e+00 7.584550385089849911e+00
5.608188738668268059e+00 4.388290262615488935e+00 7.906288073458477506e+00
5.627716224496840169e+00 4.449304258687658553e+00 6.327246109104662786e+00
5.789639596789806220e+00 4.442994204806587355e+00 6.863072706386675215e+00
5.862690652314170414e+00 4.407012030293389060e+00 6.832882024987051217e+00
8.092542174382710840e+00 4.404331112391822955e+00 8.528488314305922913e+00
8.515011335328553699e+00 4.417069521721773917e+00 4.914129875617397891e-01
8.958250427398283477e+00 4.447979906265609351e+00 6.655285390919718047e+00
9.337915257872927199e+00 4.404157262582369725e+00 8.613333856498128327e+00
2.126613554848180154e+00 4.513156063014380770e+00 7.033410954597734133e+00
4.823605248246768618e+00 4.524185865540492735e+00 7.801854639920163814e-01
5.485763803964620600e+00 4.490248946848756972e+00 8.123088610428755629e+00
5.788271345123032319e+00 4.463125416125322431e+00 7.383120589749946561e+00
5.975134353094550654e+00 4.491989503697423558e+00 4.113792571289828892e+00
6.383210297336309402e+00 4.522936904690524784e+00 7.004662950986276115e+00
8.513604891501993066e+00 4.476137499516352314e+00 9.083710497857085286e+00
8.615593745824906335e+00 4.467825365575255780e+00 2.093478540022856160e-01
8.877732470323270064e+00 4.513134539697689185e+00 6.771246036429817927e+00
9.529610684060758174e+00 4.507639990294959986e+00 6.769807197910632013e+00
9.939348002932037573e+00 4.488225969813218974e+00 7.362068755043743806e+00
9.743466377647548304e-01 4.572839374252919420e+00 5.109990951693687222e+00
6.766315088824716106e+00 4.600757266174498206e+00 7.559565095200813545e+00
7.685410015442718290e+00 4.531322999042710187e+00 9.620003648664974705e+00
8.226961131697814622e+00 4.571732077696508689e+00 1.300481422064920789e+00
8.705987153945017099e+00 4.583419944861752526e+00 9.933474309884852360e+00
2.211932207236137149e+00 4.684468107087831790e+00 7.194940412008924646e+00
3.599028334325292455e+00 4.609514790629078540e+00 3.761604283015830941e+00
3.826612127081216563e+00 4.682203499001064806e+00 6.417247367409565584e+00
7.142593543692612457e+00 4.685280700207790083e+00 7.465232099372801855e+00
7.776423651821842142e+00 4.619738570896481100e+00 2.116255445539814151e+00
9.616950281344312401e+00 4.672705432886467669e+00 6.382671811229936765e+00
2.753432611348603842e+00 4.753439117968159877e+00 8.187482845982891888e+00
5.983768357797593751e+00 4.716633986185859051e+00 9.468209056285733283e+00
6.563094785757791705e+00 4.689745803636979460e+00 8.414735796319909866e+00
7.765243385219619654e+00 4.750046466325786199e+00 8.691182837207696465e+00
7.822469568618044988e+00 4.687652369782028927e+00 2.995641194289689668e+00
7.886533958151415113e+00 4.723891289846871011e+00 9.706523322998618752e+00
8.281055736312675108e+00 4.692376093052810226e+00 5.315599355627604439e+00
9.285215208283883470e+00 4.710588102743003880e+00 4.654363869196069814e-01
9.496590875485889427e+00 4.748432924461834403e+00 6.973806324688056613e+00
9.654555873362230756e+00 4.734536741641746538e+00 7.849200904088045050e+00
5.396173962308596472e+00 4.800432605480278170e+00 6.224788410415354356e+00
6.766295977964213115e+00 4.786207365754338028e+00 8.499045347774606185e+00
6.990305186413888094e+00 4.802991600275976047e+00 7.866012217845964605e-01
7.219075688516183753e+00 4.796349516242818467e+00 1.153507776210405567e+00
7.225080237609114775e+00 4.822186763731502346e+00 6.455686017658375242e+00
7.548726662952926603e+00 4.787421537934652527e+00 8.025048647575985683e+00
8.023358733998943393e+00 4.790272405665795041e+00 3.866605229290740020e+00
8.589928946008434707e+00 4.791019335395947820e+00 8.851301025839447334e+00
8.635912777684225716e+00 4.792919947066564212e+00 7.856578151501619978e+00
1.977424212394232050e+00 4.901978318505316956e+00 8.399863115397264934e+00
5.109135809452565624e+00 4.891382510845567744e+00 4.857480533425899694e+00
5.748404507983803313e+00 4.890714815215505773e+00 5.226747514045648302e+00
6.281665956388671646e+00 4.898592652002441206e+00 9.730366335841750924e+00
6.803217121169930159e+00 4.865332453849051220e+00 9.134529562574078554e+00
6.894329968246647233e+00 4.911694160051990998e+00 1.700649336576344872e+00
7.516807164491862814e+00 4.853861960844043644e+00 8.663713999135465471e+00
7.918337446504632560e+00 4.891615445042791777e+00 8.419059125147175138e+00
8.717451995161910716e+00 4.867931759350181409e+00 8.495278117405231200e+00
9.065355511173248004e+00 4.901149691394012464e+00 6.396000375441929009e+00
6.567547460312603391e+00 4.981170126011814858e+00 3.726766881007559373e-01
6.773185872943212615e+00 4.950566897395324517e+00 8.608564537380310355e+00
9.092036486907710824e+00 4.966068722168645699e+00 6.550289685318384514e+00
1.506080113547527910e+00 5.006810492597580264e+00 3.931057468131834653e+00
2.553034642511551766e+00 5.045763303506283215e+00 9.101293632159460856e+00
4.274900516828995301e+00 5.007876617057049451e+00 5.416575402860338784e+00
5.374088356466785399e+00 5.000540032865924189e+00 1.469643541072926385e-01
5.713143958830654512e+00 5.003664634793810961e+00 7.802487939941241457e+00
8.555616055604043924e-01 5.146563254848132374e+00 5.098764741236797349e+00
2.374152403827284097e+00 5.152217171358184800e+00 7.194640857313681082e+00
4.660434781525702341e+00 5.092996790220913894e+00 6.137012409253705947e+00
5.150469232875929393e+00 5.127868120338452407e+00 5.337673276205060269e+00
5.236083530986189949e+00 5.077515341523472614e+00 3.434212668733852780e+00
6.114317447116907722e+00 5.140420830339770042e+00 6.608431772001944537e+00
6.942224062219136016e+00 5.082399001711499054e+00 8.895290202654900114e+00
7.168270619395885390e+00 5.138217129977322273e+00 7.978972812487387323e+00
7.194348667573777334e+00 5.104086527370818693e+00 9.122076996038801511e+00
7.573812391300863034e+00 5.156342972415393078e+00 1.263138423258434451e-01
7.917334077332358611e+00 5.099748253503777917e+00 6.340094570099838123e+00
4.577260322196152309e+00 5.192729289686135452e+00 9.786979127479803253e+00
5.616764162116756331e+00 5.191302641646443838e+00 5.081950684914755101e+00
5.778295535591015053e+00 5.227671427769616130e+00 9.976142583458569746e+00
6.857839827814882661e+00 5.160024440092510822e+00 1.946629780401448739e+00
6.884834195496484455e+00 5.165382458808268851e+00 9.959702481957718234e+00
7.839511403826261215e+00 5.160531436092570701e+00 4.562382186093794090e+00
7.952308227083207726e+00 5.191441977098223859e+00 3.585221590197604780e-01
8.332641674252473152e+00 5.196574329334670672e+00 8.016485619268500784e+00
4.929044859109900756e+00 5.280251011016620311e+00 5.528806150916226514e+00
6.613088488428370049e+00 5.303650909626094645e+00 7.465513275183360165e+00
6.641870283909542927e+00 5.250229114859270574e+00 7.401739023464514844e+00
6.732621038376288780e+00 5.283046590918450747e+00 9.709807750423854245e+00
6.828404056050677795e+00 5.255654879265687640e+00 7.865110045427859298e+00
7.295299465166649178e+00 5.247956946859725136e+00 6.174168444450332416e+00
7.452492733451110851e+00 5.286888780096786533e+00 1.289654423176253006e+00
7.521273206456490890e+00 5.271194106843856808e+00 8.765113168677144628e+00
7.717540608010669878e+00 5.245356469975965830e+00 2.433429681136089484e-01
4.574709192869987895e+00 5.373748689524234123e+00 7.929671404429105230e+00
4.914998591572201647e+00 5.369971003157880673e+00 8.108872361756253255e+00
5.789429381663438789e+00 5.387407250746823806e+00 3.980216770696064721e+00
7.257548381143697824e+00 5.353885883930701972e+00 8.496365042880164253e+00
4.889917085107705397e+00 5.395161161249830251e+00 9.921855841754354088e+00
5.051820791768934171e+00 5.428388672131303494e+00 5.980533001831521922e+00
6.282532737918074872e+00 5.452427755578559854e+00 6.917227960955651511e+00
6.842585245879680755e+00 5.447800891250583533e+00 9.842667305598009619e+00
7.232762072923447860e+00 5.402111238551468020e+00 4.863439628815129090e-02
7.194410952017071814e+00 5.434856882677545187e+00 1.245249510792693970e+00
7.275776201870622018e+00 5.423488282055153320e+00 7.434094397947805355e+00
7.564902914373170084e+00 5.407209848293165422e+00 6.510810497086183091e+00
8.054079581490338313e+00 5.404571708586734857e+00 7.497489515705014540e+00
8.670379082736440424e+00 5.410652981716587817e+00 7.146526821345336344e+00
9.005285735800917735e+00 5.461723792416194989e+00 9.441931811366378824e+00
7.583128704373678364e-01 5.505411387667697554e+00 5.747128935051991405e+00
2.666280853032489517e+00 5.489766669849647229e+00 7.405444788485062269e+00
4.824437713815963313e+00 5.504097746185132145e+00 8.433195632275234388e+00
5.378951231031138036e+00 5.537464076144372527e+00 4.216951351595419339e+00
7.148804824615480946e+00 5.511470255056940104e+00 7.116503815888173712e+00
7.389379500370143461e+00 5.512348111297405318e+00 6.881987583880362358e-01
8.037250833065787248e+00 5.514346588554405848e+00 4.826935725995734616e-02
8.703811023355271237e-01 5.600322934871952540e+00 6.665165764536084225e+00
5.016783732905056858e+00 5.570607748656335012e+00 2.794393200605258087e+00
5.063139941004795475e+00 5.582496776192556354e+00 9.456781301788431904e+00
5.120329728714702711e+00 5.619098666280004650e+00 8.407169133433562536e+00
6.565246220229703944e+00 5.626621688138621735e+00 7.496860760452883632e-01
6.855259319560138564e+00 5.553849797510576281e+00 9.613424309457778705e+00
6.903781923643192542e+00 5.576363987129130173e+00 1.434872877360783283e-01
7.732287191170378549e+00 5.577623370720226958e+00 1.147834304527930893e+00
8.392257540459281628e+00 5.550808753088193548e+00 8.247115136700092108e+00
3.253356448299796977e+00 5.628071611500168991e+00 8.260550020422657624e+00
3.580835118329050104e+00 5.649248037207568629e+00 6.233027058508358920e+00
6.197921165138518873e+00 5.702200805315344567e+00 7.535398638423558282e+00
6.649015070471406830e+00 5.687128026802597880e+00 8.926150443215924435e-01
6.720228087066963951e+00 5.630840287431587043e+00 8.244418230916863877e+00
7.646335863265928623e+00 5.699819102158618200e+00 5.388778892381237640e+00
8.121360603091158481e+00 5.631345132058664049e+00 7.007525731794931323e-01
8.129837826163797132e+00 5.700391461431781437e+00 5.069768152610251377e+00
4.836852187356186938e+00 5.746879716664839322e+00 9.291629681683701847e+00
7.726002978210544825e+00 5.774260346554092926e+00 5.312523312633368633e+00
2.081213056971975561e+00 5.785117822696939527e+00 7.477168284425262712e+00
4.682080823843135065e+00 5.835853454022181808e+00 8.509661364460143318e+00
5.980022991876762894e+00 5.789324892688409108e+00 5.455683555877335777e+00
6.406144285974826325e+00 5.822339441093788537e+00 5.650748136511813513e+00
6.677642481552891418e+00 5.794476551552461885e+00 4.992992166102785845e+00
9.193798503780545417e+00 5.819746506333460800e+00 5.308933921946265011e-01
4.794885621276818277e+00 5.909349419311435092e+00 9.392349581495940569e+00
5.796546375189288725e+00 5.881866289410146109e+00 4.017900427027585319e-01
6.352858069597622226e+00 5.896268514346965972e+00 7.144466268885008908e+00
6.641246935203743540e+00 5.860295573449769257e+00 4.943730458549386864e-01
6.716607611394854516e+00 5.904953123666891734e+00 1.612944341009892257e+00
6.895370935647911814e+00 5.905101716255310329e+00 7.482962033508692157e-01
7.600196562225482566e+00 5.874604254900477329e+00 4.140564244565402063e+00
8.435130158028485425e+00 5.866088171581852251e+00 7.672033705132805359e+00
8.752601023617190279e+00 5.877258338447329145e+00 8.023106290365895177e+00
3.203815736070126929e-01 5.963200800108650057e+00 6.714513005227066955e+00
2.756258634643712568e+00 6.013188579550018176e+00 9.426763085737507097e+00
4.625750038476462045e+00 5.963060854349176765e+00 8.938056770523878924e+00
5.825174356718731516e+00 5.946190046956870923e+00 9.564745189518056634e+00
7.041775179238744187e+00 5.991608573305143182e+00 6.574422581892317430e-01
7.991930995458860210e+00 5.996322896091753840e+00 4.311666627719610290e+00
5.372339186128463062e+00 6.055771606883193492e+00 9.000775149799247643e+00
6.463387573052487234e+00 6.083539200404096903e+00 4.346120207113846945e+00
8.198935208407627684e+00 6.055202735569015005e+00 3.090392797430156602e+00
5.451613564140574297e+00 6.108194476308860033e+00 8.915239596273277556e+00
6.815457091459734329e+00 6.109434148124043062e+00 1.515752588770962639e+00
7.077606920170207871e+00 6.129785893887502723e+00 3.929862824470692573e+00
5.729684986853622597e+00 6.193385999493937533e+00 4.995851477158524290e+00
5.742736083955323423e+00 6.231562153053340936e+00 9.838100985944652876e+00
6.868620339870338043e+00 6.220411588692610572e+00 8.688923078363215424e+00
6.893651972989055743e+00 6.227154503414101150e+00 4.237815773110814588e-01
7.893672686560511131e+00 6.234208793089908163e+00 5.021950978230623974e+00
4.592992864755488513e-01 6.316583254303525408e+00 1.193260299319201800e-01
6.076193718999101101e+00 6.254171454349197745e+00 4.124899691005153635e+00
7.109624079308269451e+00 6.257910566268410690e+00 4.351925729730876213e+00
7.570964821117188492e+00 6.321079539088540145e+00 8.134057293520559284e+00
8.558872040546887661e+00 6.321098926454574496e+00 7.160805589791136683e+00
9.044408612590805419e+00 6.321734220996135356e+00 1.883270813928400678e+00
6.353759089787072156e+00 6.353133771568765020e+00 4.798513432246994670e-01
6.334810683594447767e+00 6.356419144076316918e+00 7.041983776245256621e+00
6.466589689722547440e+00 6.383958474865184307e+00 9.573244967085742019e+00
6.986121763844968413e+00 6.396447322491709997e+00 9.541326977118963271e+00
7.248964197065362214e+00 6.402426940471349859e+00 5.293124836384555998e+00
8.125858432900582073e+00 6.379976959021941951e+00 4.682521212693477430e+00
3.387860886705250429e+00 6.429661024141799075e+00 1.510606086724439190e-01
6.104235294987571336e+00 6.428721833118538065e+00 6.041749459382976362e+00
7.013633480504497086e+00 7.096512437490277492e+00 6.008853083392695638e+00
3.689494127070125362e-01 6.495484667358821795e+00 8.289516550584908217e+00
4.703445750335141895e+00 6.518894725652036648e+00 8.823818480638879080e+00
5.401821487329491411e+00 6.522824140968570994e+00 8.047991771351256318e+00
5.649341745460126241e+00 6.496666335996341246e+00 5.028916180785131473e+00
6.429202461915776823e+00 6.551973833634212596e+00 6.889116642661292644e+00
6.568808810778508978e+00 6.526515338154773360e+00 5.661502067242329517e+00
6.976213634972229016e+00 5.882356646663841282e+00 6.162091448558625117e+00
7.923438777883509587e+00 6.530504316146394928e+00 4.196866445465650131e+00
8.299540832598680140e+00 6.498070566730223874e+00 6.688095430800878205e+00
4.416591639656461510e+00 6.618514114357022748e+00 6.148656182433040129e+00
6.305329270423894350e+00 6.564832911655793524e+00 6.484423803310470191e+00
6.675718677768074372e+00 6.570466885845307026e+00 8.224378010328113220e+00
5.859999292407185756e+00 6.655374965581805746e+00 6.953408911651214552e+00
6.039192065850738089e+00 6.713912904656224256e+00 8.049696051285064158e+00
6.443214449461518889e+00 6.711434767787381794e+00 4.001837573756680810e-02
6.534362098519521211e+00 6.715431700526650616e+00 6.958668922689210667e+00
7.715647236476287141e+00 6.702366829744125454e+00 4.564131265433674756e+00
4.558671487055905303e+00 6.741529229334082274e+00 7.476630681051890548e+00
5.536521389707877994e+00 6.737526871362081948e+00 1.054369396307023449e-02
5.547977084348064025e+00 6.764659370590186072e+00 8.590738729579662447e+00
5.749608344677854532e+00 6.796341191048711039e+00 8.419265414487552945e+00
6.310330465503290576e+00 6.739624747383517800e+00 6.444199087951117955e-01
6.277029839249879117e+00 6.768916735866225665e+00 4.887889667105433489e+00
4.754518931704223128e+00 6.855722697713688696e+00 8.015951403356675442e+00
5.728569459879013337e+00 6.816295679329021695e+00 7.032106713164404388e-01
5.775331450249384879e+00 6.811240640162555593e+00 5.664862564163939851e+00
6.390597910135602078e+00 6.834015463018534575e+00 3.932670901193251023e+00
6.470366399177860828e+00 6.862405616443982836e+00 4.420353061230020586e+00
9.626365326726084248e+00 6.871626536494913395e+00 9.889931050841787030e-01
7.115934363911818883e-01 6.904979468442145496e+00 6.207318641760471323e+00
3.709693226884794193e+00 6.900357127351830933e+00 7.516442919554622293e+00
5.236588797627340419e+00 6.891190324556147218e+00 5.827612890058015083e+00
5.353316979466929304e+00 6.893967771492556018e+00 8.768020544532452831e+00
6.025567830408234293e+00 6.935197336448447381e+00 3.841367954663827078e+00
6.111265242889146521e+00 6.907378654790385930e+00 8.035165484955419046e+00
6.229032832072192605e+00 6.916036911985551150e+00 8.328226326460537621e+00
6.719016651898490622e+00 6.946396494541244415e+00 8.687042009265727671e+00
7.173993754795954914e+00 6.943934433112453952e+00 5.292512864090575420e+00
7.657466680753564958e+00 6.937858520507349525e+00 8.030663555182433910e+00
1.105684502571547601e+00 7.011956035334459436e+00 7.672107921458978907e+00
1.445904425421813411e+00 6.993549684147969181e+00 9.323938441216700568e+00
4.074726565514352750e+00 6.990007862849161313e+00 6.509512863577730180e+00
6.700278012127682814e+00 6.969898913352517766e+00 8.528250736242798169e+00
7.488398069357852016e+00 6.990152314156129698e+00 3.536387594724724970e+00
7.448895066018653921e+00 6.976740758893844152e+00 7.979652019758734838e+00
1.919003833644564172e-01 7.107013608652041015e+00 9.224249074789057090e+00
4.231735719019181552e+00 7.059115618573565065e+00 8.718675889054754435e+00
5.170421046836947809e+00 7.098489323656940186e+00 7.030689644350953671e+00
5.219787073375945496e+00 7.044635947009910026e+00 9.003177084717949086e+00
5.386791199089043580e+00 7.091273086673055559e+00 5.260951641513829102e+00
5.338487902095776505e+00 7.065579082016507861e+00 9.148680984435760166e+00
5.498654462476777027e+00 7.050200904512037070e+00 9.770512473602954273e+00
5.970576957656560602e+00 7.067295012954417643e+00 8.185475073229053322e+00
6.580049990146426886e+00 7.049377119035013628e+00 5.209065624347601897e+00
6.561835844818284968e+00 7.061191414877453276e+00 6.789622772669086537e+00
9.441038157081116822e+00 7.100993027725620799e+00 1.927976955506037537e+00
3.521638604168791709e+00 7.161629888632135454e+00 7.747686036141018917e+00
4.606827558980322479e+00 7.160006138403820941e+00 3.926526232142295569e+00
5.512889639246957074e+00 7.158890661051156457e+00 8.481866410024301306e-01
5.903441017902739674e+00 7.119235876407341124e+00 9.107856251858903462e+00
6.256080289158694185e+00 7.121381069639857841e+00 7.662269165205309873e-01
6.889917204282816954e+00 7.183135148877916265e+00 6.488961291256835295e+00
6.886384460926024076e+00 7.156843612227896223e+00 8.732157801486700066e+00
1.415180050897862252e+00 7.251986197246759858e+00 9.005576423596240332e+00
3.871291655779334651e+00 7.208429981117991048e+00 7.544466111332269520e+00
4.352307868727629092e+00 7.246792164576220330e+00 1.236543003665469875e+00
4.671816968248899471e+00 7.216147657479925925e+00 1.701880166410996709e-01
5.023368662374977589e+00 7.263948033332749077e+00 7.079937435777351240e+00
5.318535834388876893e+00 7.244513796789282978e+00 8.435337063175835093e-01
5.812012768580207656e+00 7.222861207954977658e+00 3.388385913797912208e-01
5.914212496202227776e+00 7.218505734903054361e+00 9.636586014841395098e+00
7.033508693016724322e+00 7.211782095238242540e+00 4.836914094736128433e+00
6.746104861768139394e+00 7.270201722345914774e+00 6.932253444721832913e+00
3.307101611316793033e+00 7.355587576763435997e+00 7.752489536361201417e+00
3.704250729487556626e+00 7.352267773804067374e+00 7.717797232405104069e+00
4.714679526835449330e+00 7.410081343301348156e+00 8.039276844002976929e+00
5.595106043008615693e+00 7.387777603045157626e+00 4.675089896994148120e+00
5.611513972309713161e+00 7.400792720649299383e+00 7.569683149627849161e+00
5.888783529556883778e+00 7.387530769359950789e+00 9.651421025795862363e+00
6.556337916760039519e+00 7.423369998113272139e+00 3.044838544705358307e-01
2.026634038980169028e-01 7.486425610586399770e+00 2.474809572962257120e-01
1.818419330424925207e+00 7.470579258108694276e+00 8.769083362086963263e+00
3.963683961668373890e+00 7.445973394294575165e+00 7.260272451130393101e+00
4.753656555350452173e+00 7.488625609481784906e+00 8.551294228028520905e+00
6.564041956925455779e+00 7.453192935694343824e+00 2.658643722338709381e-01
6.567980311602769738e+00 7.429792559680500119e+00 6.049821383978731815e-01
6.860552793579963726e+00 7.468278354287019916e+00 6.574339746455728495e-01
7.929992297553952518e+00 7.447781981631780290e+00 6.231182186067146134e+00
4.485288804367645099e+00 7.576856626281283980e+00 8.954237030823428256e+00
4.470662684048144264e+00 7.557520010369095154e+00 9.945202977004431233e+00
5.855568590136615015e+00 7.544715678294450001e+00 2.865299281369682483e+00
5.804783450062600103e+00 7.563579447046958393e+00 5.179591144585661944e+00
6.098405010283155292e+00 7.567739975719467438e+00 4.220912556099235324e+00
1.045873282865485088e+00 7.628557219187260152e+00 8.229672380639714291e+00
3.745849838452485869e+00 7.624371007786384880e+00 1.169687355847754739e+00
4.815022630818472926e+00 7.631124240750612131e+00 6.712807157981011130e+00
5.946961105883474374e+00 7.635930431496952941e+00 6.826770826470998976e+00
4.142194707261722897e+00 7.670413231510292640e+00 6.458778308984997274e+00
4.427949905292885902e+00 7.700397800319757735e+00 9.678528288640988464e+00
6.362573792475144430e+00 7.717893364529773592e+00 6.195967501324750160e+00
6.453913796590917684e+00 7.669453527345023502e+00 8.358148715088020708e+00
7.354084820757012864e+00 7.718345839052418889e+00 4.050163154412419253e+00
4.009029788050306742e+00 7.793489409222074116e+00 8.272521783271056250e+00
5.189509507458173410e+00 7.800752422017380283e+00 7.309375863270147988e+00
4.054764285170408655e+00 7.875350069605432601e+00 8.125027526756619878e+00
4.528193031377089284e+00 7.869305544277164444e+00 7.297555293335726390e+00
4.786233403639929662e+00 7.871159305205451595e+00 5.795949264041203364e+00
4.919494099524237996e+00 7.860045326481102990e+00 8.939577727869368218e+00
5.044165107582456287e+00 7.872093031839034971e+00 5.735097823860182964e-02
5.078842026072280191e+00 7.867494262101413227e+00 1.596144910149623897e+00
5.385590468184723534e+00 7.842087656697232845e+00 5.105954459733258233e+00
5.436670764291109847e+00 7.854399975752762053e+00 8.431101983147236467e+00
6.617646828150975935e+00 7.815214658090411604e+00 5.970568270614056594e+00
6.605022421849068515e+00 7.827909642271562163e+00 9.614538920196588734e+00
7.008132984730625736e+00 7.872133524219871781e+00 8.374998617943568036e+00
2.612710098129761294e-01 7.950454236103227323e+00 2.104874459787854590e+00
3.991305535513976377e+00 7.914851324387823794e+00 8.179531034076553908e+00
4.559955401506125661e+00 7.946120911202741333e+00 6.480388188072714328e+00
4.697866788508632929e+00 7.926231857342507681e+00 9.143750684358650460e+00
4.946822590059657188e+00 7.935683246230603061e+00 5.833671613428599301e+00
5.290074902437641668e+00 7.911750272117317628e+00 8.892394769201098725e+00
5.271383043847175820e+00 7.919883665516433524e+00 9.242625251306614942e+00
6.111244475542611632e+00 7.890300871236739511e+00 9.528708829521189472e+00
7.876469523036074172e+00 7.901207632350137899e+00 6.454248979998858715e+00
2.000629938948887521e+00 8.018726706111424463e+00 9.974300343546005365e+00
3.986476259193269200e+00 8.026449861006231146e+00 8.057710902249070273e+00
4.000967467268301547e+00 8.035481626222198415e+00 7.811748539412205483e-01
4.972974357393394662e+00 8.015132384331675297e+00 6.112356766511403805e+00
5.547874768866502215e+00 8.025369171088545528e+00 6.513777278309864194e+00
3.180299597014133006e+00 8.079088243205301723e+00 8.774356487949606986e+00
3.501802871248893556e+00 8.121282520054844412e+00 1.037366302565768894e+00
3.851221598767950560e+00 8.079619044779867920e+00 9.156991906874718978e+00
4.993980004583582044e+00 8.049466714727319783e+00 7.246054325584895039e+00
5.308273402982601752e+00 8.122469416867629022e+00 8.006898490127579038e+00
5.981576640447857862e+00 8.018942468889790121e+00 6.728486669170077761e+00
7.001352140284389236e+00 8.094889083779175820e+00 8.230454910847660344e+00
6.279202675288785007e-02 8.166282833226730986e+00 6.430053704065349152e+00
5.842100542484243153e-01 8.154514527997365647e+00 6.547833795090888032e+00
1.078030860697081206e+00 8.127109604354732397e+00 6.744289486916192899e+00
1.291162119213673742e+00 8.190520983982978009e+00 6.241316685562055433e+00
4.948041631156182341e+00 8.186842598000730220e+00 6.403910543241881470e+00
5.764158161477153541e+00 8.190548433792841365e+00 9.156579583514009357e+00
6.007521920558978934e+00 8.177183597530158110e+00 1.798778290854482265e+00
6.215127309657050958e+00 8.237389307985138132e+00 6.264308069729684902e+00
6.276677862225504612e+00 8.179845264837160457e+00 6.322263781732718080e+00
6.624487286678112596e+00 8.168658643331703217e+00 3.324024347748823160e+00
6.712077360333581488e+00 8.130534986286544807e+00 2.330390225214887145e+00
9.660529349266029797e+00 8.143951551357424989e+00 7.546379651966581115e+00
1.805764697386049278e+00 8.223623207030458460e+00 9.977421829590971569e+00
2.782800014492757157e+00 8.224049727593051529e+00 1.305148285714754497e-01
2.850017049720118045e+00 8.214254005562789729e+00 9.536203546541942799e+00
4.764385973353270742e+00 8.210878380848258828e+00 7.147467391500473610e+00
5.548489585546199976e+00 8.220931754313276940e+00 2.265446503723312244e+00
6.063254154158279619e+00 8.253878839706839443e+00 6.418082092289724150e-01
6.823162485391769394e+00 8.241366666438400657e+00 9.349409449090225976e+00
1.608428907475596970e-01 8.348146460769346078e+00 6.914676063008128537e+00
2.248731596968898572e+00 8.309715420137262498e+00 5.106731075604188652e-02
4.517864612210462205e+00 8.291874052387452565e+00 6.691123939981456381e+00
4.848973005582404738e+00 8.297619628426783578e+00 7.996228246282452545e+00
5.497147493694217957e+00 8.348273937342810314e+00 6.409663351709420809e+00
5.501212336050974372e+00 8.293821442130681731e+00 7.051452985916077054e+00
9.868420579285677618e+00 8.313711964153043255e+00 2.914430411932452003e+00
4.978735947999507694e+00 8.433626532074281812e+00 6.190195170618181031e+00
9.286713079112912439e+00 8.414188177618623143e+00 7.114525808920571848e+00
8.059506159683325066e-01 8.500932384648491436e+00 8.948916462479068912e+00
5.097795342442680067e+00 8.509613500590225144e+00 5.057213497769112998e+00
2.255055899155823385e-01 8.559594662759176131e+00 2.842912659457694335e+00
4.083302252234926932e+00 8.554911112042473675e+00 9.633294211062825241e+00
4.193625073501780598e+00 8.544367335176140443e+00 5.977377068930711523e+00
5.226998160671538329e+00 8.542278117580952568e+00 8.614813205163995846e+00
5.325155327882319156e+00 8.572040775453217520e+00 9.246357999324139598e+00
6.528799377814717531e+00 8.536160057737447460e+00 1.555331589702192208e+00
4.294360707479164319e+00 8.624202229020511368e+00 8.756823405626048995e+00
4.746265279715918162e+00 8.657245919692812208e+00 7.104656776006713415e+00
5.217929146331383272e+00 8.618507226015845291e+00 5.886531876353718218e+00
5.247585036004812409e+00 8.663235601712957035e+00 8.390281828390918406e+00
7.814236470402338597e+00 8.639774498510288225e+00 2.527465902457148417e+00
2.847698298306846620e-01 8.716630020500598874e+00 2.362470559137935577e+00
3.723370112552607747e+00 8.726569525701926011e+00 2.293777793326054137e+00
3.947437507862530559e+00 8.723966588421887991e+00 3.772492017467988124e+00
4.491183468087512232e+00 8.737160075368194612e+00 6.944964398003442341e+00
4.665520095546761503e+00 8.741293361476444090e+00 7.335803908465909018e+00
7.855967763118864688e+00 8.690526578729455665e+00 3.998940886275497597e+00
7.947972233694232891e+00 8.698217061167525799e+00 1.452907707871486487e+00
8.391524420837736642e+00 8.719002327108896111e+00 3.707681957425713382e+00
2.371299754461991149e+00 8.767534691200211228e+00 6.108223404605069184e+00
4.383127236983452413e+00 8.765656506728639386e+00 6.563587400743615685e-01
4.532793168842725429e+00 8.819299261908284393e+00 8.537315604522701662e+00
5.504165667439238518e+00 8.814488735502958860e+00 1.599455825641028284e+00
6.022444187434164320e+00 8.803766365303323127e+00 2.663653340335327524e+00
6.559834736615417050e+00 8.776971710440113483e+00 3.353001859147582753e+00
6.690519058190583124e+00 8.762305708143703242e+00 1.601583203785595044e+00
9.801074522270265987e+00 8.787818235101047648e+00 3.560875990323752127e+00
5.285482050350525540e+00 8.894324316444352618e+00 6.623495571176640340e+00
5.935108702883382215e+00 8.848457325564027087e+00 4.750733906585268507e+00
6.287659944436789772e+00 8.830503112663187437e+00 7.208957728395187559e+00
6.860946473084549524e+00 8.867024522339393755e+00 7.954648704188238995e+00
7.831922090815639947e+00 8.845923465208679559e+00 2.171370817190267033e+00
4.128275903925545443e+00 8.972053202341507827e+00 7.656812962231958508e+00
5.145749741142861211e+00 8.926881993955948502e+00 8.887654118513559354e-01
5.461432291235126968e+00 8.921685668885119824e+00 8.497552758898903491e+00
5.502158643632069079e+00 8.937556987448695978e+00 9.814758318861530384e+00
6.434882295981299904e+00 8.959911661537301342e+00 1.349734990839381643e+00
7.499788341345843712e+00 8.915175388562802894e+00 2.120623263990795149e+00
7.941590451978695064e+00 8.966333125229148493e+00 1.903741779810415924e+00
7.642921957909099007e-02 9.020592669691518850e+00 3.430741725037020462e+00
4.269363851579719427e-01 9.031178478443621316e+00 3.301597016180189303e+00
3.973313439484853493e+00 9.008506582258137385e+00 8.577849462663397873e+00
4.550409909316458723e+00 9.019284847475919520e+00 7.166587827958710299e-01
5.959414697086948820e+00 8.985700270798433920e+00 8.102315060950719072e+00
6.297278391439974143e+00 9.020402408197377042e+00 1.096779929731168668e+00
8.078041654393294024e+00 9.013159908627145001e+00 7.652539703665582671e+00
9.486023453653226412e+00 9.025992681346387769e+00 1.240765519685993912e+00
9.611116475325681918e+00 8.999920587637248559e+00 3.591517942969772115e+00
2.715469214748248206e+00 9.099855176080298591e+00 3.311445283466717626e+00
3.639528731024278763e+00 9.079454668267230133e+00 3.855383270198693424e+00
3.968645026389324926e+00 9.125998457706172573e+00 6.784131820890924480e+00
4.587573571807698869e+00 9.087174822747131842e+00 7.776729656181245787e+00
5.352106712054607307e+00 9.132910098235205609e+00 1.087902099275124268e+00
5.920145607477477867e+00 9.094533884451669437e+00 6.221754516911538246e+00
6.171042468981713824e+00 9.067592272306864487e+00 8.879333477942260799e+00
6.260680367621875853e+00 9.078287291295005446e+00 9.926545715375491241e+00
6.399189856777542929e+00 9.098005492229356506e+00 2.316033196813480188e+00
6.454068068722753182e+00 9.120351209677755477e+00 7.587958778947280436e+00
6.975362854223164710e+00 9.111330865141150426e+00 2.336918798502781947e+00
7.772131049942308856e+00 9.128444323428695384e+00 2.068324663085826742e+00
4.054184983386171837e+00 9.207656374904157559e+00 5.963494558637356668e+00
5.743613833674861446e+00 9.153570067633731711e+00 7.023438954761392239e+00
5.707820884729595257e+00 9.201736778822148466e+00 8.261764400870481140e+00
5.988488170256898613e+00 9.200356767260670310e+00 9.785948982703734700e+00
6.618994711406210207e+00 9.205585764158010775e+00 4.678209078290487710e+00
7.771724509706624318e+00 9.149911064713204922e+00 2.184267925473348804e+00
8.925941326236371154e+00 9.156842227100284504e+00 7.695406847305859444e+00
3.585982668916689153e+00 9.288873297153056541e+00 5.884374556964058200e+00
4.319783301600795156e+00 9.257191261819782468e+00 2.169169059788405463e+00
5.629028121888882907e+00 9.246473407575662051e+00 3.544463609235475321e-01
5.815417334969711582e+00 9.241045326931244475e+00 1.889129961109508038e+00
5.855034994452763542e+00 9.246305288947230139e+00 6.674728108269168736e+00
5.931814997446346993e+00 9.262199173811527686e+00 6.613279085965556803e+00
6.907692726674362405e+00 9.273488839896458558e+00 2.168851624659690280e+00
7.606629199271837116e+00 9.236622539085869832e+00 2.025002501665869481e+00
8.173925139497256964e+00 9.241658846566927821e+00 4.374689038499250060e+00
1.522095105934203607e-01 9.323813811056536949e+00 2.093240052245854965e+00
3.951615711374415696e+00 9.368164520483160729e+00 6.312502170018553516e-01
5.462783364833871502e+00 9.306249622233796259e+00 1.297587607294130363e+00
5.511133213578121470e+00 9.361376204574323623e+00 8.270422772649922649e+00
5.592649335312205316e+00 9.314923777477650546e+00 5.657859751880286225e+00
6.218564501799454192e+00 9.368242889808099605e+00 4.154998540056805467e+00
6.614101811507259399e+00 9.320580864593360104e+00 7.684972425498028059e+00
7.064652433924317521e+00 9.343368978509023037e+00 2.510112997216420894e+00
9.777794630341714921e+00 9.343590321195593518e+00 6.372353236494432416e+00
7.288493921439991308e-01 9.441375544420424148e+00 3.152690993528954433e+00
3.193245701199953324e+00 9.443647961117324741e+00 9.705069243280306068e+00
3.430939281438384114e+00 9.423055559316141583e+00 4.751393261976274651e+00
3.665096297680642934e+00 9.388161334439505623e+00 7.427091774593494122e+00
3.976864071477164142e+00 9.447330328183955572e+00 7.660331082721247853e+00
5.243087145152703243e+00 9.400801696502451676e+00 6.981369987556891310e-01
5.554034224302500711e+00 9.397746091557007020e+00 5.614372002298589237e+00
6.239517520603825140e+00 9.429211843397872883e+00 1.999705099315084667e+00
6.773169179446674626e+00 9.375274754567158197e+00 4.629373552248623902e+00
6.862552041666786451e+00 9.382152250536204718e+00 2.492712005239647421e+00
4.098060497262019375e+00 9.470275295315714104e+00 7.743358135868050773e+00
7.290452667305526546e+00 9.501314399598472349e+00 1.811936811008991288e+00
7.938181788355222146e+00 9.510048632094205701e+00 2.571615073050445233e+00
8.226527726023991960e+00 9.520909974026174893e+00 3.070759676241335168e+00
4.513369710078324104e+00 9.593871137356087431e+00 7.289046074532381070e+00
4.699600775849908096e+00 9.566392520781796804e+00 8.441867276182722923e-01
5.035725569408669777e+00 9.535577236785661270e+00 4.047065212761287611e+00
5.357436142841886628e+00 9.536084414145111765e+00 1.384296481091412900e+00
5.943311828604876723e+00 9.573848900197198475e+00 1.274693469056827677e+00
7.216063868949108340e+00 9.563427638802293629e+00 2.306146588025041577e+00
8.387129892053959423e-01 9.654392493872569148e+00 2.900017644510744397e+00
4.085574031122126470e+00 9.635056997503593124e+00 8.400062410080153086e+00
4.133473512655910120e+00 9.611928756604374513e+00 9.775048243563110972e+00
5.029282807114504372e+00 9.642275439876023313e+00 4.830801970062864825e+00
6.931829955309545710e+00 9.665904564098035223e+00 7.440377740959606356e+00
7.080609445456629736e+00 9.611073625469659376e+00 3.618419815250176974e+00
7.446698868908719682e+00 9.643591396067183297e+00 2.560405149153358817e+00
7.766939837513626266e+00 9.630161776487234704e+00 1.828982688180911476e+00
2.986005916017261175e+00 9.732419638745630763e+00 7.107839125233697430e+00
4.580734991899920061e+00 9.720845992046157846e+00 8.005983751442148133e+00
4.880025868258072386e+00 9.759514469288578908e+00 8.078640156540211947e+00
5.434722362141275909e+00 9.740745096232643618e+00 6.265390246742109426e+00
6.207800599620269644e+00 9.696017483145212168e+00 1.545163868890909731e-01
6.553781991185596567e+00 9.710683246069685026e+00 5.565863083277964307e+00
8.771682090864079129e+00 9.711140191000689370e+00 3.569073925923540891e+00
6.669283869775419205e-02 9.824032325739279869e+00 2.406628913941190273e+00
4.459539232731475344e+00 9.763419371091814014e+00 1.657121416271138958e+00
6.062140120338682436e+00 9.795760392232095271e+00 2.012216608702276144e+00
6.356780373840128284e+00 9.825062382307258702e+00 2.550261751833459378e+00
7.543445815472212601e+00 9.791962470841788502e+00 1.772104868419644319e+00
8.238107748832128152e+00 9.835033195713471343e+00 3.265454500032054952e+00
8.695419268207926322e+00 9.803267570564774047e+00 8.601265695609779272e+00
1.820211785657350756e-01 9.858168951774397115e+00 6.344623815430675329e+00
2.619935866503440902e+00 9.871101976566878378e+00 4.795694468681179323e+00
4.572292051454352801e+00 9.861933820502214232e+00 7.462391314046349144e+00
5.196084185486098406e+00 9.866138501083623780e+00 3.661897679189265453e+00
6.830636062013222265e+00 9.877454900245227876e+00 7.779892657067070338e+00
7.782746413667728902e+00 9.888325125205707167e+00 1.019942184009259956e+00
7.739405020182815953e+00 9.895648335984658317e+00 1.962823451231142435e+00
8.923545987075348407e+00 9.886500338763763551e+00 2.448816422765387912e+00
2.928529534533463874e-01 9.983558568037580017e+00 6.554135644567444352e+00
1.941885080651022832e+00 9.951514078039304323e+00 9.513121270104971217e+00
3.540492628958243237e+00 9.988976640052987577e+00 7.250620996532971319e+00
4.216256976380241994e+00 9.968958388324798747e+00 6.605137737740292003e+00
4.265078756991155906e+00 9.926313540359053889e+00 5.020858478661915036e+00
4.784022187576190355e+00 9.962964316982205304e+00 4.538421702534489732e+00
5.220192979550932755e+00 9.946818189949247824e+00 5.158437084453075805e+00
5.336952757375268419e+00 9.992491505659288009e+00 7.373797351900902797e+00
5.972300251816981209e+00 9.924415876944337356e+00 8.420331579522663645e+00
8.253461797656422405e+00 9.960588731499214532e+00 1.740770436351226191e+00
