2.123289578527068233e+00 3.530468642009138014e-02 7.230480721876035410e+00
3.073388722116385807e+00 2.874149845162960598e-02 5.114475948510698977e+00
5.837513764186041065e+00 5.215742734404513192e-02 7.884211165278902644e-01
5.809725701819527188e+00 8.050263826443884718e-02 2.185537451767425754e+00
5.930270376163221613e+00 9.661972790278142154e-02 3.919070269625836156e-01
7.535978472085993474e+00 4.864985451480399736e-02 4.151465164865006052e+00
7.734412430186462295e+00 9.784491954344790021e-02 3.578140871884397445e+00
4.134898363349801542e+00 1.547609213962095054e-01 7.447474206698331045e+00
4.208845747553541017e+00 1.504832055294640369e-01 8.829235596296456379e+00
5.094381916905497576e+00 1.382241993549228887e-01 4.965258403561679579e+00
6.094850881489664474e+00 1.633747511014800313e-01 1.110661788961673668e+00
6.243632995289432941e+00 1.455137810393206943e-01 2.023740562021349110e+00
7.465769267823080924e+00 1.392212492983510297e-01 3.281192287179918843e+00
8.545061640466023789e+00 1.441104184833089941e-01 5.215383559818906889e+00
9.309902378620844132e+00 1.435124382520254205e-01 6.594178406105484669e+00
9.325687352345857661e+00 1.549210459359063319e-01 7.640386001808709082e+00
2.885794886312828211e+00 1.981995853041937372e-01 4.029494335452922016e+00
3.267424363582470015e+00 2.289607533651000226e-01 6.792632473746484933e+00
4.777985642319420023e+00 2.369761621722099587e-01 4.307161295890116648e+00
5.399677424368178436e+00 2.203310990840147698e-01 9.775422881380064766e-01
5.369823558789858176e+00 2.205721539939822784e-01 6.595845060193735065e+00
5.967183039663043864e+00 2.173053482962291061e-01 5.796430238250158240e+00
6.655376320371485299e+00 1.802821966549201238e-01 2.973455664050383973e-02
6.687150037288930982e+00 2.192690251934822365e-01 7.417218244663098758e+00
7.898000968450421766e+00 2.189941022475972443e-01 2.339677836679854739e+00
8.136227257311539063e+00 2.001672009785983031e-01 2.140290502825979324e+00
3.830605504208568490e+00 3.119699004956381083e-01 9.396699740021463576e-01
5.877849601342466812e+00 2.536994409602725264e-01 2.130624410204629005e+00
6.295930041184108816e+00 3.397009401227190084e-01 4.453798445770463132e+00
7.096604768105953198e+00 3.281933980039006826e-01 2.232206079504631013e+00
7.847574787058178458e+00 2.963197367667326221e-01 2.104693460712191211e+00
7.999211406901572730e+00 2.873387730604209933e-01 1.935972706804910626e+00
7.957590670799530308e+00 3.066896701389643098e-01 5.305435974578348812e+00
9.536469921366450109e+00 2.856654648768531812e-01 1.330134000044228770e+00
3.546806339060012192e+00 3.893070173780083243e-01 6.086069910338755662e+00
5.601635397616592016e+00 3.600989874963189674e-01 2.917022492324952143e+00
5.771665886107827603e+00 3.570739106752207626e-01 2.332408797104041920e+00
6.473311767268304706e+00 3.766931184028844415e-01 2.669683810006449498e+00
7.638447409546039069e+00 3.674438114011807643e-01 2.327771228760827427e+00
9.028248615093380280e+00 4.135673309447508439e-01 5.573171807781253762e+00
6.219931529328560915e-02 4.136379090583390816e-01 2.664810131906649282e+00
5.596505218071524013e+00 4.181650733184024693e-01 2.521251734615198803e+00
5.932072644729309729e+00 4.309696946626366820e-01 9.399677974426820626e+00
7.043842596132185996e+00 4.871229903642918524e-01 1.706256460003230391e+00
9.395497048839567711e+00 4.624673437436789269e-01 5.605798967697114499e+00
4.885999790496036166e-01 5.098880257907941749e-01 2.711884775512732215e+00
5.643255682937715179e+00 5.093887232945941701e-01 9.828028185078132140e+00
5.880196993688002749e+00 5.296927576997924048e-01 6.887923741868593908e+00
6.173852981309687848e+00 5.662164586833412505e-01 4.056072766102256644e+00
6.254231685357038550e+00 4.934030032374352448e-01 1.499996680115198044e+00
8.827703018878981567e+00 5.491105540806100471e-01 8.123854299995054262e+00
3.323298328935924584e+00 6.458966307634794735e-01 7.325632950121417686e+00
4.384236253028301888e+00 6.320881451438224996e-01 7.317528846030639800e-01
4.704058196145933124e+00 6.667463064813005102e-01 5.268703157417611749e+00
5.150569647744056567e+00 5.691654681943313365e-01 9.366457592892645678e+00
5.243878307244817627e+00 6.370339092806491799e-01 3.145818230998080001e+00
5.364605198519236673e+00 6.165274847493430466e-01 6.680566693702378878e+00
5.463691304376436797e+00 5.918867394498485979e-01 7.626738017092872468e+00
7.818195507530444566e+00 6.001020133626033815e-01 5.800736639080565027e+00
8.144574921781734034e+00 5.971271938331577100e-01 1.845522133124018804e+00
3.847241772299052176e+00 6.696921990219326659e-01 8.242521776551499091e-01
4.715189644318732221e+00 1.109966453760981464e+00 5.721422070685283856e+00
6.225068831258412594e+00 6.703307708681744970e-01 4.558012901709360243e+00
9.323133823048369351e+00 6.603406173224856124e-01 6.851859613190095288e+00
9.937802251723768521e+00 7.142337565561708290e-01 2.571067828182257209e+00
6.625572295808747292e+00 3.433948438695398897e-01 4.398921670643034965e+00
6.341939573078135162e+00 7.490668666392472641e-01 2.843732555318567279e+00
6.831853120492867859e+00 7.493254786654459654e-01 9.598527695848687813e+00
8.307246069050439274e+00 8.543392141227832415e-01 7.738179371523724370e+00
9.202887667787088333e+00 7.692648134947634997e-01 3.304858987687397498e+00
1.168526772580388506e+00 8.771932478793050825e-01 5.909432754044933844e+00
4.585142744522318736e+00 8.721036102042698523e-01 3.695200632260464690e+00
4.626915308778644764e+00 9.020008270756100233e-01 6.273112901574599221e+00
4.862938343595959445e+00 8.681380159796392437e-01 5.712661446069541960e+00
4.909026405875954957e+00 8.632347235578562428e-01 5.788724021646155293e+00
6.078417837890373043e+00 8.366056470001158596e-01 4.856492583003222840e+00
6.165596272606796546e+00 8.471902929609496091e-01 5.163855511097147577e+00
6.289865314703288135e+00 7.927757241939815680e-01 2.896487226464006248e+00
6.352682587319348428e+00 8.581885857998133860e-01 9.741867821312730769e+00
9.890608016407362868e+00 8.637302098142882745e-01 7.317635239108427392e+00
4.680624324363280131e+00 9.208818049603496592e-01 5.759601720538008784e+00
5.578054492197679792e+00 9.205188962846366785e-01 6.766782857416386854e+00
5.796834001740277742e+00 9.083668420708728153e-01 7.013608471797548205e+00
6.677566450924710573e+00 8.996481286326100113e-01 4.035673040928896782e+00
8.318319180765106680e+00 8.819196595774966285e-01 7.725326899483215826e+00
8.521574277342754300e+00 9.255834628365864347e-01 3.155159663103168199e+00
9.135470299013618956e+00 9.434518135996177168e-01 4.799504955875276480e+00
9.746766944478787664e+00 9.460460646963603226e-01 4.715216141447601927e+00
4.463676337662215943e+00 9.797378539121972540e-01 6.025099121051945339e+00
4.792998054494290727e+00 1.029293159306232663e+00 6.405461353254979784e+00
8.175390003186828736e+00 9.737495447488458966e-01 3.369236863853597441e-01
8.252543153893268979e+00 9.869736103333082156e-01 7.365421873265991515e+00
9.293530235351617819e+00 1.042859729027791005e+00 8.164286547581070863e+00
3.733873202279306636e+00 1.054787369770738392e+00 5.909816552981747684e+00
4.549745208745492597e+00 1.115566433116002676e+00 6.948596320137120586e+00
4.852645165650169901e+00 1.098624290379343282e+00 5.264437051254822642e+00
7.477168441298742252e+00 1.084488065005015489e+00 5.906802642488651500e+00
4.056311516721638810e+00 1.140915415099287955e+00 1.892273991500364350e+00
4.770176325465880218e+00 1.137793226466128793e+00 3.577255400629596238e+00
4.771776955116652452e+00 1.129844348594183145e+00 5.160700151353220022e+00
5.486927326423566065e+00 1.164458404919844536e+00 6.830814749275666564e+00
5.485143093733819697e+00 1.136514320705473313e+00 3.400902137230890965e+00
6.301265804851038155e+00 1.175941002333037222e+00 1.277437533562287619e+00
6.283553258360832672e+00 1.176942822097729824e+00 7.699227916947563699e+00
7.572379619379641547e+00 1.189085650245917725e+00 7.017883439089884767e+00
8.887793635873009634e+00 1.119714892930043559e+00 1.609623004744762387e+00
9.836060983008067637e+00 1.140622574120562227e+00 3.609489894176623803e+00
5.659740323634350645e+00 1.249789494589639949e+00 5.063274496700854499e+00
8.073040604714796231e+00 1.246798260230875144e+00 1.664997212825020667e-01
1.756224947248265833e+00 1.339399506372468851e+00 9.364532301562789485e+00
5.109551258559168474e+00 1.305524257047975700e+00 5.234842986399479869e+00
6.264682582959231638e+00 1.310523215642343864e+00 5.418340948075635488e+00
9.253692735854867735e+00 1.288756146504075328e+00 4.923605547482670985e+00
9.808470291392954010e+00 1.349338085277015598e+00 8.009525702955237136e+00
5.843297315138638481e+00 1.355599143866782708e+00 4.642455477766906036e+00
8.686780752570690822e+00 1.349150441735740502e+00 1.821072441606418346e-01
7.356337563741703611e-02 1.493344902757551385e+00 3.872700357630595391e+00
4.381717402706668096e+00 1.829941668768466867e+00 3.967104822128329378e+00
6.218974893699472872e+00 1.438161223942741263e+00 6.104389199913251574e-01
6.203040925748413592e+00 1.495494327697655113e+00 6.334897608657051649e+00
6.907381958699797764e+00 1.503542796624731448e+00 5.939966320978509629e+00
7.008124155990548942e+00 1.465127670222441170e+00 3.200734738795699474e+00
7.140769128059291759e+00 1.459853373824709255e+00 3.023025195932167897e+00
7.619853269671517992e+00 1.447802070683817721e+00 6.102135706450060759e+00
8.417383275332774417e+00 1.491620389507414046e+00 7.250388891639964584e+00
8.807073548142684061e+00 1.497871052903002598e+00 7.174902946568606055e+00
9.742813047894587797e+00 1.489481555321446216e+00 7.233160128378468556e+00
4.257899016208607001e+00 1.570635955217674962e+00 7.133118861633395369e+00
4.634319403516317770e+00 1.575187836174504197e+00 2.548572393271760550e+00
5.037169212444290167e+00 1.188907588041663743e+00 2.246790459860526390e+00
5.336269144355504146e+00 1.527901444980025669e+00 7.168848367247516506e+00
5.663446544518505377e+00 1.590207620252344300e+00 8.057403238030854453e+00
6.068810688839029410e+00 1.530950272203171147e+00 7.050705676658461485e+00
6.334834508302991551e+00 1.519807945089533208e+00 7.992564867731424272e+00
7.472644162730822437e+00 1.579038144993816672e+00 8.224181209227719336e+00
8.174073019541324925e+00 1.541726811338109737e+00 6.555406836024136652e+00
9.355481880299782560e+00 1.533003112726385453e+00 4.237638410706167313e+00
4.688421168060278532e+00 1.650428571171929759e+00 4.492171705411509564e+00
5.102363351660432755e+00 1.636467378084731195e+00 2.910465704262399811e+00
5.746026756364115862e+00 1.641972996380664629e+00 5.801974102855154136e+00
5.901733070559075145e+00 1.623523221755142298e+00 3.454249563454342642e+00
8.360361475135375642e+00 1.634936333736833003e+00 1.009746773641508444e+00
4.697546893437806403e+00 1.700099145638921172e+00 5.706101087331251875e+00
5.186892399346993976e+00 1.733490794665782042e+00 2.433550562272697171e+00
6.230863244037463389e+00 1.660864783084599727e+00 5.407905489834039514e+00
8.383842516385861643e+00 1.670308193857347856e+00 6.432944817257221892e+00
8.476196049025995549e+00 1.713379908299038634e+00 5.715501251883301492e+00
7.944063992803803709e-01 1.759501846786130974e+00 5.127784155602251204e+00
4.681916805913388657e+00 1.792038050149071804e+00 6.711535307342112233e+00
5.321025248997914403e+00 1.803791516131596939e+00 2.644463239614686323e+00
6.139167703290211442e+00 1.735440375820735515e+00 3.108872014098172265e+00
4.467720972715387262e+00 1.873893008847486552e+00 4.219486766486746809e+00
5.298342895622352167e+00 1.858591295178468217e+00 2.618256226637344142e+00
5.382430043519205398e+00 2.103795826529612167e+00 3.391149644728455925e+00
6.517793703016229401e+00 1.873695807498582333e+00 6.438981206804928803e+00
9.440820668318664843e+00 1.833328378440473472e+00 5.489670285771543590e+00
9.476952508555234189e+00 1.801315170000161725e+00 8.835002821681978702e+00
9.771436099272957421e+00 1.895705193022617863e+00 8.691960216532624628e+00
5.229134376148896202e+00 1.836643269666568212e+00 2.653218502428363212e+00
5.202239587776515961e+00 1.673323600275493650e+00 4.005557308351184176e+00
9.388842369492147455e+00 1.937830642805879577e+00 3.025665069926695150e+00
9.613386533451688365e+00 1.909720900429573875e+00 8.206559750527615549e+00
9.903022701434068154e+00 1.925361319029614826e+00 5.023812728794598392e+00
3.869865005595585217e+00 2.052750354507596242e+00 5.865653674009673857e+00
4.917387378092383798e+00 2.000609698384517188e+00 1.993237586977373521e+00
4.879719414267342792e+00 1.996322451965713451e+00 2.175259455406410858e+00
5.768714269577950304e+00 1.982256003432228741e+00 4.379075609280091541e+00
6.439464216499386495e+00 2.024825417329315869e+00 7.134676673366877608e+00
7.673326421661997188e+00 1.980689520819846283e+00 3.366033874908707979e+00
7.923198833767225224e+00 2.044871935121435946e+00 6.810089557771451751e+00
8.252301247534338913e+00 2.084023686736515391e+00 7.954428690421673664e+00
1.354145848100227756e+00 2.066251840246013938e+00 6.501169007639166608e+00
4.388431871858436750e+00 2.079277950584733414e+00 2.315570464927779515e+00
4.423710848605174384e+00 2.069499330757810007e+00 4.729236075054496169e+00
6.394208126742906728e+00 2.059072861586501269e+00 1.508727502385541541e+00
7.901321587492549980e+00 2.115160766609931464e+00 5.585152447605797654e+00
9.449353410918567064e+00 2.074029811170686521e+00 2.905655247941733688e+00
6.099652409102156170e-02 2.158037285233312730e+00 5.484397895288917191e+00
4.869739839882836208e-01 2.127408552073912329e+00 4.666008250996206641e+00
5.462412677248623005e+00 2.166819148696438546e+00 1.323400742324220281e-01
6.312741809786558633e+00 2.164534286001663421e+00 6.973742563131855476e+00
7.710966197752917139e+00 2.201341292485766488e+00 5.003468563426563875e+00
1.251537082742119278e+00 2.254511363489523301e+00 4.846932320857796128e+00
8.016204562863189054e+00 2.231655013067550541e+00 4.895643004505157769e+00
8.148109705024557670e+00 2.229569773296784518e+00 5.809314885845099141e+00
1.397312538927397485e+00 2.348116144168999497e+00 2.233795440636581198e+00
4.902209520473703286e+00 2.301724229911262576e+00 7.911092264655017914e+00
5.147067461525603349e+00 2.298273107145754501e+00 5.499568940094754943e+00
5.216801991919560066e+00 2.308064063558597834e+00 2.863002885405656617e+00
5.392817777414354197e+00 2.322643362748041174e+00 5.836882986986431376e+00
6.239051701546685536e+00 2.326155505531319001e+00 8.087547955427348612e+00
6.504007914285645953e+00 2.302175298363704936e+00 5.968359099704883874e+00
7.629691292792973201e+00 2.347825647740868771e+00 7.688789413928419414e+00
7.884597515903493559e+00 2.283461694050028967e+00 4.657584469789018300e+00
8.255080216098400925e+00 2.393541599177481327e+00 7.786254495929436636e+00
9.147359980510199051e+00 2.348021968819386629e+00 4.416134317204376103e+00
9.383322730105740916e+00 2.338854225723401292e+00 5.475344526400512279e+00
1.395300647101825886e-01 2.383130668514666706e+00 6.856620522369720305e+00
6.458377130471554040e+00 2.435850305064866994e+00 4.857353837737125701e+00
7.045242067796248620e+00 2.418200374318477230e+00 1.091885685884218748e+00
8.548685718502490261e+00 2.365423098729392049e+00 5.514298533747961528e+00
3.850199276650919655e-01 2.512140003752196815e+00 3.785376949386892953e+00
1.527632615116636172e+00 2.492758864520796536e+00 6.751038972919771730e+00
1.632444849651397689e+00 2.495117409842600775e+00 1.885860450343912031e+00
3.592799556031039288e+00 2.462128816180446655e+00 2.287927789569771164e+00
3.892835991741344870e+00 2.445415426812950876e+00 5.558272022812913882e+00
6.117144085790005903e+00 2.467250530454782265e+00 1.641380676067285993e+00
2.754620760880001074e-01 2.570355445143261086e+00 3.710001518784492802e+00
1.472262987772636755e+00 2.488969653325587394e+00 2.320350750247953009e+00
1.578721900627203079e+00 2.545346642605885279e+00 6.638098991811782312e+00
2.238050047200689008e+00 2.584349454411274394e+00 3.702786187533633644e+00
3.605932695501461005e+00 2.522023240366808139e+00 2.846386226490312588e+00
4.786110418595257876e+00 2.539674304625497481e+00 6.191210106198466789e+00
7.217072687209245885e+00 2.604506610207163231e+00 6.717751921897359146e+00
7.565360937909782812e+00 2.564792836327820957e+00 6.797288233656218814e+00
8.150564135427094570e+00 2.538367838290156442e+00 7.671424352792127976e+00
4.483057099817676416e+00 2.634036532063654512e+00 5.880740957077474462e+00
5.980554991692814681e+00 2.639789770337332087e+00 5.926671180432755648e+00
7.124738899362670352e+00 2.636785711393269338e+00 6.486503321137552014e+00
7.317417966599350621e+00 2.696579502499620418e+00 8.530039074561033274e+00
8.549545574396448799e+00 2.655227993436590772e+00 8.158132282917598843e+00
5.789073458343935386e+00 2.734253704519686856e+00 4.452360197510773610e+00
5.985633958470911509e+00 2.712730251481943800e+00 2.282302950403568342e+00
6.277749179681089586e+00 2.705441031908295990e+00 4.734219168603585715e+00
6.471133549986912925e+00 2.696934780240601626e+00 7.892933796223760012e+00
6.836500619572522197e+00 2.738058311279635504e+00 6.013029669748266581e-01
7.022830627428956696e+00 2.750688317638899871e+00 6.860646684836456899e+00
8.805168850994416374e+00 2.752182067127009191e+00 8.317545090561971222e+00
9.722744238103094849e-01 2.794165838168790827e+00 6.585086588700901633e-02
6.123751228224993071e+00 2.772086814757190432e+00 2.523472987225993336e+00
6.607643138932685289e+00 2.824018159419028784e+00 7.062082008453206328e+00
8.086640491772305595e+00 2.776990675096193240e+00 7.931581305597482867e+00
8.468715727773783897e+00 2.834358413799526577e+00 8.342170491008310762e+00
9.598191280497745836e+00 2.780611544577634042e+00 5.333270768327665223e+00
1.634471276861667599e-01 2.827631400352974111e+00 4.690149330847575015e+00
1.156977277415642380e+00 2.886950351497381995e+00 7.072441798092516940e+00
3.253324369883789924e+00 2.855626019059712917e+00 3.728943132846914477e+00
5.041824057397202630e+00 2.825172736778581051e+00 5.056163912719288334e+00
5.049148294584316687e+00 3.180640747433807203e+00 1.590109108380613812e+00
7.573673248642274203e+00 2.880601361319818032e+00 7.961362098197261261e+00
8.746330493763689873e+00 2.884054035946242767e+00 7.840528945499042557e+00
1.227052544047242844e+00 2.984264721855726776e+00 4.807641278403619545e+00
3.182136065346861109e+00 2.951217231808342056e+00 6.879848719608219199e+00
4.277784529226265064e+00 2.963547105062803055e+00 6.342883200619871431e+00
6.080392303720565828e+00 2.651333166933414809e+00 2.207829276477010882e+00
7.503163453289632301e+00 2.940187744878468568e+00 5.043032933619304714e+00
8.932077988814080882e+00 2.913755894405157143e+00 4.813183430429329945e+00
9.028433181751022829e+00 2.909604333792624509e+00 5.099719090327127446e+00
1.058747596342530350e+00 3.023795827999124164e+00 6.649831792783737150e+00
3.794564120332185375e+00 2.991817715297659941e+00 6.159064545253263745e+00
4.517493520857451372e+00 3.050874664458613328e+00 2.845072362234048580e+00
5.466261345497600566e+00 2.993812674378300898e+00 6.222583594406202678e+00
6.701164946016922030e+00 3.030593264233943263e+00 5.651223546346630044e+00
6.974943426768771104e+00 3.051130472395754190e+00 7.556199599330561512e+00
7.089888070268352216e+00 3.086562564090231220e+00 9.060477069688978702e+00
7.245846010853536967e+00 2.987326196584977556e+00 6.816146297507967411e+00
7.638565063580395886e+00 3.044771754099863337e+00 5.312747867786320910e+00
7.721796189101688412e+00 3.006525090601524397e+00 7.104823016021503790e+00
8.530724984132877609e+00 3.058733740196883044e+00 8.444768499871390333e+00
8.845651040171233603e+00 3.046217177771809670e+00 5.572652163722195962e-01
8.575236546900984191e-02 3.056806363425439876e+00 6.827453423811647326e+00
3.274462519552126860e+00 3.088472743063861436e+00 4.547000455187973245e+00
3.843026956316897724e+00 3.057332396239778483e+00 2.796178784424156571e+00
4.020785358581290936e+00 3.065639935895779544e+00 2.855894268794413104e+00
5.085496014698752454e+00 3.064230536651453285e+00 4.436760798368158731e+00
6.305511298698085021e+00 3.107794688324706733e+00 7.705501170248489906e+00
8.495351807338829886e+00 3.123145648814366737e+00 9.292765469048413607e+00
9.303342683234824051e+00 3.127689759659779689e+00 8.705166200871587989e+00
9.580893170196423725e+00 3.111259846244910143e+00 3.785324823314635267e+00
9.717846697777451581e+00 3.062337602758240962e+00 5.323956850234219829e+00
9.756614722574527221e+00 3.053293758200638752e+00 5.237735676070904844e+00
2.830687689846232979e-01 3.141708379601224621e+00 7.327264656569081325e+00
1.514129113682246341e+00 3.210549989119562575e+00 6.307381394916509620e+00
2.436807282788978846e+00 3.150682706370812269e+00 6.483829387309164360e+00
4.594101164821779548e+00 3.170554048285841642e+00 4.137307842579253325e+00
6.562591470845995367e+00 3.173914110181995429e+00 7.152785180961731548e+00
6.780900548743827194e+00 3.201751438234228253e+00 8.501346770981129453e+00
7.764822858438483522e+00 3.182678594128368843e+00 7.943777351880756399e+00
8.064306793006423391e+00 3.258139993451342420e+00 8.525426213641228657e+00
8.452807495238516822e+00 3.190823305256543563e+00 6.096145107298486465e+00
8.783105660017486827e+00 3.221536114552963959e+00 7.114639708755055914e+00
9.746506634381205458e+00 3.191341918810018718e+00 7.932832575825150556e+00
1.320348386825231257e+00 3.220668389347331129e+00 4.860697009877796404e+00
5.157179620103212514e+00 3.209708818530128127e+00 9.597383589986430152e-01
5.402342668764461564e+00 3.258473753528095429e+00 6.422727951896659349e+00
8.916865986266605759e+00 3.223454797664524474e+00 4.604377974196774304e+00
6.721583394707039361e+00 3.349305972544704968e+00 2.427301198381885516e+00
6.983202607665637274e+00 3.343815525258908572e+00 7.024966865534267413e+00
7.205102458410703292e+00 3.324060596167207393e+00 7.536542661574763713e+00
7.435709930883975360e+00 3.381779799479617932e+00 7.673565189851441204e+00
7.966323884839316527e+00 3.346000393418933960e+00 7.040195269041060300e+00
8.243205414801579423e+00 3.331019237618183304e+00 7.223665130428186920e+00
8.287474111186737602e+00 3.347332177681060728e+00 8.399777522885978343e+00
8.672105652527559272e+00 3.313524635259355033e+00 6.555430541798955346e+00
1.512102531108522552e+00 3.445428621041904282e+00 4.191307191674788157e+00
4.721218388400009403e+00 3.406695948557715070e+00 3.701213190044133405e+00
6.699132899626967230e+00 3.429560102324028303e+00 8.794811596463752323e+00
7.578942736836845384e+00 3.434470746720478029e+00 8.094587865266795745e+00
7.677683194229729224e+00 3.431030524091464251e+00 5.990280632852904574e+00
8.481768145794067237e+00 3.383134813695781506e+00 7.194310024929649217e+00
8.839676401500131675e+00 3.419615003658166508e+00 5.221618752748089065e+00
9.561007728944559858e+00 3.430752380140539959e+00 4.713142357507710933e+00
9.566481042484978659e+00 3.369020528356440281e+00 8.181642517501369838e+00
9.854608212459964989e+00 3.454818785389729641e+00 7.318183975807770025e+00
6.376265865302648272e+00 3.502730844376247710e+00 7.890970047720906599e+00
6.694919169718756891e+00 3.525904440426319120e+00 2.851295898056167566e+00
7.990674372651607626e+00 3.469426070267244810e+00 8.635572679557778741e+00
8.372770487339202816e+00 3.460649154548850248e+00 6.183349603752393620e+00
8.848077245754593534e+00 3.437238135283312346e+00 5.084912850762512093e+00
9.176937297479614841e+00 3.498613908154935004e+00 8.396423000047638752e+00
9.601061775317806024e+00 3.484513965768559096e+00 6.164917099528958389e+00
1.206054251714873349e+00 3.563336864381394520e+00 4.953876820175824314e+00
1.396959725921479212e+00 3.559713301609539471e+00 4.083290035361889281e+00
2.270266147407032253e+00 3.579470377195062891e+00 5.036934602961994578e+00
5.008662952666577795e+00 3.519118094367956751e+00 2.125968351785142652e+00
5.727003129813103222e+00 3.606190908723163613e+00 3.637807594100195718e+00
8.159557936538675449e+00 3.567711324579720955e+00 9.072337537618238912e+00
9.701773501783364395e+00 3.559296853021872042e+00 7.388279107479251095e+00
3.978250946487695838e-01 3.641221049887187533e+00 4.985830590661795902e+00
8.895286261857466847e-01 3.622700028843206965e+00 2.038648964077162784e+00
1.514420907753053047e+00 3.652043008011594427e+00 5.661099052525310427e+00
1.993482805492334586e+00 3.640175607720084194e+00 5.800309918988142854e+00
4.134844921709023957e+00 3.673350066645609147e+00 4.620840317235307637e+00
5.122258515690941927e+00 3.665011368631619249e+00 6.222207347156080814e+00
5.547649632820509602e+00 3.667325135738755293e+00 4.615501573847448746e+00
6.669044001994720361e+00 3.644117854577979543e+00 7.356784984487958923e+00
6.743075242303819827e+00 3.591625097982141135e+00 2.857574176338259164e+00
6.769253261575507885e+00 3.701851264696614852e+00 6.965843261804414155e+00
7.100419531822199204e+00 3.653709010677748115e+00 6.802915041214158798e+00
7.223842938297547533e+00 3.680354854069579851e+00 8.999240079563488592e+00
7.418142988546305716e+00 3.684670291495636629e+00 8.670180650077632833e+00
7.736190932420502264e+00 3.656993053987166231e+00 7.981900205190834541e+00
5.303439097403743752e+00 3.705342790216268334e+00 6.932791761247091955e+00
5.653515366171132150e+00 3.697053661354164245e+00 3.050541455615383590e+00
6.335859530829086594e+00 3.739498481174447164e+00 6.411350797335753526e+00
8.126559124964837011e+00 3.739558728368760576e+00 5.206479599651755663e+00
3.314377313890544130e-01 3.771797213526404846e+00 5.328086840689955750e+00
3.652508337010919037e-01 3.781737021909231444e+00 3.555819705475729453e+00
1.974970225846799821e+00 3.828979974425855914e+00 6.730135848703930890e+00
4.278507500155288135e+00 3.781412412854301408e+00 4.079028468914298600e+00
4.737234222647736637e+00 3.782965419259979534e+00 2.373165401178772171e+00
5.110914879288440460e+00 3.814501537078162308e+00 3.381018201816843316e+00
5.827358946048182275e+00 3.753335541436543021e+00 3.759927302525337023e+00
6.780288861164851077e+00 3.756156802292166752e+00 6.936257468989978747e+00
6.850630142133103284e+00 3.814111945463691811e+00 9.593810006985936667e+00
7.052352644619346300e+00 3.791993170095846466e+00 6.713989738867207624e-01
7.725562057912089386e+00 3.794163179219931514e+00 1.366969743458415820e+00
7.807899072050796363e+00 3.804783079590108308e+00 6.723021693571245017e+00
8.090598584048546371e+00 3.544796983534213908e+00 7.391559561946310808e+00
9.595160628954007009e+00 3.793839951239580621e+00 5.014101600378137569e+00
7.741550791803961662e-01 3.872010212208414792e+00 6.610693322333503374e+00
8.839986697517470127e-01 3.855819700996208077e+00 7.200676699186515428e+00
7.522729781541196203e+00 3.888976795976685885e+00 7.532999042135233303e+00
7.478645399522322990e+00 3.929583030886451667e+00 7.588287771444354846e+00
7.819858458724986860e+00 4.075795954887119876e+00 7.076847630039791781e+00
7.953351904601917433e+00 3.916902225113588987e+00 9.908744537635007177e+00
8.148459880323272841e+00 3.888611710011699696e+00 8.081260090822109277e+00
1.091714015836650731e+00 3.916776324787603958e+00 7.011275807319499620e+00
1.758593684172198301e+00 3.941304513202489979e+00 2.483768240470479061e+00
4.983102187840414921e+00 3.948513607660348868e+00 3.443627761718611513e+00
4.969698841998859251e+00 3.973616164965954045e+00 5.354206661801887535e+00
5.754022555426198338e+00 3.957421942163523276e+00 4.674961415261559949e+00
6.856656709371289793e+00 3.986211284871893135e+00 6.568062503456842727e+00
7.521955901419835833e+00 3.896349761246957311e+00 7.515816840313261693e+00
7.882251074816939429e+00 3.911631349185522133e+00 8.365868072282646395e+00
7.997071335331696673e+00 3.911513760259381911e+00 6.994845342759093754e+00
8.322883457673819763e+00 3.920967588040817908e+00 8.202454023641028158e+00
4.728390359760048511e-01 4.030449673797578569e+00 7.550162502334267778e+00
3.790484052640788804e+00 4.064158657624848736e+00 6.127321344152166560e+00
4.798791282168911820e+00 4.049994499787127999e+00 5.497928628010365415e+00
6.467759987350325090e+00 4.070125857431473371e+00 7.549966793034460721e+00
7.295849079604327159e+00 4.044638370160842378e+00 9.522028813826313609e+00
7.862248031735115994e+00 3.986636827501900626e+00 9.847857774447787094e+00
8.348679429648623085e+00 3.996944495313389467e+00 8.874707377079893433e+00
5.423613421320732542e+00 4.133634040498426643e+00 1.119526499602724545e+00
7.064986326552340046e+00 4.129930877559350400e+00 8.235416963945041857e+00
7.209194957557243377e+00 4.147590983569875434e+00 2.054680742327869014e-01
5.394614198523720816e+00 4.346530017460429995e+00 7.027769910086858474e+00
9.115527119596158911e+00 3.902761409748533694e+00 1.014117553883966849e+01
7.607306759419040887e+00 4.133774572836352412e+00 2.491266012510063188e+00
7.985462905360558139e+00 4.112550001328718174e+00 8.946427318762387060e+00
8.159973567974233788e+00 4.098144446448952927e+00 1.368908636080967411e-01
8.516920379298726473e+00 4.057832112865306762e+00 8.066930306209659562e+00
8.697152388422439984e+00 4.095861433935596985e+00 8.113851880290859242e+00
9.011747833732389523e+00 4.109280981981651593e+00 9.046408343792315065e+00
3.013904706195540850e+00 4.194966343664674469e+00 8.138032239410028623e+00
4.512964525748636824e+00 4.189567231666289082e+00 3.082195279672049981e+00
5.042921539118516705e+00 4.184446537799201948e+00 5.849846861611137427e+00
5.667611758456817306e+00 4.158458537311600978e+00 5.105995396670361508e+00
6.308259535326352641e+00 4.162733342225999777e+00 4.492577235664045432e+00
6.703976317752655234e+00 4.166307193532834852e+00 6.450752430756645950e+00
6.854390800913845894e+00 4.168453251751740751e+00 6.468591978889596028e+00
7.064508185212691416e+00 4.217337688518681738e+00 8.385949650569264335e-01
7.185871251710620022e+00 4.169624168802664954e+00 9.387044620513378845e+00
7.597832326422135907e+00 4.161822182598733377e+00 8.855732498396680086e+00
8.750570494659847043e+00 4.207279103703428724e+00 9.662347757344470267e+00
9.244576854233976348e+00 4.199064693492476685e+00 9.743038124564838753e+00
9.430144547228831442e+00 4.160471405298359571e+00 9.099597265023614767e+00
5.583227354646006724e+00 4.208487258864784586e+00 5.006383467417373723e+00
6.680593319251800111e+00 4.249070585797967148e+00 3.173687781129942653e+00
7.061803173636747033e+00 4.240293177512969081e+00 9.485352180504859732e+00
7.108482559922130406e+00 4.202849789231142275e+00 8.230347404450185422e+00
8.007211606557927297e+00 4.241775581609444679e+00 1.988409848979304950e+00
8.935900268207042529e+00 4.267364714462565267e+00 8.747819111889450383e+00
4.281927819240520350e+00 4.340973350069393888e+00 4.291423525583782705e+00
4.317157416056778274e+00 4.345643255670405658e+00 5.653893074477745806e+00
4.961487988024067874e+00 4.356152297020647879e+00 4.406214678698875176e+00
5.031426775970924581e+00 4.295510033047067466e+00 3.493172000271180355e+00
7.117343838948891666e+00 4.329392891784657138e+00 7.380905101832302861e+00
7.260347359866111461e+00 4.321133668448817744e+00 7.605129516730350758e+00
7.564927117585749983e+00 4.358881239193556745e+00 2.137631959588148334e+00
8.721424170715708968e+00 4.323591818099853157e+00 7.717334294242505166e+00
4.754850113842989945e-01 4.407779631795431641e+00 8.382900161539307504e+00
1.104102004706876805e+00 4.427091048993021083e+00 7.569421086519396269e+00
5.632075056564096016e+00 4.410469054782800491e+00 7.895062179590490281e+00
5.644143061392902894e+00 4.456667518954867013e+00 6.333943784734437976e+00
7.544969867334160085e+00 3.574195245609406157e+00 6.248382046522539035e+00
4.160755829117630533e+00 5.289561545751693572e+00 7.448377142185253597e+00
8.060074211164121039e+00 4.391782650403525778e+00 8.501325997341963259e+00
8.496683055111221350e+00 4.426092443517595676e+00 4.984352553226049087e-01
8.845836780807839972e+00 4.337730028699497531e+00 6.664173301125841498e+00
9.277038643113987959e+00 4.391462327947868616e+00 8.595600017601340070e+00
2.158158239714968563e+00 4.531912893689775679e+00 7.042042964316706843e+00
4.840173401424098465e+00 4.524908413676773655e+00 8.055000851554717789e-01
5.525721975638750116e+00 4.497758774334547738e+00 8.079701442904742237e+00
5.818821852990893717e+00 4.468405742183888307e+00 7.368224113987224655e+00
5.972333156001231380e+00 4.486098740327811640e+00 4.138228529101449560e+00
6.396506576319141324e+00 4.518163483117477952e+00 7.005983968927933958e+00
8.478776474703680677e+00 4.465696210034082902e+00 9.032707862660592113e+00
8.587797551476324287e+00 4.470160371908474595e+00 2.487072036428630839e-01
8.923225594735058053e+00 4.620282097336850136e+00 6.776859791171388814e+00
9.475480717607611680e+00 4.515904789440847722e+00 6.776616369919048921e+00
9.885497160712612086e+00 4.482750673571657352e+00 7.355345909039620267e+00
9.981183473104014992e-01 4.570126012420069550e+00 5.115808725700441428e+00
6.787838801439556313e+00 4.594983043995948258e+00 7.547240862294161801e+00
7.679238802821922505e+00 4.531834948514709360e+00 9.566533163711318011e+00
8.200841851227638202e+00 4.576323853897084071e+00 1.317402832514857902e+00
8.678553776518334928e+00 4.570383997218334216e+00 9.881571464372123970e+00
2.229705049429294039e+00 4.675562325447487844e+00 7.172689756913711356e+00
3.627814706019930391e+00 4.602260419165731697e+00 3.778829465901156315e+00
3.857596250053560105e+00 4.682657635587170297e+00 6.410823990707903874e+00
7.129126292565839407e+00 4.658574588187421206e+00 7.467669517764250031e+00
7.751611753791285864e+00 4.605406669995006474e+00 2.130124247623808476e+00
9.562825324990054554e+00 4.663052880441520109e+00 6.403163057945588932e+00
2.776726588085840497e+00 4.758760129313747811e+00 8.169465037731953316e+00
6.008396077002045033e+00 4.732395656711720910e+00 9.431019762739168755e+00
6.613562439230856960e+00 4.707782710113320945e+00 8.398017607923588201e+00
7.730278266295780298e+00 4.742463593549274492e+00 8.644171499539398340e+00
7.802254915734637919e+00 4.685527224906154586e+00 3.009632603024616326e+00
7.855335610949114589e+00 4.700099485320959225e+00 9.646175104352627372e+00
8.252468267319970963e+00 4.687878179635688092e+00 5.333747517893108636e+00
9.258486381389381847e+00 4.711869117149798392e+00 4.840010839158023215e-01
9.447220369710926491e+00 4.724113443778335863e+00 6.960735431381793070e+00
9.605049662586303327e+00 4.720233715352205373e+00 7.835232214963387065e+00
5.418864582575059430e+00 4.794355670791272672e+00 6.226904200503116549e+00
6.767399485072938425e+00 4.807964476538391096e+00 8.484220391821379437e+00
6.993699887317164965e+00 4.815295662573446656e+00 8.158692196453248835e-01
7.208991614615347210e+00 4.810859630705193624e+00 1.168429812339057960e+00
7.209051788377868419e+00 4.816381398671944147e+00 6.470907214653318640e+00
7.526906832357298072e+00 4.771850954394698086e+00 8.016521139108750305e+00
7.999875922201560741e+00 4.791104935233614803e+00 3.886587755599351546e+00
8.550692385408360963e+00 4.762582293384035381e+00 8.811008337819252745e+00
8.591142555020788052e+00 4.771621672783743939e+00 7.851963032170039547e+00
2.004270145642995438e+00 4.905375546535304387e+00 8.381219114073529042e+00
5.132305345014398057e+00 4.886526454832170963e+00 4.880289791151907863e+00
5.744840210324571927e+00 4.895978456868502526e+00 5.236167152718545381e+00
6.293875155299300417e+00 4.906800351272809557e+00 9.679281941859766647e+00
6.821147093427485153e+00 4.873306723367971216e+00 9.079025700111186481e+00
6.895558836424501514e+00 4.923020637174233549e+00 1.718419998205933386e+00
7.516961596397570666e+00 4.837476257422580694e+00 8.629436291593583164e+00
7.880606029924224210e+00 4.862305628795429158e+00 8.404364605384945008e+00
8.667449603210139131e+00 4.841503021566103016e+00 8.476592885747884054e+00
9.038334187338257664e+00 4.904226188272835074e+00 6.474476476780010259e+00
6.579921855272797160e+00 4.993781746612034667e+00 4.077594191873913365e-01
6.787494638250828771e+00 4.909883247699871944e+00 8.559860425823799801e+00
9.042834822307804998e+00 4.915468301508243876e+00 6.503178620765110551e+00
1.527581273132781137e+00 5.000840221618322090e+00 3.943362143305170875e+00
2.575862497499648462e+00 5.051058707048933449e+00 9.076875324146957524e+00
4.309204926467514518e+00 5.001480605528008105e+00 5.428144259114308312e+00
5.386756685397388722e+00 5.003819103282099334e+00 1.761465151814559094e-01
5.738316309841728469e+00 5.001615699559991413e+00 7.785415757356683564e+00
8.806979150859483019e-01 5.137854970254602804e+00 5.106522441909316257e+00
2.399897543430419944e+00 5.149616384189085849e+00 7.191649166034448371e+00
4.693014825458825534e+00 5.091221594644252946e+00 6.132275415381188033e+00
5.166589934298993825e+00 5.124993288761221955e+00 5.353428432207999244e+00
5.248802857408029432e+00 5.068692361748434294e+00 3.459040512405070267e+00
6.127398491969004546e+00 5.135088169361456956e+00 6.620148207253093275e+00
6.946601655520010965e+00 5.060649271247591230e+00 8.857605429065115388e+00
7.152824826090084187e+00 5.118349586474387536e+00 7.964764287076795846e+00
7.173742383542117906e+00 5.086169572370502046e+00 9.064703525582848087e+00
7.587083480456775497e+00 5.182478198179133244e+00 1.867232128820395520e-01
7.882592813628177986e+00 5.089660067174429869e+00 6.355980070429088968e+00
4.608611597084760980e+00 5.210135005322615420e+00 9.750512710018636398e+00
5.624079674447721722e+00 5.176725772267471548e+00 5.104164616855882741e+00
5.792034275166967561e+00 5.232924344517744686e+00 9.926482281398270047e+00
6.858493612725363953e+00 5.151354091908845412e+00 1.948494850938619960e+00
6.870589988007058224e+00 5.181313263065511876e+00 9.884599532427712276e+00
7.817000626807217856e+00 5.163448548363344770e+00 4.582246792075558517e+00
7.908389077512108400e+00 5.202120133748129760e+00 3.742648979163272216e-01
8.297232184127222965e+00 5.173904952723487050e+00 8.006097073208209736e+00
4.963247732213973862e+00 5.265844321798871519e+00 5.535414665185779626e+00
7.220822343399254883e+00 3.455404479984026445e+00 6.013312899034383818e+00
6.043009234066798463e+00 7.074684629651039280e+00 8.847051305858444792e+00
6.754766436723100398e+00 5.299850935353131121e+00 9.679265755933760929e+00
6.835491472025704951e+00 5.235952864147900954e+00 7.847470883793486784e+00
7.279499225897718695e+00 5.236791875940156160e+00 6.197162714432650432e+00
7.424118445247300357e+00 5.295652159315553220e+00 1.294223928464415030e+00
7.491563527459621064e+00 5.235260231029259081e+00 8.722855246080568392e+00
7.691151821746189832e+00 5.233686890850667517e+00 2.641045280147118479e-01
4.616048550973288478e+00 5.384141575441281802e+00 7.926413707083496796e+00
4.934946688944638282e+00 5.388063816412321572e+00 8.104776394971141329e+00
5.790808258198879344e+00 5.382556016120929598e+00 4.006934664851857342e+00
7.245229452065936826e+00 5.319844339157799418e+00 8.474248727954460492e+00
4.904338316966883049e+00 5.401925091925192213e+00 9.870992253356380530e+00
5.072559842115904161e+00 5.416221648509161213e+00 5.979265727800700425e+00
6.292125563416123057e+00 5.443277202433066009e+00 6.923812990150896240e+00
6.826610515876160079e+00 5.415471499639391340e+00 9.760769876072220796e+00
7.227304899956756401e+00 5.403542446800052801e+00 9.713352983514338124e-02
7.197369928394205196e+00 5.425912668516975401e+00 1.254536079626014322e+00
7.248917386730513002e+00 5.399943837786615575e+00 7.426242445261036274e+00
7.537653017678652922e+00 5.384823988549607421e+00 6.516990365608434033e+00
8.024829108844077297e+00 5.381079587846663514e+00 7.498215305049587442e+00
8.629723873833354375e+00 5.387872458513015772e+00 7.149964322615854684e+00
8.971403713307111616e+00 5.441368703143122154e+00 9.409142828547318871e+00
7.837374958271285941e-01 5.498922617480292985e+00 5.749823941350552303e+00
2.687541192147468117e+00 5.485198087302865844e+00 7.396821681843044338e+00
4.862180475081909314e+00 5.525731568194944821e+00 8.405105093318370635e+00
5.398249080924612642e+00 5.526520129840957196e+00 4.238088689123133079e+00
7.132630628051956911e+00 5.486110462810572130e+00 7.130389886373001751e+00
7.371797170851586145e+00 5.509028699012316288e+00 7.124946797670141940e-01
8.008161243011763020e+00 5.500193830437296150e+00 8.954715943945180945e-02
8.940793013548710144e-01 5.597069288228185613e+00 6.662246047058475895e+00
5.032029337921589907e+00 5.562306788594828966e+00 2.817388330486772396e+00
5.067811807513123767e+00 5.603135840241973753e+00 9.411357838867775882e+00
5.121580520485194299e+00 5.622556033632728045e+00 8.387497626485316715e+00
6.613109252131510907e+00 5.660017124095537255e+00 8.089648727148504026e-01
6.841266936281330757e+00 5.514941853608915423e+00 9.592380155029298194e+00
6.908834768026027362e+00 5.576897724917890820e+00 1.908808311541978497e-01
7.700245070187552443e+00 5.564407237175345244e+00 1.157705746189642948e+00
8.355948386688579532e+00 5.517096388754928249e+00 8.219066828389749446e+00
3.280605237359643045e+00 5.630790432127022349e+00 8.243186944970789298e+00
3.612263111275861860e+00 5.645322609916194168e+00 6.236220785315003567e+00
6.214923878375826050e+00 5.692129020849836962e+00 7.519731638774420190e+00
6.640367631503806933e+00 5.677470247151405580e+00 8.540546077101324185e-01
6.722388080058438575e+00 5.609392501783071694e+00 8.219341647146720220e+00
7.522285976634941917e+00 5.689320122821260206e+00 6.064911965872026300e+00
8.089222941431120972e+00 5.619179912623243567e+00 7.188331826271053826e-01
8.087751789645107436e+00 5.696882048052160030e+00 5.084614198180108957e+00
4.860252839475683651e+00 5.785096379776279107e+00 9.277163725767493929e+00
7.806116696824913603e+00 5.773963574325217785e+00 4.652327017781622942e+00
2.111586936374083123e+00 5.778164618752619219e+00 7.468805657017098198e+00
4.721079766289159707e+00 5.833447610928576665e+00 8.492844593685106247e+00
5.989531678156022387e+00 5.786858487223463854e+00 5.468840154116957564e+00
6.398522948442180613e+00 5.820275127719549246e+00 5.659274114357524255e+00
6.668794032597296528e+00 5.794973634021127751e+00 5.010886441171948036e+00
9.170260565109458639e+00 5.814481086388969544e+00 5.502530824656409747e-01
4.833549958040626926e+00 5.872723287907906986e+00 9.326713980134902826e+00
5.814972832760266996e+00 5.885941697155166352e+00 4.299031898417386977e-01
6.354346420481458146e+00 5.883623245830516879e+00 7.144193177920487692e+00
6.659502591924936432e+00 5.855419338231324211e+00 5.441030655819377726e-01
6.727215633118429849e+00 5.915055532062344135e+00 1.608672099297031144e+00
6.906116943112709627e+00 5.906486070957261525e+00 7.429772609297330410e-01
7.582906269219479967e+00 5.876335182577440364e+00 4.167537715796944653e+00
8.400269032426564308e+00 5.834984495243633162e+00 7.666850069274668833e+00
8.704785914960632809e+00 5.846325502822785403e+00 8.004281677705421316e+00
3.489573852726232106e-01 5.957660846801852372e+00 6.711426736871430876e+00
2.779833814394480740e+00 6.013566148770591369e+00 9.402082861039287920e+00
4.665168632068996679e+00 5.964593401223723390e+00 8.909973728508948199e+00
5.826874487178669071e+00 5.950382105818227352e+00 9.523758316479209896e+00
6.986099997569725772e+00 5.958160719756582679e+00 6.948996537698225451e-01
7.956017224680060451e+00 5.993529581838347831e+00 4.333367206968762986e+00
5.606755697468922328e+00 6.233674985499335186e+00 8.733112883126976200e+00
6.459087354006158854e+00 6.083114568129051491e+00 4.368029719496069774e+00
8.174939749057825722e+00 6.048105634600689839e+00 3.108840229251985665e+00
5.231754224768806694e+00 5.937281408493879198e+00 9.119561117823685947e+00
6.802302880358325865e+00 6.077213545152494234e+00 1.530126063669210890e+00
7.067841925980308915e+00 6.125271625321278890e+00 3.963815405657329372e+00
5.741390158081691730e+00 6.198398607305515284e+00 5.017162194871719549e+00
5.748446619344907305e+00 6.222332526491799243e+00 9.782018457608657513e+00
6.851444958674203889e+00 6.207947758238709035e+00 8.655060089997382633e+00
6.880655805554286353e+00 6.199241254658406142e+00 4.669913495341301291e-01
7.863469593797588253e+00 6.217402205563689499e+00 5.027002995696529197e+00
4.717375667615305579e-01 6.315416907521825607e+00 1.310551335361220815e-01
6.087430937663319774e+00 6.248019986957649152e+00 4.153106936061408128e+00
7.096221052119408235e+00 6.247270902049631758e+00 4.368557747904910471e+00
7.540230096694708450e+00 6.298734683968040926e+00 8.114923490317721644e+00
8.520040645979833016e+00 6.294331697453456442e+00 7.157321797939804497e+00
9.021474070591279926e+00 6.316824093008421848e+00 1.896727338380900463e+00
6.363718711865798738e+00 6.351533366299187300e+00 5.097460476005591934e-01
6.340026245369418945e+00 6.363705433679903045e+00 7.025610611354178303e+00
6.458522234026536246e+00 6.371324570280138211e+00 9.527879155914476428e+00
6.962747177767324658e+00 6.378373947305773228e+00 9.498635038061287617e+00
7.227823381473593045e+00 6.390080100375478800e+00 5.301955124025123034e+00
8.082028468632664442e+00 6.361810847909518785e+00 4.694891732612872737e+00
3.402975383884498939e+00 6.428597937466427936e+00 1.709197313560341658e-01
6.110772234109829171e+00 6.422267238813950563e+00 6.051463562630767790e+00
7.043802518335558815e+00 8.970396802559177374e+00 5.777079074805113734e+00
3.936819762840504389e-01 6.493782199027418045e+00 8.280027519855833518e+00
4.735306598071208128e+00 6.516600726839063107e+00 8.794887240255162553e+00
5.420395548764974869e+00 6.527644172780875387e+00 8.042494781882286503e+00
5.669709378328485094e+00 6.476845818493188744e+00 5.047755006748813500e+00
6.428406905505827496e+00 6.556243799436208164e+00 6.904913852702945221e+00
6.558030864747686373e+00 6.513076278815129072e+00 5.672711329283767867e+00
6.904271418342636579e+00 3.971248187658702022e+00 6.416052860277305925e+00
7.892099832297487794e+00 6.511869191049417083e+00 4.224392600779140139e+00
8.266067273035623941e+00 6.473613728658484945e+00 6.692553303836545453e+00
4.445322681361556505e+00 6.618976172143275605e+00 6.160708223586464527e+00
6.303753364763450939e+00 6.553890420795319471e+00 6.500001687912135395e+00
6.654257023969602614e+00 6.562426165152650093e+00 8.211412848984899426e+00
5.877445722312450549e+00 6.646349122138619059e+00 6.952459034973847096e+00
6.047901322069826335e+00 6.752046686789130447e+00 8.049551338802018563e+00
6.440210260457113201e+00 6.703965500566691382e+00 8.522290254446154845e-02
6.497313893510533234e+00 6.672983021471996068e+00 6.938538255070906935e+00
7.692239907440375113e+00 6.675938045407395549e+00 4.575649991280728912e+00
4.585426213392706174e+00 6.749967403328835047e+00 7.474651936808463404e+00
5.551367742912073133e+00 6.737249675200873256e+00 4.757760466393787246e-02
5.560501700074121700e+00 6.769964031663834092e+00 8.562339885288036356e+00
5.746149578412333980e+00 6.791729439407935942e+00 8.402110520225312129e+00
6.310709440876142828e+00 6.736775275079731173e+00 6.644718994986594796e-01
6.278216418451677328e+00 6.755022107811198495e+00 4.905388331259596058e+00
4.778589863015274553e+00 6.860447645517058213e+00 8.002738967213490540e+00
5.741662444933176346e+00 6.822263103202363510e+00 7.216277485464693831e-01
5.782288573256612274e+00 6.798777257178148403e+00 5.675458384040076965e+00
6.381627974466535846e+00 6.821492143433939503e+00 3.961828157274410511e+00
6.463248619493693781e+00 6.844078656035959440e+00 4.440395200418711497e+00
9.605132107551629161e+00 6.864659465407349614e+00 1.005974469900455359e+00
7.353110246816713103e-01 6.898709085572357402e+00 6.210012353807657703e+00
3.747806883361552543e+00 6.926253342952580105e+00 7.519664922998304135e+00
5.258868544417087953e+00 6.885253040588576567e+00 5.837268548041219418e+00
5.371760432736981450e+00 6.889263407605429101e+00 8.743431144836980806e+00
6.040695971157235000e+00 6.919756515931731577e+00 3.870467672279501059e+00
6.084009299222191913e+00 6.870707036398537859e+00 8.054126540809322776e+00
6.201309137064711763e+00 6.899294606259194218e+00 8.288677647662584747e+00
6.672280651395594120e+00 6.928593955342182475e+00 8.561029070006423325e+00
7.147234016751610852e+00 6.919127070217503395e+00 5.299665703134889938e+00
7.592361240723043636e+00 6.915116042705754751e+00 8.008419371173614465e+00
1.129955779230721102e+00 7.006934899934322836e+00 7.667237897479324715e+00
1.467510367134648774e+00 6.996596058461816092e+00 9.299202176444200774e+00
4.110868736054693606e+00 6.990273496160430255e+00 6.518948711731529677e+00
6.711583055011514531e+00 6.964629330584024558e+00 8.598428457453268337e+00
7.470404447442894558e+00 6.976710258029586775e+00 3.558260829304367157e+00
7.445948973995237807e+00 6.943463914935253278e+00 7.974369616956439089e+00
2.142078639947206931e-01 7.102878336359337297e+00 9.211152701992688208e+00
4.268274856026246233e+00 7.061509041327517444e+00 8.689059880716193618e+00
5.165798179956617275e+00 7.120819675234660195e+00 7.039537779570167686e+00
5.269413427032299424e+00 7.035730784430603180e+00 8.989031412908088825e+00
5.406964500662438944e+00 7.079816034046414686e+00 5.279681706696354837e+00
5.324329018557648396e+00 7.049640622082439911e+00 9.066144646591862255e+00
5.511262317180156245e+00 7.045509037734950297e+00 9.713089743133300757e+00
5.983154686388078680e+00 7.018206753477363335e+00 8.165802377621073305e+00
6.570425990131403715e+00 7.024102692302679252e+00 5.220277454052896005e+00
6.552570807564675803e+00 7.038465466778398572e+00 6.794390894178978790e+00
9.417898464007599557e+00 7.092494081165138020e+00 1.940109185303924288e+00
3.575511404020228490e+00 7.182374331200318984e+00 7.727686593042788488e+00
4.628184159658614405e+00 7.149243207390798105e+00 3.944996127992742352e+00
5.500891900199931683e+00 7.161977075660821868e+00 8.602058299416261988e-01
5.889821180683943780e+00 7.105114256230185887e+00 9.071233764287972789e+00
6.260672432941406740e+00 7.106524942369617293e+00 7.751143213636338958e-01
6.857186852120349840e+00 7.158168161969049592e+00 6.497919521560877598e+00
6.838966519132839039e+00 7.112132658648243400e+00 8.687953950390362223e+00
1.441595872502526188e+00 7.244061128844720088e+00 8.994104403844479734e+00
3.886159348487304488e+00 7.212397573276753349e+00 7.549644423504217272e+00
4.369151182016856261e+00 7.245879199101333157e+00 1.251443003926221653e+00
4.689209197711544874e+00 7.213594016138907605e+00 1.972169928859721644e-01
5.056619803957461912e+00 7.246941045980596741e+00 7.074494096835657331e+00
5.366577168220175054e+00 7.223566220833701479e+00 8.605927814334289883e-01
5.821326667168077229e+00 7.208149015418626959e+00 3.756810373874215347e-01
5.894162258444418434e+00 7.263591672761823048e+00 9.590346609538922706e+00
7.013226917164567809e+00 7.183083371664623407e+00 4.854611288806708558e+00
6.713010904819932456e+00 7.231379800665351354e+00 6.915892085706928150e+00
3.369913989858510206e+00 7.340345141023527198e+00 7.740090008585864823e+00
3.735552393236052815e+00 7.322667687028651784e+00 7.699117072955289132e+00
4.734118789631810209e+00 7.403110301917909197e+00 8.028013134150747021e+00
5.608777429765706479e+00 7.370906702621204509e+00 4.700980328535301567e+00
5.607175419904392832e+00 7.388105134594180612e+00 7.560041977049282380e+00
5.889168627859101335e+00 7.310351747087161733e+00 9.594853850615230328e+00
6.966355802307248268e+00 8.890686614248295427e+00 -1.116833959896728734e+00
2.151686876297430606e-01 7.482080187632419666e+00 2.583137836198945991e-01
1.837082745864254907e+00 7.460278157198285243e+00 8.758233081182165591e+00
3.995468507967640193e+00 7.431408714348804345e+00 7.274272248989540834e+00
4.772748209863242330e+00 7.481403047252852545e+00 8.530058594542303751e+00
6.139194625902655744e+00 5.958774832921270637e+00 1.769363084643604811e+00
6.567827987239533094e+00 7.410699346921070685e+00 6.155418446763513129e-01
6.824527379775919833e+00 7.451165637675635445e+00 6.727761939494181220e-01
7.896698230340327918e+00 7.426797699040142753e+00 6.235148758876572828e+00
4.519497799041740649e+00 7.571891671849973804e+00 8.917619928449980193e+00
4.486944844130044352e+00 7.555034893112643424e+00 9.886768114431408350e+00
5.862942323713719261e+00 7.537655452079157214e+00 2.880117007909484883e+00
5.801957112646241477e+00 7.541270590325707346e+00 5.194881142769623317e+00
6.099213116611949204e+00 7.543615313009341961e+00 4.241492019170704175e+00
1.070438014270457483e+00 7.617764354988648456e+00 8.221990747709261527e+00
3.766051561568627193e+00 7.623796121215157484e+00 1.182241205677954765e+00
4.834264848025054739e+00 7.632699243079123619e+00 6.720851185942821715e+00
5.935168545450382638e+00 7.623400183064023672e+00 6.825300488035478175e+00
4.186427880804940216e+00 7.664172639773497941e+00 6.473174031280401586e+00
4.451503184112864275e+00 7.682815481980696859e+00 9.643801838428634809e+00
6.352063490381897992e+00 7.701873290727933252e+00 6.202202931346041836e+00
6.436619756910969770e+00 7.637743741895452132e+00 8.338784881257616632e+00
7.335741226833249584e+00 7.698572613154092359e+00 4.062433157696520247e+00
4.041501093251439691e+00 7.858565567991375289e+00 8.175253331086455688e+00
5.185654204919440069e+00 7.794933003592257492e+00 7.297101654946207105e+00
4.716419204552718014e+00 8.321981568326613399e+00 6.823755145106483511e+00
4.563282703673007035e+00 7.862275274385535084e+00 7.289566831185071649e+00
4.863786281562980207e+00 7.884242027110079043e+00 5.841983514122034649e+00
4.933141607354471603e+00 7.841594369721885727e+00 8.913381456315944362e+00
5.054436341675121014e+00 7.861239366578970156e+00 8.755971924783613469e-02
5.094372474705888720e+00 7.861633707334021892e+00 1.609305025080888907e+00
5.399481196273816508e+00 7.818814895121009911e+00 5.128168952194911867e+00
5.428885943974639972e+00 7.835172982103684625e+00 8.412955987593147000e+00
6.588919213404755837e+00 7.785836465330019607e+00 5.990030021383677017e+00
6.581037863854878545e+00 7.808809193485291900e+00 9.572403234001948036e+00
6.975950155716219570e+00 7.857252955883526901e+00 8.344757817200292749e+00
2.764819931038602352e-01 7.949310651191368926e+00 2.115876142944996374e+00
3.382997491367757625e+00 7.432759430311692839e+00 9.463588514287767595e+00
4.597564648356367023e+00 7.938959061466291267e+00 6.496109963196982306e+00
4.727768094188889769e+00 7.898394522051720656e+00 9.092735593875929112e+00
4.917092522110843689e+00 7.908954026172345664e+00 5.863489467138315092e+00
5.283477508316982707e+00 7.889071703832832405e+00 8.867978273298428249e+00
5.272377797202318028e+00 7.898122255823583515e+00 9.185086627632800926e+00
6.099296809136192543e+00 7.863580492958959667e+00 9.486214403850269150e+00
7.846085664626204270e+00 7.869927891295334987e+00 6.451619916635683794e+00
2.007232850663101864e+00 8.022479861606830909e+00 9.952909447649549435e+00
4.042736899658304850e+00 7.928173628646018045e+00 8.100643145980846782e+00
4.014896431339101568e+00 8.027319174500382459e+00 8.035876234770630289e-01
4.982061481525428270e+00 8.005369952264945965e+00 6.125872145680741454e+00
5.541428842530359056e+00 8.017653565607751887e+00 6.520283311967408402e+00
3.215478702211463258e+00 8.064329474419341892e+00 8.754029691275540870e+00
3.525818985448633480e+00 8.109558453931661859e+00 1.051475773680108361e+00
3.882626845065709098e+00 8.063921564879631632e+00 9.123473529764950740e+00
4.996081010706022951e+00 8.028944484759460209e+00 7.234304993261863714e+00
5.301605845919784343e+00 8.098781716951036103e+00 7.994897054193133457e+00
5.425269915809358245e+00 7.479984223121439513e+00 7.803455147332481801e+00
6.972175472323556278e+00 8.047090562671261438e+00 8.224648360127977398e+00
9.159104057682164457e-02 8.158777166204000508e+00 6.435856499820905796e+00
6.053579037096592508e-01 8.145196864936464110e+00 6.549891049917155428e+00
1.095811059210376914e+00 8.116671827845497234e+00 6.737527687508739760e+00
1.309430499359046207e+00 8.178572580182613905e+00 6.248429083124265482e+00
4.961644514007661932e+00 8.165384968347488837e+00 6.402705980783670370e+00
5.749356092850559818e+00 8.160470090595577375e+00 9.121440235036494926e+00
6.012690710420457663e+00 8.175848339530160658e+00 1.813811878807653155e+00
6.761632756132442523e+00 8.704721856147040526e+00 5.194353251231351720e+00
6.229452270445593243e+00 8.153613862687974390e+00 6.328052070587625089e+00
6.619380061336199716e+00 8.158612077241148341e+00 3.333648296758942031e+00
6.706053696795813757e+00 8.130230007183747887e+00 2.341817796191973500e+00
9.631997631617187139e+00 8.128914148624183156e+00 7.536723764964555095e+00
1.837080963726955396e+00 8.199836984662818296e+00 9.957391537804747728e+00
2.793269091243359981e+00 8.217109158375215827e+00 1.474738706035732538e-01
2.872820606482461514e+00 8.201125081777671966e+00 9.511857938931997936e+00
4.790098538821052188e+00 8.182909419241559235e+00 7.145826290110381507e+00
5.563663814717273226e+00 8.213502118418798403e+00 2.273691635518938714e+00
6.063274780094644711e+00 8.241112098802911845e+00 6.706294537779741161e-01
6.797388086203651980e+00 8.211962056762006412e+00 9.319137069251832273e+00
1.858669037062464779e-01 8.334924384270010478e+00 6.904966454697230915e+00
2.266514787860083757e+00 8.301695996056345450e+00 6.687284186803454933e-02
4.556140737972067534e+00 8.263674485821418614e+00 6.699930003408197443e+00
4.864954277207148792e+00 8.271232545197797492e+00 7.980298156544700205e+00
5.488437219594082705e+00 8.310411133723341948e+00 6.423354750786343104e+00
5.489141850441859205e+00 8.261955831436054609e+00 7.042146023235142493e+00
9.843805694625322289e+00 8.305537920601437918e+00 2.924645427375939022e+00
4.995580747392087240e+00 8.387173609635045324e+00 6.212702242950567388e+00
9.262172253292275670e+00 8.394516834172893738e+00 7.112104155422469987e+00
8.269473377626781474e-01 8.487939474974206533e+00 8.938079716823267518e+00
5.111787490255121469e+00 8.485168803815257732e+00 5.079818629044678069e+00
2.428841559618408752e-01 8.559432357714930717e+00 2.846840331776113953e+00
4.102151098949920360e+00 8.530982833492194217e+00 9.595546394082443697e+00
4.226722722534280940e+00 8.521473084214164828e+00 5.996253787290506843e+00
5.233135956130954725e+00 8.521428178176631008e+00 8.568010449213216972e+00
5.328398069416357075e+00 8.536242951473585805e+00 9.204857777663495000e+00
6.531525850815144807e+00 8.550371531245687606e+00 1.578993569017586918e+00
4.321399103440866085e+00 8.599810990668775190e+00 8.720885655682236504e+00
4.744690269918875991e+00 8.624673239375265865e+00 7.114064744447210487e+00
5.221229303205684680e+00 8.581170858129089751e+00 5.913642499236404504e+00
5.252524355827684843e+00 8.625727682849413824e+00 8.388721463414356094e+00
7.789917400847624407e+00 8.647944828849162491e+00 2.521721624363424397e+00
2.985740129135541210e-01 8.711051480063023433e+00 2.376811451947389298e+00
3.743064150015944502e+00 8.714447377714854781e+00 2.304421351138490337e+00
3.961955425807109243e+00 8.712851090696563716e+00 3.786386508964667552e+00
4.530624533169265611e+00 8.695856599674911536e+00 6.960905814688668869e+00
4.685306327588164343e+00 8.699271479404504959e+00 7.307252725410261718e+00
7.839551588109414659e+00 8.673943856207072756e+00 4.000856269377369934e+00
7.923728724234609722e+00 8.697022279106299436e+00 1.488182658057557894e+00
8.365589190327131774e+00 8.706007977360503247e+00 3.712294969149566359e+00
2.396395809555651013e+00 8.751498072957332397e+00 6.112103074312600803e+00
4.407289806313388958e+00 8.767166128089147747e+00 6.819177112134664487e-01
4.545110906617421342e+00 8.781374525261490760e+00 8.513819659508412130e+00
5.518911873903901366e+00 8.809094020352031151e+00 1.609786139053573262e+00
6.035106201064911247e+00 8.790707046406959435e+00 2.665359365275721704e+00
6.558334454740378128e+00 8.757439915892140547e+00 3.356063146203084546e+00
6.669392774947727531e+00 8.745892023116823566e+00 1.620155141935865961e+00
9.765101231997839193e+00 8.787259613469467823e+00 3.566164485535797901e+00
5.290555462827772004e+00 8.851077471069340064e+00 6.627920856967724816e+00
5.934063042405710142e+00 8.824116779104283381e+00 4.764448145574795568e+00
6.265495138011086595e+00 8.801884711703220177e+00 7.206049561444867635e+00
6.831314205639314352e+00 8.839400631176113521e+00 7.936645464894041879e+00
7.791270381646917542e+00 8.881264242817044519e+00 2.169566922037327927e+00
4.162548550372275891e+00 8.953219424912385094e+00 7.647424921342556914e+00
5.162919563344413376e+00 8.927278721031758124e+00 9.177358838721239032e-01
5.453825158935154960e+00 8.878959272135821479e+00 8.465332623046984750e+00
5.506271865145511590e+00 8.909606882493671165e+00 9.775712200330792356e+00
6.427030922324199480e+00 8.941798341724688015e+00 1.371305824221913161e+00
7.515516792527866308e+00 8.937537990839301116e+00 2.135431742328039117e+00
7.882337830659715827e+00 8.974374735618621202e+00 1.954154962230126191e+00
1.046719153157766868e-01 9.012461443060567845e+00 3.427318661007805911e+00
4.351560812712135240e-01 9.024844529958908623e+00 3.304292096311004290e+00
4.005537939925815749e+00 8.975912712722477593e+00 8.552700822715287643e+00
4.562083949909611746e+00 8.996814990104923027e+00 7.377044698289043634e-01
5.936494820630949576e+00 8.957303509614897408e+00 8.091417376681153684e+00
6.299197042692947335e+00 9.000145320759532552e+00 1.142956273765276531e+00
8.054471033049134476e+00 8.987675302050547543e+00 7.643665851095655661e+00
9.465601252769305418e+00 9.014772790848564199e+00 1.256500897281324747e+00
9.598407178057579259e+00 8.972138302778500218e+00 3.593094136610314848e+00
2.734030912345928321e+00 9.085298279374990571e+00 3.321800646778023669e+00
3.660998886548196829e+00 9.057689522293005169e+00 3.866385510812722082e+00
3.999984077232901392e+00 9.095692400202048944e+00 6.792291722859585157e+00
4.595505570992637345e+00 9.053037031769031628e+00 7.760099793392120304e+00
5.362300900156886208e+00 9.125152080292489032e+00 1.114469822877888650e+00
5.903771275914438732e+00 9.060367056140085751e+00 6.240584754684535440e+00
6.152277826078938361e+00 9.032249885517561694e+00 8.850173977737476605e+00
6.238171338589087789e+00 9.055517402331858534e+00 9.888133125902095699e+00
6.411201627718027041e+00 9.086652506166982946e+00 2.319585114974425544e+00
6.444169595634543057e+00 9.096572914146408451e+00 7.584374670532863405e+00
6.971154980942119828e+00 9.140489349589520529e+00 2.337323686035737147e+00
7.884098337785155231e+00 8.972295846468213654e+00 1.746029970576297163e+00
4.073622100008201130e+00 9.176835542628971609e+00 5.975540978609809706e+00
5.739284091937808974e+00 9.113332373814392540e+00 7.005098293839186141e+00
5.685089138686161725e+00 9.165586674925101818e+00 8.243571532315728589e+00
5.988284970286153808e+00 9.163580469774929682e+00 9.758659715186256634e+00
6.623494066619065812e+00 9.196881519620438539e+00 4.677641489849611034e+00
7.566789068801215379e+00 9.265822017450108916e+00 2.503140634169610301e+00
8.902902381723952985e+00 9.134400956280522621e+00 7.686862627561211525e+00
3.617663413177495624e+00 9.261694632390401694e+00 5.895020802487694667e+00
4.336463759030282361e+00 9.238999749686348295e+00 2.176883116713498545e+00
5.628069809326792239e+00 9.229551347415293705e+00 3.905395177408332863e-01
5.831703439949401435e+00 9.221256932608431711e+00 1.896669057413280957e+00
5.741500726882962979e+00 9.169076876525231512e+00 6.815955566581476610e+00
6.013191163537824124e+00 9.245140048927364518e+00 6.477615359682339147e+00
6.922701351604851894e+00 9.244664649469687134e+00 2.217669440716264262e+00
7.630102276883287793e+00 9.188148754742359259e+00 2.069967175626315381e+00
8.153554573968591512e+00 9.217217713068528440e+00 4.371644009912373008e+00
1.667770096794087276e-01 9.314614235117554486e+00 2.107652797010824752e+00
3.972321717333342050e+00 9.348690606447176421e+00 6.509853065635674563e-01
5.461664331063115441e+00 9.289592032585158421e+00 1.309385564406807978e+00
5.525223522705905665e+00 9.298820668547008950e+00 8.251809701043661960e+00
5.493167177983889538e+00 9.504767470609786884e+00 5.538522914632297400e+00
6.218955172636965401e+00 9.338518146735514946e+00 4.166446143894152243e+00
6.584861874237706303e+00 9.271659842217971459e+00 7.667606425807948156e+00
7.028263464031523355e+00 9.322196855732688192e+00 2.480207725501125893e+00
9.756633631522104722e+00 9.325155636493979827e+00 6.371166271510143808e+00
7.410063867275618055e-01 9.431608859250619759e+00 3.149920659691621605e+00
3.210554327992293011e+00 9.422418372371563322e+00 9.683491625973402961e+00
3.451132349801884658e+00 9.401910203861605808e+00 4.760806583330075448e+00
3.708505626858483062e+00 9.360452959426421415e+00 7.428175257056400582e+00
4.012330330158194514e+00 9.390459493606424957e+00 7.644346395618587309e+00
5.252211167538986203e+00 9.371332373586202635e+00 7.324783211951593209e-01
5.651181435901345473e+00 9.133773485251825974e+00 5.761884212430988583e+00
6.242923180718189080e+00 9.401784634670644181e+00 2.014955049512578533e+00
6.741616139825157283e+00 9.325704983545044513e+00 4.638815028151639375e+00
6.909314989819190345e+00 9.338383254267583311e+00 2.475303028105031000e+00
4.117411954962304499e+00 9.446728276645176337e+00 7.730244258572999350e+00
7.296936449427811056e+00 9.474837207546576323e+00 1.851350621457344747e+00
7.906321860340512764e+00 9.480803879193965500e+00 2.565967837726493173e+00
8.203027460721521891e+00 9.506160872866928457e+00 3.073279020847083931e+00
4.524395033626602114e+00 9.558443570727733984e+00 7.299575736278201887e+00
4.717076288813419005e+00 9.537156055721066394e+00 8.643185953249402642e-01
5.046310830878703690e+00 9.513858896005222832e+00 4.059656773559154885e+00
5.379317574511767397e+00 9.485162379898486762e+00 1.388286689627346693e+00
5.939830841197121458e+00 9.538597004299777637e+00 1.299567960261511779e+00
7.208483249325560394e+00 9.512025489371891851e+00 2.320103043774706553e+00
8.446896922350368708e-01 9.632478083597211693e+00 2.914817024669213552e+00
4.107736510067756086e+00 9.594563347058748803e+00 8.372983809578833814e+00
4.143403202498153526e+00 9.585043841045148838e+00 9.748473320108500317e+00
5.037260307419152205e+00 9.617175130368163849e+00 4.842747088843021075e+00
6.905324064707782483e+00 9.628558245276700234e+00 7.443072025148200765e+00
7.072251128699419631e+00 9.581038614006603282e+00 3.617830047026405538e+00
7.428082494478068121e+00 9.598315772693162273e+00 2.543863981130726426e+00
7.726404705129463757e+00 9.613181410492099843e+00 1.862691078336527140e+00
3.016858698824021356e+00 9.706239778717273836e+00 7.106698709514152057e+00
4.599714734526141768e+00 9.675325591148272508e+00 7.987013795866902299e+00
4.869555111179493245e+00 9.710922084691688383e+00 8.055500074211797923e+00
5.437847751709384170e+00 9.691444047572936427e+00 6.269566388411099922e+00
6.203270599865789769e+00 9.674359567164945162e+00 1.824070830697181456e-01
6.538366751240221930e+00 9.673914306478611280e+00 5.569563790484696852e+00
8.746123906271812132e+00 9.687815777458796518e+00 3.567516188710434299e+00
8.259867785982141775e-02 9.807657100335847034e+00 2.413939554208596849e+00
4.476281461821961294e+00 9.737036516008412690e+00 1.667340709263340770e+00
6.073754265880447534e+00 9.750030613136962288e+00 2.023874891918226115e+00
6.364331044341274612e+00 9.784513565075897645e+00 2.548973621596712036e+00
7.552296419567539942e+00 9.741538541983477018e+00 1.815107051822835160e+00
8.220468095878310066e+00 9.798019509009694872e+00 3.260353796594333886e+00
8.678173567562764035e+00 9.781636021300226247e+00 8.588539103741673841e+00
2.073089182506117623e-01 9.854036431918386185e+00 6.360275409802421898e+00
2.639324159671877279e+00 9.850124332412017125e+00 4.801850809117168772e+00
4.578147731512046903e+00 9.801397542256319539e+00 7.455775760747566316e+00
5.203072730424631587e+00 9.835086050461631757e+00 3.675977932087003630e+00
6.812948132738417151e+00 9.831834306830332437e+00 7.762656221767746167e+00
7.769386661505118141e+00 9.864089837785837034e+00 1.050628935148588239e+00
7.711960871488282798e+00 9.831415171367366312e+00 1.962986238013886275e+00
8.897524080726009643e+00 9.864156975582808684e+00 2.458072186174158347e+00
3.007897604495377575e-01 9.959645905993518511e+00 6.536789713214333553e+00
1.957587926346898044e+00 9.934504230242906075e+00 9.500764383099639332e+00
3.564765201099920233e+00 9.948831052764345984e+00 7.248121173736118195e+00
4.231544530428516637e+00 9.926996499523264461e+00 6.612103781673122960e+00
4.282645423167433130e+00 9.894656974118603898e+00 5.028201791427014733e+00
4.797029642317004239e+00 9.927020785331276187e+00 4.552031543593183294e+00
5.222319774923605884e+00 9.905195607784282430e+00 5.163123696928439976e+00
5.332958477002160080e+00 9.944600752386591580e+00 7.368792052757346056e+00
5.963254476224983058e+00 9.879271072377740381e+00 8.401054381013459249e+00
8.222609503741571402e+00 9.928819149051019366e+00 1.761233368827240575e+00
