2.110385095553208412e+00 2.136733422984344460e-02 7.236770662127827158e+00
3.058670761179603570e+00 9.914361699254369692e-03 5.112617828163563694e+00
5.833162871936629301e+00 3.326586997364087278e-02 7.712780542810897533e-01
5.797492231738215374e+00 3.164644609496862493e-02 2.173643885497581696e+00
5.929492366472969067e+00 8.358243604383791547e-02 3.674602337516772455e-01
7.544375304076766042e+00 2.471027100401504070e-02 4.149400834957076789e+00
7.748958675697547704e+00 7.588875441655976162e-02 3.574738069797277706e+00
4.123706315899887009e+00 1.332490005526261179e-01 7.459475967995103929e+00
4.199600720909256957e+00 1.349941453600573271e-01 8.841876980641412587e+00
5.086336614113776022e+00 1.043715071459457577e-01 4.961390168746190987e+00
6.098027683066080229e+00 1.461840928077081658e-01 1.095131767723538374e+00
6.254175427829655298e+00 1.202472361182973792e-01 2.006039085829382174e+00
7.470772365990850261e+00 1.179566992253106572e-01 3.271063719340195242e+00
8.557149912972503714e+00 1.182625191563610456e-01 5.210558901168095502e+00
9.324739100918593593e+00 1.185047984468482196e-01 6.595578572253224081e+00
9.340033449717161318e+00 1.310003301674857179e-01 7.648668190373896891e+00
2.871803052419198199e+00 1.819603731722446716e-01 4.023783466172499601e+00
3.251917324333076564e+00 2.090908403922907000e-01 6.798935514500152877e+00
4.765680367274779172e+00 2.092794709761148786e-01 4.299395920336650079e+00
5.388549619580421002e+00 2.067475252085353987e-01 9.622032741225856611e-01
5.363312484363389032e+00 1.807264631546658951e-01 6.602082835960528584e+00
5.969530323788400317e+00 1.838630282532981997e-01 5.799826128560894745e+00
6.659001738123070169e+00 1.689281322158347476e-01 1.194212861797069175e-02
6.690693245827199043e+00 1.906263010599857921e-01 7.428420091117486024e+00
7.912668630640963485e+00 1.916528126614797656e-01 2.351245470937714632e+00
8.170117059447683516e+00 1.736333185562899395e-01 2.134381903361277644e+00
3.819273099231363489e+00 2.928708736509570976e-01 9.292971222745789461e-01
5.881355296639481978e+00 2.431797421568567263e-01 2.098296187139427449e+00
6.303017433216984600e+00 2.996469304429524305e-01 4.447208063791240562e+00
7.100124505682110509e+00 3.092198316113037304e-01 2.220916568158275872e+00
7.842591819389324925e+00 2.829849189418905953e-01 2.086115432103945899e+00
8.014732230767107168e+00 2.679426474751152032e-01 1.898091310324723668e+00
7.965371073305361094e+00 2.804219055162139318e-01 5.300661213604468180e+00
9.548871149090832233e+00 2.746494863250094065e-01 1.319237701064769563e+00
3.529150555758661767e+00 3.670301588377971047e-01 6.088632534233884286e+00
5.596266059835327766e+00 3.315104920065422567e-01 2.915184686464419084e+00
5.767644259963541131e+00 3.457385268219937968e-01 2.322285115128150945e+00
6.482318790923365270e+00 3.491120311477488025e-01 2.659571534682148020e+00
7.634210218773153755e+00 3.584932791235972971e-01 2.324948614067936958e+00
9.038473636373900888e+00 3.904479626514963941e-01 5.572334224378803214e+00
4.681274954454377191e-02 4.045286848305986727e-01 2.658971275395002110e+00
5.576787646749911787e+00 4.018685119594612720e-01 2.514872948590535007e+00
5.930518257942319238e+00 4.116689471772830844e-01 9.411931195681363604e+00
7.049738604298604550e+00 4.740683468234765385e-01 1.685615059409316441e+00
9.420142890321947959e+00 4.424202165928351471e-01 5.605492259319697190e+00
4.826746831096948576e-01 5.020447897309512353e-01 2.706522273702363979e+00
5.637421820188275312e+00 4.947709918912525096e-01 9.848514618899663731e+00
5.886337577050525738e+00 4.919212885897948917e-01 6.898272593793254970e+00
6.174056311265231578e+00 5.402664215207184650e-01 4.041381655011289986e+00
6.256831421080830680e+00 4.815365672183854473e-01 1.481340900335375466e+00
8.839258619707173636e+00 5.236741095326018502e-01 8.140017725278932303e+00
3.307691155869473931e+00 6.313787772125787345e-01 7.337659550945200060e+00
4.379897834058642303e+00 6.219023712265610015e-01 7.145668493601127214e-01
4.683901931892267889e+00 6.292254003851971422e-01 5.259469490171722938e+00
5.141154086233147069e+00 5.544095156219819298e-01 9.380986030360235262e+00
5.231613528943982239e+00 6.118274745262730629e-01 3.137566351299673872e+00
5.352116499683925888e+00 5.845156836988580906e-01 6.688993870097580619e+00
5.455500753318668572e+00 5.655567690436775763e-01 7.646640182830013899e+00
7.827888455464954376e+00 5.716581536553881904e-01 5.801511261213910586e+00
8.162287062990557729e+00 5.969571052833753111e-01 1.824934642569417953e+00
3.834617846687074838e+00 6.656343801253379322e-01 8.082249888806094518e-01
5.680565459719734811e+00 6.831273455882371781e-01 5.043232558041898628e+00
6.233032165355088416e+00 6.477411453845012268e-01 4.547471740022396069e+00
9.340637133941790182e+00 6.405300430684872648e-01 6.854450466855498192e+00
9.953766355591824322e+00 7.031641799211523214e-01 2.561475806444347469e+00
5.647524302606772295e+00 7.042974649432454104e-01 5.073477426547301938e+00
6.370665253211998724e+00 7.183894857676971224e-01 2.812006124269833762e+00
6.837375585539300360e+00 7.315848324394733648e-01 9.615553615084415640e+00
8.293219314160110045e+00 7.796374299332862190e-01 7.772396016359561344e+00
9.218279635921003745e+00 7.536472718546287641e-01 3.296208126945368466e+00
1.154551546354575908e+00 8.635493557983504598e-01 5.911215155657002285e+00
4.563981088787365969e+00 8.433987766293880028e-01 3.690206754086585494e+00
4.604075440802682273e+00 8.680071081634717078e-01 6.287454120883833042e+00
4.851657512162706354e+00 8.346653142504039113e-01 5.680786279161375241e+00
4.928645891195507112e+00 8.318339910210643673e-01 5.826201234620915770e+00
6.083999570309917004e+00 8.153381067340672583e-01 4.846498605140085125e+00
6.178530124882858132e+00 8.190767171990014361e-01 5.172017567810761385e+00
6.270960531012207184e+00 7.959250801924930840e-01 2.910802389014973457e+00
6.350379176718916163e+00 8.449604597678295193e-01 9.762224288542530104e+00
9.913685371029774984e+00 8.447056140368784938e-01 7.322525413685727180e+00
4.641494435310992372e+00 9.022713688626211592e-01 5.760903625199421008e+00
5.574873737162591603e+00 8.918345866499504115e-01 6.769061590373806503e+00
5.802018528850164003e+00 8.833258457821144827e-01 7.035716987299448277e+00
6.689224862180254583e+00 8.820154322223288101e-01 4.026405500973810447e+00
8.350260224054242286e+00 8.995075858505225952e-01 7.727241258487575593e+00
8.534292635998244947e+00 9.127613828178400279e-01 3.145822385570137492e+00
9.147893125880649734e+00 9.190554460877724541e-01 4.790459901594998016e+00
9.771116294922356005e+00 9.277368523317750526e-01 4.708687260910894068e+00
4.428941783712457614e+00 9.625371125800352701e-01 6.030750792189604859e+00
4.788092820296988350e+00 1.015580742906653899e+00 6.424874698883471069e+00
8.183801316935724657e+00 9.567545713002572061e-01 3.247680508430049739e-01
8.259834014306413508e+00 9.583920915838513022e-01 7.364949140396377381e+00
9.309575938380199034e+00 1.022008203181115960e+00 8.179253303720464885e+00
3.709956864145294908e+00 1.038347109017446979e+00 5.911721964264864404e+00
4.531438315237338088e+00 1.094662150494694064e+00 6.966680236440398133e+00
4.849379914011894499e+00 1.072851847524104674e+00 5.273498477396171502e+00
7.483149311339790444e+00 1.054626899462135725e+00 5.903415516268756491e+00
4.041157043328635901e+00 1.126939921056618665e+00 1.876277804520073200e+00
4.757702445921544232e+00 1.119956037456931952e+00 3.569946407043218528e+00
4.734135175849495170e+00 1.118134384778507684e+00 5.128445852065723898e+00
5.473221160454325940e+00 1.155895061976851768e+00 6.842972639900504639e+00
5.482713417999050876e+00 1.115017029518877045e+00 3.393873108759935420e+00
6.303204579436651578e+00 1.167263373068879506e+00 1.258045339424985531e+00
6.283007506213138527e+00 1.147809311512247188e+00 7.715861645427146698e+00
7.576090546937910730e+00 1.159199080822819639e+00 7.025628686403330825e+00
8.902368410974098367e+00 1.111958537596747565e+00 1.596975943865199365e+00
9.856089616446267243e+00 1.128703652682675695e+00 3.600653864461888620e+00
5.655190107816674860e+00 1.236440941367644708e+00 5.059423170443373863e+00
8.075293912636645643e+00 1.244696965218979656e+00 1.452966341070174305e-01
1.745879572357650122e+00 1.331008557242312929e+00 9.374757351373158798e+00
5.107821958369953563e+00 1.298247751361204294e+00 5.228705431227705702e+00
6.273096820940085472e+00 1.285137944132291654e+00 5.418302374725246118e+00
9.272487289305914260e+00 1.276149771878418715e+00 4.919312174393372317e+00
9.833130110805097246e+00 1.331666151589098401e+00 8.019319472759569578e+00
5.843833277851310015e+00 1.342499892387504001e+00 4.628205520610854329e+00
8.700206499168883667e+00 1.343260669111820960e+00 1.659172904816918481e-01
5.850685507480384018e-02 1.483225472364604780e+00 3.867724711916223690e+00
4.694723871258934089e+00 1.479310787516578962e+00 3.076826314926289552e+00
6.219109935783316168e+00 1.430558014882349571e+00 5.879529936938583390e-01
6.201987917304520259e+00 1.469629208077830818e+00 6.338325746830848928e+00
6.913874054727977558e+00 1.479519170938947248e+00 5.937451708623045832e+00
7.010293001784999589e+00 1.454236955862016512e+00 3.201582578292784032e+00
7.160981560567084792e+00 1.449165542429327047e+00 2.997820219217766535e+00
7.629147054003730943e+00 1.425415930739859505e+00 6.101909320220063826e+00
8.429986621298271032e+00 1.469502617624561580e+00 7.258546461299804520e+00
8.833894764380151088e+00 1.477009327803739502e+00 7.179052295558429719e+00
9.767785350531974942e+00 1.476095171545225959e+00 7.235641678353331940e+00
4.236255443276149002e+00 1.558147244192813030e+00 7.150575168670464166e+00
4.610305357489068001e+00 1.556155867931684700e+00 2.528610812895448756e+00
4.678958233759352936e+00 1.504942529874449875e+00 3.120395793435793763e+00
5.322106338388382873e+00 1.514540200785078561e+00 7.188199737133594169e+00
5.650749975816446558e+00 1.571511693400146292e+00 8.079955619523140342e+00
6.065266549369757954e+00 1.508420807982523204e+00 7.063834400690664594e+00
6.332881583898632982e+00 1.498069625042543151e+00 8.016324305485278856e+00
7.475332829712538540e+00 1.550572146053569522e+00 8.245764307088240486e+00
8.181732574836310334e+00 1.510599174673318501e+00 6.560052166313793620e+00
9.374013588298581112e+00 1.520857457177074767e+00 4.225084484151822473e+00
4.675022123084424663e+00 1.632549955959308630e+00 4.485921403566623056e+00
5.092707413887641366e+00 1.615553934361526611e+00 2.907859999574498922e+00
5.740369477971860590e+00 1.625484382796182459e+00 5.804666470025552805e+00
5.906566347708650966e+00 1.610340910446276474e+00 3.447897701196973586e+00
8.370786153169973431e+00 1.629675726824043380e+00 9.958328909834146536e-01
4.679185870190250007e+00 1.690041521302993122e+00 5.708019316403072807e+00
5.175770567105310249e+00 1.704916870572079635e+00 2.387754505442869934e+00
6.235259125377655920e+00 1.651786994011088971e+00 5.401960224009279443e+00
8.411555610862263777e+00 1.652297561750403432e+00 6.428162241228089435e+00
8.495657054433824129e+00 1.689638387444386325e+00 5.709713471547416930e+00
7.794589877320226012e-01 1.744873637497588614e+00 5.128076355619846538e+00
4.664905438660240655e+00 1.781879736304036843e+00 6.723860274566655804e+00
5.370928470164601620e+00 1.744798818042466504e+00 2.643452040214605780e+00
6.149598733856005417e+00 1.727455514881180765e+00 3.092984728662782956e+00
4.445763233005147974e+00 1.864010036133973092e+00 4.206512208486290483e+00
5.290768533325207912e+00 1.859908813872302336e+00 2.605956355072895470e+00
5.270165205640785722e+00 1.842631414700361958e+00 3.729241253434225634e+00
6.520206437377419562e+00 1.852069369365370033e+00 6.441432329750014674e+00
9.465333871558044621e+00 1.814366938544675012e+00 5.489046039218933970e+00
9.616851216818645298e+00 1.820368808872732114e+00 8.831211009538925794e+00
9.673020493283335242e+00 1.845378929405268043e+00 8.737127436599337216e+00
5.200569168495769112e+00 1.879735169470545308e+00 2.626900987370910823e+00
5.300964537572080637e+00 1.917112091639977312e+00 3.654106057302652921e+00
9.399780551030421094e+00 1.917997737946566250e+00 3.024605412098798407e+00
9.637361823623876944e+00 1.896171106190867039e+00 8.214917582169741550e+00
9.931815167123220434e+00 1.913017365101335354e+00 5.016535142647124523e+00
3.845160398838409321e+00 2.037713724973450269e+00 5.869900716086074333e+00
4.910454091426841750e+00 1.994054531707162514e+00 1.944600447800533871e+00
4.861363397977613410e+00 1.992164469768769486e+00 2.163576760395373277e+00
5.768289884054173200e+00 1.971775963624159633e+00 4.369139001139446421e+00
6.441879318643620067e+00 1.994762481991591674e+00 7.155342204951013585e+00
7.687135708175066640e+00 1.973009002731503259e+00 3.353325480534946834e+00
7.936602753035828961e+00 2.020675195443514482e+00 6.812457693301643857e+00
8.267475827976593195e+00 2.044144532329325248e+00 7.976421327430520236e+00
1.337023207644850498e+00 2.047338946167466922e+00 6.503353162781907670e+00
4.365014177432385623e+00 2.073728115848849196e+00 2.296432452339850716e+00
4.402588854088540060e+00 2.061435927951699831e+00 4.725286041398790715e+00
6.399818046501343005e+00 2.048580861384408536e+00 1.488220376746634432e+00
7.906828084230157927e+00 2.094944966443626821e+00 5.574929588162876648e+00
9.472470272283466386e+00 2.081783856033106783e+00 2.881130790875539471e+00
4.152842147073391998e-02 2.149249873682389289e+00 5.485963314334159513e+00
4.691201881748550129e-01 2.116853257712014269e+00 4.661532583659251827e+00
5.457895977124061382e+00 2.160860586022377738e+00 1.115125643307401659e-01
6.297313165434572646e+00 2.151034169125154438e+00 6.975949166084058461e+00
7.710459754652577047e+00 2.183422386281404393e+00 4.994734068082660627e+00
1.239042389903215025e+00 2.242310443220536520e+00 4.843294031050360715e+00
8.041055251222742228e+00 2.215396667492965932e+00 4.885771865073734510e+00
8.165724995285756904e+00 2.216041350453904268e+00 5.809093684916009082e+00
1.373521222231161687e+00 2.324578394595914421e+00 2.217214966493608941e+00
4.885281870665906467e+00 2.289127750652583337e+00 7.930409038071081440e+00
5.133611332577337372e+00 2.287544358229987473e+00 5.492566122120781991e+00
5.210279771536766802e+00 2.314295138015918685e+00 2.853624131339239423e+00
5.385187943174442715e+00 2.310453739558918862e+00 5.840532940441265808e+00
6.225157044828498520e+00 2.301935955081836571e+00 8.112816235008780907e+00
6.505277130440458855e+00 2.286833331225690547e+00 5.961949321029154092e+00
7.630715669503008058e+00 2.312709498183437962e+00 7.702055112947424398e+00
7.893214855356668558e+00 2.273623943237162770e+00 4.627510906978775651e+00
8.282721419166476196e+00 2.354248378986206092e+00 7.800340548561735865e+00
9.167111605092035376e+00 2.336698664197202291e+00 4.399330622355867249e+00
9.407952535176033138e+00 2.324644016750005093e+00 5.473954328285111970e+00
1.206904878312492213e-01 2.371407552416696429e+00 6.861678408992622380e+00
6.467960518843600681e+00 2.419820108386795177e+00 4.848113451968259824e+00
7.053659085099297954e+00 2.410607742362505412e+00 1.073986714149076871e+00
8.570641597290560298e+00 2.352759291527009911e+00 5.505893027745843327e+00
3.878128074287703342e-01 2.495721240367567262e+00 3.789676368998948774e+00
1.505872802163258584e+00 2.470073932680695084e+00 6.782140332721531273e+00
1.623918663566550791e+00 2.491236758299769871e+00 1.866517678861118856e+00
3.573546298832567025e+00 2.454928823149178374e+00 2.267540956281724362e+00
3.869112375656827307e+00 2.437595385479157883e+00 5.553889699918371115e+00
6.119099272643466314e+00 2.461666017056602040e+00 1.618201795751573524e+00
2.393422293943305856e-01 2.575390723552107630e+00 3.688384743755217521e+00
1.465802244421456457e+00 2.498598142446175618e+00 2.322836095471759066e+00
1.577059998387843720e+00 2.543805379100524622e+00 6.621156472207896826e+00
2.222251242503092694e+00 2.576211110248128211e+00 3.693692943463124045e+00
3.584289868317600103e+00 2.511800632866895810e+00 2.835682654201591824e+00
4.771014979566367664e+00 2.527981757315492128e+00 6.201694881957417138e+00
7.226843601809178175e+00 2.568345751403529054e+00 6.717013498197260013e+00
7.586189180659324904e+00 2.536282534525601484e+00 6.795099058037952666e+00
8.162194088661053115e+00 2.517614894282101723e+00 7.663679360885979008e+00
4.462026615174606192e+00 2.625982836804431564e+00 5.879289303637394326e+00
5.975474974594554567e+00 2.629398908781241051e+00 5.922948916154872734e+00
7.123500299490812537e+00 2.615873479080274233e+00 6.460095542317024986e+00
7.314860195325414871e+00 2.664192435580750029e+00 8.561165924983113129e+00
8.574876526118792697e+00 2.616417050846848724e+00 8.169525915100678048e+00
5.787100103279628094e+00 2.727122705470748976e+00 4.439783152515400566e+00
5.985997126139998237e+00 2.705207075086383028e+00 2.259123318642329625e+00
6.280156634642087177e+00 2.702885395754627940e+00 4.720878102555499112e+00
6.459252061143293311e+00 2.671539606062467431e+00 7.915269672797355938e+00
6.839346584329977219e+00 2.732289706232005955e+00 5.788477813719541398e-01
7.010828882921759764e+00 2.725826991608699679e+00 6.866700407393258487e+00
8.849072824001334325e+00 2.726780473374514013e+00 8.342303257704134722e+00
9.632642963341400133e-01 2.791295035268496871e+00 5.568444109456954783e-02
6.133702933120256162e+00 2.768743506908015295e+00 2.517348412221849685e+00
6.591336982383653620e+00 2.795744057108416225e+00 7.066730163175877877e+00
8.099478987688152998e+00 2.754306390095692780e+00 7.949218052515336197e+00
8.480608097689630753e+00 2.803775400314757693e+00 8.372727457395590989e+00
9.624409512828409063e+00 2.760909120563317387e+00 5.330249826741980002e+00
1.421098312832588251e-01 2.823287986461912702e+00 4.686769770714676042e+00
1.140476356579135153e+00 2.877701056935240143e+00 7.088253773247298106e+00
3.233665546019556913e+00 2.849422840831989490e+00 3.719462100362120882e+00
5.028759469326820941e+00 2.817998578015984634e+00 5.050240795567269458e+00
5.595824115145620503e+00 2.898255192564801686e+00 1.895264822967476892e+00
7.570729824261272611e+00 2.844667042168361082e+00 7.982970703670201118e+00
8.783175046108940620e+00 2.866940048998383173e+00 7.841320239099434097e+00
1.206638126130251454e+00 2.964888183591656734e+00 4.800784803455488081e+00
3.164349996227850959e+00 2.941863058967276068e+00 6.890488451135855286e+00
4.257910363002854304e+00 2.957347424000099423e+00 6.354052530420327471e+00
5.522093739532476064e+00 2.931131944219101726e+00 1.855279435471965055e+00
7.507890530838048804e+00 2.932282452552785301e+00 5.020054028697774839e+00
8.947295031982017477e+00 2.900471563093417249e+00 4.790875576565506222e+00
9.051275396009401675e+00 2.898267751893568001e+00 5.097651144526578193e+00
1.037333349675490624e+00 3.017559850357530493e+00 6.651420652036029502e+00
3.769214300512921056e+00 2.985558740149121260e+00 6.163105093828157521e+00
4.507424036717752713e+00 3.047908127814396906e+00 2.829201087614550136e+00
5.455269042090244547e+00 2.978202544578099076e+00 6.221793063978154237e+00
6.703022574593791916e+00 3.022736120493194178e+00 5.638584361121683486e+00
6.965091430670323547e+00 3.020725857820184768e+00 7.574192925640433671e+00
7.084376242520819211e+00 3.058628458215781887e+00 9.098851964928819314e+00
7.256673036442467861e+00 2.977187900717941371e+00 6.806944884001389973e+00
7.651404905309963311e+00 3.041636360389752713e+00 5.304558757946933767e+00
7.736882967012050472e+00 2.981323921005800237e+00 7.103729075851559216e+00
8.564480670913177107e+00 3.047228475026937389e+00 8.478682252888010140e+00
8.858407803643604694e+00 3.040253115194752276e+00 5.425742589937347926e-01
6.298356830431471598e-02 3.051921878949730882e+00 6.829195726879724759e+00
3.254131728464386697e+00 3.082632686771478170e+00 4.541623307954887778e+00
3.805379998924454110e+00 3.057217805645518816e+00 2.774529893844518202e+00
4.018079022861815730e+00 3.065311888751080627e+00 2.847295164042898730e+00
5.075814448775489929e+00 3.056322773398182147e+00 4.427475696111235592e+00
6.280859087411306163e+00 3.087829276776129284e+00 7.723342347716530831e+00
8.514676360059761251e+00 3.101989759769497645e+00 9.329664311123019971e+00
9.336911371097741608e+00 3.111910671756442426e+00 8.731929396795020892e+00
9.602861665410424408e+00 3.108924930733176772e+00 3.769748966779465249e+00
9.739739856061117251e+00 3.069990710229224540e+00 5.351941964769132198e+00
9.806665636692160959e+00 3.049631984702535270e+00 5.198288988879737005e+00
2.636508869733666938e-01 3.135535697093342122e+00 7.339068683875662913e+00
1.499032981538461762e+00 3.205228798164923010e+00 6.307892683081457008e+00
2.422667888033131156e+00 3.142443502227513896e+00 6.488558516716974367e+00
4.575620032981936092e+00 3.161795430340196944e+00 4.128937048427123280e+00
6.539608781817898731e+00 3.156914397372705405e+00 7.158786034468886506e+00
6.766191773085196814e+00 3.176122240193470780e+00 8.525843740213154831e+00
7.781127885281993173e+00 3.158200721512053111e+00 7.957703317363623796e+00
8.072386449316391932e+00 3.220660533780182355e+00 8.557514822044105074e+00
8.477494036611842532e+00 3.172963367159765014e+00 6.081650695666040107e+00
8.825829512042208336e+00 3.204854115762689304e+00 7.111923371183350717e+00
9.786236286023411779e+00 3.176971405929101877e+00 7.938204498321969282e+00
1.310895331701503963e+00 3.220640714393837811e+00 4.858228977736532173e+00
5.148814160288584851e+00 3.205964869919608162e+00 9.367473451580667909e-01
5.386938130671365954e+00 3.251407429486130596e+00 6.432646936266287696e+00
8.933818611828563405e+00 3.226070640024091496e+00 4.578013706467494615e+00
6.729759821333207270e+00 3.341926500109253073e+00 2.404206508113535978e+00
6.983183889898141317e+00 3.323573673683372753e+00 7.023170965784936826e+00
7.196658374127821389e+00 3.305204573722780204e+00 7.544564685340347410e+00
7.443565315759302692e+00 3.361404698396994739e+00 7.686674053367607229e+00
7.982879433339422626e+00 3.329721121238110371e+00 7.025640934485769762e+00
8.266248875034948540e+00 3.311028985371529565e+00 7.227305146130265534e+00
8.319154147040007885e+00 3.336031911378487980e+00 8.417945468339270931e+00
8.705333085889133571e+00 3.304177770650579049e+00 6.548130950128177474e+00
1.508811785895046054e+00 3.433549978440702866e+00 4.189576676605767602e+00
4.706201063168129473e+00 3.401035947554968519e+00 3.686858387937735237e+00
6.677859028823514009e+00 3.413556053639806631e+00 8.829554962923388928e+00
7.573834093746173224e+00 3.413201334389261987e+00 8.124227265360332240e+00
7.689022340781494158e+00 3.426566265566830527e+00 5.973693714963971502e+00
8.524334220884226099e+00 3.378876240121768237e+00 7.192765394779803145e+00
8.857885224481023556e+00 3.419321287806035947e+00 5.238551696770057831e+00
9.589865353314650065e+00 3.431912610773726335e+00 4.694647721329974210e+00
9.603766779240917373e+00 3.363958055034509620e+00 8.196698835143443773e+00
9.904180287995192344e+00 3.439233546476610393e+00 7.312442056990546391e+00
6.353479751151150268e+00 3.490553852440739568e+00 7.915655314520006591e+00
6.679237741100299885e+00 3.491985376609371805e+00 2.838243308742422144e+00
7.998321364460601046e+00 3.458081263045692744e+00 8.675865444120837822e+00
8.392523687210015737e+00 3.465947681733721364e+00 6.170928910928298095e+00
8.867138538073819021e+00 3.446652636509334844e+00 5.048455110657812384e+00
9.210927532108309279e+00 3.493012066671810079e+00 8.414238487739224226e+00
9.633729886207401449e+00 3.481246204703202451e+00 6.161497365702619078e+00
1.186936719775743221e+00 3.569840886283448089e+00 4.951664522118286449e+00
1.370925542855071733e+00 3.570433329846302239e+00 4.062063844441325955e+00
2.256554587508154075e+00 3.577387994620961464e+00 5.031495884596284718e+00
5.000497399753351502e+00 3.518547441758139271e+00 2.103080899088515920e+00
5.721769860834458044e+00 3.590895279092362724e+00 3.616205936048302316e+00
8.177221960781018595e+00 3.548536121460747594e+00 9.116071452506655959e+00
9.724651513232952738e+00 3.564134361073639123e+00 7.395608073262415871e+00
3.766514715582690576e-01 3.639199651539628100e+00 4.976928587335808452e+00
8.750626136138681677e-01 3.622188813272060326e+00 2.027790408594197569e+00
1.495127447235838680e+00 3.651591571995266072e+00 5.659770302378978712e+00
1.981975212306882117e+00 3.638360696573461617e+00 5.800156465886390222e+00
4.111925178567387817e+00 3.669531355485335045e+00 4.616766080283090545e+00
5.103155535763125528e+00 3.658785806482587333e+00 6.224813474902925137e+00
5.539564669849823098e+00 3.655272812546278782e+00 4.603352283651104493e+00
6.650499372970196887e+00 3.633379522608078727e+00 7.373798216077990020e+00
6.774426103566330681e+00 3.619797702861059285e+00 2.847784642017521683e+00
6.744469483766109441e+00 3.656999824586004699e+00 6.980020984020024244e+00
7.115830979163360936e+00 3.644729842928868813e+00 6.786071676234585404e+00
7.215390357973427982e+00 3.659833093002696103e+00 9.040129685776371105e+00
7.416716218614949341e+00 3.662997338866130548e+00 8.699380473007188641e+00
7.752089629194767184e+00 3.651020788375934245e+00 7.995551438429354008e+00
5.281205048775909461e+00 3.695593438956620069e+00 6.945325114774320241e+00
5.653046748007755085e+00 3.696829320620104387e+00 3.028931615115770803e+00
6.321074812439743340e+00 3.727738120178574199e+00 6.398796378022312936e+00
8.140514196111730882e+00 3.742139562064459302e+00 5.190311950439015831e+00
3.082854856894702289e-01 3.773942735087698175e+00 5.332839563349525136e+00
3.476693368897315617e-01 3.782542540766228534e+00 3.546905261830808787e+00
1.960239270388593802e+00 3.825755261375165972e+00 6.735618720830649053e+00
4.256843608334309081e+00 3.780597921787697047e+00 4.066547701745300003e+00
4.722404615146961859e+00 3.787991065325814866e+00 2.353907746324979122e+00
5.113907755290489909e+00 3.801110587991796130e+00 3.357307403819114633e+00
5.837523786995896025e+00 3.761196620011146408e+00 3.754226421825967552e+00
6.777320122545601677e+00 3.789903775250733631e+00 6.918381636691542269e+00
6.835012469343736186e+00 3.794525972295343497e+00 9.635521346647987428e+00
7.054269772030238528e+00 3.777713182770003453e+00 6.508664159857588949e-01
7.737634163096172024e+00 3.783776596409870407e+00 1.351344279201819543e+00
7.821807132744031499e+00 3.804610809210512645e+00 6.697527746114947611e+00
7.979817587397713297e+00 3.801204074804795940e+00 7.254149013885992758e+00
9.624374675944530111e+00 3.803479340648379559e+00 5.005143532477361212e+00
7.512981804640981309e-01 3.872433631226438688e+00 6.608448410803479334e+00
8.600688414352954947e-01 3.850423318436433817e+00 7.215516130324085786e+00
7.507215451709608800e+00 3.895469015977705673e+00 7.622642282847862383e+00
7.559618836675214837e+00 3.865952824227394835e+00 7.498701077680300031e+00
7.980958880348518747e+00 3.820249376053937773e+00 7.221550799423328115e+00
7.984894660535909239e+00 3.890557379894914902e+00 9.964007620433180890e+00
8.163317192856442972e+00 3.884672130989974548e+00 8.080244151730433089e+00
1.083228094464223634e+00 3.917985605840004659e+00 7.012578084992615146e+00
1.745238582519450965e+00 3.942261880796245954e+00 2.472354181869736767e+00
4.959475934441745615e+00 3.956755655836710961e+00 3.432233209155437503e+00
4.962228988919306083e+00 3.962803942334813811e+00 5.339251671091698626e+00
5.758147414300331057e+00 3.954660180235842759e+00 4.659976322664505233e+00
6.864143267271015425e+00 3.970481935936633011e+00 6.559714963144320343e+00
7.482007573758739483e+00 3.951686280400442008e+00 7.528783704183076964e+00
7.892076992567801597e+00 3.909210839328774334e+00 8.390392861852005169e+00
8.029405565426273483e+00 3.927508260313842925e+00 6.968492677143906633e+00
8.357615383758114191e+00 3.914499268736203685e+00 8.231334074870577666e+00
4.498505267055485923e-01 4.029636167626106769e+00 7.561186950464942491e+00
3.767069170992697558e+00 4.059542654346496526e+00 6.129864815261122146e+00
4.768564865864409086e+00 4.047723247924247758e+00 5.499029848927291297e+00
6.446893367977875045e+00 4.064397700402761160e+00 7.564194300587503861e+00
7.307208010281274646e+00 4.021459969413530011e+00 9.575563014272354678e+00
7.854121033823752818e+00 3.991338332891239293e+00 9.879871960525742125e+00
8.378861393261217927e+00 3.989363871549657325e+00 8.906547732332448675e+00
5.416765027545689115e+00 4.131901881533397436e+00 1.100654374438362559e+00
7.035514008572718581e+00 4.089313336238556751e+00 8.254194384255768568e+00
7.212876810607705025e+00 4.139078720754255869e+00 1.785000535378805098e-01
6.573320155999040182e+00 4.194916694392831324e+00 8.055557989341300740e+00
7.920006146299606975e+00 4.033571076946533829e+00 9.181026065435442973e+00
7.619569908553181392e+00 4.125185071929582392e+00 2.485425967742771913e+00
8.003083184140701078e+00 4.111250690502417982e+00 8.984644532439022058e+00
8.168800803475635419e+00 4.087940373727162680e+00 1.145252045730965340e-01
8.543084528612805428e+00 4.062582731017035265e+00 8.064779068796205763e+00
8.755553479654770044e+00 4.100380146289820615e+00 8.129848201886527903e+00
9.043128811092259411e+00 4.102085849451834854e+00 9.079515974477484264e+00
2.998643515225551504e+00 4.184983148789961582e+00 8.151716615223213225e+00
4.493797817712696485e+00 4.195580293294784546e+00 3.062255565210903807e+00
5.028019210075763468e+00 4.183098225845398588e+00 5.853592136425699977e+00
5.680919983334382195e+00 4.146353113312795102e+00 5.118531650124150012e+00
6.319167957227766586e+00 4.161050457939505343e+00 4.479061249354147733e+00
6.673901206116201301e+00 4.174223269999262520e+00 6.426552513037654180e+00
6.879513908131766442e+00 4.186574330052520665e+00 6.445540928089502408e+00
7.066112626041663347e+00 4.208817834136669767e+00 8.221684062172998075e-01
7.188288297507760660e+00 4.163864496984015950e+00 9.405515128918381151e+00
7.603865945576146146e+00 4.167011860624859843e+00 8.890541758701118624e+00
8.772714164316948171e+00 4.202734707969022487e+00 9.697074921323046937e+00
9.274806324191310125e+00 4.197500965920823113e+00 9.774799964091046789e+00
9.471566214478311707e+00 4.160066884814058064e+00 9.124987655447270640e+00
5.561970192205523134e+00 4.217330977536668080e+00 4.981555988410091729e+00
6.686707989268674268e+00 4.251967776963426537e+00 3.160431165006934773e+00
7.036489721083377447e+00 4.246754687476236967e+00 9.537646940835957210e+00
7.119892046600122981e+00 4.230431985658990257e+00 8.244324195800931676e+00
8.030030169774084570e+00 4.233836159230100371e+00 1.974583171975365037e+00
8.968424206231000895e+00 4.271428457645084720e+00 8.765999800442854095e+00
4.260246431086292418e+00 4.347203402876171019e+00 4.280959397639955810e+00
4.291607298702411200e+00 4.344679453750234899e+00 5.651508114360274782e+00
4.947222631659594860e+00 4.359010651589565910e+00 4.392645562247833979e+00
5.022311265817121395e+00 4.310522931444036310e+00 3.477879019645235825e+00
7.114165934620155340e+00 4.329988834873180537e+00 7.368812500153309131e+00
7.270100097084484680e+00 4.328918633208073352e+00 7.620314947086910706e+00
7.567249045524151896e+00 4.351965434252523579e+00 2.123294077421784998e+00
8.758669117159614714e+00 4.331031049803350186e+00 7.713332540392817904e+00
4.582068704263213554e-01 4.406440443176818711e+00 8.394940300153866275e+00
1.087315517247086305e+00 4.429257199293126668e+00 7.580441609733668429e+00
5.614684160878685049e+00 4.394281061168068270e+00 7.903160948624930349e+00
5.632234948096215277e+00 4.451329991962034605e+00 6.329428224978118855e+00
6.067400663071607525e+00 4.307328748533469032e+00 6.764183492613093485e+00
5.599070183818073865e+00 4.545290841987529085e+00 6.931045509287771189e+00
8.083584257618113611e+00 4.400915387081293595e+00 8.521012195207054774e+00
8.509989203818911108e+00 4.419520213036252088e+00 4.934101813629144795e-01
8.940835869692639548e+00 4.454847354388055791e+00 6.669571953532993369e+00
9.321474469414507524e+00 4.400753530501224198e+00 8.608488934863741449e+00
2.135063032784055626e+00 4.518031447092186070e+00 7.035584812931517718e+00
4.828098240716016676e+00 4.524370665136983050e+00 7.870674129760306670e-01
5.496488769755133674e+00 4.492382845073569442e+00 8.111513295817282199e+00
5.796634155958461321e+00 4.464917838035343145e+00 7.378614623552087082e+00
5.974382420405947691e+00 4.490421072194461516e+00 4.120407014958050063e+00
6.386342555823282474e+00 4.521834000102452400e+00 7.005144065168130041e+00
8.504159336493914978e+00 4.473474543989627961e+00 9.069876140927922492e+00
8.608079745170609698e+00 4.468498049518189852e+00 2.199143570671079906e-01
8.876915076576974428e+00 4.505479425156678985e+00 6.760934908853774239e+00
9.514946054769872319e+00 4.509861882829166113e+00 6.771605818982180836e+00
9.924755804750505561e+00 4.486752382927286398e+00 7.360223588861840582e+00
9.808081042421719076e-01 4.572080421379552284e+00 5.111567025924868446e+00
6.772100736042437674e+00 4.599599100824490527e+00 7.556279951615584523e+00
7.683570131070540654e+00 4.531490349787675065e+00 9.605453926103075801e+00
8.219899835556530476e+00 4.573014019265279728e+00 1.305041228238636108e+00
8.698558672332747932e+00 4.579993818696634911e+00 9.919438206037225925e+00
2.216846020479144030e+00 4.682251125817405324e+00 7.189058621483082057e+00
3.606864643187230435e+00 4.607520103063401429e+00 3.766254883765359995e+00
3.834998137022228804e+00 4.682324752763358688e+00 6.415494681325281334e+00
7.139019020001841298e+00 4.678340962622056232e+00 7.466035951703512197e+00
7.769748638962912679e+00 4.615907105942343769e+00 2.120029070739966937e+00
9.602292058440326628e+00 4.670137913190409940e+00 6.388193896859959864e+00
2.759749517231210980e+00 4.754885277605173322e+00 8.182602894765565793e+00
5.990493700514797126e+00 4.720912029462345672e+00 9.458079925928498000e+00
6.576660222405926071e+00 4.694403256364314103e+00 8.410100267918320327e+00
7.755677894355111235e+00 4.747771997332995930e+00 8.678418394935802027e+00
7.817025883629345806e+00 4.687101472178494710e+00 2.999437502039901116e+00
7.878090155019608964e+00 4.717634340351951394e+00 9.690218058171089055e+00
8.273332229318254960e+00 4.691224384746222498e+00 5.320516441678831754e+00
9.277964909396764881e+00 4.710951540756068034e+00 4.704747855438699000e-01
9.483193237927284969e+00 4.741937178478365489e+00 6.970337984973698831e+00
9.641145532491524506e+00 4.730693334153909468e+00 7.845402544711575388e+00
5.402387950354023083e+00 4.798779672195262691e+00 6.225407659248340941e+00
6.766684107872091403e+00 4.791390291566491655e+00 8.494612923217333744e+00
6.991205454236053107e+00 4.806319095083800619e+00 7.945300353952733374e-01
7.216338012998382290e+00 4.800296637638840735e+00 1.157604775424232013e+00
7.221163793783252238e+00 4.820735617519013694e+00 6.460045083718687131e+00
7.542790532420760030e+00 4.783167975630323809e+00 8.022832663492621919e+00
8.017012263052126997e+00 4.790538355545134408e+00 3.872056303081957473e+00
8.579291514580173583e+00 4.783419004610173886e+00 8.840367455812888409e+00
8.623774922298146350e+00 4.787191608702097589e+00 7.855308287667548406e+00
1.984713074107632647e+00 4.902903278520771124e+00 8.394789930399001676e+00
5.115420893054310802e+00 4.890115205210302740e+00 4.863676241471864614e+00
5.747452369006296635e+00 4.892184263564912428e+00 5.229313506346453977e+00
6.284976356938558162e+00 4.900820740692912736e+00 9.716467216547393093e+00
6.808037306639559638e+00 4.867423354872025598e+00 9.119497419188961729e+00
6.894663074832977578e+00 4.914705432812248809e+00 1.705455135340089523e+00
7.516580167238134713e+00 4.849319714336519205e+00 8.654420430089496463e+00
7.908073015896192715e+00 4.883651536136679461e+00 8.415028391263827956e+00
8.703852681801055979e+00 4.860852388038312100e+00 8.490175511667018782e+00
9.057322102288893007e+00 4.900366326087611135e+00 6.413040312549178168e+00
6.570882822623584474e+00 4.984585923258573636e+00 3.822175255630747559e-01
6.777402104215006773e+00 4.940259866460665172e+00 8.596066180277375679e+00
9.079329361254256270e+00 4.954141565631899446e+00 6.541640673103428227e+00
1.511914813336849406e+00 5.005180246548450285e+00 3.934393418790274488e+00
2.559227583865743227e+00 5.047199513693186645e+00 9.094661383670153754e+00
4.284139967596606979e+00 5.006194197326911954e+00 5.419748923700971943e+00
5.377516652214292314e+00 5.001412589733388536e+00 1.548914964841335284e-01
5.720036859800883278e+00 5.003197460125992535e+00 7.797795751109357631e+00
8.623985114334513646e-01 5.144183926693287390e+00 5.100860240257091505e+00
2.381128526890210040e+00 5.151506377348601617e+00 7.193836902776384434e+00
4.669254937485249002e+00 5.092535654251422628e+00 6.135743686267196573e+00
5.154852365445788287e+00 5.127120660673845087e+00 5.341923381599552378e+00
5.239526993052303183e+00 5.075140892488311017e+00 3.440926523566669282e+00
6.117767237099545063e+00 5.139013176826982665e+00 6.611724782708147785e+00
6.943318487696668484e+00 5.076498968705648984e+00 8.884950512087497643e+00
7.164161824878456208e+00 5.132813913949765272e+00 7.975074195321558257e+00
7.188759525802726813e+00 5.099262436638436036e+00 9.106571899853973306e+00
7.576726634267452631e+00 5.163128325317860146e+00 1.421857363962863996e-01
7.907973886061245850e+00 5.097122823621792698e+00 6.344421153645622979e+00
4.585740602254615439e+00 5.197411325318957331e+00 9.777087882763098037e+00
5.618749393387480140e+00 5.187476419789060600e+00 5.087974662984956709e+00
5.782025940328676228e+00 5.229099013314908895e+00 9.962662741512177789e+00
6.857987167507559434e+00 5.157676307414968520e+00 1.947200715314111541e+00
6.881052454143073760e+00 5.169477022361791185e+00 9.939539872953210065e+00
7.833453251090609193e+00 5.161353330782439741e+00 4.567785378790748751e+00
7.940572669146321871e+00 5.194332317851980463e+00 3.629002554390252655e-01
8.323024236660732100e+00 5.190472445284361136e+00 8.013688905014337394e+00
4.938271737578797449e+00 5.276403638076136104e+00 5.530652302870606718e+00
6.704827609782480380e+00 5.042747872213851679e+00 7.251410705362568265e+00
6.554057993775436408e+00 5.504931896725342000e+00 7.614330975078779318e+00
6.738239010944746532e+00 5.286996386067912113e+00 9.701108417383641935e+00
6.830188003361116422e+00 5.250237274243966468e+00 7.859656100443168647e+00
7.291318349998443082e+00 5.245293950313906883e+00 6.180335362424250079e+00
7.444887273465907285e+00 5.289216463732621776e+00 1.290951845045597679e+00
7.513246823135688146e+00 5.261459971343374065e+00 8.753656773755475129e+00
7.710926328724994505e+00 5.242429324204049834e+00 2.493655046727416558e-01
4.585878235806095660e+00 5.376566451988459505e+00 7.928822047313196286e+00
4.920432987798780466e+00 5.374844022344113625e+00 8.107755990521917866e+00
5.789808086394009123e+00 5.386120102047781799e+00 3.987436203025371384e+00
7.254202750039639547e+00 5.344671760361888069e+00 8.490327054327266865e+00
4.893857604269690853e+00 5.396975773231116769e+00 9.908072989400498187e+00
5.057440117617148623e+00 5.425147007168681590e+00 5.980222714502930081e+00
6.285249086436907717e+00 5.449946405141662176e+00 6.919231225558311493e+00
6.838450716654572936e+00 5.439381190174931824e+00 9.820967111404151240e+00
7.231288448846933115e+00 5.402509541550234218e+00 6.173139265002890175e-02
7.195120076184144509e+00 5.432502652200912330e+00 1.247759338820533248e+00
7.268297835700550991e+00 5.417093461959981759e+00 7.432023912521553477e+00
7.557519790165463824e+00 5.401388328684026519e+00 6.512555814526464815e+00
8.046091005524123929e+00 5.398262403356988592e+00 7.497704435789540156e+00
8.659334024267145935e+00 5.404523792757403911e+00 7.147444087121447964e+00
8.996092819979569555e+00 5.456231250482200146e+00 9.433046432850796137e+00
7.652100567995634428e-01 5.503636697088486684e+00 5.747862278273172976e+00
2.672046138244699609e+00 5.488543291372820931e+00 7.403114931892326389e+00
4.834584470408514356e+00 5.509935830797758172e+00 8.425610945048601863e+00
5.384170179687797209e+00 5.534515596276310845e+00 4.222691472399136003e+00
7.144192668423833936e+00 5.504639306160104439e+00 7.120392534889659508e+00
7.384643227663127085e+00 5.511485932822852263e+00 6.947729315849842102e-01
8.029430172060473936e+00 5.510575122745749788e+00 5.939108022185493607e-02
8.768203657929027894e-01 5.599414864902063194e+00 6.664382716320677247e+00
5.020905297509953513e+00 5.568339818597697999e+00 2.800622697283911222e+00
5.064468872948651779e+00 5.587969908171251276e+00 9.444515814445097135e+00
5.120811918759603287e+00 5.620040098882743251e+00 8.401865018970468668e+00
6.576656467675874751e+00 5.634571311316318720e+00 7.633011032630028225e-01
6.851542288399862457e+00 5.543713129767006365e+00 9.607278431558961884e+00
6.905112233892975127e+00 5.576557819522354187e+00 1.562770776924171101e-01
7.723645976101341404e+00 5.574077074574601554e+00 1.150485282135793597e+00
8.382361137391676209e+00 5.541695108535762415e+00 8.239514313007109791e+00
3.260732752278900470e+00 5.628818375514708094e+00 8.255839864610292622e+00
3.589351969307831070e+00 5.648173822065036376e+00 6.233895389957378796e+00
6.202623668299476201e+00 5.699263977225262678e+00 7.530886358456941210e+00
6.648195538060235776e+00 5.685418964544174614e+00 8.847825116178114069e-01
6.720872473489747811e+00 5.624983012107922065e+00 8.237575335757412631e+00
7.653461116661103958e+00 5.710796382752398870e+00 5.378740748895564749e+00
8.112665191810604526e+00 5.628076438906861156e+00 7.056821155129060497e-01
8.118427659710020450e+00 5.699470257229382497e+00 5.073880424785892629e+00
4.843539028633744081e+00 5.756052378631397737e+00 9.287032831436231817e+00
7.706839662781504785e+00 5.760555549463857616e+00 5.326978575509187408e+00
2.089451880119681970e+00 5.783237561606341615e+00 7.474903373903504900e+00
4.692606483769062642e+00 5.835219477347776795e+00 8.505150610292844249e+00
5.982607697943643998e+00 5.788733406161113315e+00 5.459314898582253051e+00
6.404180527627525876e+00 5.821921166135564540e+00 5.653139168513124702e+00
6.675284912250001312e+00 5.794698795199518138e+00 4.997936502766796352e+00
9.187399684785731324e+00 5.818333384928020990e+00 5.361519102101590661e-01
4.804933378114098375e+00 5.900672089244134000e+00 9.375267076869656435e+00
5.801506466698410414e+00 5.882958257682686209e+00 4.093522865084202600e-01
6.353373734859347977e+00 5.892739341810834475e+00 7.144342882856849819e+00
6.646056741708814997e+00 5.858998364581413654e+00 5.076860943713304986e-01
6.719401910716189086e+00 5.907388710213585803e+00 1.611953630285475114e+00
6.897403228803598019e+00 5.904817385802934027e+00 7.475269916532631953e-01
7.595488451639916150e+00 5.875097342366466968e+00 4.147886731024319928e+00
8.425650722921261604e+00 5.857695334667333498e+00 7.670614521565167543e+00
8.739614688088277461e+00 5.868915260440406456e+00 8.018000552040508211e+00
3.281371769586726161e-01 5.961679961255748061e+00 6.713673146920015711e+00
2.762640408459930086e+00 6.013273467586350840e+00 9.420054993268346166e+00
4.636391529149112678e+00 5.963488844811505096e+00 8.930436051491202676e+00
5.825656957503855260e+00 5.947318603322425012e+00 9.553610582198860612e+00
7.027820416479127807e+00 5.983289425516904458e+00 6.669670260324318534e-01
7.982191651692071233e+00 5.995527663008448194e+00 4.317570031767223426e+00
5.389190702105227437e+00 6.066345092810782269e+00 8.976079329736636581e+00
6.462236462099775203e+00 6.083440976908224052e+00 4.352091461994509913e+00
8.192436350113190713e+00 6.053295099586553540e+00 3.095413907482795768e+00
5.438721866762138646e+00 6.099538999881233714e+00 8.922808585334262688e+00
6.812059021024032823e+00 6.100984369131976948e+00 1.519531290911034560e+00
7.074964034716129113e+00 6.128551109989746948e+00 3.939085114460265657e+00
5.732872325450053097e+00 6.194680042074223181e+00 5.001657573795078804e+00
5.744291884070651832e+00 6.229083307640429723e+00 9.822902923909758499e+00
6.864035238629844216e+00 6.217003030218224424e+00 8.679758135447753986e+00
6.890171114221320892e+00 6.219755473027382742e+00 4.354349364859807503e-01
7.885435241648698579e+00 6.229664222978084531e+00 5.023415716024578259e+00
4.626802460239360926e-01 6.316251498801171316e+00 1.225165564544628549e-01
6.079231042708768129e+00 6.252509882844593747e+00 4.132561100908820784e+00
7.105968536277559089e+00 6.255043485010886251e+00 4.356512492412917936e+00
7.562618616023950580e+00 6.314975746684797109e+00 8.128836684665476042e+00
8.548307458304503115e+00 6.313852623025406174e+00 7.159844977474604022e+00
9.038184016450554026e+00 6.320417321823143197e+00 1.886925871173704028e+00
6.356507964577926550e+00 6.352739164313838671e+00 4.878200988138959859e-01
6.336267429471671875e+00 6.358142028303952031e+00 7.037502017648522568e+00
6.464397893690655650e+00 6.380506655602173005e+00 9.560956204702947048e+00
6.979785001380928833e+00 6.391521739949226344e+00 9.529773048945958891e+00
7.243145451216419950e+00 6.399119289169754587e+00 5.295707073070672344e+00
8.113950045353615081e+00 6.375049438193290285e+00 4.685911962832332911e+00
3.391967355386006133e+00 6.429358764669964366e+00 1.564655889960220869e-01
6.106169365207526845e+00 6.427019866126647329e+00 6.044429205393961446e+00
7.030187827763103137e+00 7.865628421885842769e+00 5.913168831985338159e+00
3.756632294539298256e-01 6.495014493938842115e+00 8.286943248849889088e+00
4.712062744418498816e+00 6.518275362473795909e+00 8.815979868231002214e+00
5.406859118760348082e+00 6.524061003020427130e+00 8.046416809470510856e+00
5.654854681326923149e+00 6.491389665014197341e+00 5.034070387542678660e+00
6.428753592612786782e+00 6.552499158517926858e+00 6.893122593971432011e+00
6.566169282899206650e+00 6.522866350032325400e+00 5.664818707437687451e+00
6.947529414687897642e+00 5.104293955472694932e+00 6.261985412099464909e+00
7.914926279481035110e+00 6.525481531150893133e+00 4.204326537062170743e+00
8.290381796556768990e+00 6.491439003677292874e+00 6.689281294829847013e+00
4.424396783253333965e+00 6.618638863114140847e+00 6.151921909679950673e+00
6.305058710060436944e+00 6.561832527266975745e+00 6.488467379311778416e+00
6.670081337152915069e+00 6.568271518758301397e+00 8.220832296334677380e+00
5.864790547184274949e+00 6.652902844019918049e+00 6.953080581196461551e+00
6.041266846071172480e+00 6.723052766242715528e+00 8.049337738262476449e+00
6.442497119018116614e+00 6.709678355412555639e+00 5.229258156878169306e-02
6.524817315816816787e+00 6.704691586055584018e+00 6.953187176546699710e+00
7.709227788133997450e+00 6.695218170385230927e+00 4.567297506697519438e+00
4.565925972935949595e+00 6.743816945709972366e+00 7.476080370002890163e+00
5.540597014743350535e+00 6.737479939573105980e+00 2.057489618294262163e-02
5.551265634305139862e+00 6.766095413762934996e+00 8.583101945973854896e+00
5.748607102649105904e+00 6.795066956951167469e+00 8.414613128126918085e+00
6.310294336468601273e+00 6.738738984449952341e+00 6.492605612119846104e-01
6.277358548142704997e+00 6.765136775866567476e+00 4.892685299131775523e+00
4.761005635254915269e+00 6.857001063491455994e+00 8.012375359262515317e+00
5.732008164174789755e+00 6.817973770794378829e+00 7.081036143855494736e-01
5.777262417299201758e+00 6.807874573829618470e+00 5.667765660970378150e+00
6.388191117997500612e+00 6.830616580679087946e+00 3.940605099406355283e+00
6.468442033984965533e+00 6.857413935884223655e+00 4.425811257234249396e+00
9.620591989890709073e+00 6.869750661453229768e+00 9.936021286032010735e-01
7.180196525234137095e-01 6.903267190701116718e+00 6.208036835814699117e+00
3.720016714868367380e+00 6.907249302167133287e+00 7.517276916528667030e+00
5.242637810867074144e+00 6.889600695467162694e+00 5.830227322504008214e+00
5.358241955386758626e+00 6.892649540593410507e+00 8.761319658524493903e+00
6.029605642344001204e+00 6.931012536507720867e+00 3.849237536138640614e+00
6.104253618107057022e+00 6.898186028710063589e+00 8.040018759208210852e+00
6.221839568245162155e+00 6.911573961587953008e+00 8.317716850317822264e+00
6.713331626395586227e+00 6.946700122442577729e+00 8.663938449149032550e+00
7.166675528503485992e+00 6.937082291263509504e+00 5.294592045418001547e+00
7.640449171689755126e+00 6.931532703506762871e+00 8.024731562601326473e+00
1.112275714873995458e+00 7.010590615471350873e+00 7.670793311414465521e+00
1.451764953482275189e+00 6.994353375436287656e+00 9.317238509832407090e+00
4.084544433108117545e+00 6.990083429305049556e+00 6.512062626804405063e+00
6.696191855886677757e+00 6.963204070769469567e+00 8.535989198152583057e+00
7.483518857706886074e+00 6.986530000982951627e+00 3.542335111520088731e+00
7.447444552824056707e+00 6.967817453807277239e+00 7.978052586784841083e+00
1.979511418422418845e-01 7.105884811422688685e+00 9.220689244275817487e+00
4.241631498164733394e+00 7.059719800579376425e+00 8.710577041473591464e+00
5.169453792737859210e+00 7.104057906502197817e+00 7.032911900400881322e+00
5.232261213143893919e+00 7.042006664742151756e+00 8.998011145586557902e+00
5.392264450629951966e+00 7.088189466051955989e+00 5.266009017157218253e+00
5.335568137814520107e+00 7.061547264476073948e+00 9.127723115497577311e+00
5.502046545391274357e+00 7.048931342689535029e+00 9.754930145235105599e+00
5.973770950222237808e+00 7.054415399597083081e+00 8.180229656889878243e+00
6.577475263125331040e+00 7.042443152725148536e+00 5.212198647308532884e+00
6.559365816415892780e+00 7.054940494262157635e+00 6.790758036662130515e+00
9.434748090680248112e+00 7.098699614071972697e+00 1.931267928657768085e+00
3.536046660748740411e+00 7.167115668143730467e+00 7.742334375722373707e+00
4.612619442152487537e+00 7.157079700630422536e+00 3.931541208405060495e+00
5.510256417492305658e+00 7.159475686414766393e+00 8.513623402010710439e-01
5.899710381996528419e+00 7.115422203456082784e+00 9.097944143547282536e+00
6.257003958330543014e+00 7.118070685696829436e+00 7.683232077308770336e-01
6.881075928192992741e+00 7.176166777090092097e+00 6.491125870868321712e+00
6.873814968185945951e+00 7.145020404473884312e+00 8.720487422801415534e+00
1.422350409627550771e+00 7.249838450399926693e+00 9.002447478970976746e+00
3.875511958983774985e+00 7.209521654855496564e+00 7.545763863141177197e+00
4.356886697482962312e+00 7.246544819584913810e+00 1.240590981464932074e+00
4.676562873498756545e+00 7.215456672680891081e+00 1.775225712258719502e-01
5.032008112331593175e+00 7.259638066634740206e+00 7.078452544722491524e+00
5.330898794477127112e+00 7.239191572105644568e+00 8.481500212436587915e-01
5.814758960475879590e+00 7.218979896565869581e+00 3.487760490672122682e-01
5.909227618845759977e+00 7.227179125694236816e+00 9.623698969873327513e+00
7.027995072132096510e+00 7.203914942051319770e+00 4.841738016752863416e+00
6.737185021338867763e+00 7.259723126868783183e+00 6.927743557043299027e+00
3.323677354100728731e+00 7.351775833485046263e+00 7.749076417282342533e+00
3.712880607503073804e+00 7.344534697817245217e+00 7.712890045849970733e+00
4.719832722771555744e+00 7.408224362735554180e+00 8.036259677941366419e+00
5.598811952002809456e+00 7.383174924352502444e+00 4.682105521994690989e+00
5.610441176663259810e+00 7.396742423898492902e+00 7.567159508846616589e+00
5.888494873903519000e+00 7.370224628830943203e+00 9.636417357485722590e+00
6.693631433493612448e+00 7.914665651246430400e+00 -1.750609365498827508e-01
2.060584755800172752e-01 7.485234508921708496e+00 2.504256510009170711e-01
1.823489727846012709e+00 7.467777868876506631e+00 8.766117703732081878e+00
3.972299969220892457e+00 7.441984783927035885e+00 7.264059250347199459e+00
4.758752865282231959e+00 7.486661501389782813e+00 8.545486128447933538e+00
6.422778027983209626e+00 6.953516183238082959e+00 7.722825058238638185e-01
6.567845415182268276e+00 7.424852093312216184e+00 6.057616951537490024e-01
6.850420476764250921e+00 7.463671338086307117e+00 6.609976841815792259e-01
7.920925369243103198e+00 7.441996002601083404e+00 6.232267467442479614e+00
4.494518503905705842e+00 7.575494286771716546e+00 8.944255559542149570e+00
4.475087502295605368e+00 7.556820120554055720e+00 9.929440221520938081e+00
5.857572731064415450e+00 7.542795429894194825e+00 2.869322846442283748e+00
5.803996098655852975e+00 7.557527116252272137e+00 5.183763871344331697e+00
6.098587516898504646e+00 7.561155286882071280e+00 4.226502958171393765e+00
1.052535962452167517e+00 7.625605121971644529e+00 8.227604625963953922e+00
3.751328075092439818e+00 7.624198728565025007e+00 1.173091626623469441e+00
4.820237183784763957e+00 7.631467476302757902e+00 6.714885368687612655e+00
5.944070801272769877e+00 7.632845052305523126e+00 6.825800553369766099e+00
4.154174851307498528e+00 7.668706304595048096e+00 6.462642142985033367e+00
4.434347385637861017e+00 7.695673234656680961e+00 9.669018861080607152e+00
6.359408908626674517e+00 7.713748488111702883e+00 6.197999974390576483e+00
6.449246736554299808e+00 7.660887566679134508e+00 8.352880392229799611e+00
7.349101361475058880e+00 7.712964923825360586e+00 4.053498766293549771e+00
4.019814020142789879e+00 7.810886866811046048e+00 8.244005769041525156e+00
5.188289772513261511e+00 7.799154702021415808e+00 7.305984339954807893e+00
4.053028262804735604e+00 7.906361395529311054e+00 8.103560697442111049e+00
4.537651804102313058e+00 7.867195552455982011e+00 7.295333688713956377e+00
4.804795970395566052e+00 7.873528387476179446e+00 5.807424881586319643e+00
4.923204978619890149e+00 7.855014016321110404e+00 8.932405663507880789e+00
5.046969749012872875e+00 7.869142126787377123e+00 6.556253660616113976e-02
5.083054014225664829e+00 7.865920482796598279e+00 1.599688477288894184e+00
5.389347071085768270e+00 7.835774024304278385e+00 5.112001556914496092e+00
5.434536010871746647e+00 7.849191737731045393e+00 8.426203935067920980e+00
6.609456004333491563e+00 7.807026258613294800e+00 5.976082189927024224e+00
6.598513273696402948e+00 7.822742309617401801e+00 9.603110815865894878e+00
6.999406091061540103e+00 7.867919918815795555e+00 8.366902577321848611e+00
2.654034690416469111e-01 7.950129411813250613e+00 2.107858554726107059e+00
4.005533292842261339e+00 7.875291156498940737e+00 8.197007941303688483e+00
4.570136364475451352e+00 7.944165208822866475e+00 6.484602937638523912e+00
4.705878284523508981e+00 7.918683975582618828e+00 9.129954220886620675e+00
4.941198570095781228e+00 7.929460219366804452e+00 5.842561105584158199e+00
5.288297221251995417e+00 7.905593709487440890e+00 8.885705342377514526e+00
5.271660600543852659e+00 7.913984479672337535e+00 9.227076216743723691e+00
6.108007756931656651e+00 7.883065294286609515e+00 9.517180282660156365e+00
7.868245335135933161e+00 7.892683328758757000e+00 6.453567217704305747e+00
2.002525580630479141e+00 8.019624538166397087e+00 9.968471457149671977e+00
4.001427024452111958e+00 7.998849722213750013e+00 8.070916970700221071e+00
4.004753414885497520e+00 8.033258731014299769e+00 7.872548750067869250e-01
4.975562269904078683e+00 8.012498192426196653e+00 6.116011327784892870e+00
5.546692513016227899e+00 8.023318764265443548e+00 6.515459399212804037e+00
3.189820732305625128e+00 8.075129315399406593e+00 8.768799134762101488e+00
3.508302314876066141e+00 8.118095855223932844e+00 1.041190205234484356e+00
3.859779968680053130e+00 8.075455000899866675e+00 9.147897111313678664e+00
4.994592393865836755e+00 8.043885766337353971e+00 7.242833780321145554e+00
5.306411910182527336e+00 8.116099643116566398e+00 8.003678500281964148e+00
5.756157462404217107e+00 7.802691922149101345e+00 7.168821530608427750e+00
6.993443576229598335e+00 8.082102379876573650e+00 8.228776908944572810e+00
7.059935066995998154e-02 8.164231562443189816e+00 6.431618603658778355e+00
5.899493190814251165e-01 8.151971310404400484e+00 6.548389424530636660e+00
1.082855578283030695e+00 8.124266727211528760e+00 6.742453318224400860e+00
1.296137905659897616e+00 8.187272761057386106e+00 6.243222453221295432e+00
4.951769931612227893e+00 8.180954971542682586e+00 6.403553102645336281e+00
5.760149259832961555e+00 8.182385200340313247e+00 9.147066168761430305e+00
6.008929198139253636e+00 8.176798915359688280e+00 1.802797292503755422e+00
6.440727371052533456e+00 8.433035554225806862e+00 5.825164656182138856e+00
6.259877474649459650e+00 8.173518568697829778e+00 6.324517485168617448e+00
6.623087326100197458e+00 8.165918580766469148e+00 3.326664549720100617e+00
6.710464625768855385e+00 8.130378294630926206e+00 2.333479468533149692e+00
9.652775353862145025e+00 8.139876076210725842e+00 7.543758252368330197e+00
1.814148895535529604e+00 8.217262875695915625e+00 9.971982473566077587e+00
2.785641185973694700e+00 8.222153658313910540e+00 1.351330781884876320e-01
2.856186405755021251e+00 8.210699103627892015e+00 9.529599829782862130e+00
4.771485788557226826e+00 8.203357188195377958e+00 7.146932757315745732e+00
5.552615837689186762e+00 8.218916548626662433e+00 2.267692479929616756e+00
6.063283011865274297e+00 8.250264423778611800e+00 6.495805803412333379e-01
6.816162202616542487e+00 8.233412642317968988e+00 9.341192677096698205e+00
1.676282614988739428e-01 8.344549706431546809e+00 6.912045112290385873e+00
2.253555114177597130e+00 8.307525653485098971e+00 5.536575409239211099e-02
4.528231734816527521e+00 8.284255918368195637e+00 6.693447990935685432e+00
4.853219146482283364e+00 8.290506833624753824e+00 7.991939571643278839e+00
5.495129888344975733e+00 8.337944452646727456e+00 6.413364470724760125e+00
5.498054040391547659e+00 8.285312777816898233e+00 7.048731613963227005e+00
9.861708978988467322e+00 8.311505068525082862e+00 2.917197999077370874e+00
4.983354364304717343e+00 8.421113874034746871e+00 6.196234591585883855e+00
9.280034061169148529e+00 8.408857039943150369e+00 7.113862020949548892e+00
8.116449717951046416e-01 8.497385279156983273e+00 8.945973317012736459e+00
5.101568256170762261e+00 8.503006939140583142e+00 5.063362636677033457e+00
2.302236174889638054e-01 8.559534936479913370e+00 2.843984783672250938e+00
4.088400001741947953e+00 8.548424454621990520e+00 9.623020304245809342e+00
4.202582960890911323e+00 8.538185584628191549e+00 5.982466269080824794e+00
5.228596997247794143e+00 8.536454529947528513e+00 8.602356532058054839e+00
5.326020673829250818e+00 8.562354775654345218e+00 9.235124077127405684e+00
6.529437718364180299e+00 8.539829887801698050e+00 1.561665403678559993e+00
4.301654027918694112e+00 8.617534007833747012e+00 8.747056142932605027e+00
4.745932346476226193e+00 8.648301719908774388e+00 7.107055732664882441e+00
5.218808551067025903e+00 8.608382246554501904e+00 5.893885371170103582e+00
5.248917862233738241e+00 8.653188501287081280e+00 8.389659929534843741e+00
7.807694382735068217e+00 8.641858186081517346e+00 2.526029318732673445e+00
2.885103166820258691e-01 8.715099652095425142e+00 2.366357695148433304e+00
3.728704651041669038e+00 8.723280744759239980e+00 2.296665443843884269e+00
3.951379082854121538e+00 8.720923049724307319e+00 3.776256095773419919e+00
4.501758267168577632e+00 8.726048259389051154e+00 6.949131627943346601e+00
4.670842924034841026e+00 8.730067065035337137e+00 7.328331087443821446e+00
7.851511796205548066e+00 8.686025766873472165e+00 3.999452385855647663e+00
7.941374457515934182e+00 8.697813573625232664e+00 1.462463393932149192e+00
8.384467676043287909e+00 8.715479339392899760e+00 3.708921831012587322e+00
2.378094911452162563e+00 8.763177154974401972e+00 6.109265126231487208e+00
4.389606283339290371e+00 8.765978066090175602e+00 6.632964231957605428e-01
4.536123145421331770e+00 8.809026730172030639e+00 8.530892359410009007e+00
5.508156271930483960e+00 8.812988616744704018e+00 1.602272406684555062e+00
6.025869496637252354e+00 8.800247203061847046e+00 2.664126510260839797e+00
6.559405529405234248e+00 8.771676234452840504e+00 3.353841866824100126e+00
6.684868214395240926e+00 8.757971781684611656e+00 1.606615048063254836e+00
9.791391874852349630e+00 8.787569499658967942e+00 3.562297540237003624e+00
5.286905159552201638e+00 8.882574510780070653e+00 6.624653222410229247e+00
5.934752970450406728e+00 8.841873014960771826e+00 4.754422497721802365e+00
6.281630255791537110e+00 8.822667880738773505e+00 7.208120178262779731e+00
6.852898815487383111e+00 8.859508801840426884e+00 7.949757326382991707e+00
7.821032979639150895e+00 8.855270385726745630e+00 2.171246851991379678e+00
4.137581953361924469e+00 8.966874621302521220e+00 7.654307316755494028e+00
5.150386123369811386e+00 8.926944965970072587e+00 8.966353943278120298e-01
5.459365508122347777e+00 8.910169026363284672e+00 8.488804769657674498e+00
5.503253212319647147e+00 8.929997848137670502e+00 9.804157294044584248e+00
6.432750119025661739e+00 8.954973418778227057e+00 1.355598275399600539e+00
7.503705503388561127e+00 8.921006884467161058e+00 2.124678173718125951e+00
7.926527406118246688e+00 8.967742829072893329e+00 1.917618437800576725e+00
8.406786631035170765e-02 9.018360585048155187e+00 3.429826740742628832e+00
4.292023886462151827e-01 9.029455652908390917e+00 3.302320184747486120e+00
3.982038541690601896e+00 8.999654575508207799e+00 8.571037222501026065e+00
4.553627297500179694e+00 9.013223264064954776e+00 7.224088742782619477e-01
5.953235779449891574e+00 8.978006489063151463e+00 8.099344510016553755e+00
6.297734441704944786e+00 9.014900936069938808e+00 1.109205713780879066e+00
8.071628913185922016e+00 9.006254707675175553e+00 7.650126463308594360e+00
9.480456199990356936e+00 9.022961674022713652e+00 1.245058401021894579e+00
9.607548813105973196e+00 8.992494282400244288e+00 3.591961725346981105e+00
2.720509163210514281e+00 9.095893745314127088e+00 3.314257501971332509e+00
3.645335799401333787e+00 9.073527498294291505e+00 3.858362706591879743e+00
3.977083971611450330e+00 9.117799387349105444e+00 6.786303238421113271e+00
4.589747436702387162e+00 9.077930658635096961e+00 7.772219582664904536e+00
5.354836831437707723e+00 9.130726936834514973e+00 1.095085863735850484e+00
5.915646037378260225e+00 9.085157726021638069e+00 6.226924043058289726e+00
6.165949621489057009e+00 9.058024891164990322e+00 8.871416504915842438e+00
6.254609104364357464e+00 9.072094119037490856e+00 9.916149990942125569e+00
6.402387102893726478e+00 9.094932756211990821e+00 2.317010679541470886e+00
6.451268999566103446e+00 9.113782256734694442e+00 7.586921027239483806e+00
6.974321237033431764e+00 9.118527126720909592e+00 2.337152386772012314e+00
7.758262425493823500e+00 9.129426517848870049e+00 2.098742743388385179e+00
4.059446920034881501e+00 9.199293825918349654e+00 5.966734995557309240e+00
5.742447668983822417e+00 9.142568924879729053e+00 7.018577093561102487e+00
5.701865766157836468e+00 9.191780015551991312e+00 8.256816423342192124e+00
5.988360741623901973e+00 9.190393655715730858e+00 9.778517716892556777e+00
6.619876776265140705e+00 9.202943880649478103e+00 4.678105500766596592e+00
7.759958498876320832e+00 9.138590737227083594e+00 2.152845411040607004e+00
8.919675703888229279e+00 9.150761027364758604e+00 7.693087678117482398e+00
3.594568293587834695e+00 9.281487475625334937e+00 5.887262153474498660e+00
4.324298762091734361e+00 9.252262715119737635e+00 2.171269003911723061e+00
5.628749607604239813e+00 9.241857741252911040e+00 3.642475067933369504e-01
5.819827072266848589e+00 9.235644891290114344e+00 1.891217551293862265e+00
5.889531041295937186e+00 9.241590752345967275e+00 6.644103348927857589e+00
5.888645478198673011e+00 9.241328166164173297e+00 6.645293677325815551e+00
6.911438063520641606e+00 9.265873378676154459e+00 2.181345420787969225e+00
7.612665999214028645e+00 9.224020397157351780e+00 2.036660157184964959e+00
8.168398947320248737e+00 9.235037044031159326e+00 4.373843490445036508e+00
1.561622930799340669e-01 9.321299933133605720e+00 2.097150338554068849e+00
3.957248633845503960e+00 9.362849841232453230e+00 6.366284949170288865e-01
5.462534363124938785e+00 9.301602927164143608e+00 1.300784273743391228e+00
5.514755228412697718e+00 9.344616746502733662e+00 8.265397472878788676e+00
5.574898976437729026e+00 9.342011816639825383e+00 5.642308849392918546e+00
6.218632549827816547e+00 9.360162730860947633e+00 4.158102194964143905e+00
6.606241005964006874e+00 9.307420475383580083e+00 7.680296765005712345e+00
7.055881634603659691e+00 9.337707724675922805e+00 2.502330324861942401e+00
9.772036626510580248e+00 9.338590152643369890e+00 6.372031684348411495e+00
7.321400867985632388e-01 9.438677969240760746e+00 3.151974111691099534e+00
3.197940747744816292e+00 9.437882033735089493e+00 9.699205114229219049e+00
3.436403046127450622e+00 9.417298878003892426e+00 4.753937667865741012e+00
3.676839053400045909e+00 9.380666486993535003e+00 7.427383063816160202e+00
3.998217260732583433e+00 9.439249127492601588e+00 7.666004847186783877e+00
5.245545963820706703e+00 9.392796373200573257e+00 7.074377146779855519e-01
5.571075663425964386e+00 9.350487315497556295e+00 5.637613830591984510e+00
6.240422179747355358e+00 9.421758994533348641e+00 2.003857402371536978e+00
6.764864476822229911e+00 9.362158878350104629e+00 4.631778081365253819e+00
6.873910295633485212e+00 9.370634848999333855e+00 2.488278910957324452e+00
4.091467917377322294e+00 9.456567478866038101e+00 7.729763685095899284e+00
7.292111561580309598e+00 9.494167125103061267e+00 1.822541214069569815e+00
7.929582154443814090e+00 9.502143855712350984e+00 2.570110194828852279e+00
8.220111457801854371e+00 9.516899259032587821e+00 3.071423200712078749e+00
4.516325411584414695e+00 9.584252084470769262e+00 7.291831269776700708e+00
4.704312239188190858e+00 9.558472655698899700e+00 8.496662024936314506e-01
5.038588371268888366e+00 9.529675343814416166e+00 4.050490684774210592e+00
5.363279752278114820e+00 9.522461839888730850e+00 1.385508603169272490e+00
5.942366657147539755e+00 9.564327991626758063e+00 1.281454517256416459e+00
7.214081312143768798e+00 9.549632747589512860e+00 2.309902022264266552e+00
8.403533069321453830e-01 9.648464505525431889e+00 2.904008282222662274e+00
4.091558312769387307e+00 9.624091551702470326e+00 8.392709808162411633e+00
4.136158853559662063e+00 9.604613709149267819e+00 9.767823422173412595e+00
5.031424070701665308e+00 9.635423070230171305e+00 4.834064276602758170e+00
6.924614501890165918e+00 9.655758929037190796e+00 7.441097127473607742e+00
7.078323736960548729e+00 9.602922305744817422e+00 3.618233722615862291e+00
7.441676432102885208e+00 9.631410468810354786e+00 2.556035646135866646e+00
7.756159863149289180e+00 9.625219600470270365e+00 1.838163784693369607e+00
2.994380122189960858e+00 9.725311902895661831e+00 7.107525589812963673e+00
4.585772086912546897e+00 9.708503789662314531e+00 8.000827206599282704e+00
4.877253008902534326e+00 9.746376766923175339e+00 8.072416243791257884e+00
5.435565837989328131e+00 9.727353379589162685e+00 6.266506724542489692e+00
6.206528846925405851e+00 9.690137947906412919e+00 1.620891358601553867e-01
6.549548458729583800e+00 9.700767716150052067e+00 5.566852650959358328e+00
8.764710505839291343e+00 9.704812864869907685e+00 3.568627153345004466e+00
7.101840136244660928e-02 9.819568266142066904e+00 2.408610989873210873e+00
4.464081597031434256e+00 9.756243835393352271e+00 1.659914823486003499e+00
6.065229428890095420e+00 9.783367129282837027e+00 2.015388385913689628e+00
6.358813454542875832e+00 9.814051121323007720e+00 2.549933741372251816e+00
7.545523854103543648e+00 9.778398452741685176e+00 1.783563847849383155e+00
8.233318821029886436e+00 9.825016598847081895e+00 3.264086704755020385e+00
8.690731381782404341e+00 9.797399409777753476e+00 8.597813322085990251e+00
1.887923338125779282e-01 9.856932311350311338e+00 6.348702627095684115e+00
2.625193496972318297e+00 9.865389669173181275e+00 4.797363159967068746e+00
4.573870431397843994e+00 9.845615486976434738e+00 7.460619862282817927e+00
5.197981368620096632e+00 9.857697386869357814e+00 3.665689650115759868e+00
6.825814836677608355e+00 9.865086006485311643e+00 7.775233178088146069e+00
7.779112902134359686e+00 9.881756803815004986e+00 1.028277584904190967e+00
7.732133960448786425e+00 9.878539345593978283e+00 1.963059675092319267e+00
8.916468491614645941e+00 9.880441450075990062e+00 2.451315150405226184e+00
2.950924801747186743e-01 9.977145715426800621e+00 6.549587199611823785e+00
1.946140211918553131e+00 9.946884768027771884e+00 9.509770827274888205e+00
3.547079175426613773e+00 9.978082859218083911e+00 7.249937961167361777e+00
4.220401655117399287e+00 9.957572271843499578e+00 6.607040501684870115e+00
4.269811559891691921e+00 9.917694862746003537e+00 5.022856224532332270e+00
4.787504356391908189e+00 9.953180863100875797e+00 4.542065186756611972e+00
5.220758010120633230e+00 9.935506347613255684e+00 5.159719469883392584e+00
5.335856117649425023e+00 9.979518125786739802e+00 7.372416163311065418e+00
5.969871759013983592e+00 9.912159388653957848e+00 8.415126301363493155e+00
8.245124483310739549e+00 9.952008342696039733e+00 1.746316792634481363e+00
