2.114464778110471510e+00 2.577335768231765051e-02 7.234774491006569441e+00
3.063321751699472628e+00 1.585574623268749817e-02 5.113204828177724259e+00
5.834551159369330442e+00 3.924013746959682802e-02 7.766869012622688029e-01
5.801279176226287859e+00 4.681306920196616483e-02 2.177415202845231601e+00
5.929750832351167844e+00 8.770415171014633859e-02 3.751794036055884352e-01
7.541742728200308221e+00 3.227396384544579944e-02 4.150057047549556621e+00
7.744385406540518879e+00 8.282536496434025897e-02 3.575825647766281978e+00
4.127240724414816597e+00 1.400377118606407900e-01 7.455693522817334440e+00
4.202529461998683047e+00 1.398932378471854920e-01 8.837895726571357358e+00
5.088886985547418362e+00 1.150487632522880499e-01 4.962594025449244661e+00
6.097044119778271209e+00 1.516148973660977894e-01 1.100036354751902312e+00
6.250874613748440112e+00 1.282245126634008192e-01 2.011605078782147782e+00
7.469198908398004377e+00 1.246757962435708078e-01 3.274268339770689984e+00
8.553335149049154040e+00 1.264437896707215347e-01 5.212089643079522716e+00
9.320047629848748016e+00 1.264206298820044760e-01 6.595137160408857113e+00
9.335504167408432252e+00 1.385704700085211849e-01 7.646045299672231010e+00
2.876227545553930121e+00 1.870929345824848267e-01 4.025570784125727997e+00
3.256810866465155385e+00 2.153674367656821520e-01 6.796940422364746937e+00
4.769575019714418218e+00 2.180352724460362102e-01 4.301833678018960327e+00
5.392070985056802712e+00 2.110429368438064834e-01 9.670364770978079338e-01
5.365369893880928664e+00 1.933082468189114000e-01 6.600122002634375207e+00
5.968771676584181840e+00 1.944274754544271788e-01 5.798741954652397723e+00
6.657858569860880316e+00 1.725209142570020004e-01 1.756953034320951623e-02
6.689574383162729454e+00 1.996628261822969708e-01 7.424887427775029636e+00
7.908049816711779201e+00 2.002385613187762647e-01 2.347748797109880936e+00
8.159592223529635646e+00 1.819388193062235759e-01 2.136295479833065336e+00
3.822856160427257954e+00 2.988950215177857972e-01 9.325789872209713227e-01
5.880378975549881204e+00 2.466633988432046509e-01 2.108401237721772237e+00
6.300699104019374275e+00 3.121335316031285112e-01 4.449079719861149584e+00
7.099018639499153238e+00 3.152209445848055402e-01 2.224486884590673341e+00
7.844025845734684310e+00 2.872411740936618996e-01 2.091963352836620160e+00
8.009883544576076986e+00 2.741020747189000240e-01 1.909853483252208939e+00
7.962924499821798285e+00 2.887321342463393670e-01 5.302180573293068910e+00
9.544952599062995091e+00 2.781310420770908287e-01 1.322679140001819409e+00
3.534720041254803213e+00 3.740666023268510720e-01 6.087821773875749187e+00
5.597956600872594279e+00 3.405526808313157350e-01 2.915772464135958142e+00
5.768879166916084600e+00 3.493802971382801159e-01 2.325537728003637117e+00
6.479483525016382472e+00 3.578278625118184175e-01 2.662738595385080842e+00
7.635371826449286914e+00 3.613879358165744682e-01 2.325961720915392661e+00
9.035225310630186968e+00 3.977643962742598571e-01 5.572597693956787168e+00
5.167903862160841411e-02 4.074038304115611409e-01 2.660812812281160511e+00
5.583007988308780867e+00 4.070331594373560735e-01 2.516927697546084364e+00
5.931014366814096661e+00 4.177727020798343016e-01 9.408061836912027687e+00
7.047889175832110276e+00 4.781825162209425439e-01 1.692146411338626422e+00
9.412366733854279133e+00 4.487622932544443888e-01 5.605596473465557672e+00
4.845654159942893724e-01 5.045253046681142939e-01 2.708217008383188240e+00
5.639265434172486380e+00 4.993935648794671778e-01 9.842046726849616789e+00
5.884412486838328959e+00 5.038281564034344795e-01 6.895001238993646808e+00
6.173966579831756007e+00 5.484786914980611661e-01 4.045977886413679947e+00
6.256023206671950554e+00 4.852686822857010807e-01 1.487236385267849181e+00
8.835616675291976918e+00 5.317163503717567963e-01 8.134897211383760762e+00
3.312615472061428701e+00 6.359689480468666556e-01 7.333856739505148603e+00
4.381279371110290199e+00 6.251242571856616692e-01 7.199927469539370017e-01
4.690213641559060065e+00 6.409992926021789161e-01 5.262327357919980741e+00
5.144134805272830846e+00 5.590714228467535962e-01 9.376398953957869153e+00
5.235498676705206300e+00 6.197846557976696147e-01 3.140177696339492730e+00
5.356050400179277027e+00 5.946206808421564682e-01 6.686324406705144163e+00
5.458082447592439657e+00 5.738522667042800229e-01 7.640373660792219468e+00
7.824828262813688262e+00 5.806430820240999768e-01 5.801261822869530960e+00
8.156719294332829051e+00 5.970549950196513134e-01 1.831387186009272749e+00
3.838611893654385820e+00 6.669369172120687139e-01 8.132836123115323446e-01
5.430933110409215558e+00 7.988050769384922312e-01 5.221907930719767776e+00
6.230497156442731388e+00 6.551501627589846333e-01 4.550635973301738524e+00
9.335106048494381525e+00 6.467915391928159563e-01 6.853627752819113184e+00
9.948723424221634914e+00 7.066655490876917467e-01 2.564512935001322269e+00
5.901805167976504229e+00 6.093282929220058541e-01 4.896108631535571298e+00
6.362473442474922969e+00 7.273263212629141883e-01 2.821139856793996259e+00
6.835636480801062120e+00 7.372013522134244212e-01 9.610195934939312679e+00
8.296258812008161954e+00 7.999814952487334097e-01 7.762984477251356097e+00
9.213429879776569464e+00 7.585892894267780573e-01 3.298933109508228601e+00
1.158973361511894673e+00 8.678559895815635139e-01 5.910647595500460483e+00
4.570656868085976043e+00 8.524256034538486571e-01 3.691771522343596512e+00
4.611229777719885625e+00 8.787151064475676732e-01 6.282934061968827422e+00
4.854672756303679115e+00 8.451392042262957371e-01 5.689751039515688724e+00
4.923306775081656816e+00 8.415646627872089836e-01 5.815666196823636724e+00
6.082095564857550762e+00 8.222677056991040123e-01 4.849766498127302761e+00
6.174298966062085725e+00 8.279604208612465488e-01 5.169504391842029811e+00
6.276062763044237158e+00 7.956850481489506910e-01 2.907183255310422432e+00
6.351103049452646587e+00 8.491404604386550981e-01 9.755808362354471797e+00
9.906401391551426627e+00 8.507198628528658269e-01 7.320976035862506670e+00
4.653376301343448596e+00 9.082119947534285087e-01 5.760549544800519506e+00
5.575854816064239827e+00 9.008367277427096198e-01 6.768319962646534016e+00
5.800416393235618528e+00 8.912360002458519226e-01 7.028769010529771322e+00
6.685554824864060386e+00 8.875930407383808562e-01 4.029311716567525181e+00
8.341579544253049150e+00 8.971670920102127189e-01 7.725266208237016485e+00
8.530293961336720798e+00 9.168247498365273973e-01 3.148771640144497397e+00
9.143964775449468618e+00 9.267586680823194367e-01 4.793313155309594009e+00
9.763424735649236297e+00 9.335193228999444370e-01 4.710750097270089753e+00
4.439852019008581507e+00 9.679673629186988926e-01 6.028956562415404896e+00
4.789692862917911853e+00 1.019961008895853283e+00 6.418852865714560707e+00
8.181148389820839029e+00 9.621036721839589800e-01 3.286295725677363944e-01
8.257554772919400321e+00 9.674618459844412932e-01 7.365072710784356325e+00
9.304511410293066831e+00 1.028605006909714348e+00 8.174517926637808074e+00
3.717496059205064096e+00 1.043539186993808210e+00 5.911117944002527658e+00
4.537221782765715083e+00 1.101268673148633193e+00 6.960979286333778049e+00
4.850642730711596684e+00 1.080894071147555646e+00 5.270986465924431208e+00
7.481268697356863839e+00 1.064036466836123740e+00 5.904477075715995227e+00
4.045911720687220381e+00 1.131331335216796408e+00 1.881334572665051219e+00
4.761660048801773293e+00 1.125592810960751144e+00 3.572159509579591941e+00
4.745598211202785244e+00 1.121980047635250610e+00 5.138082084991488330e+00
5.477512570218357801e+00 1.158675915023120950e+00 6.839141802662166647e+00
5.483492263620325602e+00 1.121802430933178663e+00 3.396080131387448020e+00
6.302612687064256036e+00 1.170003915300588559e+00 1.264162257429938485e+00
6.283164522454196543e+00 1.156999664658493465e+00 7.710623281254735062e+00
7.574937841581754761e+00 1.168623089812021787e+00 7.023208590665828588e+00
8.897761116796136349e+00 1.114414957111957039e+00 1.600969751836520238e+00
9.849758513807664428e+00 1.132465876527183557e+00 3.603448659452388458e+00
5.656673329900758773e+00 1.240488911312154441e+00 5.060594847381903350e+00
8.074574726129901237e+00 1.245387178751836910e+00 1.519871225146934290e-01
1.749150556112604393e+00 1.333660967507097395e+00 9.371523596640738418e+00
5.108438450962749400e+00 1.300629989103277095e+00 5.230575943087885094e+00
6.270440310451354193e+00 1.293106816462293640e+00 5.418293984060347235e+00
9.266551325395036898e+00 1.280174906352128605e+00 4.920688737302365112e+00
9.825339377558012899e+00 1.337263878916910453e+00 8.016221395694689278e+00
5.843664557726272690e+00 1.346592491756152477e+00 4.632705887724042348e+00
8.695968759368277290e+00 1.345132847769346052e+00 1.710338209866575365e-01
6.327296347273929367e-02 1.486422937525894827e+00 3.869297937128389542e+00
4.619341522999155458e+00 1.570770358410744860e+00 3.297199158281976406e+00
6.219080739753138687e+00 1.432954317086428286e+00 5.950453513681630557e-01
6.202303111795830937e+00 1.477782398020642596e+00 6.337243288056212620e+00
6.911828333371802913e+00 1.487074495241673233e+00 5.938220129077732778e+00
7.009524716824605761e+00 1.457684935307936636e+00 3.201411699740853489e+00
7.154694602313760754e+00 1.452530740957999722e+00 3.005666831056148958e+00
7.626229445762501058e+00 1.432455435786799569e+00 6.101964240458934263e+00
8.426003797636187898e+00 1.476483275979163068e+00 7.255955497559291700e+00
8.825443631913094222e+00 1.483596321000443696e+00 7.177726796410384580e+00
9.759882423427049147e+00 1.480333945544149543e+00 7.234852342845101703e+00
4.243086282491581152e+00 1.562115617251406796e+00 7.145078386262907699e+00
4.617751080386535811e+00 1.562256037592213209e+00 2.534968604932771985e+00
4.768835874894417515e+00 1.424115906325390313e+00 2.905021104374058361e+00
5.326581402867026860e+00 1.518770630680860823e+00 7.182089130864904192e+00
5.654743373831626840e+00 1.577429513138682404e+00 8.072839444214867655e+00
6.066361831262399917e+00 1.515552070196183765e+00 7.059692494595209311e+00
6.333485962862207330e+00 1.504931097871928136e+00 8.008839787991602677e+00
7.474485798191920161e+00 1.559558766846366851e+00 8.238958808807513634e+00
8.179286244120788751e+00 1.520398699282244248e+00 6.558620317795648802e+00
9.368154476858615354e+00 1.524694885309056058e+00 4.229051487521519270e+00
4.679251486975834595e+00 1.638167286694060865e+00 4.487908212349029924e+00
5.095580047417243463e+00 1.622133465879195491e+00 2.908945169251923701e+00
5.742180321444567248e+00 1.630670403958559334e+00 5.803802771802149429e+00
5.905048905839210605e+00 1.614506308517049238e+00 3.449887502890772950e+00
8.367493979887855815e+00 1.631341872698561790e+00 1.000229488958340074e+00
4.684985667920910757e+00 1.693251726627192699e+00 5.707417875350266456e+00
5.179132167998997893e+00 1.713817915355530852e+00 2.401804934102503175e+00
6.233888847719498472e+00 1.654635546516513012e+00 5.403833420556747313e+00
8.402867798144733058e+00 1.658014040831819802e+00 6.429631960871744489e+00
8.489543816951696797e+00 1.697120870329947406e+00 5.711521055364642052e+00
7.841871815199065177e-01 1.749494460181755917e+00 5.127984000271009535e+00
4.670287499214900606e+00 1.785110880091105745e+00 6.719972815879387440e+00
5.357743819717761369e+00 1.761628129900430828e+00 2.644208577892837475e+00
6.146314774086337529e+00 1.729965178962015404e+00 3.097982125627596339e+00
4.452682306654649480e+00 1.867133821006092376e+00 4.210641958888561298e+00
5.272294886737559416e+00 1.854975624189851624e+00 2.619394006191877899e+00
5.277778210679297644e+00 1.858564062370017034e+00 3.718441330420437119e+00
6.519434629249568403e+00 1.858891294675365735e+00 6.440674483532108141e+00
9.457595666628638043e+00 1.820357298752464548e+00 5.489230758548620415e+00
9.619851151267981848e+00 1.829500108923571844e+00 8.809287552664475385e+00
9.656919551410176439e+00 1.846132739055054817e+00 8.745982386728044844e+00
5.228135290489313469e+00 1.872685283958177571e+00 2.625607584538770300e+00
5.297677336791812408e+00 1.906661830728779261e+00 3.669078358578589771e+00
9.396256130235167703e+00 1.924093130045668953e+00 3.025085535795245750e+00
9.629790205255730484e+00 1.900457542853895676e+00 8.212272062425190811e+00
9.922735555662125506e+00 1.916927066484938269e+00 5.018835533523438919e+00
3.852967754044374082e+00 2.042464082671901160e+00 5.868560829935286272e+00
4.912675545699331181e+00 1.996154156796575485e+00 1.959695387128308930e+00
4.867106785336409835e+00 1.993467432538877482e+00 2.167489770504439583e+00
5.768452618058695691e+00 1.975060022619669287e+00 4.372259044797980110e+00
6.441137996236966146e+00 2.004214346275960956e+00 7.148896198242354671e+00
7.682778128057989875e+00 1.975431837500360555e+00 3.357344099973760265e+00
7.932355269045903157e+00 2.028331529615510220e+00 6.811723441524517142e+00
8.262691379017043758e+00 2.056683919918651515e+00 7.969470758864746429e+00
1.342427838935143836e+00 2.053296319899420741e+00 6.502668644302509904e+00
4.372399187167344436e+00 2.075485250171953400e+00 2.302487524048746348e+00
4.409235530553632820e+00 2.063980432839310097e+00 4.726538144730334068e+00
6.398055034032728017e+00 2.051894788190844920e+00 1.494678226566861223e+00
7.905100007027433762e+00 2.101321776595312052e+00 5.578115719335392519e+00
9.465242989704192311e+00 2.079490629421957060e+00 2.888730966969043745e+00
4.768322002733911547e-02 2.152022580492954695e+00 5.485464274902699167e+00
4.747704659524369930e-01 2.120185979640187401e+00 4.662944852860436029e+00
5.459324504474747819e+00 2.162748773861349783e+00 1.180851598225446386e-01
6.302124808864263628e+00 2.155371282867504679e+00 6.975204855717096919e+00
7.710596323175286315e+00 2.189077984592493920e+00 4.997520932845013419e+00
1.242999928955968780e+00 2.246176266341027183e+00 4.844443032326312348e+00
8.033279253504032269e+00 2.220533260342733684e+00 4.888923088189346622e+00
8.160192348243116456e+00 2.220319015718010824e+00 5.809155978705792478e+00
1.380929226689479927e+00 2.331796868247981713e+00 2.222339603403470143e+00
4.890624696803388183e+00 2.293105794760868399e+00 7.924305573300291172e+00
5.137848560112816543e+00 2.290935121189144219e+00 5.494789629898730432e+00
5.212313291193478193e+00 2.312320670831161440e+00 2.856587211450979158e+00
5.387611141102189194e+00 2.314305756686866555e+00 5.839403291109274363e+00
6.229531640591380537e+00 2.309579388989912552e+00 8.104847236850103442e+00
6.504872509764719979e+00 2.291679598318384858e+00 5.963959088872201164e+00
7.630355251793540461e+00 2.323794276487207267e+00 7.697856743390576462e+00
7.890490080633005832e+00 2.276732473862800532e+00 4.636930797846416041e+00
8.274047621007506237e+00 2.366516396775722786e+00 7.795963717402071502e+00
9.160869866124919270e+00 2.340290525725874815e+00 4.404656333811182378e+00
9.400180640631452533e+00 2.329148551684750323e+00 5.474382987463171091e+00
1.266436717307473647e-01 2.375117645853638937e+00 6.860081452384902079e+00
6.464961092366568352e+00 2.424847397033994767e+00 4.851042484841732616e+00
7.051015900643921697e+00 2.413010924015328129e+00 1.079635455313169068e+00
8.563713320393656403e+00 2.356758306656285828e+00 5.508524418231425912e+00
3.873256078922735490e-01 2.500705777905408933e+00 3.788597582920283813e+00
1.512513241531234121e+00 2.476995079663106836e+00 6.772823089535457974e+00
1.626626596170551498e+00 2.492463837567898022e+00 1.872624556329090417e+00
3.579628791878192828e+00 2.457194394070133292e+00 2.273989401189655091e+00
3.876594496061002815e+00 2.440065506684626406e+00 5.555265044513386208e+00
6.118477307851003744e+00 2.463435205687297014e+00 1.625515064869770043e+00
2.503830213001523308e-01 2.573994377518205923e+00 3.694953788373449122e+00
1.467957943782188135e+00 2.495765346774594384e+00 2.322206824115495394e+00
1.577821613872858686e+00 2.544527903648103440e+00 6.626006360983115684e+00
2.227237371358736340e+00 2.578779640936545547e+00 3.696565520789682147e+00
3.591117610673515870e+00 2.515021292658163432e+00 2.839062484206296588e+00
4.775795011605844742e+00 2.531681442887353750e+00 6.198398300118491022e+00
7.223831864265049418e+00 2.579705550347697329e+00 6.717301047731209174e+00
7.579665365267616473e+00 2.545239717688110304e+00 6.795810536264759172e+00
8.158439969616173570e+00 2.524238443366620288e+00 7.666036441890250686e+00
4.468651043881479268e+00 2.628536055698265983e+00 5.879742608010774418e+00
5.977063610827936913e+00 2.632695649873003418e+00 5.924137581205467740e+00
7.123862208404927898e+00 2.622419819155372700e+00 6.468317979921514471e+00
7.315665171191319871e+00 2.674465579987874264e+00 8.551340415836099496e+00
8.566874329781393627e+00 2.628567170263463204e+00 8.165892622723365690e+00
5.787733434190720061e+00 2.729364401503152848e+00 4.443746420334712788e+00
5.985870077775198084e+00 2.707572196469770542e+00 2.266555979012516264e+00
6.279406192073178516e+00 2.703690807123561690e+00 4.725074930599584278e+00
6.462970945914594978e+00 2.679566116014180821e+00 7.908233696607066321e+00
6.838454647652845608e+00 2.734115323495952765e+00 5.859248259689471272e-01
7.014572704727677355e+00 2.733667224465821111e+00 6.864866413739258988e+00
8.835297807041357032e+00 2.734763765416665215e+00 8.334541010451349763e+00
9.661187371819045522e-01 2.792199623614814996e+00 5.890363648287280651e-02
6.130588207101803633e+00 2.769812854390407253e+00 2.519329951000863765e+00
6.596468871126639044e+00 2.804602966700780797e+00 7.065260173048867998e+00
8.095429241896381356e+00 2.761482879159671722e+00 7.943671741197894320e+00
8.476828897248317674e+00 2.813424256486578567e+00 8.363090550193081896e+00
9.616076171642491843e+00 2.767054171515736627e+00 5.331232475465512266e+00
1.488594295569340420e-01 2.824645923010181470e+00 4.687828162633948637e+00
1.145691720734070884e+00 2.880621949900343814e+00 7.083277600502912996e+00
3.239869561698518030e+00 2.851380703143444606e+00 3.722453768256199336e+00
5.032880973805016644e+00 2.820255442357154418e+00 5.052123370882807052e+00
5.575997140543803354e+00 2.908190335022140527e+00 1.891022762332922103e+00
7.571621488674907141e+00 2.855976458820518538e+00 7.976144868031658675e+00
8.771584130003148516e+00 2.872375701814795956e+00 7.841040127517085345e+00
1.213071240897750425e+00 2.970938349383991373e+00 4.802941187826136549e+00
3.169969536729658977e+00 2.944807630757316552e+00 6.887110763976137306e+00
4.264188059457344693e+00 2.959314428278242204e+00 6.350516567682007008e+00
5.545544799267548619e+00 2.921995851281237400e+00 1.874318176122624635e+00
7.506391601492806487e+00 2.934767736092901647e+00 5.027272099349877621e+00
8.942495993920205777e+00 2.904656084102741787e+00 4.797885690033288242e+00
9.044082382723566127e+00 2.901836801581636927e+00 5.098327803745203113e+00
1.044093129683484111e+00 3.019539049824698118e+00 6.650909059148479407e+00
3.777226046283342242e+00 2.987534169753078839e+00 6.161825437918434289e+00
4.510593183071932799e+00 3.048839371584462388e+00 2.834207426631790039e+00
5.458737743732519299e+00 2.983131413473349980e+00 6.222039878152569869e+00
6.702437543005661524e+00 3.025204561945871173e+00 5.642542200968435395e+00
6.968135940171013232e+00 3.030194945763026837e+00 7.568579817473507276e+00
7.086130847697927670e+00 3.067493309400321166e+00 9.086718707531595385e+00
7.253284393483205861e+00 2.980368310493271000e+00 6.809905547990084962e+00
7.647372601775931145e+00 3.042632291154511393e+00 5.307145431286318882e+00
7.732091709757682452e+00 2.989268740064330743e+00 7.104082546576707458e+00
8.553817485729432235e+00 3.050936901094173148e+00 8.468021725452320680e+00
8.854383494087546325e+00 3.042142537918272271e+00 5.472179466224751376e-01
7.019180699295470005e-02 3.053471236384493359e+00 6.828648705159780619e+00
3.260540453778589143e+00 3.084477442743945197e+00 4.543317372051506098e+00
3.817044186178299547e+00 3.057233750534743777e+00 2.781290643329374479e+00
4.019169963141655089e+00 3.065435173734820218e+00 2.850076893865760130e+00
5.078877282862278797e+00 3.058819496109868474e+00 4.430395259598672197e+00
6.288619287438083738e+00 3.094104428968623921e+00 7.717725598314141955e+00
8.508584638495003460e+00 3.108606484003703763e+00 9.318005680721944017e+00
9.326331210552243789e+00 3.116851396082286563e+00 8.723467603326945152e+00
9.595920941305818630e+00 3.109667342988548633e+00 3.774678324603773838e+00
9.732358975163871051e+00 3.067736769450636558e+00 5.344180718877611369e+00
9.791392920945051870e+00 3.050719270376224923e+00 5.209628873226042955e+00
2.698187081100229534e-01 3.137500390815101348e+00 7.335338908967496963e+00
1.503799739293659066e+00 3.206909896892722323e+00 6.307731487176882368e+00
2.427140383504581500e+00 3.145039259206342308e+00 6.487061738706767500e+00
4.581455950202320437e+00 3.164540292499920415e+00 4.131567795551585043e+00
6.546799111221608847e+00 3.162222459394465002e+00 7.156914633578881357e+00
6.770849792114975507e+00 3.184253404650874586e+00 8.518134778996479639e+00
7.776000270114163726e+00 3.165882207338326815e+00 7.953365867063883599e+00
8.069773817801074500e+00 3.232438694040325800e+00 8.547364631328619566e+00
8.469756093122100538e+00 3.178583837527449774e+00 6.086196006296784589e+00
8.812357881142023786e+00 3.210129724053654598e+00 7.112759452233711421e+00
9.773710220503094348e+00 3.181484779297204746e+00 7.936505628777762666e+00
1.313905889239477043e+00 3.220701113581150743e+00 4.859022366095706147e+00
5.151456693655017460e+00 3.207150860529162983e+00 9.440153487961175927e-01
5.391788729610162534e+00 3.253679053938645538e+00 6.429526216098455649e+00
8.928470106930396000e+00 3.225268207253579877e+00 4.586328142347486647e+00
6.727178986274392258e+00 3.344250056755623479e+00 2.411481019029182438e+00
6.983185319062419794e+00 3.329850313992443134e+00 7.023768445038996333e+00
7.199257436766785645e+00 3.311118061839145810e+00 7.542044128811415504e+00
7.441068729462555709e+00 3.367858932682119555e+00 7.682634617995981685e+00
7.977668343627912328e+00 3.334827030366428247e+00 7.030232138788838014e+00
8.258977426537590816e+00 3.317289245229517292e+00 7.226153594283714732e+00
8.309211538149549270e+00 3.339604459828237282e+00 8.412152783094670738e+00
8.694876929215119787e+00 3.307142367491814117e+00 6.550439870646988183e+00
1.509983129974223903e+00 3.437177057638696187e+00 4.190244842829670802e+00
4.710955229896818253e+00 3.402803211746234346e+00 3.691352657067928256e+00
6.684612148943433141e+00 3.418670236310876742e+00 8.818591138012642716e+00
7.575386790015885552e+00 3.419936701542619861e+00 8.115042877519144326e+00
7.685515744482156464e+00 3.427974125471721756e+00 5.978904800429976518e+00
8.511012236561249722e+00 3.380211583299201461e+00 7.193234295297891379e+00
8.852091342940092034e+00 3.419369222958986043e+00 5.233773531438165705e+00
9.580751559962486397e+00 3.431548374790012179e+00 4.700489369207153878e+00
9.592000724516230648e+00 3.365538712871906313e+00 8.191955456965782645e+00
9.888707803009797459e+00 3.444046606168466695e+00 7.314187035297253558e+00
6.360674653279306590e+00 3.494394923598055591e+00 7.907922551102612552e+00
6.683279749559615013e+00 3.501440983350585512e+00 2.842241325947518327e+00
7.995803863758753849e+00 3.461766036919835976e+00 8.663163966817183592e+00
8.386301021486975316e+00 3.464335389223487383e+00 6.174851150083419782e+00
8.861173386391831386e+00 3.443765733412368135e+00 5.059412416853996675e+00
9.200219438102511305e+00 3.494755159016009749e+00 8.408590324973848951e+00
9.623427666530993463e+00 3.482299637095948697e+00 6.162598092170192388e+00
1.192976736203819943e+00 3.567793192730365881e+00 4.952377922873625771e+00
1.379025856139473927e+00 3.567174408151556619e+00 4.068643487463543096e+00
2.260894751227821242e+00 3.578047196433585153e+00 5.033212474164824535e+00
5.003081146154787717e+00 3.518726604341117614e+00 2.110319750885003565e+00
5.723362653122294752e+00 3.595629209401898674e+00 3.622905128168074196e+00
8.171577752519159077e+00 3.554573612026434848e+00 9.102202558508736274e+00
9.717270869133415090e+00 3.562699389905700453e+00 7.393358453257262042e+00
3.833516750986535326e-01 3.639830999971761294e+00 4.979734891636661054e+00
8.796425509264256259e-01 3.622353846562798019e+00 2.031227415247006451e+00
1.501216658766683754e+00 3.651736012300421219e+00 5.660190944474713604e+00
1.985607776853752116e+00 3.638940550204962321e+00 5.800204250356514990e+00
4.119149895433934283e+00 3.670734801811944337e+00 4.618065313913808367e+00
5.109186534235624855e+00 3.660767652504929082e+00 6.224015925115978121e+00
5.542109628290471157e+00 3.659074472228794228e+00 4.607179400905624611e+00
6.656297040754878935e+00 3.636745237804936970e+00 7.368520603005963565e+00
6.765445608703326563e+00 3.612150241761398206e+00 2.851001431308898937e+00
6.751782484919458760e+00 3.669168312433642054e+00 6.976683173543268168e+00
7.111086399353171217e+00 3.647440742539078240e+00 6.791496632446709647e+00
7.218087965250791882e+00 3.666436625926706050e+00 9.027102366387222077e+00
7.417088603909578026e+00 3.670110952188234688e+00 8.690149744827294853e+00
7.747070891910643908e+00 3.653039416777177362e+00 7.991347827177833096e+00
5.288264558144168070e+00 3.698725223516087013e+00 6.941324009683601304e+00
5.653192365292430743e+00 3.696887541356519424e+00 3.035742330382555920e+00
6.325488683327350259e+00 3.731406885505020199e+00 6.402726917474121038e+00
8.136123596093140620e+00 3.741334364874574270e+00 5.195419319329866781e+00
3.156114133763172624e-01 3.773273694146224599e+00 5.331355206904168753e+00
3.532291805000951079e-01 3.782279134753831151e+00 3.549724868058043992e+00
1.964897454743003813e+00 3.826785564554769259e+00 6.733892200355667157e+00
4.263669821068730492e+00 3.780852641468553266e+00 4.070480632314476210e+00
4.727082085568629743e+00 3.786409983128775636e+00 2.360001417769256982e+00
5.113084418021921707e+00 3.805184271827596554e+00 3.364705262262608798e+00
5.834403143935439573e+00 3.758831634661197629e+00 3.756094417857401613e+00
6.778528974660857465e+00 3.781055901517269113e+00 6.923173814107343560e+00
6.839905813907070531e+00 3.800670495022087536e+00 9.622336896983600951e+00
7.053673787278609275e+00 3.782227446596784226e+00 6.573466633663658243e-01
7.733809368563440145e+00 3.787053757741152715e+00 1.356280287218766478e+00
7.817498215752884505e+00 3.804651329690428518e+00 6.705562672387546108e+00
8.014061728307851240e+00 3.729166666291484411e+00 7.284862750500224138e+00
9.615138952833762076e+00 3.800459467764116361e+00 5.007981013165394124e+00
7.585184944698724063e-01 3.872298456317103899e+00 6.609149558517982470e+00
8.675972391670283557e-01 3.852117052738422309e+00 7.210870238755519246e+00
7.505461315240028242e+00 3.902092559943512562e+00 7.595200545424648730e+00
7.542240791538253220e+00 3.879942595979338549e+00 7.512404748695136192e+00
7.930486424510005961e+00 3.892461700155766202e+00 7.188774206484957574e+00
7.975292859779968602e+00 3.898513472614286268e+00 9.946926528545455781e+00
8.158418847834528975e+00 3.885866426848866961e+00 8.080467850726630985e+00
1.085952299977188673e+00 3.917612588318497568e+00 7.012139728799688498e+00
1.749455077174405293e+00 3.941953372103367492e+00 2.475960574476324449e+00
4.966801307028567258e+00 3.954289438717306204e+00 3.435872637433637689e+00
4.964653598411741697e+00 3.966175168540185592e+00 5.343908867620376313e+00
5.756848369559934397e+00 3.955552508192591077e+00 4.664691095340657512e+00
6.862172608497457915e+00 3.975412759646822281e+00 6.563428857678368367e+00
7.493262932125566600e+00 3.931814543281785479e+00 7.538724622449736401e+00
7.888820471303129800e+00 3.909998702859414088e+00 8.382736070750341995e+00
8.019540350598191480e+00 3.922197628412790849e+00 6.976745637962086022e+00
8.346688143660182746e+00 3.916526860303839008e+00 8.222247193167603996e+00
4.571280334923045752e-01 4.029884710108539991e+00 7.557706520581544574e+00
3.774448237328765110e+00 4.060994303140200934e+00 6.129059886559369730e+00
4.778017220760846229e+00 4.048485114684834407e+00 5.498760395535017054e+00
6.453576398272993231e+00 4.066193673185535040e+00 7.559697602378493642e+00
7.303740523520442451e+00 4.028650638789312843e+00 9.558714019513619320e+00
7.856118110287662937e+00 3.990204775918724245e+00 9.869464023463391911e+00
8.369316519996566228e+00 3.991773351395053737e+00 8.896448808428175425e+00
5.418922635450542202e+00 4.132443806767385652e+00 1.106613569967588528e+00
7.044119893619114947e+00 4.101061475333215078e+00 8.248870520120334504e+00
7.211718222105326426e+00 4.141777406654874483e+00 1.870141466483505877e-01
6.123620882626868323e+00 4.251756438855477604e+00 7.665717307075533782e+00
8.375841622309433632e+00 3.983043328215415180e+00 9.548753488380423704e+00
7.615698194025775081e+00 4.127882236736964749e+00 2.487281804317493350e+00
7.997260956404501187e+00 4.111632532962382847e+00 8.972563948749998630e+00
8.166003489955997452e+00 4.091182889793910427e+00 1.215841698986961927e-01
8.534655919212459807e+00 4.061025501347558908e+00 8.065400081738300031e+00
8.737336536162741751e+00 4.099026404215163844e+00 8.124844807917678935e+00
9.033284996763164543e+00 4.104357531168650652e+00 9.069046145769839029e+00
3.003461778386004699e+00 4.188135146227903505e+00 8.147403900456806625e+00
4.499853332643518833e+00 4.193692282445700137e+00 3.068556197997923451e+00
5.032752581784830426e+00 4.183511887334828927e+00 5.852433046659688998e+00
5.677044776821273508e+00 4.150004770625647765e+00 5.114965782594906862e+00
6.315731565340523268e+00 4.161590275186561882e+00 4.483319780150250011e+00
6.682404815428997225e+00 4.172124923043184275e+00 6.433804194836193702e+00
6.871417059514243419e+00 4.181115040550785977e+00 6.452953080572632949e+00
7.065605560234024196e+00 4.211509951304987176e+00 8.273528930323870156e-01
7.187657714925268060e+00 4.165648159984598919e+00 9.399325756083534600e+00
7.601610149715716247e+00 4.164884308579315686e+00 8.879434764158208537e+00
8.765870879619690470e+00 4.204394105829057260e+00 9.686055394454974987e+00
9.265344194876913519e+00 4.198031724911772677e+00 9.764768011527637626e+00
9.458527225697199725e+00 4.160204189746925962e+00 9.116966763672351703e+00
5.568359230332778687e+00 4.214750002210450042e+00 4.988990438300222152e+00
6.684781332119822395e+00 4.251049738908307951e+00 3.164611584703348246e+00
7.044198528599832088e+00 4.244920498868424374e+00 9.521237994013160844e+00
7.117039803943491449e+00 4.222850129835243216e+00 8.240292116359995589e+00
8.022850500956959507e+00 4.236330414673640909e+00 1.978943244910196686e+00
8.958176838255983654e+00 4.270157020227054012e+00 8.760231259261177073e+00
4.267082050107502411e+00 4.345245470200651994e+00 4.284269825503022489e+00
4.299641078891616175e+00 4.344988193846346825e+00 5.652270948317510424e+00
4.951725879235290506e+00 4.358146770470037623e+00 4.396940302601072048e+00
5.025164446630737913e+00 4.305809044562362686e+00 3.482706200888357362e+00
7.115158336349320045e+00 4.329907921440128149e+00 7.372684791026722806e+00
7.267075026415179551e+00 4.326520582830834627e+00 7.615707651320390070e+00
7.566500038866250222e+00 4.354109699720003057e+00 2.127832255997463839e+00
8.746909439977484269e+00 4.328709884473282088e+00 7.714585229972302116e+00
4.636743787415941176e-01 4.406855720159036593e+00 8.391128259882894014e+00
1.092627649169413573e+00 4.428573074227801776e+00 7.576956556792247000e+00
5.620195925453742802e+00 4.399389600076701434e+00 7.900567182526887500e+00
5.636055721510912164e+00 4.453039642359349237e+00 6.331117449132059427e+00
6.628166727747318632e+00 4.026581953907300893e+00 6.566515936134647013e+00
5.050630050522179282e+00 4.828129050870602512e+00 7.128160923693793727e+00
8.076079274417065079e+00 4.397999437440045511e+00 8.514783740093294639e+00
8.505757024867877547e+00 4.421597121339432057e+00 4.950537638505084770e-01
8.924716779810186296e+00 4.461649637834651294e+00 6.683589335722960989e+00
9.307480164484415397e+00 4.397838208102809787e+00 8.604397574309013308e+00
2.142287297240732524e+00 4.522288889137725754e+00 7.037518647583942411e+00
4.831905965968902983e+00 4.524529587453643309e+00 7.928924976923855672e-01
5.505671516059671866e+00 4.494144270124161622e+00 8.101594521388921777e+00
5.803682444070915381e+00 4.466449328463825807e+00 7.374960226272012420e+00
5.973740543309857820e+00 4.489072965718161612e+00 4.126025243707689860e+00
6.389224578151144307e+00 4.520819787328283823e+00 7.005462540090572787e+00
8.496113089517779215e+00 4.471074446106986677e+00 9.058126807696789129e+00
8.601690963789422995e+00 4.469045344123629526e+00 2.289446752127939910e-01
8.877598570294459535e+00 4.497934367737527417e+00 6.750266262135796502e+00
9.502495742041139337e+00 4.511756774564135597e+00 6.773156501983264022e+00
9.912371562372426226e+00 4.485492175158321437e+00 7.358665027688925164e+00
9.862815149624858391e-01 4.571452398517830140e+00 5.112900174279046084e+00
6.777000828195121507e+00 4.598415161907875692e+00 7.553459311653117680e+00
7.682122151978907354e+00 4.531575975331096906e+00 9.593099396344987539e+00
8.213894279214686733e+00 4.574073107932977500e+00 1.308935180224509942e+00
8.692237433903194699e+00 4.577043878477416783e+00 9.907503878688951104e+00
2.220961710575813708e+00 4.680268173691511713e+00 7.183984818738346156e+00
3.613492345939996575e+00 4.605844085468191018e+00 3.770208757106510600e+00
3.842119627875535848e+00 4.682429184925182675e+00 6.414015469900078870e+00
7.135883279371059373e+00 4.672306937813018202e+00 7.466647068846548052e+00
7.764052566524039634e+00 4.612624203741641615e+00 2.123219178361377413e+00
9.589848481412523995e+00 4.667926182640306898e+00 6.392889843723892795e+00
2.765108610786733756e+00 4.756113509351866497e+00 8.178461958062047898e+00
5.996176528939386685e+00 4.724539809154065573e+00 9.449501078966385137e+00
6.588225755398295469e+00 4.698436612630807474e+00 8.406143252790489129e+00
7.747641745338908592e+00 4.745944380892467507e+00 8.667641171144266465e+00
7.812387689823431458e+00 4.686613691110119717e+00 3.002657094612341648e+00
7.870910303276150266e+00 4.712181534491620916e+00 9.676324771733360919e+00
8.266760139664549811e+00 4.690206974780669391e+00 5.324695545689257514e+00
9.271814411678985124e+00 4.711247050831528504e+00 4.747495019742169475e-01
9.471830379382296883e+00 4.736369325493033244e+00 6.967351699812838639e+00
9.629762796438239292e+00 4.727410695593545320e+00 7.842188316568773132e+00
5.407646036258627831e+00 4.797370680625606454e+00 6.225935652520504071e+00
6.766892548271212782e+00 4.796148957967799831e+00 8.490996146483579921e+00
6.991980860860909530e+00 4.809150501734937855e+00 8.012585409716869167e-01
7.214022168085945985e+00 4.803647062728906292e+00 1.161060528781884926e+00
7.217523809310121052e+00 4.819660739594673338e+00 6.463572474353115105e+00
7.537752224701508297e+00 4.779588010019522493e+00 8.020876985434423290e+00
8.011621707279257265e+00 4.790736022622083645e+00 3.876662726159302075e+00
8.570250016182964004e+00 4.776885107871168046e+00 8.831096145531635244e+00
8.613473520671121264e+00 4.782302166021355383e+00 7.854239819139070100e+00
1.990888733002690092e+00 4.903686333263002517e+00 8.390495268287152086e+00
5.120753260077799851e+00 4.889014859766876775e+00 4.868928904728026197e+00
5.746634085129780800e+00 4.893406632467004691e+00 5.231492724810697936e+00
6.287789852130327262e+00 4.902702446388325974e+00 9.704699123485145407e+00
6.812145340638040558e+00 4.869241030902761835e+00 9.106742908613624010e+00
6.894948163286838572e+00 4.917302160558544522e+00 1.709535455025946060e+00
7.516555896018741301e+00 4.845546459239277404e+00 8.646558776821008152e+00
7.899402458564941831e+00 4.876906057577111042e+00 8.411641085985124278e+00
8.692329547285906344e+00 4.854776490799855182e+00 8.485864418212891280e+00
9.050734218887590998e+00 4.900224499773003117e+00 6.428899524813942890e+00
6.573721272839323504e+00 4.987491453083597648e+00 3.902868588291238394e-01
6.780783700864802199e+00 4.931174545954153388e+00 8.585071279228465357e+00
9.068336321855865023e+00 4.943404463113462377e+00 6.532944470305332985e+00
1.516863884725464962e+00 5.003809655658997713e+00 3.937223671228045063e+00
2.564480751164577299e+00 5.048418313727604634e+00 9.089042600568028263e+00
4.292002262365271825e+00 5.004747314129724067e+00 5.422427629380058178e+00
5.380425968398292014e+00 5.002164429273236124e+00 1.616077778584532609e-01
5.725890168193830121e+00 5.002752736152690005e+00 7.793839440756292980e+00
8.681870677971234018e-01 5.142179031321603588e+00 5.102643518788532617e+00
2.387050285318384368e+00 5.150912899299317615e+00 7.193150047397450564e+00
4.676756227762862927e+00 5.092133860356080177e+00 6.134661875834740208e+00
5.158576675175558179e+00 5.126476460092546539e+00 5.345549622846525573e+00
5.242445608965035753e+00 5.073114064832367376e+00 3.446634610464412773e+00
6.120782520578209152e+00 5.137768134761125260e+00 6.614482577603592262e+00
6.944302808832555129e+00 5.071511147061604774e+00 8.876266459302561529e+00
7.160588236935291562e+00 5.128243429385371144e+00 7.971773225956023445e+00
7.184022159562790222e+00 5.095154637477414816e+00 9.093397556423729711e+00
7.579538719941235847e+00 5.169054450080654561e+00 1.559214453881326568e-01
7.899974956422703976e+00 5.094836203550444864e+00 6.348092801327689827e+00
4.592946390516575939e+00 5.201399419233937671e+00 9.768694827427122362e+00
5.620440886637518396e+00 5.184154963871390187e+00 5.093093332383521243e+00
5.785190015603342673e+00 5.230300069278548847e+00 9.951228029180304802e+00
6.858137961323673260e+00 5.155684439597172819e+00 1.947637511540761812e+00
6.877802136942216649e+00 5.173065314329345910e+00 9.922318351693276028e+00
7.828283168959993432e+00 5.162033999716532762e+00 4.572359709606397260e+00
7.930512717864306893e+00 5.196797245336842508e+00 3.665501386989734600e-01
8.314875905396410971e+00 5.185260787401955618e+00 8.011297960834156129e+00
4.946144308545230572e+00 5.273114495957990755e+00 5.532193004707407269e+00
6.901976553709681106e+00 4.440163419879997520e+00 6.780109621274705844e+00
6.359866907201388919e+00 6.101935817873036960e+00 8.084231955705034167e+00
6.743208415719259108e+00 5.290650898651977130e+00 9.693946036178482828e+00
6.831721777098518800e+00 5.245710624072245309e+00 7.855370559166558131e+00
7.287475539921623557e+00 5.242797049607291981e+00 6.185675851580519691e+00
7.438389219959246290e+00 5.291221464875858871e+00 1.292016520721258166e+00
7.506418179189989992e+00 5.253199044729718103e+00 8.743939925454151663e+00
7.705052803639122594e+00 5.239824875096100065e+00 2.542801769800451250e-01
4.595386768639438735e+00 5.378971959060621089e+00 7.928097034823907485e+00
4.925041231367512040e+00 5.379008415892228001e+00 8.106819263633157746e+00
5.790126672262386975e+00 5.385003930034979902e+00 3.993576119919374001e+00
7.251354467633264633e+00 5.336856974537933063e+00 8.485209314666160907e+00
4.897181101560396321e+00 5.398517036255904067e+00 9.896375791736470973e+00
5.062226445222734128e+00 5.422366803211424724e+00 5.979944057898520349e+00
6.287524610303243833e+00 5.447790500320046192e+00 6.920832057617642974e+00
6.834849408471173504e+00 5.432054290631009863e+00 9.802289513747464156e+00
7.230046187654199485e+00 5.402842144921962131e+00 7.289072671747710841e-02
7.195771080673600828e+00 5.430472364334026025e+00 1.249889969318327632e+00
7.262008768120789881e+00 5.411654894223781653e+00 7.430224858727382475e+00
7.551177715259091094e+00 5.396267657778894389e+00 6.513999532770547773e+00
8.039331568262650052e+00 5.392866694179064169e+00 7.497871867848610705e+00
8.649965858310684652e+00 5.399286864360515636e+00 7.148228154161943237e+00
8.988297264777827422e+00 5.451554095370631181e+00 9.425507208769884571e+00
7.710620464248711947e-01 5.502145261135494181e+00 5.748482518270883190e+00
2.676936345131888828e+00 5.487506540386331011e+00 7.401132958175632659e+00
4.843247416790215532e+00 5.514911797625706491e+00 8.419154832317834902e+00
5.388602907272833420e+00 5.531998298658333368e+00 4.227563235853025958e+00
7.140363577658347616e+00 5.498771523512047565e+00 7.123626785463666344e+00
7.380599174582991751e+00 5.510734304382370219e+00 7.003547632734210548e-01
8.022753559260159761e+00 5.507336710301991012e+00 6.887462296519424043e-02
8.822796172435375395e-01 5.598662606083742332e+00 6.663712339958584252e+00
5.024404869461522871e+00 5.566425119412467204e+00 2.805909651377236358e+00
5.065559329768779762e+00 5.592679286444941056e+00 9.434077681995866271e+00
5.121143337996485911e+00 5.620841415160274579e+00 8.397339088876723423e+00
6.586948694378327751e+00 5.641768278601059450e+00 7.757704297677430194e-01
6.848349318438527789e+00 5.534888549362001697e+00 9.602300704967982270e+00
6.906275943228564529e+00 5.576694441102801214e+00 1.671686596508663580e-01
7.716286946534280489e+00 5.571047937131158534e+00 1.152749721853217668e+00
8.373999461238048170e+00 5.533944207780989721e+00 8.233063762166089816e+00
3.267000182536448083e+00 5.629450320681992359e+00 8.251844676261990585e+00
3.596584791638830048e+00 5.647274502606375535e+00 6.234630995211613680e+00
6.206683660293048632e+00 5.696829262839061769e+00 7.527245334734498527e+00
6.646925042312954446e+00 5.683638907781323191e+00 8.771060335990615853e-01
6.721383494193453600e+00 5.620004924077468544e+00 8.231722222725998961e+00
7.664317578996111990e+00 5.724482742100330590e+00 5.365439474965493005e+00
8.105280843519523160e+00 5.625282924675767404e+00 7.098479168124726124e-01
8.108755907681704400e+00 5.698653790240618022e+00 5.077352266853150553e+00
4.849059319264291013e+00 5.764376254642012753e+00 9.283447137448412434e+00
7.685822792164628936e+00 5.744424160043291927e+00 5.343930622424487353e+00
2.096441693207787615e+00 5.781647701773731995e+00 7.472978392628691680e+00
4.701567662216399768e+00 5.834671970637238303e+00 8.501288460236960276e+00
5.984797575325797148e+00 5.788179916342320652e+00 5.462364991968161831e+00
6.402442358715709325e+00 5.821431681007615211e+00 5.655115401404200881e+00
6.673265452826833588e+00 5.794828400568926341e+00 5.002080190762761447e+00
9.181982621602774230e+00 5.817122009281622041e+00 5.406126108525465268e-01
4.813656849021257678e+00 5.892727954066043772e+00 9.360428739479244697e+00
5.805736287816875674e+00 5.883896992267770187e+00 4.158041335909480329e-01
6.353772010612261489e+00 5.889728946414672706e+00 7.144308331515373034e+00
6.650219179573084283e+00 5.857894962614181189e+00 5.190657227140892394e-01
6.721841040452460447e+00 5.909612833388680819e+00 1.611015656601045842e+00
6.899525062200349446e+00 5.904890136308559967e+00 7.465422351738290052e-01
7.591509513359635974e+00 5.875494987644085398e+00 4.154093429676867899e+00
8.417616444124952579e+00 5.850543246388950180e+00 7.669415192989352370e+00
8.728603308913266190e+00 5.861803999737724702e+00 8.013660318466019561e+00
3.347141456697985129e-01 5.960402446836482682e+00 6.712961006644324158e+00
2.768060068806943441e+00 6.013354430775075699e+00 9.414372149075626695e+00
4.645447163914442790e+00 5.963845570731036716e+00 8.923968058221579014e+00
5.826052710186591099e+00 5.948285180879074652e+00 9.544169650114291414e+00
7.015445171083552367e+00 5.975894257835031809e+00 6.753372418197650662e-01
7.973934454811095307e+00 5.994873817232215352e+00 4.322567919490644783e+00
5.412064987664900961e+00 6.081172000372309761e+00 8.945937080620668169e+00
6.461257912576695794e+00 6.083335704805042710e+00 4.357142881404788781e+00
8.186918208644330619e+00 6.051664603022814504e+00 3.099662951453098447e+00
5.419214778875803162e+00 6.086316106382632540e+00 8.938379604899466813e+00
6.809110582334080064e+00 6.093660153287459025e+00 1.522795355416650231e+00
7.072726516340164693e+00 6.127503415787881380e+00 3.946896133941534046e+00
5.735570710065597488e+00 6.195809233231779345e+00 5.006576055891644117e+00
5.745611017334486093e+00 6.226967421496073740e+00 9.809998174783547853e+00
6.860124906849696558e+00 6.214103367226239349e+00 8.671966736902517070e+00
6.887187481994648586e+00 6.213411115801867446e+00 4.453467487154095794e-01
7.878483712932832894e+00 6.225801269345692113e+00 5.024612176125664575e+00
4.655453305816127374e-01 6.315983455121605417e+00 1.252178051938787062e-01
6.081822833884170443e+00 6.251091813308708112e+00 4.139046809914607827e+00
7.102886409892076536e+00 6.252589993631453069e+00 4.360355932093016307e+00
7.555546604785325471e+00 6.309803479137030990e+00 8.124415921756142467e+00
8.539359770092378454e+00 6.307687252876695183e+00 7.159044175501133367e+00
9.032908966134383988e+00 6.319287708938149173e+00 1.890027658438920177e+00
6.358821649663656927e+00 6.352422238057038761e+00 4.946641343453341833e-01
6.337476244566575545e+00 6.359714917954460311e+00 7.033746254833527445e+00
6.462545452204792262e+00 6.377592175141720610e+00 9.550527395815436194e+00
6.974415016758667818e+00 6.387354773903791028e+00 9.519956371117196170e+00
7.238278148039499982e+00 6.396277564203814769e+00 5.297749118143097569e+00
8.103869872051919998e+00 6.370862311002419176e+00 4.688769836494055987e+00
3.395448381426303897e+00 6.429112288214787085e+00 1.610417284592523535e-01
6.107675320509583727e+00 6.425532275355615219e+00 6.046667026640391462e+00
7.036704504300896446e+00 8.287177580860193515e+00 5.861184994668787951e+00
3.813566147947716756e-01 6.494623977094377665e+00 8.284757462789068327e+00
4.719387839155038122e+00 6.517746677976073322e+00 8.809324826821802290e+00
5.411126218374046282e+00 6.525141917957479443e+00 8.045124543834724307e+00
5.659538254485416253e+00 6.486855479600386332e+00 5.038419961383864276e+00
6.428464758588551931e+00 6.553243044049734678e+00 6.896715310140073996e+00
6.563690727564021721e+00 6.519764184208465707e+00 5.667402672990743184e+00
6.931730590916478363e+00 4.674574595996150883e+00 6.318493211328808812e+00
7.907717704076587140e+00 6.521200827694720203e+00 4.210658598869411406e+00
8.282665784377936546e+00 6.485806014261001451e+00 6.690310030036792810e+00
4.431022358729844512e+00 6.618748322573804188e+00 6.154691830971541933e+00
6.304686764645908603e+00 6.559285649621847014e+00 6.492035339748245093e+00
6.665257662375074332e+00 6.566419628362221594e+00 8.217819187697056549e+00
5.868821437272253583e+00 6.650819848260719702e+00 6.952854175115740887e+00
6.043159105342203574e+00 6.731411348673827177e+00 8.049163962496841407e+00
6.441820307093874654e+00 6.708019266957733429e+00 6.272007865963916129e-02
6.516441449807251374e+00 6.695185743539413536e+00 6.948590860499165522e+00
7.703826039657777791e+00 6.689142299249587253e+00 4.569955509557619422e+00
4.572086248769080541e+00 6.745769986261239026e+00 7.475625329779365558e+00
5.544038735753608726e+00 6.737427319336012133e+00 2.910001232591545930e-02
5.554103482943078873e+00 6.767318033678005662e+00 8.576590980403004494e+00
5.747779571052138436e+00 6.794012602448718852e+00 8.410656646853359675e+00
6.310493463825356919e+00 6.738323818110536934e+00 6.538874816221992292e-01
6.277646622985248115e+00 6.761927925982528009e+00 4.896729088242560479e+00
4.766525534000000341e+00 6.858098161723956032e+00 8.009338394292734975e+00
5.735027754144617518e+00 6.819391017471572169e+00 7.123145136979113223e-01
5.778872889316274630e+00 6.804998675422043064e+00 5.670208408148420531e+00
6.386138053532450343e+00 6.827736925295525339e+00 3.947315222154289760e+00
6.466821253691517057e+00 6.853194693364716983e+00 4.430416243983987812e+00
9.615705083071137693e+00 6.868147921854328430e+00 9.975117833408673196e-01
7.234782889038465781e-01 6.901826360578506403e+00 6.208652230273196793e+00
3.728792864504558935e+00 6.913190182308935228e+00 7.518023840114290479e+00
5.247776300426900242e+00 6.888233126370565174e+00 5.832442685257657189e+00
5.362450982641637331e+00 6.891562257635478694e+00 8.755661213663463727e+00
6.033080664440013230e+00 6.927466638341251759e+00 3.855920216120836130e+00
6.098113621083257385e+00 6.890053228414905639e+00 8.044284297139471462e+00
6.215573360497469224e+00 6.907789104287561877e+00 8.308659003482500083e+00
6.708225510173503991e+00 6.947161871901120556e+00 8.642371521754935060e+00
7.160514255892953983e+00 6.931367879014715960e+00 5.296252654941936200e+00
7.625691619766598706e+00 6.926236578937615462e+00 8.019645903694959443e+00
1.117864360844438298e+00 7.009436177298650428e+00 7.669672470381442508e+00
1.456736276615144821e+00 6.995048563668633257e+00 9.311548780498014821e+00
4.092877336158555757e+00 6.990151898950475839e+00 6.514223504314245794e+00
6.693150842011128532e+00 6.957400076772829678e+00 8.544648198808486583e+00
7.479385317081356455e+00 6.983442480316397472e+00 3.547366353715222687e+00
7.446551492779653003e+00 6.960186580514046817e+00 7.976782372409763511e+00
2.030851983245353098e-01 7.104934962688242095e+00 9.217673070796465140e+00
4.250033504848137689e+00 7.060262715378391896e+00 8.703722071489078616e+00
5.168510971619346250e+00 7.109041263579365832e+00 7.034906408335647399e+00
5.243296411920802313e+00 7.039869720456929159e+00 8.994223242264920870e+00
5.396900783593712170e+00 7.085568311438187550e+00 5.270312112379425429e+00
5.332669466674710534e+00 7.058001576152039824e+00 9.109296744561493853e+00
5.504940945011584930e+00 7.047853288676368066e+00 9.741712163547662229e+00
5.976602293902694818e+00 7.043268230336087399e+00 8.175715007346763485e+00
6.575273781655345040e+00 7.036626514946617839e+00 5.214802216662727474e+00
6.557230607705706760e+00 7.049708547174291517e+00 6.791843899155201036e+00
9.429423136905253244e+00 7.096742141703674456e+00 1.934060362521030640e+00
3.548400161912802275e+00 7.171866310383237852e+00 7.737763151063754563e+00
4.617533059123758221e+00 7.154605110230185971e+00 3.935791169444437188e+00
5.507732941442542440e+00 7.160095562404841019e+00 8.540960483223705157e-01
5.896553668844992657e+00 7.112186493164914580e+00 9.089529453296320227e+00
6.258382424532834776e+00 7.114553403872967863e+00 7.702086023339810295e-01
6.873556834562140949e+00 7.170448183397454045e+00 6.493147492046732694e+00
6.863002533458024246e+00 7.134814807482485755e+00 8.710409468546082223e+00
1.428430675227014390e+00 7.248017264262049508e+00 8.999802524305172469e+00
3.879006024390509122e+00 7.210455201561154936e+00 7.546943779639333272e+00
4.360765323553356332e+00 7.246333350566306564e+00 1.244016737169168163e+00
4.680577582679440241e+00 7.214869085287119788e+00 1.837406035290977124e-01
5.039561771173321603e+00 7.255816969876622835e+00 7.077195595609726553e+00
5.341739950744901932e+00 7.234489343510849935e+00 8.520680541455855073e-01
5.816972202791458990e+00 7.215599647173455367e+00 3.572599530217195340e-01
5.904821735437923103e+00 7.235848930802179169e+00 9.612893492080289093e+00
7.023328887152402444e+00 7.197298195963862888e+00 4.845826278474977045e+00
6.729585459453001128e+00 7.250811643550330032e+00 6.923977323347988211e+00
3.337996096110405375e+00 7.348388033153312016e+00 7.746211144771669055e+00
3.720154029772104742e+00 7.337834370420287300e+00 7.708658493938209233e+00
4.724246052192031975e+00 7.406649428394485923e+00 8.033688450995164487e+00
5.601964696412367495e+00 7.379291015815232946e+00 4.688053321181968158e+00
5.609559713298700068e+00 7.393461388444155347e+00 7.564900196515290887e+00
5.888396620253180558e+00 7.354194764085538516e+00 9.623562277965678646e+00
6.797619465518412341e+00 8.286350312564930931e+00 -5.344644944391581109e-01
2.089387375765100474e-01 7.484235610700451957e+00 2.529210657929263362e-01
1.827781848044513602e+00 7.465406216400351624e+00 8.763614748879305694e+00
3.979612066556536654e+00 7.438609723970821541e+00 7.267308161881969930e+00
4.763102029797228631e+00 7.485022381436381878e+00 8.540574164266018897e+00
6.314709105147082724e+00 6.575590489121812432e+00 1.151240093498385963e+00
6.567716615485811538e+00 7.420264104752666512e+00 6.080311741377103507e-01
6.842079547457042388e+00 7.459704952516353238e+00 6.644765235589225050e-01
7.913246769430208438e+00 7.437159719810472858e+00 6.233180657599557861e+00
4.502385303726848420e+00 7.574352642008696179e+00 8.935791307690724494e+00
4.478844963610312924e+00 7.556242272835642204e+00 9.916017978334007665e+00
5.859276578172670114e+00 7.541175839631559796e+00 2.872732261048980718e+00
5.803350787704666836e+00 7.552396157178886682e+00 5.187294844444248376e+00
6.098766224320916862e+00 7.555596114313523515e+00 4.231246899615459078e+00
1.058187442492561914e+00 7.623117182761240507e+00 8.225839975622049494e+00
3.755978699802303034e+00 7.624062599524757289e+00 1.175980932907903176e+00
4.824678107087613022e+00 7.631777178049016896e+00 6.716703469947777450e+00
5.941315306741467239e+00 7.630107428762522126e+00 6.825554897893623796e+00
4.164354995841369700e+00 7.667261305021368933e+00 6.465936932238878221e+00
4.439779119540048669e+00 7.691640962537851678e+00 9.661006701917107975e+00
6.357013271899834450e+00 7.710073358357417916e+00 6.199432383960443715e+00
6.445278241598884961e+00 7.653599424011904517e+00 8.348418916230354370e+00
7.344881729256075076e+00 7.708415668499102757e+00 4.056325763255004269e+00
4.026806560908950949e+00 7.828168573500299487e+00 8.219927465496756014e+00
5.187414847590903655e+00 7.797811672071127020e+00 7.303105211823158527e+00
4.303583099693398140e+00 8.065465220462876061e+00 7.617145115722374626e+00
4.545746156401364146e+00 7.865399309197638189e+00 7.293482890787842621e+00
4.821533341882039636e+00 7.876013256564957210e+00 5.817561030476086970e+00
4.926348478369554584e+00 7.850766560883219114e+00 8.926346569054496527e+00
5.049345178236334775e+00 7.866641394787818875e+00 7.251698148833361779e-02
5.086630567787004509e+00 7.864569288928080937e+00 1.602710643619892128e+00
5.392549455239818101e+00 7.830415485963809985e+00 5.117119510009889183e+00
5.432730255981068623e+00 7.844777091520763967e+00 8.422030686987739045e+00
6.602941503230281839e+00 7.800237723956746194e+00 5.980559257656946848e+00
6.592994265242533736e+00 7.818354109263104590e+00 9.593414210377838813e+00
6.992005510743636520e+00 7.864439369357879350e+00 8.359977234901197818e+00
2.689094123883337684e-01 7.949866533048354889e+00 2.110389727640466617e+00
3.766747709437277436e+00 7.707402726886874333e+00 8.680300502756775671e+00
4.578775233501207076e+00 7.942500345714255339e+00 6.488187858791389928e+00
4.712740250923745045e+00 7.912276660730862332e+00 9.118211464668743105e+00
4.935452817948169368e+00 7.923793817085725166e+00 5.849829907315724498e+00
5.286781337373708922e+00 7.900374393905891246e+00 8.880064351791988386e+00
5.271894298525166001e+00 7.908972954820123746e+00 9.213851526129163361e+00
6.105261327003192129e+00 7.876920917907462183e+00 9.507401489497254943e+00
7.861242457723027321e+00 7.885468489570881090e+00 6.452959165131849417e+00
2.004074632288341817e+00 8.020454434044379965e+00 9.963541710758086367e+00
4.015190600757739148e+00 7.974427521669403163e+00 8.081710226933441987e+00
4.007963832241157931e+00 8.031381827406464780e+00 7.924086673287636939e-01
4.977687357450316874e+00 8.010254589065706199e+00 6.119113591475201730e+00
5.545275936889361823e+00 8.021511953502425740e+00 6.516980960627562602e+00
3.197906303966254526e+00 8.071763194102604899e+00 8.764087841743091190e+00
3.513827569634237147e+00 8.115399216620001965e+00 1.044436027437567915e+00
3.867044249469128836e+00 8.071901512748858920e+00 9.140181382993628034e+00
4.995142144080151780e+00 8.039133559068872614e+00 7.240122755265662846e+00
5.304856179609918954e+00 8.110677703510882353e+00 8.000926510226420874e+00
5.630743833128557974e+00 7.681440031166410165e+00 7.410613525104999155e+00
6.986736098611153523e+00 8.071153135770877896e+00 8.227411207855242381e+00
7.722708140653743170e-02 8.162504312713263488e+00 6.432950551434567288e+00
5.948191598014178627e-01 8.149825284596621700e+00 6.548861661249288701e+00
1.086949943636871030e+00 8.121865596028555956e+00 6.740894113571618718e+00
1.300350298818763628e+00 8.184523575058914702e+00 6.244854001835887125e+00
4.954905979128624516e+00 8.176011677152231982e+00 6.403294353620088586e+00
5.756746810891449684e+00 8.175456594202525906e+00 9.138987246674581399e+00
6.010126162125816407e+00 8.176483928364453035e+00 1.806243265572687662e+00
6.563516231745669671e+00 8.537767838084919347e+00 5.584714883441714406e+00
6.249138825894545946e+00 8.167526644801439417e+00 6.325657624612310848e+00
6.621911275567457622e+00 8.163604388744360563e+00 3.328887698166379749e+00
6.709094352080440693e+00 8.130299455331595482e+00 2.336104370221782744e+00
9.646204656581792491e+00 8.136412286785628112e+00 7.541536292085283755e+00
1.821321955882031052e+00 8.211818430320159123e+00 9.967371416340759183e+00
2.788052834610692976e+00 8.220556596192871268e+00 1.390419859699114080e-01
2.861423432118887611e+00 8.207687249233512006e+00 9.524001318739179212e+00
4.777554585636959672e+00 8.196919072864895739e+00 7.146529132769945392e+00
5.556118645236360010e+00 8.217205663290748419e+00 2.269599032147355810e+00
6.063297583451014106e+00 8.247292388973061605e+00 6.561986050433116224e-01
6.810230546901214765e+00 8.226653814784365082e+00 9.334224650149577585e+00
1.733875325724955063e-01 8.341507835840491936e+00 6.909811253365001349e+00
2.257650304795742358e+00 8.305679291549211030e+00 5.900707825101009218e-02
4.537025894304467677e+00 8.277784730450179040e+00 6.695419349728605418e+00
4.856860912408064834e+00 8.284443256019358159e+00 7.988298133014804847e+00
5.493151264655629973e+00 8.329237248736685473e+00 6.416506967979147547e+00
5.495341578317633591e+00 8.277930744334820901e+00 7.046578751066887136e+00
9.856041639380778818e+00 8.309622903698972607e+00 2.919549832418178781e+00
4.987242169680169646e+00 8.410464346983864914e+00 6.201384796601717930e+00
9.274383594779093798e+00 8.404323378058560223e+00 7.113304263548899442e+00
8.164767348682904213e-01 8.494391276833175297e+00 8.943478740895166368e+00
5.104786329241816745e+00 8.497382857059468719e+00 5.068564513691275586e+00
2.342287718660154283e-01 8.559498346132981439e+00 2.844891927348998539e+00
4.092738308964976035e+00 8.542921068280074692e+00 9.614327822884781938e+00
4.210198457629364732e+00 8.532921070387999407e+00 5.986806730191340797e+00
5.229991203420819801e+00 8.531603394210129920e+00 8.591651671250430056e+00
5.326767128817397889e+00 8.554127917482841070e+00 9.225586121934068018e+00
6.530042194324318316e+00 8.543041779692135407e+00 1.567088296854700857e+00
4.307863406274998752e+00 8.611889034916121233e+00 8.738765488727386455e+00
4.745616708160000918e+00 8.640783939246716727e+00 7.109176999021505239e+00
5.219586456333332514e+00 8.599803306324412588e+00 5.900107228655059544e+00
5.250050514304858140e+00 8.644587996241918759e+00 8.389234090664707821e+00
7.802108913021328362e+00 8.643718834421711961e+00 2.524717063873446854e+00
2.916878297355975924e-01 8.713814179591981457e+00 2.369657196553679679e+00
3.733236449680201741e+00 8.720494517426494951e+00 2.299117591859819676e+00
3.954725437771334562e+00 8.718359528685432736e+00 3.779453490531446302e+00
4.510803376782370755e+00 8.716585592994132270e+00 6.952753381959515977e+00
4.675401430377768897e+00 8.720475805704275274e+00 7.321855991105943318e+00
7.847741645941771260e+00 8.682210386997409657e+00 3.999891681243791908e+00
7.935798660012294725e+00 8.697515453101569705e+00 1.470570639747674768e+00
8.378498755074609505e+00 8.712495692963308613e+00 3.709979791259387927e+00
2.383869672419827168e+00 8.759489097840553740e+00 6.110151372904943479e+00
4.395150263945162727e+00 8.766306592640901840e+00 6.691737283815433202e-01
4.538949712817616167e+00 8.800292971903083128e+00 8.525465039276992840e+00
5.511555064802228898e+00 8.811743548430190032e+00 1.604651881430939397e+00
6.028785221124801197e+00 8.797244041198942099e+00 2.664529023566121868e+00
6.559059372232195706e+00 8.767179915070771656e+00 3.354555851286475043e+00
6.680045170921983910e+00 8.754224887704257441e+00 1.610900870161390719e+00
9.783141873577974934e+00 8.787408368544612713e+00 3.563510384701630507e+00
5.288090976567531243e+00 8.872619042166162373e+00 6.625653745327335642e+00
5.934492808968083288e+00 8.836263769882688024e+00 4.757569405693385711e+00
6.276524678647664501e+00 8.816070863318259399e+00 7.207445529413988083e+00
6.846086336635872627e+00 8.853142414444702624e+00 7.945607286257862611e+00
7.811649236462843149e+00 8.863569009903132567e+00 2.170963516654657255e+00
4.145468276133782659e+00 8.962530457387883231e+00 7.652157016660146027e+00
5.154325269378322361e+00 8.927023961395825324e+00 9.033017593968455383e-01
5.457615680647839085e+00 8.900363442159347827e+00 8.481384675815865748e+00
5.504195286221173156e+00 8.923575137600847640e+00 9.795170052970986418e+00
6.430946087564263891e+00 8.950792823455092417e+00 1.360563830382380379e+00
7.507348891285123393e+00 8.926179745884182282e+00 2.128086855619391482e+00
7.913572349228913616e+00 8.968998289776138222e+00 1.929630848034796120e+00
9.056673994612451928e-02 9.016492391817200414e+00 3.429042321323979348e+00
4.311117957810925994e-01 9.028002804609258192e+00 3.302938775866570698e+00
3.989453681239026661e+00 8.992141867558407498e+00 8.565245956964737672e+00
4.556329554708117513e+00 9.008065577596518381e+00 7.272639489106003108e-01
5.947979984834125489e+00 8.971469676016537775e+00 8.096829115330535842e+00
6.298157309581966956e+00 9.010234575731917772e+00 1.119803816895143189e+00
8.066203667875297967e+00 9.000389068463501729e+00 7.648078816839373850e+00
9.475754615551741367e+00 9.020381330785617990e+00 1.248687654829202742e+00
9.604593835118167888e+00 8.986126458025317731e+00 3.592326958778800261e+00
2.724786127958150672e+00 9.092542581908814370e+00 3.316642105966235654e+00
3.650278394749026489e+00 9.068514863996961495e+00 3.860892700426811430e+00
3.984270444445527914e+00 9.110837456989473893e+00 6.788166129565229134e+00
4.591582023322894557e+00 9.070074528618638610e+00 7.768395638782909174e+00
5.357174558382705065e+00 9.128920228624364697e+00 1.101191008804243143e+00
5.911844209626348601e+00 9.077252565975379994e+00 6.231247939000228442e+00
6.161634866220587980e+00 9.049900141385069929e+00 8.864701843836453321e+00
6.249439364317006529e+00 9.066848758275074971e+00 9.907314077125318974e+00
6.405145834580377340e+00 9.092322316682450278e+00 2.317833549785714986e+00
6.448963119199916605e+00 9.108269664380111763e+00 7.586080994104939634e+00
6.973400625979103928e+00 9.124992496701855416e+00 2.337291484598448044e+00
7.782612997165206714e+00 9.097628771367272549e+00 2.041087414921429755e+00
4.063917467512045079e+00 9.192201113207786989e+00 5.969497698100481919e+00
5.741458713322439955e+00 9.133252421899387130e+00 7.014484345950052102e+00
5.696707896870775834e+00 9.183410908301542719e+00 8.252626072746879871e+00
5.988294691899769262e+00 9.181933041648713711e+00 9.772228524534677163e+00
6.620810601754347324e+00 9.200846208992418340e+00 4.677988935184384189e+00
7.712980649333363914e+00 9.161768512271670772e+00 2.208937340775838365e+00
8.914372550261253636e+00 9.145595576804865345e+00 7.691120329906338426e+00
3.601859577965079939e+00 9.275229439945924526e+00 5.889712413803081859e+00
4.328139206135617201e+00 9.248081787704519385e+00 2.173049367703487889e+00
5.628521655076983876e+00 9.237957251129612857e+00 3.725423116581193517e-01
5.823575799967271927e+00 9.231077317617698341e+00 1.892962280280768184e+00
5.830537257936041939e+00 9.215361333884821704e+00 6.712995334371368195e+00
5.940281246126067671e+00 9.245911322077652983e+00 6.577551665955358118e+00
6.914796780840974932e+00 9.259308781901800955e+00 2.192334729907834401e+00
7.618643702331071133e+00 9.212622844638262976e+00 2.047250299913905280e+00
8.163718699826976177e+00 9.229412125447748139e+00 4.373138643748928800e+00
1.595189671501589523e-01 9.319182050544197793e+00 2.100466348069906619e+00
3.962021020561850015e+00 9.358363722575147037e+00 6.411775101555151624e-01
5.462298306531595316e+00 9.297729822677410993e+00 1.303493904794989833e+00
5.517945924093234922e+00 9.330280326944876634e+00 8.261122455041725487e+00
5.541749742320974725e+00 9.410278639919527066e+00 5.599646203252751420e+00
6.218718511873788657e+00 9.353316011394879226e+00 4.160736952667964061e+00
6.599539475085004270e+00 9.296196789762767310e+00 7.676311467292810775e+00
7.047922995734523965e+00 9.332857791340025244e+00 2.495546503630791335e+00
9.767164656228667141e+00 9.334343595969857077e+00 6.371760798832652561e+00
7.349409127800239361e-01 9.436418432298388836e+00 3.151345830177062712e+00
3.201925522293710635e+00 9.432999476474009271e+00 9.694238452466592548e+00
3.441049718204567398e+00 9.412428038879228964e+00 4.756098397137969336e+00
3.686819218539644893e+00 9.374300336981498560e+00 7.427632418769869460e+00
4.019033935475162522e+00 9.432863309090766535e+00 7.672645265972846573e+00
5.247633855499890032e+00 9.386017040304427184e+00 7.153324425708211809e-01
5.603670693460121477e+00 9.265168285035205287e+00 5.686771490158772480e+00
6.241190905765045649e+00 9.415444016903805391e+00 2.007363430070149057e+00
6.757691041164179957e+00 9.350854647298216804e+00 4.633903550847640496e+00
6.884194497266635793e+00 9.360677244063520419e+00 2.484369616577437601e+00
4.083241446783859807e+00 9.444460087278605087e+00 7.716424535943006369e+00
7.293586120168511044e+00 9.488058504729062648e+00 1.831605592105646885e+00
7.922276009384318307e+00 9.495429524871555671e+00 2.568818793948960177e+00
8.214703319029613482e+00 9.513498052015716411e+00 3.072000445403783697e+00
4.518861030987650906e+00 9.576100039672214237e+00 7.294236626803339618e+00
4.708324589506244884e+00 9.551745354774737962e+00 8.543028431023204083e-01
5.041025936986446077e+00 9.524676744745280033e+00 4.053391096350859257e+00
5.368293546084426104e+00 9.510799647031646487e+00 1.386461880247182421e+00
5.941571836982642907e+00 9.556215892245692345e+00 1.287177719078897997e+00
7.212365839985039884e+00 9.537838195665889529e+00 2.313096493363060890e+00
8.417385626548623545e-01 9.643429704425072302e+00 2.907408091593342014e+00
4.096652083425867730e+00 9.614778506434589644e+00 8.386478402559134793e+00
4.138447672299858660e+00 9.598423915920445637e+00 9.761704091601695055e+00
5.033255966894269129e+00 9.629639358769239266e+00 4.836817677626692458e+00
6.918514560651207290e+00 9.647157367728308230e+00 7.441714004940077842e+00
7.076402387629202373e+00 9.596006028660278631e+00 3.618096665221911756e+00
7.437390235952769935e+00 9.621034151580598603e+00 2.552254588408986447e+00
7.746895251328850485e+00 9.621189483440076629e+00 1.845940832747279048e+00
3.001488214625460227e+00 9.719286161868710749e+00 7.107263064828091004e+00
4.590112464254895386e+00 9.698033565781212673e+00 7.996460260532929354e+00
4.874857032025089687e+00 9.735205369120855323e+00 8.067104464595535873e+00
5.436293016365361552e+00 9.716006933355291864e+00 6.267468455114107329e+00
6.205483050860034488e+00 9.685155487798336793e+00 1.685050826596751206e-01
6.545994588321343954e+00 9.692319217149741206e+00 5.567704866043914791e+00
8.758820834996640770e+00 9.699442036219879881e+00 3.568259187817409916e+00
7.468495314156081699e-02 9.815799795122698512e+00 2.410293706120456125e+00
4.467939965127174951e+00 9.750169903201637567e+00 1.662272360808172422e+00
6.067879773262639276e+00 9.772847755866527208e+00 2.018068733182519114e+00
6.360544809179789816e+00 9.804719793263018346e+00 2.549647334485743322e+00
7.547457651542142543e+00 9.766809886196870849e+00 1.793400734909046168e+00
8.229263948782278959e+00 9.816504198286828853e+00 3.262917042679394974e+00
8.686762839078328469e+00 9.792418160918533232e+00 8.594883875810037210e+00
1.945885576400119832e-01 9.855950690620646881e+00 6.352252822609734118e+00
2.629659219304619544e+00 9.860556629417795094e+00 4.798777417055148042e+00
4.575219958375406293e+00 9.831720370807611076e+00 7.459105661513011576e+00
5.199596835602200429e+00 9.850544521470377290e+00 3.668918725059041819e+00
6.821742708666842070e+00 9.854586606474212473e+00 7.771273337074128484e+00
7.776039563973847990e+00 9.876178408392167540e+00 1.035341466880647987e+00
7.725867000856283973e+00 9.863838884586451528e+00 1.963153991593438175e+00
8.910476264498909060e+00 9.875297732713033128e+00 2.453448088602400823e+00
2.969477762357171091e-01 9.971669574004799586e+00 6.545641977919570031e+00
1.949754603496590022e+00 9.942968699643893515e+00 9.506930055219086739e+00
3.552666477570602055e+00 9.968845511913920987e+00 7.249359129090317211e+00
4.223922401980097163e+00 9.947922583122375428e+00 6.608642538245157461e+00
4.273853654725603413e+00 9.910407485512070735e+00 5.024540464324510403e+00
4.790497695111091581e+00 9.944907679656008526e+00 4.545195279759634666e+00
5.221246006482997082e+00 9.925925696383746555e+00 5.160790753910517559e+00
5.334936999313104167e+00 9.968508233338422286e+00 7.371257653276698463e+00
5.967811553624195575e+00 9.901769854552430417e+00 8.410703955031809897e+00
8.238034197879466447e+00 9.944698301819496322e+00 1.751019027764416869e+00
