2.117944318076184107e+00 2.953077490723458182e-02 7.233077720675765043e+00
3.067291104912494237e+00 2.093176740816696593e-02 5.113705189319964539e+00
5.835722842641635211e+00 4.433250892461115117e-02 7.813060540930587550e-01
5.804564868168877290e+00 5.994186951120293594e-02 2.180629301367200679e+00
5.929961092264521838e+00 9.121838192311682025e-02 3.817663940868309957e-01
7.539484073789449070e+00 3.872642616984954544e-02 4.150613939592719071e+00
7.740466387453420083e+00 8.874531845518837669e-02 3.576742410644044856e+00
4.130258441055812746e+00 1.458375205300008193e-01 7.452456328198714175e+00
4.205021696704011269e+00 1.440691922704840922e-01 8.834486634895071688e+00
5.091062000590053316e+00 1.241839313991978111e-01 4.963636483809188427e+00
6.096187224775283298e+00 1.562491477501813386e-01 1.104224509992900671e+00
6.248038304294936118e+00 1.350368313098826989e-01 2.016381905437389932e+00
7.467852609859674473e+00 1.304087442163541777e-01 3.276996649548430618e+00
8.550076488724732471e+00 1.334141175361778509e-01 5.213393949562554752e+00
9.316046991575467118e+00 1.331628522801878711e-01 6.594760178132681006e+00
9.331636207945322781e+00 1.450171055943494658e-01 7.643811473473462570e+00
2.880000100650236927e+00 1.914714797467497731e-01 4.027110168819728386e+00
3.260991937965099119e+00 2.207243344350604541e-01 6.795239573260721144e+00
4.772892993994821254e+00 2.255033687850611090e-01 4.303928275161064576e+00
5.395068606008760703e+00 2.147036149066341992e-01 9.711721671052477856e-01
5.367122057953235270e+00 2.040597760473599198e-01 6.598441380892831276e+00
5.968137187313291570e+00 2.034505288386455057e-01 5.797817536983609799e+00
6.656883049482617665e+00 1.755828588560265358e-01 2.236368148512562007e-02
6.688617716297559745e+00 2.073833836278996534e-01 7.421869104898847880e+00
7.904095765219436132e+00 2.076025913380706300e-01 2.344654186657638473e+00
8.150480262792921593e+00 1.890799433073789837e-01 2.137896535075556770e+00
3.825910288107240653e+00 3.040428535719471581e-01 9.353769955141504333e-01
5.879453988579841806e+00 2.495274693244796671e-01 2.117105021728689973e+00
6.298703998894188416e+00 3.228237495679651126e-01 4.450726649905986321e+00
7.098064759627716214e+00 3.203331724395873659e-01 2.227531859489435107e+00
7.845348204918851209e+00 2.908425221029777852e-01 2.096969593949510546e+00
8.005697718393170348e+00 2.793391362108924580e-01 1.920041333162045394e+00
7.960828838566611054e+00 2.958133656119821264e-01 5.303468825457955838e+00
9.541607220075068341e+00 2.811021731635586773e-01 1.325618554553616324e+00
3.539479085391532109e+00 3.800725746662551030e-01 6.087129788935227381e+00
5.599403068228944846e+00 3.482612224266684597e-01 2.916272222572747541e+00
5.769959021670805654e+00 3.524447561228994941e-01 2.328276844995090133e+00
6.477055237491940787e+00 3.652650504298385892e-01 2.665461872919560271e+00
7.636504099129240331e+00 3.638042238404883832e-01 2.326725034613883025e+00
9.032467119831355973e+00 4.039995682309971414e-01 5.572824135798235545e+00
5.582705293147409431e-02 4.098593786561320895e-01 2.662386681343823724e+00
5.588319946909871661e+00 4.114310479047065261e-01 2.518660396015495184e+00
5.931433776158192117e+00 4.229786785327908083e-01 9.404757276108187014e+00
7.046297264166725860e+00 4.816983420711459241e-01 1.697710626622683794e+00
9.405723705657408118e+00 4.541681033109138399e-01 5.605680715165648031e+00
4.861645685647855153e-01 5.066402694521379146e-01 2.709662872941230649e+00
5.640837408501305994e+00 5.033339065079960317e-01 9.836522259236357257e+00
5.882759930356996847e+00 5.140053047975855494e-01 6.892212458568192091e+00
6.173901357302358228e+00 5.554803913937171878e-01 4.049925590531688435e+00
6.255322275091232953e+00 4.884663569723656229e-01 1.492268903108267430e+00
8.832499180559949536e+00 5.385714880525886983e-01 8.130540309869546789e+00
3.316823881070273927e+00 6.398822480557526671e-01 7.330613784900939400e+00
4.382448188000671152e+00 6.278702622632390540e-01 7.246242911066487213e-01
4.695636417997660850e+00 6.510876128560112441e-01 5.264787103292924542e+00
5.146674534394422906e+00 5.630485731532615112e-01 9.372480620657066552e+00
5.238800707643126664e+00 6.265870331307419328e-01 3.142408386089603045e+00
5.359413846128620484e+00 6.032503760546212845e-01 6.684050255164247112e+00
5.460288795118245275e+00 5.809510851839267964e-01 7.635007920137235615e+00
7.822217961618354920e+00 5.883123893171100516e-01 5.801055905439545413e+00
8.151945840458303394e+00 5.971058736546190904e-01 1.836933693152511982e+00
3.842014879098586633e+00 6.680324366897569810e-01 8.176034937198759511e-01
5.122024658577658762e+00 9.326369989066614075e-01 5.437441924901969870e+00
6.228280462947457075e+00 6.614080118160350352e-01 4.553433838063443595e+00
9.330386815994298644e+00 6.521321697438646758e-01 6.852927387871377007e+00
9.944418556265155473e+00 7.096495520952550429e-01 2.567096357214861513e+00
6.214580108302921957e+00 4.934952946070672031e-01 4.681678599550898490e+00
6.354949690341812563e+00 7.354042147506869576e-01 2.829467511143566760e+00
6.834147249645081246e+00 7.419854717198344218e-01 9.605604285430150213e+00
8.299510735124330907e+00 8.188670146222072344e-01 7.754313134148098641e+00
9.209281947435894011e+00 7.628006650881968831e-01 3.301263076624886050e+00
1.162741256192097339e+00 8.715356618479406237e-01 5.910165281097491174e+00
4.576366580041026033e+00 8.601687122663099760e-01 3.693102651716194895e+00
4.617373807510108286e+00 8.878740132104887550e-01 6.279074867000062454e+00
4.857527536398016821e+00 8.540847559632178676e-01 5.698129868626135242e+00
4.918224898318588778e+00 8.499510837783106343e-01 5.805929914013610471e+00
6.080466369143671557e+00 8.279599567944333494e-01 4.852514816164284817e+00
6.170748728466094235e+00 8.355258664044107331e-01 5.167299740157493382e+00
6.280936042112141848e+00 7.950301456224686536e-01 2.903550900874028784e+00
6.351723411043816547e+00 8.527079452035049023e-01 9.750318817247109138e+00
9.900181070537868777e+00 8.558476269952859372e-01 7.319656230918918816e+00
4.663816722752196497e+00 9.132170754213115860e-01 5.760244203593161139e+00
5.576707920034084331e+00 9.085610122094516239e-01 6.767700119862806396e+00
5.799020961577166844e+00 8.979854299909724169e-01 7.022812379782886083e+00
6.682415949715843517e+00 8.923528208930298078e-01 4.031802116275414960e+00
8.333497456754578536e+00 8.936732383006771308e-01 7.724206089025082989e+00
8.526864336104885922e+00 9.202822170708890859e-01 3.151289347161663201e+00
9.140616970637562844e+00 9.333361010105052369e-01 4.795755579740463403e+00
9.756861242060972828e+00 9.384568731473572623e-01 4.712510860114981881e+00
4.449198953759551323e+00 9.726015186161935944e-01 6.027437683237850230e+00
4.791024990446292264e+00 1.023660765985124677e+00 6.413635618238371805e+00
8.178882224862249473e+00 9.666821344952829520e-01 3.319097960577924722e-01
8.255586685427420690e+00 9.751719637308911004e-01 7.365199372218596885e+00
9.300187050416262480e+00 1.034223402775932943e+00 8.170485782789228324e+00
3.723938044150738591e+00 1.047972738923717451e+00 5.910603698392494998e+00
4.542158474817295399e+00 1.106905228015005349e+00 6.956103523672620526e+00
4.851559776719646777e+00 1.087842357759063017e+00 5.268551770468907769e+00
7.479661162887209613e+00 1.072081462804405749e+00 5.905389692343135266e+00
4.049993068786899464e+00 1.135099028394766396e+00 1.885650016562367082e+00
4.765028245053151146e+00 1.130416306006948091e+00 3.574084947886511543e+00
4.755663223741516177e+00 1.125174578090141431e+00 5.146641222692291961e+00
5.481200512041775497e+00 1.160992646482019275e+00 6.835862669633084643e+00
5.484135171205490877e+00 1.127604233197727623e+00 3.397974863010865931e+00
6.302090639140023320e+00 1.172340356627268321e+00 1.269391067349296520e+00
6.283310658948364491e+00 1.164852344497709247e+00 7.706139434050516712e+00
7.573940716921937266e+00 1.176678884385703228e+00 7.021125433801546301e+00
8.893829358500084936e+00 1.116504595028076530e+00 1.604380224398386456e+00
9.844361877159292007e+00 1.135677103927561049e+00 3.605828612701812208e+00
5.657903522751120740e+00 1.244030323480617373e+00 5.061629921144270128e+00
8.073966348036240248e+00 1.245956409590831981e+00 1.577021766413867487e-01
1.751940143277001649e+00 1.335923428685618752e+00 9.368766833750925116e+00
5.108940364564357850e+00 1.302616597845418500e+00 5.232195602045115024e+00
6.268160774509717648e+00 1.299936121831414493e+00 5.418297952255566763e+00
9.261485088359300732e+00 1.283576956233256183e+00 4.921845587975900216e+00
9.818694042977067937e+00 1.342026124070772930e+00 8.013582030852052895e+00
5.843513895374643496e+00 1.350110177347639606e+00 4.636561504935625244e+00
8.692351415045690644e+00 1.346721746525695540e+00 1.753987642951619907e-01
6.733266494727732643e-02 1.489153177786489923e+00 3.870638908421366153e+00
4.516170427983618119e+00 1.682366726894577891e+00 3.586179734829415988e+00
6.219044344734208529e+00 1.435003749218360714e+00 6.011046521837437595e-01
6.202584300962276309e+00 1.484749256621619828e+00 6.336319842889212239e+00
6.910076876914454935e+00 1.493545624046673126e+00 5.938897188115614512e+00
7.008926782961900415e+00 1.460622836412005299e+00 3.201199566480445124e+00
7.149257990165295062e+00 1.455413199369322452e+00 3.012446221452406370e+00
7.623731428580601488e+00 1.438486657734273422e+00 6.102027380402760492e+00
8.422601769285266826e+00 1.482448493452990235e+00 7.253763600415943813e+00
8.818216047894626541e+00 1.489221316991756527e+00 7.176607726838513557e+00
9.753150083153441230e+00 1.483940937162337104e+00 7.234181182014884470e+00
4.248921549943363907e+00 1.565482807657914588e+00 7.140373766944987821e+00
4.624182865734708159e+00 1.567416685382351904e+00 2.540411190042715983e+00
4.884321081994400515e+00 1.321764343110181539e+00 2.620358310075407537e+00
5.330397777412108518e+00 1.522370071868001329e+00 7.176870875890466905e+00
5.658165411911967091e+00 1.582471951438658930e+00 8.066759069671693538e+00
6.067313858322357589e+00 1.521621104480192166e+00 7.056154501468560269e+00
6.334011813316392292e+00 1.510792829990744490e+00 8.002436692050585165e+00
7.473758153370001267e+00 1.567233148909922491e+00 8.233141421620587153e+00
8.177219615958996712e+00 1.528784245525158347e+00 6.557373005782279662e+00
9.363159274874423232e+00 1.527969966667692248e+00 4.232437532122683699e+00
4.682868672593302861e+00 1.642979450789841867e+00 4.489597214664149405e+00
5.098100956882934298e+00 1.627749076898228786e+00 2.909714983515950593e+00
5.743710327459009335e+00 1.635111221374963897e+00 5.803071738834852944e+00
5.903741813018427820e+00 1.618059099016391666e+00 3.451604195449193391e+00
8.364684859275186568e+00 1.632758390339366983e+00 1.003983452754696692e+00
4.689932001300436859e+00 1.695973244203800689e+00 5.706902286717703277e+00
5.182097638621065983e+00 1.721528470942898625e+00 2.414093838007126180e+00
6.232696937003366244e+00 1.657074531424952202e+00 5.405433994078329363e+00
8.395407760370902750e+00 1.662872763395018882e+00 6.430913786351257322e+00
8.484303117277551820e+00 1.703522570833585714e+00 5.713081293452601628e+00
7.882195933966245072e-01 1.753436170964134622e+00 5.127906089089428576e+00
4.674871767749576357e+00 1.787849626938438075e+00 6.716651171923734509e+00
5.344896049434025187e+00 1.777036658691541149e+00 2.644641076308380967e+00
6.143501245124137533e+00 1.732117895249817074e+00 3.102265733407589821e+00
4.458603243850402187e+00 1.869801542682480555e+00 4.214165247091300692e+00
5.264615189455648547e+00 1.866129404158830773e+00 2.620208462623923928e+00
5.286444672959517810e+00 1.877443272283457087e+00 3.703685406564366289e+00
6.518785392993009964e+00 1.864715684800168027e+00 6.440017135209828325e+00
9.450986293574647590e+00 1.825467695875496066e+00 5.489396509597487039e+00
9.625641537998589570e+00 1.838752960330984454e+00 8.784920520787096621e+00
9.639946277853276513e+00 1.845307117967725397e+00 8.759198324179280348e+00
5.244963322760828994e+00 1.850100555628741539e+00 2.635147971700886327e+00
5.292664482677827742e+00 1.892452227821041166e+00 3.687417992597758598e+00
9.393294925084337166e+00 1.929412665587665110e+00 3.025391802297872967e+00
9.623326238125581966e+00 1.904110297956420617e+00 8.210018967614606922e+00
9.914973556757503914e+00 1.920253179765662566e+00 5.020798475229654834e+00
3.859624777617354674e+00 2.046517640109601466e+00 5.867416973480417575e+00
4.914549328867209077e+00 1.997931391476146956e+00 1.972762259969962351e+00
4.872044988333887439e+00 1.994596323130818138e+00 2.170676857846729924e+00
5.768569228778101632e+00 1.977881152991555425e+00 4.374939980247772198e+00
6.440492121539309167e+00 2.012304948601813859e+00 7.143339007706602573e+00
7.679054271428684686e+00 1.977501142731119543e+00 3.360771529895725251e+00
7.928747819531094088e+00 2.034845765439587062e+00 6.811086281612407589e+00
8.258602267686310228e+00 2.067427070857692062e+00 7.963540378526724695e+00
1.347043525538838882e+00 2.058391851138837048e+00 6.502078250572935758e+00
4.378706257193776707e+00 2.076982875914359372e+00 2.307655771238124931e+00
4.414925822363178654e+00 2.066154135097482580e+00 4.727605303718965146e+00
6.396543271037229417e+00 2.054721318503706762e+00 1.500203785841933257e+00
7.903617642739487081e+00 2.106767653862184009e+00 5.580872817627622773e+00
9.459021685647339694e+00 2.077425613486826084e+00 2.895314060505388642e+00
5.293307580411418800e-02 2.154390449627467508e+00 5.485043015674388123e+00
4.795843417148617505e-01 2.123031716122029344e+00 4.664151771045167649e+00
5.460543120598395639e+00 2.164356334976182517e+00 1.236981188945498467e-01
6.306276494301378044e+00 2.159011255148624908e+00 6.974605960386028869e+00
7.710725892200905207e+00 2.193907162599186833e+00 4.999876594235161065e+00
1.246368870145122099e+00 2.249469833652504747e+00 4.845423751823554781e+00
8.026589619789055163e+00 2.224915471811476309e+00 4.891587242532778212e+00
8.155445850721068979e+00 2.223960531305743782e+00 5.809221295152944720e+00
1.387324416612223832e+00 2.338107361337879109e+00 2.226788612622534025e+00
4.895187133714077987e+00 2.296503170776702518e+00 7.919098752467180091e+00
5.141476930781876398e+00 2.293826936336684774e+00 5.496676441430744298e+00
5.214067389814161402e+00 2.310643020197063802e+00 2.859120548602187117e+00
5.389669096930789216e+00 2.317592857836364040e+00 5.838416006917540813e+00
6.233276134644390787e+00 2.316107061863883043e+00 8.098036094042731392e+00
6.504528948555580392e+00 2.295809796134700154e+00 5.965690173142649044e+00
7.630069922513966318e+00 2.333265426465350512e+00 7.694275467797102586e+00
7.888163802394948299e+00 2.279386286646070126e+00 4.645023081168844215e+00
8.266607384126229974e+00 2.377081156946533547e+00 7.792169857860526072e+00
9.155545322982174383e+00 2.343343658604909230e+00 4.409184223283995507e+00
9.393540766991364421e+00 2.332973981852351386e+00 5.474758490422470203e+00
1.317232530590612960e-01 2.378278417193664840e+00 6.858719720478994475e+00
6.462375771890371823e+00 2.429162714428829695e+00 4.853529820293584152e+00
7.048746540738433097e+00 2.415056722209144802e+00 1.084461349830078358e+00
8.557797981660407061e+00 2.360168761445891494e+00 5.510790964182916696e+00
3.866446396753382420e-01 2.505093045939719154e+00 3.787490828754942029e+00
1.518333011720950587e+00 2.483062848925773114e+00 6.764538139116115012e+00
1.628926903008526494e+00 2.493511001413209360e+00 1.877836904038775678e+00
3.584820219153605159e+00 2.459133541620161179e+00 2.279489106381699770e+00
3.882986441736074656e+00 2.442173785596665425e+00 5.556447067805431850e+00
6.117945086853979753e+00 2.464939553338296729e+00 1.631753570761101280e+00
2.600486947085810518e-01 2.572673583567519628e+00 3.700732060535857570e+00
1.469719350561693894e+00 2.493206247748787963e+00 2.321560925578055823e+00
1.578317999015701911e+00 2.544991684608479243e+00 6.630473681112180273e+00
2.231497919847571065e+00 2.580972968769077003e+00 3.699017091003162783e+00
3.596955627802406852e+00 2.517774374400425508e+00 2.841949375278745471e+00
4.779862480149707160e+00 2.534834550273606713e+00 6.195571532952262928e+00
7.221213874694242030e+00 2.589448067437753576e+00 6.717520477284245395e+00
7.574053450323336989e+00 2.552924152508108335e+00 6.796410085762942366e+00
8.155290459355565957e+00 2.529842660876322036e+00 7.668101581291864477e+00
4.474319811611762177e+00 2.630707454915522270e+00 5.880133692474409202e+00
5.978425340494462503e+00 2.635495170896673844e+00 5.925138269844142158e+00
7.124193578161555962e+00 2.628048069378628337e+00 6.475430664993250041e+00
7.316348923958936545e+00 2.683193639145390108e+00 8.542952948619523923e+00
8.560040683440988118e+00 2.639012388473196857e+00 8.162808554088673674e+00
5.788261759020634223e+00 2.731285336400553376e+00 4.447132140042639570e+00
5.985789631291969393e+00 2.709599315597026603e+00 2.272940818772186677e+00
6.278749700742083384e+00 2.704378224404980546e+00 4.728665785433516788e+00
6.466168550279708604e+00 2.686412758230795728e+00 7.902216922541555277e+00
6.837689653253841371e+00 2.735670481358748241e+00 5.919792828406953422e-01
7.017804441939765603e+00 2.740364423816580519e+00 6.863259596054009037e+00
8.823483878013194115e+00 2.741601794868432140e+00 8.327865698317975074e+00
9.685483699048396122e-01 2.792973777292285131e+00 6.164511407928091602e-02
6.127914357806227841e+00 2.770718776549894624e+00 2.521005926700225608e+00
6.600854542629164712e+00 2.812226503695238744e+00 7.064018756990481762e+00
8.091958415811197014e+00 2.767597778671652353e+00 7.938925582940223435e+00
8.473620748991868012e+00 2.821671240467677588e+00 8.354858407688691813e+00
9.609001838437075449e+00 2.772348577025770311e+00 5.332052421562851308e+00
1.546131923103202244e-01 2.825811790099616694e+00 4.688735746434556262e+00
1.150140114289925464e+00 2.883113940374466555e+00 7.079015739858125933e+00
3.245171019152063963e+00 2.853052763988474183e+00 3.725009901217409602e+00
5.036402878947916939e+00 2.822187859539192267e+00 5.053719538694423363e+00
5.402902773646000689e+00 2.997243319495975999e+00 1.793587145541339023e+00
7.572403424763546553e+00 2.865658251618821151e+00 7.970319096431685679e+00
8.761659603774788252e+00 2.876994829342896853e+00 7.840823022417942489e+00
1.218572833812352929e+00 2.976151769480510190e+00 4.804785835802774407e+00
3.174765440870382704e+00 2.947329267948492593e+00 6.884244089675808809e+00
4.269543532679525022e+00 2.960987046362468789e+00 6.347509014221783374e+00
5.721746487068596565e+00 2.833625045711924528e+00 1.984385619063707473e+00
7.505108403031217179e+00 2.936900211693783902e+00 5.033458577914318610e+00
8.938391382985555467e+00 2.908234887355560350e+00 4.803889623551475196e+00
9.037924524927433367e+00 2.904889070695964026e+00 5.098883012730247799e+00
1.049865421732431692e+00 3.021222929797304779e+00 6.650482633857396131e+00
3.784059048811893256e+00 2.989220788230218862e+00 6.160738403297266075e+00
4.513308639588982984e+00 3.049634398923444678e+00 2.838486925656671378e+00
5.461696102151788246e+00 2.987337115657657360e+00 6.222253794298588048e+00
6.701930267330526547e+00 3.027316703486006233e+00 5.645947811094256252e+00
6.970791139856618912e+00 3.038401409579557733e+00 7.563730342914965377e+00
7.087615725044513759e+00 3.075023384404334426e+00 9.076376383357438016e+00
7.250368040112483925e+00 2.983096140757557801e+00 6.812411821538655765e+00
7.643911260827211507e+00 3.043475593429432191e+00 5.309352234364462575e+00
7.728023111696652236e+00 2.996048317285860740e+00 7.104395770887666828e+00
8.544717616807893990e+00 3.054050328517186053e+00 8.458890059200840028e+00
8.850945804320545562e+00 3.043750582812733363e+00 5.511782269777012466e-01
7.633179195423982211e-02 3.054789433892428185e+00 6.828181293220303871e+00
3.266021068064086208e+00 3.086051249749049319e+00 4.544766317239391284e+00
3.827156637347049806e+00 3.057258798496541807e+00 2.787117308080518274e+00
4.019937586045426059e+00 3.065525563590371316e+00 2.852410288560895513e+00
5.081485330018577606e+00 3.060952962650836273e+00 4.432897347294254331e+00
6.295259226101535432e+00 3.099495192201894511e+00 7.712923984462388027e+00
8.503368977085807856e+00 3.114316697106668030e+00 9.308054308709406754e+00
9.317278312281654706e+00 3.121107993454895535e+00 8.716253583634014035e+00
9.589997168277369255e+00 3.110294953327657375e+00 3.778875577920967288e+00
9.726345562984192838e+00 3.065708053140315137e+00 5.336906626399308351e+00
9.778031743854048941e+00 3.051689983977568410e+00 5.219989916448145806e+00
2.750554792619137601e-01 3.139165111155032051e+00 7.332158741873548990e+00
1.507870706472253630e+00 3.208344677588503391e+00 6.307593448372424305e+00
2.430952428210938265e+00 3.147259439305150508e+00 6.485787150691907144e+00
4.586436523613352634e+00 3.166897138709503956e+00 4.133823571705126376e+00
6.552992129542147381e+00 3.166819773975672714e+00 7.155302034215256235e+00
6.774813818422918743e+00 3.191163613055009840e+00 8.511526881086034280e+00
7.771601323262480321e+00 3.172463082055250627e+00 7.949621932848828010e+00
8.067586302784404140e+00 3.242526536899307033e+00 8.538726898822986300e+00
8.463107454313510303e+00 3.183394292755856725e+00 6.090100155629722067e+00
8.800849481231892923e+00 3.214623185389205773e+00 7.113487763706507927e+00
9.763000445651149661e+00 3.185359792464354634e+00 7.935059726356312737e+00
1.316458120960002809e+00 3.220716643199135198e+00 4.859687130625504281e+00
5.153713889987634467e+00 3.208159517331084842e+00 9.502080076862762237e-01
5.395938644410092522e+00 3.255590024477657884e+00 6.426859809080175623e+00
8.923898349851864253e+00 3.224566961443207980e+00 4.593430677165514453e+00
6.724978189089597436e+00 3.346239841228250800e+00 2.417709090321234822e+00
6.983175002945593235e+00 3.335297442840078119e+00 7.024288079841793930e+00
7.201529516698794708e+00 3.316203907057559519e+00 7.539894123453061425e+00
7.438941117697449812e+00 3.373354033380267403e+00 7.679110191878450564e+00
7.973190823356387291e+00 3.339214796477523173e+00 7.034150836452523592e+00
8.252771061228903804e+00 3.322651078699796479e+00 7.225148642840799162e+00
8.300686878325139517e+00 3.342646282345746567e+00 8.407256746886735854e+00
8.685920262451080731e+00 3.309662618016920632e+00 6.552409029235096938e+00
1.510891012916068643e+00 3.440358906828322461e+00 4.190729923022729508e+00
4.715004896727481132e+00 3.404330415692393697e+00 3.695224462633160734e+00
6.690341307010026384e+00 3.422985413487606099e+00 8.809225563491356326e+00
7.576756442731177543e+00 3.425664919625259763e+00 8.107056768817642478e+00
7.682484702922935504e+00 3.429157782265937815e+00 5.983360107835894226e+00
8.499566458903570876e+00 3.381353028861404209e+00 7.193643983206611026e+00
8.847172677913427208e+00 3.419442266289315135e+00 5.229322643033658125e+00
9.572973923950637953e+00 3.431236301123541388e+00 4.705472629578902222e+00
9.581947185370832898e+00 3.366904847330248529e+00 8.187900939770166531e+00
9.875370824040970774e+00 3.448232982663692603e+00 7.315725485944973627e+00
6.366817023806833120e+00 3.497701882775933413e+00 7.901269394568314119e+00
6.687267733071838194e+00 3.510253800432135307e+00 2.845728068160944702e+00
7.993726105610619470e+00 3.464830736964300328e+00 8.652338981962692799e+00
8.380981301918932758e+00 3.462912954533749588e+00 6.178205723674691896e+00
8.856043115389320874e+00 3.441243911177799486e+00 5.069128794617176581e+00
9.191050547946391092e+00 3.496266081987828844e+00 8.403787515060217927e+00
9.614622299768754488e+00 3.483184512640698394e+00 6.163518461045768504e+00
1.198130588610364367e+00 3.566042900361750423e+00 4.952973108297469729e+00
1.386024504748538000e+00 3.564303552625708971e+00 4.074344348437062280e+00
2.264591265194969782e+00 3.578608885033867537e+00 5.034676360570043308e+00
5.005285189855285921e+00 3.518884616646838381e+00 2.116500123975418646e+00
5.724763598677325760e+00 3.599731918578929157e+00 3.628719317632074226e+00
8.166815483423174982e+00 3.559760361334465273e+00 9.090436456815144339e+00
9.711077826776616462e+00 3.561413149198533912e+00 7.391396952041025870e+00
3.890603252912976373e-01 3.640377534486976430e+00 4.982133770745485357e+00
8.835429292639009891e-01 3.622491552784377067e+00 2.034155441047067914e+00
1.506417609062507434e+00 3.651858046937156210e+00 5.660547768550291181e+00
1.988711194623870249e+00 3.639430728401944037e+00 5.800242938724199604e+00
4.125326246972377930e+00 3.671767101185940074e+00 4.619162539774535503e+00
5.114334871808054572e+00 3.662455111104162775e+00 6.223317272954796309e+00
5.544286694836130458e+00 3.662319217092827817e+00 4.610453815786516252e+00
6.661286116360264131e+00 3.639669909018438343e+00 7.363940352290105906e+00
6.757237244418259792e+00 3.604885134493422072e+00 2.853677635863275164e+00
6.758316201067589013e+00 3.680724833092206438e+00 6.973205436277718050e+00
7.106925499035131821e+00 3.649847796607050832e+00 6.796126889018617057e+00
7.220365045970648765e+00 3.671962349066478559e+00 9.016085633817027656e+00
7.417470970505114281e+00 3.675948471425869002e+00 8.682282210262901145e+00
7.742788274714083485e+00 3.654664000796092438e+00 7.987658657305598098e+00
5.294256075351251312e+00 3.701352579760651906e+00 6.937947225741053714e+00
5.653318825006522275e+00 3.696946395522461071e+00 3.041567159966013456e+00
6.329455695814113270e+00 3.734622035042769461e+00 6.406141018824463629e+00
8.132360512451175083e+00 3.740638673125852964e+00 5.199777489084940640e+00
3.218532785219974102e-01 3.772698527226459042e+00 5.330076953893001956e+00
3.579700535138424788e-01 3.782062656506924192e+00 3.552127072317985412e+00
1.968870168423146438e+00 3.827655026765543589e+00 6.732412646414271507e+00
4.269507644557911874e+00 3.781072245765991546e+00 4.073844518698280126e+00
4.731080725650711472e+00 3.785053333731004166e+00 2.365196592033257161e+00
5.112298042305359225e+00 3.808766313588292540e+00 3.371089315247929541e+00
5.831671616054170393e+00 3.756719840780687214e+00 3.757649466059648891e+00
6.779390895327146893e+00 3.772574678709938567e+00 6.927704783155009594e+00
6.844108321485951052e+00 3.805940887103008041e+00 9.611096064277852236e+00
7.053156093873486299e+00 3.786075917614112551e+00 6.628851240860555993e-01
7.730555621040688941e+00 3.789855171375718257e+00 1.360491642287046776e+00
7.813778452076612702e+00 3.804688163964101921e+00 6.712456623859888616e+00
8.047834834115812797e+00 3.649438596726574335e+00 7.331127445451825153e+00
9.607265817240058681e+00 3.797862471353333991e+00 5.010395034912973777e+00
7.646806637270162632e-01 3.872184774230240212e+00 6.609753912438581125e+00
8.740436181316413311e-01 3.853571189827896148e+00 7.206872891022787719e+00
7.508528549398015173e+00 3.906486105317576119e+00 7.553125410613055202e+00
7.520991226963428034e+00 3.897554368045851092e+00 7.531258493990494074e+00
7.883015863765788112e+00 3.972132623549527786e+00 7.140552226237199207e+00
7.966884571631460688e+00 3.905549909461991653e+00 9.932066109805058218e+00
8.154400621137305905e+00 3.886932473019610867e+00 8.080728261224518150e+00
1.088244836167511664e+00 3.917287562113060062e+00 7.011784485997376137e+00
1.753055743380379727e+00 3.941696103983584720e+00 2.479037784608294270e+00
4.973150449233046722e+00 3.952089214611316681e+00 3.438956728220351255e+00
4.966674246805093951e+00 3.969087545247072413e+00 5.347926250306768381e+00
5.755734890023314954e+00 3.956298229786495035e+00 4.668729972543673057e+00
6.859723032685177024e+00 3.979685692698335497e+00 6.565942138183120669e+00
7.504566206146858320e+00 3.910305438139978662e+00 7.558455148574960702e+00
7.886176487373312227e+00 3.910661309944308606e+00 8.376125073364031337e+00
8.010924346822328346e+00 3.917730150293770919e+00 6.983930012162979040e+00
8.337345005717400781e+00 3.918278675009726708e+00 8.214467694672851650e+00
4.633265096239554959e-01 4.030104445603116758e+00 7.554732830615516370e+00
3.780759488552259739e+00 4.062239936370162674e+00 6.128375965445933105e+00
4.786150915486926394e+00 4.049111308520572550e+00 5.498472944022397613e+00
6.459159060666722851e+00 4.067790277731171855e+00 7.555908764549938539e+00
7.300711435357896129e+00 4.034875615273443294e+00 9.544296594676225709e+00
7.858225836404705511e+00 3.989005085868162492e+00 9.860742286842510751e+00
8.361173822446613002e+00 3.993812707389850836e+00 8.887898125919178938e+00
5.420770611087132984e+00 4.132911718056866412e+00 1.111700239062524798e+00
7.051845300608704292e+00 4.111682616693971504e+00 8.243799877782606700e+00
7.210725776262624009e+00 4.144070509679320224e+00 1.942855056265946345e-01
5.808192936066129519e+00 4.292100444872770204e+00 7.390451915365501279e+00
8.695734103033640139e+00 3.947973983542548915e+00 9.805587923427985686e+00
7.612391226030707614e+00 4.130196986464266473e+00 2.488857177280195732e+00
7.992533626434669358e+00 4.111972195388158724e+00 8.962315195830685255e+00
8.163625724342049139e+00 4.093928874359274772e+00 1.276152811652182806e-01
8.527585962425973776e+00 4.059735838894620308e+00 8.065974229067656154e+00
8.721634677091346433e+00 4.097812037991811707e+00 8.120541348221934186e+00
9.024815076127126190e+00 4.106293630743805601e+00 9.060116930922298195e+00
3.007575541774843764e+00 4.190824854276193001e+00 8.143714599165432944e+00
4.505016736966529933e+00 4.192072517557572375e+00 3.073928660387700074e+00
5.036773902438673289e+00 4.183887667202503380e+00 5.851430501486245106e+00
5.673517909932042969e+00 4.153241724022430859e+00 5.111673715618009872e+00
6.312794747916611549e+00 4.162046493568749561e+00 4.486958531037124942e+00
6.690139724944269339e+00 4.169962095134141400e+00 6.440500299359088743e+00
6.864246136155147227e+00 4.176298631759056690e+00 6.459634043791223412e+00
7.065173487169737143e+00 4.213808267403391206e+00 8.317826371305365729e-01
7.187035547474609487e+00 4.167192268251365128e+00 9.394308866073142639e+00
7.599997968698883000e+00 4.163497328341327908e+00 8.870067679502913194e+00
8.759870128581148663e+00 4.205682783377187484e+00 9.676623313358593492e+00
9.257217997800225362e+00 4.198469235184250969e+00 9.756194214985066893e+00
9.447361528486375448e+00 4.160312293626932778e+00 9.110117519801161023e+00
5.574021072676821120e+00 4.212417118986915732e+00 4.995614178700231278e+00
6.683135874245051511e+00 4.250269811718966118e+00 3.168186411975824068e+00
7.050975889308691791e+00 4.243210018572531439e+00 9.507167385984613972e+00
7.114130818004310797e+00 4.215748066982786924e+00 8.236476051029118395e+00
8.016700754332761747e+00 4.238470623322482034e+00 1.982668540278917035e+00
8.949400186600557916e+00 4.269054854796946685e+00 8.755330686410543350e+00
4.272924425956109218e+00 4.343569058898171242e+00 4.287090380149148672e+00
4.306528847128131332e+00 4.345252968049532427e+00 5.652915975582028629e+00
4.955567247490045624e+00 4.357379696474339426e+00 4.400599155326984757e+00
5.027619667314318974e+00 4.301767105980558448e+00 3.486831785546391504e+00
7.115978213842682365e+00 4.329773184028308464e+00 7.375929140477754942e+00
7.264429958727554926e+00 4.324438235409167497e+00 7.611612110665669562e+00
7.565870154500707656e+00 4.355967961968779889e+00 2.131698746103216635e+00
8.736875394388375682e+00 4.326707480298502162e+00 7.715661414369735738e+00
4.683333077371695241e-01 4.407216504922238265e+00 8.387880970823051285e+00
1.097153348384247273e+00 4.427989044116002582e+00 7.573984634583434072e+00
5.624917863080799663e+00 4.403747065669644023e+00 7.898382784362934395e+00
5.639275172476276410e+00 4.454490469157080135e+00 6.332334168353459525e+00
7.024430943713028341e+00 3.830063345969295874e+00 6.428262202597516684e+00
4.665787698920790483e+00 5.027274215309627259e+00 7.266578606819808606e+00
8.069743250913269605e+00 4.395545321970710795e+00 8.509488726205900022e+00
8.502167981865969892e+00 4.423370054977235455e+00 4.964212219572379237e-01
8.908950980855289359e+00 4.468955999366597709e+00 6.698379145483481345e+00
9.295499717950420404e+00 4.395330309832034210e+00 8.600926297732078396e+00
2.148502240462225377e+00 4.526012435520096133e+00 7.039244445305028464e+00
4.835160997114442694e+00 4.524675165613702532e+00 7.978618051646613196e-01
5.513558888596007179e+00 4.495601713945479361e+00 8.093034294599728895e+00
5.809741696817694034e+00 4.467611814151976724e+00 7.372204008062437808e+00
5.973189061674616163e+00 4.487914847775661187e+00 4.130824586183801550e+00
6.392006634196669701e+00 4.519830680173318349e+00 7.005671407390529737e+00
8.489259699075288879e+00 4.468961721847113822e+00 9.048118495660252947e+00
8.596229326756493094e+00 4.469496292546733862e+00 2.367037700494967756e-01
8.880239106768431867e+00 4.489997388064679740e+00 6.738315517088339313e+00
9.491859148389835354e+00 4.513380966097282787e+00 6.774500576303712052e+00
9.901789798705648238e+00 4.484414814975242969e+00 7.357351613198058971e+00
9.909483334075850358e-01 4.570926431408529389e+00 5.114043956580488270e+00
6.781220535102569613e+00 4.597170454748963131e+00 7.551012202185086508e+00
7.680962116664646899e+00 4.531654864528902316e+00 9.582600728131270174e+00
8.208755650032676598e+00 4.574965294105274083e+00 1.312266365780660138e+00
8.686832564160752668e+00 4.574465712876111034e+00 9.897287183485131479e+00
2.224436765327657106e+00 4.678485937393888960e+00 7.179586869762046852e+00
3.619136364932725947e+00 4.604426065529549028e+00 3.773595212770009422e+00
3.848212537215832896e+00 4.682520275132471710e+00 6.412753996593812289e+00
7.133186637786602446e+00 4.666991244719381093e+00 7.467069459349641392e+00
7.759165455778342491e+00 4.609798706521041289e+00 2.125939896388933992e+00
9.579209960545846059e+00 4.666018782187083325e+00 6.396921218863502290e+00
2.769684332615400812e+00 4.757157302603125082e+00 8.174920988780307596e+00
6.001002953506985094e+00 4.727633482366092821e+00 9.442202029328754520e+00
6.598146467607013399e+00 4.702017517318388684e+00 8.402847333731155999e+00
7.740807744156210646e+00 4.744499050857682754e+00 8.658427150866286226e+00
7.808407270216842555e+00 4.686188973927586154e+00 3.005409525872666077e+00
7.864788073061364848e+00 4.707450138833404907e+00 9.664451652567739970e+00
8.261135252304919518e+00 4.689308655721070807e+00 5.328259636050308501e+00
9.266562616252240758e+00 4.711495298195900183e+00 4.783976442970877541e-01
9.462135410748004460e+00 4.731571301456425793e+00 6.964769870155239850e+00
9.620033349333183992e+00 4.724589802866167254e+00 7.839449798645588885e+00
5.412097461866721027e+00 4.796183654059158030e+00 6.226345028735472020e+00
6.767047415176397962e+00 4.800538543900030319e+00 8.488120719214430565e+00
6.992653780630251781e+00 4.811568126841601512e+00 8.070111062237848021e-01
7.212046233668709228e+00 4.806493533569859977e+00 1.163978306924940753e+00
7.214156904798378456e+00 4.818509677581555017e+00 6.466473951037193579e+00
7.533461175172607938e+00 4.776550092426397498e+00 8.019170059804629602e+00
8.007003494039949487e+00 4.790889330303969018e+00 3.880582283072920191e+00
8.562535160785731847e+00 4.771263975076248443e+00 8.823187018706430962e+00
8.604677097761015858e+00 4.778108079617429560e+00 7.853335657080058319e+00
1.996160119992287374e+00 4.904352707556249413e+00 8.386835358620517766e+00
5.125306925317688389e+00 4.888054044270986331e+00 4.873413304442619776e+00
5.745932188494045079e+00 4.894429469224043316e+00 5.233346059940110706e+00
6.290191240064202383e+00 4.904313737464912393e+00 9.694672834812152473e+00
6.815671949372844374e+00 4.870826068565696332e+00 9.095841838139760327e+00
6.895193717706182390e+00 4.919540171125366790e+00 1.713026290498248727e+00
7.516647863035299970e+00 4.842362308408909577e+00 8.639840633676454829e+00
7.892007450121269585e+00 4.871158883657590088e+00 8.408762724905329833e+00
8.682517682504702350e+00 4.849565791514219626e+00 8.482202722614406554e+00
9.045393687365603341e+00 4.900719510492842268e+00 6.444075749954688348e+00
6.576158944172052045e+00 4.989969638929964368e+00 3.971724709850739110e-01
6.783534853622473548e+00 4.923096213702902624e+00 8.575396660967651741e+00
9.058721502081233723e+00 4.933536437793587304e+00 6.523949014304797345e+00
1.521087710632088363e+00 5.002639148224011123e+00 3.939642203418429744e+00
2.568964682704899971e+00 5.049457919226448155e+00 9.084247777969736148e+00
4.298759020786759422e+00 5.003480331035635054e+00 5.424692888561901682e+00
5.382917824533422824e+00 5.002814092938215218e+00 1.673387715649015672e-01
5.730832153408874419e+00 5.002328485103790356e+00 7.790503145187870793e+00
8.731202982309700378e-01 5.140472014284869218e+00 5.104169392639834157e+00
2.392109253842391148e+00 5.150403562596734375e+00 7.192560646920814094e+00
4.683165535553557746e+00 5.091780265469356692e+00 6.133730585176883743e+00
5.161747892022485296e+00 5.125903562371973088e+00 5.348651779812024110e+00
5.244943244619619804e+00 5.071375349427285961e+00 3.451519535411297745e+00
6.123390713126027229e+00 5.136700804078459193e+00 6.616754602116872164e+00
6.945181319074485771e+00 5.067243738519301210e+00 8.868886239040412178e+00
7.157519230341480743e+00 5.124350079474798925e+00 7.968993810961898738e+00
7.179979350775283820e+00 5.091628807711592763e+00 9.082116758857162964e+00
7.582243913192210805e+00 5.174242842325986302e+00 1.678703011369522269e-01
7.893131137810344811e+00 5.092829112677313752e+00 6.351211687691565189e+00
4.599108582790567112e+00 5.204823940456340559e+00 9.761531563648794929e+00
5.621880687780247854e+00 5.181260237710949568e+00 5.097462521947511149e+00
5.787890935858623465e+00 5.231329538336249918e+00 9.941472185455497268e+00
6.858276733423865679e+00 5.153980555078579329e+00 1.947988463908925993e+00
6.874991630196317871e+00 5.176232763084298583e+00 9.907527597452704171e+00
7.823845952332177056e+00 5.162596145994717389e+00 4.576257481736922372e+00
7.921842351591250164e+00 5.198904816410760077e+00 3.696190281369083896e-01
8.307924090719833288e+00 5.180794891091655252e+00 8.009248244430434482e+00
4.952880287633306899e+00 5.270272557835115279e+00 5.533482530700766233e+00
7.040223657852875405e+00 4.015354985416554001e+00 6.448411511293233644e+00
6.223202891320618768e+00 6.521857995258246277e+00 8.414292638334352148e+00
6.747618218318373273e+00 5.294041479302570963e+00 9.688013787883038574e+00
6.833139795310844811e+00 5.241873610879318690e+00 7.852094016545650312e+00
7.284258303131441181e+00 5.240482475703898579e+00 6.190225306668073912e+00
7.432802532714518406e+00 5.292947632229775934e+00 1.292896945432561839e+00
7.500575695273152377e+00 5.246141540376708434e+00 8.735640199175330523e+00
7.699798934279501239e+00 5.237498425031061444e+00 2.583049099366750423e-01
4.603526851923545493e+00 5.381018950316098781e+00 7.927461431109816381e+00
4.928963083755287578e+00 5.382568556094319945e+00 8.106017870677751702e+00
5.790395549478631665e+00 5.384046798035157622e+00 3.998832287909832139e+00
7.248924989350990167e+00 5.330171638875946805e+00 8.480867918179846754e+00
4.900009084801347115e+00 5.399848244124311414e+00 9.886381364508117997e+00
5.066307490972138616e+00 5.419963001297396055e+00 5.979687292084702399e+00
6.289386071009776202e+00 5.445983243766561621e+00 6.922068333707919408e+00
6.831689898148154860e+00 5.425655290174241863e+00 9.786119103795702046e+00
7.228970434608695150e+00 5.403121627328417276e+00 8.243400608435984267e-02
7.196369793544509008e+00 5.428698988848290163e+00 1.251713696590989411e+00
7.256775628643591602e+00 5.407032669206830455e+00 7.428666899001298951e+00
7.545811238044067615e+00 5.391796046338852122e+00 6.515199976043708929e+00
8.033597232139181088e+00 5.388235247517163096e+00 7.498007862207291652e+00
8.641983099668248514e+00 5.394798008039190407e+00 7.148906715188177330e+00
8.981639912885498234e+00 5.447547569784437549e+00 9.419062277976406605e+00
7.760571666576223659e-01 5.500874698771577087e+00 5.749009840430984397e+00
2.681112031192999456e+00 5.486606700121750890e+00 7.399435127844333770e+00
4.850683200611384471e+00 5.519170209034589547e+00 8.413631463864104987e+00
5.392398185235648178e+00 5.529848088523198868e+00 4.231715386927220379e+00
7.137236009503023837e+00 5.493774038335022425e+00 7.126320239659071909e+00
7.377136869811963926e+00 5.510072793058698792e+00 7.051307895491387701e-01
8.017024357203938578e+00 5.504542482452870367e+00 7.700617419957192511e-02
8.869318422977778837e-01 5.598030731425276407e+00 6.663135283967847045e+00
5.027403658279945731e+00 5.564800696906262445e+00 2.810431919943956913e+00
5.066467058918192379e+00 5.596749573669811184e+00 9.425145147830992443e+00
5.121364920940784771e+00 5.621523679490083580e+00 8.393467430328186651e+00
6.596385301100237797e+00 5.648378582082275834e+00 7.874429590006457591e-01
6.845587803499620705e+00 5.527177060195112901e+00 9.598240453561841079e+00
6.907281534206841656e+00 5.576789806824824502e+00 1.765001686904023592e-01
7.709982218610587523e+00 5.568443570467724868e+00 1.154694805599145724e+00
8.366876324629014761e+00 5.527311023706509729e+00 8.227549082712954487e+00
3.272357933217790560e+00 5.629982738795973773e+00 8.248435108713250585e+00
3.602763365083166747e+00 5.646506976544166889e+00 6.235255168464821196e+00
6.210026170412182189e+00 5.694915013633744749e+00 7.524268992088025243e+00
6.645199935482660081e+00 5.681746296656836392e+00 8.694619433518533391e-01
6.721772151737174461e+00 5.615818919343578131e+00 8.226780423378773577e+00
7.626861725804618075e+00 5.720311437578663671e+00 5.574822768629502434e+00
8.098960550384864732e+00 5.622888747640303109e+00 7.133928219587390984e-01
8.100495055174773640e+00 5.697948557151073956e+00 5.080289986747034803e+00
4.853620842555415038e+00 5.772002046711670609e+00 9.280682535820670154e+00
7.714661440787923041e+00 5.746431825363346846e+00 5.137585935950969684e+00
2.102408502655657596e+00 5.780283034584758894e+00 7.471333455765284626e+00
4.709242799730302131e+00 5.834195702215681401e+00 8.497971049444309699e+00
5.986667015086359456e+00 5.787675310721097865e+00 5.464933899955154217e+00
6.400915968934050682e+00 5.820987187385985528e+00 5.656767819715119217e+00
6.671516339113278349e+00 5.794904356385722544e+00 5.005577134384115112e+00
9.177361962896803504e+00 5.816082892820594097e+00 5.444150821581659194e-01
4.821293581443850229e+00 5.885397428918208718e+00 9.347453840190629748e+00
5.809367786117769050e+00 5.884708994029237417e+00 4.213459686033916851e-01
6.354036861031300276e+00 5.887265688098022309e+00 7.144278704057387408e+00
6.653825371845883296e+00 5.856937080254532191e+00 5.288653997381197458e-01
6.723958047469634103e+00 5.911645650189883305e+00 1.610146026808813247e+00
6.901714957342833578e+00 5.905237916386013808e+00 7.454155964334852058e-01
7.588115560305222829e+00 5.875827914203628488e+00 4.159385648278142611e+00
8.410768251158863507e+00 5.844419955285077961e+00 7.668398682280940015e+00
8.719214068270691342e+00 5.855714385280313294e+00 8.009959470312288943e+00
3.403272177914660190e-01 5.959318150209356624e+00 6.712354513486339158e+00
2.772694165074476302e+00 6.013431301553814556e+00 9.409526840663387404e+00
4.653202344046627026e+00 5.964145101644978020e+00 8.918447041899195682e+00
5.826384361507419563e+00 5.949107310024348116e+00 9.536121019175588742e+00
7.004370150661062944e+00 5.969244006101710909e+00 6.827690183613728259e-01
7.966883371696413363e+00 5.994340988012036853e+00 4.326817316647291634e+00
5.495691058912169247e+00 6.146487492414384413e+00 8.854889671437318199e+00
6.460408406591340302e+00 6.083246896505531076e+00 4.361443478853020750e+00
8.182200909686471846e+00 6.050265185771347198e+00 3.103282218894637179e+00
5.338458194185758288e+00 6.022344683003363564e+00 9.016971827647257243e+00
6.806511521537585985e+00 6.087285922453634868e+00 1.525629298200433581e+00
7.070810033871709699e+00 6.126617817300154201e+00 3.953561163890729979e+00
5.737868426855914805e+00 6.196803344334959718e+00 5.010763096767096414e+00
5.746732855171767795e+00 6.225145614815080108e+00 9.798977321855378619e+00
6.856735066498576003e+00 6.211645321967186106e+00 8.665295434277096476e+00
6.884617735473804956e+00 6.207906414763928460e+00 4.538439615082523471e-01
7.872558166804656921e+00 6.222502235486254030e+00 5.025598756782553522e+00
4.679879939140945133e-01 6.315758155857646550e+00 1.275199422984467645e-01
6.084033949167700683e+00 6.249883080124417845e+00 4.144583494984758865e+00
7.100259143686998620e+00 6.250493657161562133e+00 4.363601381880421570e+00
7.549507718958031077e+00 6.305417057216124554e+00 8.120661500330516702e+00
8.531737913262386286e+00 6.302425400290500690e+00 7.158364538330143745e+00
9.028403605243507712e+00 6.318317562847747482e+00 1.892671860475465540e+00
6.360767764960475468e+00 6.352114951393314612e+00 5.005945786206504877e-01
6.338487292910386373e+00 6.361188220892259437e+00 7.030546696568517717e+00
6.460965392495740645e+00 6.375111360493069590e+00 9.541614549878591589e+00
6.969827279168738343e+00 6.383806571323809465e+00 9.511562248719030777e+00
7.234154437187103603e+00 6.393832069340903423e+00 5.299432300493891468e+00
8.095269030946006694e+00 6.367297676269236817e+00 4.691192922898529183e+00
3.398415622752483323e+00 6.428907001849110792e+00 1.649400128498232365e-01
6.108917105198364617e+00 6.424248297927237061e+00 6.048561280470582169e+00
7.040268176156621927e+00 8.582769303978462716e+00 5.824817111469728914e+00
3.862149612321974512e-01 6.494292629621786439e+00 8.282892242155698526e+00
4.725651186447014318e+00 6.517295957591617395e+00 8.803638653613903742e+00
5.414768072242663877e+00 6.526099525303638238e+00 8.044064482259930315e+00
5.663542768223678969e+00 6.482937591459257298e+00 5.042114615116382481e+00
6.428325626672068971e+00 6.554162207093414239e+00 6.899883151114558189e+00
6.561492721218805002e+00 6.517123298158834288e+00 5.669526643545882649e+00
6.920586063920987741e+00 4.371627969999860142e+00 6.359284978474653016e+00
7.901563326383776342e+00 6.517537036923780391e+00 4.216064534067486491e+00
8.276112005972642294e+00 6.481001569610855384e+00 6.691192406345711774e+00
4.436665968473702648e+00 6.618837676780572110e+00 6.157056552184053899e+00
6.304332419424274470e+00 6.557135552528968958e+00 6.495141373043288979e+00
6.661008818296281220e+00 6.564812301224156599e+00 8.215244179463461194e+00
5.872233543584722604e+00 6.649053093355641764e+00 6.952684537074302895e+00
6.044906654545719960e+00 6.739054309588840219e+00 8.049148070750344885e+00
6.441202487977757407e+00 6.706478383547701760e+00 7.160297405036884777e-02
6.509077112108705876e+00 6.686730274907941585e+00 6.944657224319647604e+00
7.699241104057664487e+00 6.683952778819594265e+00 4.572203990663593842e+00
4.577340376989904591e+00 6.747431627806652621e+00 7.475239242020801811e+00
5.546947867923157638e+00 6.737363680866810256e+00 3.638099771017880985e-02
5.556564658160824344e+00 6.768363781737795293e+00 8.570996959612049437e+00
5.747097393278800759e+00 6.793118004769004514e+00 8.407262638486335149e+00
6.310619193928728166e+00 6.737794275655923926e+00 6.580643380046313773e-01
6.277880224557839561e+00 6.759198936605308461e+00 4.900155204251412044e+00
4.771257380387463165e+00 6.859033585050894999e+00 8.006741042369858619e+00
5.737650176997368234e+00 6.820545044791507472e+00 7.159668386998339074e-01
5.780230117163352332e+00 6.802544995891253166e+00 5.672283082933974541e+00
6.384367789459751918e+00 6.825276283610953953e+00 3.953033032993484408e+00
6.465423156261270066e+00 6.849602219807137793e+00 4.434344588464393055e+00
9.611536394454962107e+00 6.866773770835665758e+00 1.000849087768490797e+00
7.281406155002960734e-01 6.900597642819512600e+00 6.209183778986060886e+00
3.736284037095517263e+00 6.918314463377689627e+00 7.518676989077262007e+00
5.252153804851302787e+00 6.887060651689667523e+00 5.834342358886736690e+00
5.366071342783505393e+00 6.890647276115148046e+00 8.750836802187707875e+00
6.036066234431603839e+00 6.924433452492028351e+00 3.861642350118447808e+00
6.092699866303881606e+00 6.882768246445036375e+00 8.048043996059936589e+00
6.210082282509437945e+00 6.904527443324179004e+00 8.300801061724580876e+00
6.703411319595707241e+00 6.947753319699759622e+00 8.621333411208212283e+00
7.155276214928735001e+00 6.926526429775508475e+00 5.297622227200239564e+00
7.612807785132003069e+00 6.921788591966288706e+00 8.015261971970955912e+00
1.122632948338983194e+00 7.008450184831644947e+00 7.668712450299802086e+00
1.460979863266131495e+00 6.995650666394337414e+00 9.306685701289914903e+00
4.099975695173661450e+00 6.990205293248870966e+00 6.516075690222794314e+00
6.691097909737328209e+00 6.952292358380612214e+00 8.554748935310472646e+00
7.475847904460210636e+00 6.980798211663521435e+00 3.551656485796403473e+00
7.446074172375072742e+00 6.953630938508603698e+00 7.975770157628785384e+00
2.074689547829333680e-01 7.104124680157836380e+00 9.215101756602905425e+00
4.257213127532131658e+00 7.060757906318608335e+00 8.697916956373976660e+00
5.167571129163737176e+00 7.113515662228377501e+00 7.036677404903848299e+00
5.253141421383092258e+00 7.038132036516374868e+00 8.991572930425187238e+00
5.400860288403878329e+00 7.083311535666064529e+00 5.273997739758492287e+00
5.329789032031681195e+00 7.054842326117858775e+00 9.092950085713233932e+00
5.507420934459804407e+00 7.046926680342910032e+00 9.730438409039939174e+00
5.979110068116303189e+00 7.033561060819444322e+00 8.171810151923438070e+00
6.573374120803407550e+00 7.031680709453087985e+00 5.216979406910983386e+00
6.555395055999760245e+00 7.045260610287280123e+00 6.792824362491173495e+00
9.424880436440730591e+00 7.095067595513417480e+00 1.936444487590841756e+00
3.559023119515057676e+00 7.175974875097565153e+00 7.733826124569763039e+00
4.621728922755943714e+00 7.152491966852084104e+00 3.939417680999799387e+00
5.505294577628044195e+00 7.160727030912929614e+00 8.564766191245858362e-01
5.893883343284010756e+00 7.109418843522348652e+00 9.082351334072916060e+00
6.259382205078296124e+00 7.111399586161252451e+00 7.720652624877410997e-01
6.867119305639117322e+00 7.165598830561524579e+00 6.494979368064241143e+00
6.853644262209594551e+00 7.125973017394390041e+00 8.701653059449373728e+00
1.433618370938678055e+00 7.246460133925642033e+00 8.997551175449123306e+00
3.881895788939664360e+00 7.211238912904571308e+00 7.547983307092334115e+00
4.364073166828814188e+00 7.246153315706470366e+00 1.246941808943155205e+00
4.683988165104343793e+00 7.214364340113641028e+00 1.890504646494876040e-01
5.046172273491165150e+00 7.252432032263103956e+00 7.076136494118966169e+00
5.351280280328902350e+00 7.230314746406211412e+00 8.554260148819501364e-01
5.818744968585734867e+00 7.212676215017891579e+00 3.645143354161360927e-01
5.900869283931951870e+00 7.244694430062507351e+00 9.603816565541187344e+00
7.019351376260953401e+00 7.191685929619128004e+00 4.849299289907333943e+00
6.723072088838912386e+00 7.243175137522726459e+00 6.920787474112500171e+00
3.350458242442250434e+00 7.345313946045198605e+00 7.743799663632632502e+00
3.726285448043896942e+00 7.331969781105525996e+00 7.704957825636999047e+00
4.728082765188934111e+00 7.405280598931170744e+00 8.031466953546054555e+00
5.604649985478554974e+00 7.375986512764594494e+00 4.693139158951945333e+00
5.608786897770066560e+00 7.391014916964714132e+00 7.562860382364871015e+00
5.888470541387074597e+00 7.339030493500699137e+00 9.612455952465978726e+00
6.870583324827673977e+00 8.547511946786160664e+00 -7.864060120287504896e-01
2.113950607138175841e-01 7.483385355152037732e+00 2.550483919838780755e-01
1.831449295911316000e+00 7.463383940682344786e+00 8.761488288880450170e+00
3.985860440506925784e+00 7.435761389100977503e+00 7.270068226215264495e+00
4.766861157012590944e+00 7.483614155769087617e+00 8.536413773336956723e+00
6.238698212981852009e+00 6.309391921852933294e+00 1.417986464474838115e+00
6.567703807831446916e+00 7.416440551331325182e+00 6.106899406605452718e-01
6.835112588509961284e+00 7.456332771032398554e+00 6.676605530465919980e-01
7.906714859330425504e+00 7.433062681981192910e+00 6.233957386767263742e+00
4.509108986333309588e+00 7.573387530822950353e+00 8.928602103117540878e+00
4.482044586421429777e+00 7.555757878113128712e+00 9.904522671645210607e+00
5.860723765471531621e+00 7.539792053164330099e+00 2.875642993861812435e+00
5.802803695503465420e+00 7.548005057834272336e+00 5.190292139246206027e+00
6.098931345310925067e+00 7.550867220925633561e+00 4.235285230553571090e+00
1.063013838963243085e+00 7.621003896225338359e+00 8.224324159738282347e+00
3.759949073950150655e+00 7.623952925319258611e+00 1.178448895073567204e+00
4.828466273542966647e+00 7.632096745099733681e+00 6.718309223558824428e+00
5.938907961902450516e+00 7.627554541894051354e+00 6.825435410194862662e+00
4.173048195563373142e+00 7.666030720468251403e+00 6.468775061937354742e+00
4.444406995402100158e+00 7.688178674590039563e+00 9.654201962784940250e+00
6.355041664599832885e+00 7.706874201437710070e+00 6.200560852454612970e+00
6.441880223038395137e+00 7.647364545377222100e+00 8.344614012321265761e+00
7.341278422496472444e+00 7.704536570269088003e+00 4.058734980860550401e+00
4.032522739964560010e+00 7.840797083328714834e+00 8.201795218773217044e+00
5.186740641285281228e+00 7.796673952918998118e+00 7.300698907848811814e+00
4.480923428811960818e+00 8.176705391580457061e+00 7.274713929741057683e+00
4.552642047555758076e+00 7.864000279637439306e+00 7.291984859669275565e+00
4.836864027728439375e+00 7.878634156448018899e+00 5.826634412854279077e+00
4.929023023393885872e+00 7.847154299964516966e+00 8.921210477786152282e+00
5.051359305050216797e+00 7.864508354471189122e+00 7.844525657287228226e-02
5.089683248987576292e+00 7.863411196596072017e+00 1.605305227859759043e+00
5.395280636504662830e+00 7.825840843596271412e+00 5.121477336696882432e+00
5.431201016340090781e+00 7.841007195832698784e+00 8.418460943169083777e+00
6.597430644558739843e+00 7.794547004974933913e+00 5.984308769467928890e+00
6.588284478542457023e+00 7.814600758656521151e+00 9.585136888714837156e+00
6.985686240056742768e+00 7.861546418205962894e+00 8.354015539169417082e+00
2.718968160827683889e-01 7.949645781738384542e+00 2.112551513901208544e+00
3.600403800408487065e+00 7.588871809024581694e+00 9.019081037198031225e+00
4.586174494495682374e+00 7.941083872191992299e+00 6.491278519557539539e+00
4.718628393777446917e+00 7.906816526210949547e+00 9.108183419617503773e+00
4.929512185435014793e+00 7.918526121025236009e+00 5.855698246826666065e+00
5.285481531326669646e+00 7.895928205800233357e+00 8.875278871957847926e+00
5.272090069186462280e+00 7.904700384792650247e+00 9.202538360645908355e+00
6.102912577909376246e+00 7.871672012262116880e+00 9.499057640128466318e+00
7.855265089842353277e+00 7.879330465243794990e+00 6.452431516069923489e+00
2.005351920240978636e+00 8.021215830387291135e+00 9.959344717782357748e+00
4.026377536718338312e+00 7.955620021115890950e+00 8.089400549094499127e+00
4.010699420807856797e+00 8.029779462540410861e+00 7.968107914945885550e-01
4.979452441183046751e+00 8.008335475300697226e+00 6.121768261839374503e+00
5.543862398113485135e+00 8.019973915928432007e+00 6.518289354492876164e+00
3.204829814954879730e+00 8.068855095278495426e+00 8.760088454810460945e+00
3.518550097985498226e+00 8.113097224979446409e+00 1.047210522335559446e+00
3.873216864568906459e+00 8.068799788793485916e+00 9.133575278490340565e+00
4.995584107977286692e+00 8.035086373004936888e+00 7.237838876068693139e+00
5.303558059590537610e+00 8.106015227272823864e+00 7.998556248901573795e+00
5.542005147432663925e+00 7.595153015083781156e+00 7.580539891261965479e+00
6.981004840961665181e+00 8.061730999508032625e+00 8.226286692998458605e+00
8.288684419949818305e-02 8.161033987944838586e+00 6.434092337898988490e+00
5.989748211128613775e-01 8.147998693609954657e+00 6.549266251464823441e+00
1.090443016871899040e+00 8.119818172078113960e+00 6.739565011348187085e+00
1.303934834420368283e+00 8.182178474379028899e+00 6.246257469834715970e+00
4.957573229053540587e+00 8.171808611571307779e+00 6.403070924552693555e+00
5.753838030103669787e+00 8.169553104658756837e+00 9.132079883704300016e+00
6.011138594185713835e+00 8.176229399766762995e+00 1.809212984341740160e+00
6.649359181873395030e+00 8.610380117515219922e+00 5.415943982793034905e+00
6.240975000969741338e+00 8.162149217568206439e+00 6.326605546465283503e+00
6.620907840370112041e+00 8.161634832722040045e+00 3.330771258667436285e+00
6.707902491260982814e+00 8.130258902538635368e+00 2.338353703177762810e+00
9.640601720628422910e+00 8.133456200817246184e+00 7.539640427941745493e+00
1.827493621515653643e+00 8.207130884886943534e+00 9.963437975761253895e+00
2.790109135699080145e+00 8.219196554209926120e+00 1.423700679962895954e-01
2.865903476253965909e+00 8.205111737190964760e+00 9.519217197774336725e+00
4.782708864378623304e+00 8.191383436597130085e+00 7.146262109310328015e+00
5.559097628946441105e+00 8.215745959976892721e+00 2.271218662010624723e+00
6.063296132312964382e+00 8.244820436467916736e+00 6.618682105453903564e-01
6.805172601189379833e+00 8.220872851634180023e+00 9.328280272413456586e+00
1.783055417734856207e-01 8.338913299106096133e+00 6.907903251058334249e+00
2.261144599844854053e+00 8.304106871978794047e+00 6.211028351968868322e-02
4.544536954426796171e+00 8.272236896488070812e+00 6.697108806122000324e+00
4.860012694077399331e+00 8.279244862562631369e+00 7.985164373096573343e+00
5.491350879674036456e+00 8.321816430669866094e+00 6.419200465070412420e+00
5.492948439016958062e+00 8.271618230477468359e+00 7.044809899842380929e+00
9.851215567106944349e+00 8.308014355408698037e+00 2.921558445697116646e+00
4.990546965481414965e+00 8.401323526182993717e+00 6.205818422718244243e+00
9.269566448550785154e+00 8.400454623245227737e+00 7.112829701301670582e+00
8.206027550994792197e-01 8.491845025957857729e+00 8.941350111235454534e+00
5.107538458904577361e+00 8.492573773414321181e+00 5.073001074082804429e+00
2.376429826146099211e-01 8.559470358284368530e+00 2.845662696396009661e+00
4.096449058979337643e+00 8.538222887116781123e+00 9.606923399925182849e+00
4.216707782043757291e+00 8.528414672469548208e+00 5.990526210573368537e+00
5.231210675950795697e+00 8.527536338942885763e+00 8.582413782730872853e+00
5.327407618307881343e+00 8.547090876637344792e+00 9.217425524486543509e+00
6.530593815960473947e+00 8.545870826611668747e+00 1.571758383651066016e+00
4.313180526231022327e+00 8.607102183497715941e+00 8.731704913582118976e+00
4.745315391043576803e+00 8.634440685653631320e+00 7.111061654709272872e+00
5.220239280255242420e+00 8.592470507462763862e+00 5.905431772969784276e+00
5.251025347830142742e+00 8.637199467432269628e+00 8.388959092162288300e+00
7.797317010357167177e+00 8.645370649179930922e+00 2.523536952217040330e+00
2.944023691478935278e-01 8.712723479449397956e+00 2.372475422386999266e+00
3.737109666001487085e+00 8.718111780252396414e+00 2.301209423364431572e+00
3.957578620407438574e+00 8.716181654259921530e+00 3.782186418466433775e+00
4.518573626578904268e+00 8.708480122788726518e+00 6.955908169078313108e+00
4.679310377593265180e+00 8.712205992128469134e+00 7.316217947148487610e+00
7.844517278737141552e+00 8.678952186820405146e+00 4.000272003210868732e+00
7.931046152831953577e+00 8.697292608522079860e+00 1.477488028749387450e+00
8.373410322000546913e+00 8.709943105531539942e+00 3.710890323604031149e+00
2.388802827722221522e+00 8.756342317343440484e+00 6.110914025215545387e+00
4.399910525019423702e+00 8.766620713903789053e+00 6.741899291325432753e-01
4.541367375514337112e+00 8.792837535993237807e+00 8.520855844887782027e+00
5.514454969609443147e+00 8.810694002865503194e+00 1.606679979784543022e+00
6.031273323090083238e+00 8.794672261755561493e+00 2.664863336179123632e+00
6.558766923587510789e+00 8.763340971959614478e+00 3.355157707794961031e+00
6.675878461816699527e+00 8.750978806532183185e+00 1.614554295323355593e+00
9.776061741005038996e+00 8.787316070539937130e+00 3.564551792659746532e+00
5.289082262287829295e+00 8.864128761635374332e+00 6.626528065041261684e+00
5.934299123734830594e+00 8.831475246314933969e+00 4.760273246802783298e+00
6.272172143785399001e+00 8.810464143865765152e+00 7.206883705173652288e+00
6.840270838983504298e+00 8.847720253181961425e+00 7.942069710639209745e+00
7.803587859470999533e+00 8.870725736867958844e+00 2.170539441989648211e+00
4.152194529364606090e+00 8.958844439976180851e+00 7.650307706643255656e+00
5.157698128663268378e+00 8.927114297688092392e+00 9.089872465614599051e-01
5.456133567050706290e+00 8.891938433535386821e+00 8.475051094063873691e+00
5.505007221925845684e+00 8.918073245086631573e+00 9.787502196124878040e+00
6.429404393920180816e+00 8.947240667780935297e+00 1.364801102364519902e+00
7.510610221929907127e+00 8.930700675246281861e+00 2.130982548639838381e+00
7.902014952887725485e+00 8.970457941722898454e+00 1.940077368595789054e+00
9.612141914559760303e-02 9.014902900108276995e+00 3.428367598716060893e+00
4.327236758496078028e-01 9.026763109384214445e+00 3.303470415162727658e+00
3.995788140753117723e+00 8.985737290237869601e+00 8.560298490391780035e+00
4.558612923855275056e+00 9.003645105277563232e+00 7.313871502641864364e-01
5.943473879064707255e+00 8.965885290221180526e+00 8.094687110822860632e+00
6.298541229904717653e+00 9.006260565542422825e+00 1.128894322564825803e+00
8.061578680565542498e+00 8.995379490560033275e+00 7.646337480225709804e+00
9.471748859167483658e+00 9.018172619268344903e+00 1.251772508204470835e+00
9.602119797305094906e+00 8.980648546699818269e+00 3.592634428883067166e+00
2.728432343293875739e+00 9.089685332618051561e+00 3.318676345680352746e+00
3.654500872639067310e+00 9.064243613960202950e+00 3.863056324102385197e+00
3.990442422635258168e+00 9.104875927471255181e+00 6.789776411112591781e+00
4.593133273886687462e+00 9.063361728196966283e+00 7.765135541627195437e+00
5.359183449121979415e+00 9.127413385520496192e+00 1.106411741860663156e+00
5.908625906069389977e+00 9.070550427048416964e+00 6.234928918451089430e+00
6.157949404741957622e+00 9.042951539704422004e+00 8.858971109202254723e+00
6.245013051809632287e+00 9.062379730604565253e+00 9.899762182819964451e+00
6.407515292613034319e+00 9.090090068111157606e+00 2.318531480954807655e+00
6.447041093871815676e+00 9.103618861972787357e+00 7.585385375586833234e+00
6.972561869972307314e+00 9.130817210757147251e+00 2.337351936152087362e+00
7.826303916746500278e+00 9.044588946449451328e+00 1.912104574958645831e+00
4.067741352883572858e+00 9.186146095142891710e+00 5.971869929812647193e+00
5.740613116317846654e+00 9.125343241460655008e+00 7.010930947772436639e+00
5.692205848016933523e+00 9.176329873472532483e+00 8.249051832367568338e+00
5.988271255302391793e+00 9.174705633233909197e+00 9.766873043578128133e+00
6.621749802387414618e+00 9.199182275864362879e+00 4.677870078647149654e+00
7.650340939337960222e+00 9.207084283799471081e+00 2.336442527337618813e+00
8.909850291838656844e+00 9.141183824676829772e+00 7.689442168289444268e+00
3.608088280568909845e+00 9.269892670380444955e+00 5.891802259032001388e+00
4.331419681765046548e+00 9.244505879949272753e+00 2.174563329123511579e+00
5.628337548340214269e+00 9.234642074402586331e+00 3.796286097164569551e-01
5.826775063306003588e+00 9.227200987389455378e+00 1.894429062105967621e+00
5.792181935792635628e+00 9.196258880848574790e+00 6.757382729349481032e+00
5.972313475937411020e+00 9.246525878279356903e+00 6.534217595904159737e+00
6.917792470700245389e+00 9.253612171336659031e+00 2.202036181398328907e+00
7.623755356936490202e+00 9.202723095600601866e+00 2.056476616559341331e+00
8.159718528388623326e+00 9.224607653891407466e+00 4.372545624546290810e+00
1.623816879777678079e-01 9.317379316835442182e+00 2.103298202037767961e+00
3.966079752621467946e+00 9.354549974950611357e+00 6.450463034146562968e-01
5.462071655187782149e+00 9.294479364848871938e+00 1.305809685516737151e+00
5.520749664835722825e+00 9.317950525831175668e+00 8.257460367402568835e+00
5.520670219950855717e+00 9.451994371497868030e+00 5.572905275964334493e+00
6.218801500329979248e+00 9.347481123521815150e+00 4.162984250923525309e+00
6.593786455714424122e+00 9.286568213659652571e+00 7.672892181278882617e+00
7.040639172485287034e+00 9.328680346816327074e+00 2.489617222217368919e+00
9.763011665202178335e+00 9.330720833734169162e+00 6.371528181611659569e+00
7.373308566204708203e-01 9.434509203650218723e+00 3.150794773847584995e+00
3.205327086365208800e+00 9.428831962909704600e+00 9.690000234091080245e+00
3.445021616126488162e+00 9.408276722154974792e+00 4.757949185374777734e+00
3.695353750961186901e+00 9.368852450455444014e+00 7.427848366841434569e+00
4.041513567937972340e+00 9.428219328097267038e+00 7.681504823502606882e+00
5.249427677526421476e+00 9.380232720708134408e+00 7.220817212100012483e-01
5.624309750648905926e+00 9.208898928439094078e+00 5.719039078032103873e+00
6.241862997580634342e+00 9.410057153583519352e+00 2.010359053725643719e+00
6.751452945071169331e+00 9.341064699935433424e+00 4.635785488387804243e+00
6.893552917454463191e+00 9.352020521847560275e+00 2.480908134295332079e+00
4.071555200410733377e+00 9.433301952356561770e+00 7.701857987752673829e+00
7.294891015188136763e+00 9.482848747736326800e+00 1.839368963516597510e+00
7.916036326561526337e+00 9.489683777128412601e+00 2.567697333735888598e+00
8.210102328331993604e+00 9.510598497793548489e+00 3.072499170251500988e+00
4.521035707547328641e+00 9.569140218262088382e+00 7.296320671974005023e+00
4.711764807332500027e+00 9.545995738218536530e+00 8.582518752388961225e-01
5.043107159822849184e+00 9.520411112305025014e+00 4.055859308671060148e+00
5.372611296156631688e+00 9.500764191697456340e+00 1.387221941088680133e+00
5.940886507830915875e+00 9.549275689022525881e+00 1.292061051161678353e+00
7.210866236205589530e+00 9.527711827998352589e+00 2.315834230784666214e+00
8.429092095741506085e-01 9.639121214052238429e+00 2.910320389004743546e+00
4.101011571967066338e+00 9.606816210773857279e+00 8.381162268356941780e+00
4.140400017476288497e+00 9.593149162748003889e+00 9.756484739191686018e+00
5.034826292295488948e+00 9.624715173048038253e+00 4.839155514072919217e+00
6.913315184209916531e+00 9.639824646078370307e+00 7.442248646454725503e+00
7.074762128879143575e+00 9.590105092079975080e+00 3.617990405897450579e+00
7.433726226447435970e+00 9.612139105658403793e+00 2.548980118016504814e+00
7.738900976559687450e+00 9.617894652286398838e+00 1.852562413501937844e+00
3.007547531055682732e+00 9.714145558676186454e+00 7.107040060797297443e+00
4.593864690530422124e+00 9.689093828015890253e+00 7.992736648601356464e+00
4.872787040366692857e+00 9.725648003668423414e+00 8.062546325117152080e+00
5.436909507878896264e+00 9.706322330945452492e+00 6.268290471849693901e+00
6.204606096294354778e+00 9.680902994726212185e+00 1.739854694316992911e-01
6.542975190512569483e+00 9.685083486368560202e+00 5.568437529269003150e+00
8.753808057562929790e+00 9.694856870538831828e+00 3.567958244352638530e+00
7.780742775742666151e-02 9.812588477973939405e+00 2.411730701512580399e+00
4.471228462080649280e+00 9.744990620306051454e+00 1.664274052131668125e+00
6.070178166223589855e+00 9.763861833437140092e+00 2.020361598888084753e+00
6.362033960947188760e+00 9.796753506274207268e+00 2.549392528105217437e+00
7.549254940419724669e+00 9.756874851301530427e+00 1.801883591939963836e+00
8.225802281294420482e+00 9.809226948248642941e+00 3.261915184526886335e+00
8.683376794661198161e+00 9.788167913978380597e+00 8.592383581426936701e+00
1.995740369265614489e-01 9.855160824939487085e+00 6.355357139205778161e+00
2.633470398199726947e+00 9.856439735625363241e+00 4.799985800442294170e+00
4.576373904108417712e+00 9.819804704286180908e+00 7.457799578571839838e+00
5.200968616226546715e+00 9.844446317437171246e+00 3.671689653758401839e+00
6.818273106878956824e+00 9.845620885594874139e+00 7.767886727250790990e+00
7.773417258073486380e+00 9.871414656706665625e+00 1.041369286463811772e+00
7.720451241262347608e+00 9.851158047664274164e+00 1.963148475872648291e+00
8.905372086905030571e+00 9.870906325773580292e+00 2.455270014773945242e+00
2.984931608871495001e-01 9.966960432287127247e+00 6.542207032682358481e+00
1.952841853617004908e+00 9.939630236483509407e+00 9.504501305017647894e+00
3.557430956460369664e+00 9.960960582770770344e+00 7.248866889696428117e+00
4.226927834706732057e+00 9.939679290573121051e+00 6.610007249685280861e+00
4.277313514723346977e+00 9.904193145337167437e+00 5.025980957316037667e+00
4.793063308634355479e+00 9.937852923682847006e+00 4.547881836201914219e+00
5.221662286524161090e+00 9.917753895564608513e+00 5.161704865916456164e+00
5.334158601886417550e+00 9.959097909387658376e+00 7.370277468619693906e+00
5.966029007731313172e+00 9.892903276196612694e+00 8.406912295522882772e+00
8.231959724101507447e+00 9.938439004737453786e+00 1.755041694375488959e+00
