2.469101824763713093e+00 4.118938689341477555e-01 7.066631371311808074e+00
3.468477055877153603e+00 5.399450921321584662e-01 5.166749995162681408e+00
5.935376014330020489e+00 5.754399601664396124e-01 1.236028475143002403e+00
5.809362681952986662e+00 1.631679077172019321e+00 3.431971830261872913e+00
5.932140255247587035e+00 5.078067670075390172e-01 1.110378543860175871e+00
7.302315105163158293e+00 6.952000245449353466e-01 4.200502393742497453e+00
7.404432044488699738e+00 6.855987907885140453e-01 3.621540471015779250e+00
4.444079666309468379e+00 7.444525400484314215e-01 7.119800676637364489e+00
4.460586909647856757e+00 5.743776284497894569e-01 8.481194164187400020e+00
5.315690479672769087e+00 1.061134491887663511e+00 5.091273190165854778e+00
5.986053514736365599e+00 6.236456398092551368e-01 1.484723533260057682e+00
5.934804909015891639e+00 8.251011594347406053e-01 2.606179563182196013e+00
7.262484026391716085e+00 6.959564110017473215e-01 3.605522041729105176e+00
8.189083737836689636e+00 8.811785719499709568e-01 5.348820928870184233e+00
8.893803969993161473e+00 8.336964573440468484e-01 6.553209756367037286e+00
8.933716217477757127e+00 8.087383665047669368e-01 7.407684920031931242e+00
3.261801977170986966e+00 6.373887385956367169e-01 4.192652323541256720e+00
3.697752980502993836e+00 7.750018148945045926e-01 6.632481107614170313e+00
5.115430818713047501e+00 9.945062069293137963e-01 4.525099825279722765e+00
5.756382512224568870e+00 6.058964334378669214e-01 1.380661058500494143e+00
5.587610609720043975e+00 1.417001363110509615e+00 6.430654014188387890e+00
5.895062060579848939e+00 1.167069921805293120e+00 5.753969164623663701e+00
6.554134610114139115e+00 4.890677950318916833e-01 5.176468249647550035e-01
6.587557569111807787e+00 1.017207065249494002e+00 7.088939815525687749e+00
7.937008449058250648e+00 1.032972244499536840e+00 2.165377851698056855e+00
7.015450772038551719e+00 8.295942617045635181e-01 2.514354123782361228e+00
4.130475439703252150e+00 1.007926755608772096e+00 1.154836806573054764e+00
5.797385557349979734e+00 1.326935653442241070e-01 2.107927516115962963e+00
6.071010114599477703e+00 1.299370988622096768e+00 4.749063638606244808e+00
7.019320597973006670e+00 9.070356410442781403e-01 2.435095086002227127e+00
7.643806476437941200e+00 6.677804738202850476e-01 2.406869900136421769e+00
7.501772554134156223e+00 7.683614795231998862e-01 2.471971454479968688e+00
7.744485726328520947e+00 1.034202803700491113e+00 5.438207724202666959e+00
9.193738059115283079e+00 5.786660616484082809e-01 1.626577560815795742e+00
4.035508716200292945e+00 9.996551276469619607e-01 6.025121558595552429e+00
5.779616662878526157e+00 1.114587732845320867e+00 2.998125565892381328e+00
6.397273119623717363e+00 1.231539751817572359e+00 2.686454768179815655e+00
6.250730550403003960e+00 1.035627260124573734e+00 2.885028388131423149e+00
7.936198552322844435e+00 6.850882484060922817e-01 2.386728655643048924e+00
9.571387135456413731e+00 7.513827549034532982e-01 5.932562171206898327e+00
5.354679902440180328e-01 6.767437121343324868e-01 2.833051877827850618e+00
5.893859562076379177e+00 4.407774716486402289e-01 2.449779877543299289e+00
5.959444734183437120e+00 9.599623406508536183e-01 9.082018581929739653e+00
6.923952402337641310e+00 8.430950821262543915e-01 2.314626284490782115e+00
7.876144701874956411e+00 1.318365400642764751e+00 5.274158197286188177e+00
5.845501026432873282e-01 6.982446892637605984e-01 2.845882980274011320e+00
5.817539295692442991e+00 9.244164051244786462e-01 9.243714491379474651e+00
5.600001505394555323e+00 1.612686191813518910e+00 6.445068559915872797e+00
6.170907176923519089e+00 1.279379095086013329e+00 4.532806851776240542e+00
6.185649251475815014e+00 8.320756121186990706e-01 2.000297261314719854e+00
8.539835397634018221e+00 1.232437200425145596e+00 7.710138169117149332e+00
3.753355075954896147e+00 1.041205687293798920e+00 6.997229079591222423e+00
4.472390602018309735e+00 8.958681835663648840e-01 1.198333691718954430e+00
5.326930655422795979e+00 1.670965394480459221e+00 5.562153639635431190e+00
5.414125409253632171e+00 9.763028685094637948e-01 8.971717802238538653e+00
5.641673022007281268e+00 1.327131445289632117e+00 3.391072882702192093e+00
5.710356610640322295e+00 1.635861022692508548e+00 6.533413809101488390e+00
5.687043375281970903e+00 1.364575797628158949e+00 7.040205120597525124e+00
7.546058590183696957e+00 1.390823849206229035e+00 5.795045926884053955e+00
7.568794662962122999e+00 5.677598882235421751e-01 2.657141530619435255e+00
4.225051655182163302e+00 6.071713796315407752e-01 1.317460097995170498e+00
-2.166308614094053731e+00 6.996150470704929347e+00 1.290782745005406618e+01
6.075900297145918394e+00 1.356405293803713441e+00 4.653105399913374463e+00
8.845085418338630490e+00 1.209480498817763205e+00 6.771942854634660947e+00
9.499678256635808893e+00 1.008790598831503793e+00 2.826493068244126938e+00
1.383746350230306277e+01 -4.346948581851422411e+00 -2.874602082536313219e+00
8.833028964114397752e+00 -3.845872746253979624e-02 9.598543640732062343e-01
6.650445101905262391e+00 1.238616415180250785e+00 9.133727814057536420e+00
-2.114440548463269209e+01 -2.364102037422022562e+01 -4.350050632577850962e+00
8.771995195782391619e+00 1.183048102499990595e+00 3.546694189623286864e+00
1.547239290640303189e+00 1.249328452733970085e+00 5.860315076677048651e+00
5.580833309153200972e+00 2.033454358366761916e+00 3.083202655918812152e+00
5.249418881798116665e+00 1.604958680766122026e+00 5.797078587731014920e+00
5.483048534732071211e+00 1.531151169530714506e+00 6.215628660462662047e+00
4.329719230409195596e+00 1.834256977755297946e+00 5.585754150700516618e+00
5.872497943266993481e+00 1.679254840259409409e+00 4.968121266239660550e+00
5.999656698760054141e+00 1.574437373913525118e+00 5.151229969519476093e+00
3.658167369011954939e+00 2.350292030412390876e+00 5.344052230969492001e+00
6.425044443819334816e+00 1.224828632418904384e+00 9.182999214301858615e+00
9.243261681135383157e+00 1.393169232486419773e+00 7.173377920583944523e+00
5.475160578746124607e+00 1.568895418529428820e+00 5.465491317183874820e+00
6.000662307759149883e+00 1.425162799800905988e+00 5.867714741940669221e+00
5.563630733063897438e+00 1.536892292580268382e+00 6.392489090818587627e+00
6.340484823336843156e+00 1.384343833435861537e+00 4.331493350378316620e+00
3.747421214929816102e+01 2.614425611036548247e+01 1.931282313322990518e+01
8.168937875485138278e+00 1.268199582404266446e+00 3.407944342892033518e+00
7.724093183800926354e+00 1.889465091225262183e+00 4.902573995996950984e+00
9.054199963627118208e+00 1.456625899652005174e+00 4.915401067298027726e+00
5.245284280615441830e+00 1.689140195219652751e+00 6.007960914716124812e+00
5.208488267023938079e+00 1.474043292399562333e+00 5.882725889188069601e+00
7.823477363968532217e+00 2.337871500234594890e+00 2.777163858831090820e-02
7.994000843843252824e+00 1.865062456509700928e+00 7.166739333828998859e+00
8.850266470170566890e+00 1.615910051052931617e+00 7.739832053059569006e+00
4.414501181711301570e+00 1.534042012625707718e+00 5.858014225270719244e+00
5.074969677296734538e+00 1.710625733526655479e+00 6.452461957381567359e+00
7.762669345809264598e+00 3.746622704053181874e-01 7.909470567101187122e+00
7.310831507308110488e+00 1.973283431511362096e+00 6.037383171103044788e+00
4.464268895831011719e+00 1.514491948779302710e+00 2.318407915822144005e+00
4.699603652014020305e+00 1.167699391864792879e+00 4.644784011129443613e+00
2.682568363253191812e+00 2.995952604316778789e+00 2.980659870741809492e+00
5.639688269634091533e+00 1.587919733570995806e+00 7.403138496792354140e+00
5.603577946397029663e+00 1.612056447812980409e+00 3.638842984861696550e+00
6.248398304570015327e+00 1.400698426902246219e+00 1.801174832250821201e+00
6.307955164969017758e+00 2.036909459160776592e+00 7.262941255013222630e+00
7.434672679710369714e+00 2.057463194240999549e+00 6.786750198070683915e+00
8.487660600081976980e+00 1.327386470432647902e+00 1.953305998754297779e+00
9.286192795110569165e+00 1.456288595942275776e+00 3.854572217313833260e+00
5.875392792430488953e+00 1.693913586701617957e+00 5.120902456350753695e+00
8.149740428305202400e+00 4.053109645261796512e-01 1.386398913813440048e+00
2.036082113604756216e+00 1.566659706175846933e+00 9.088719708194531677e+00
5.251260372153829792e+00 1.557483392476592732e+00 5.561094082228377644e+00
6.089504257786995112e+00 1.877595578143417931e+00 5.592702850689932781e+00
9.801163381967723964e+00 1.324452064426826503e+00 5.171312684039536478e+00
9.114706778372415386e+00 1.813177426823396665e+00 7.698938980177812752e+00
5.873090454446403541e+00 1.697859207869390374e+00 5.134060909961411845e+00
8.310126434325415090e+00 1.506003360146072056e+00 6.272043180117734540e-01
4.767431614631326697e-01 1.752692579266990958e+00 4.011056037956049813e+00
3.874377537992696574e+00 3.846197420206593165e+00 7.452825228504298849e+00
6.215039532980361159e+00 1.639310724416848331e+00 1.224172266932244790e+00
6.230682178973343532e+00 2.207917860576006142e+00 6.257115369474416156e+00
6.722220194125565484e+00 2.186179930427204265e+00 6.035411163374520882e+00
4.632335704315936553e+00 1.212583722632617045e+00 7.486827151663257851e+00
8.973706277824497590e+00 2.313895801581257405e+00 -6.452436817069360231e-01
7.340993839467323312e+00 2.053893514731005343e+00 6.095168195203130246e+00
8.032346318096195148e+00 2.069575103293566531e+00 7.092121984509088151e+00
8.046094130949080991e+00 2.220941976655272931e+00 6.957321378544632395e+00
9.052512726986469360e+00 1.863930164765398079e+00 7.153674974553986488e+00
4.883451770768512112e+00 1.918262538519373006e+00 6.628246190140346883e+00
5.293574499720182125e+00 2.235314411566769799e+00 3.022838428069678063e+00
6.609235794167807043e+00 -1.721816596440398639e-01 -5.599899422365750556e-01
5.737308210725692526e+00 1.862539319609414434e+00 6.636565903209250550e+00
6.024579476978651371e+00 2.116199850082885803e+00 7.417629462756638148e+00
6.137730773996540989e+00 2.144844133795389851e+00 6.679982240707630581e+00
6.360224713082224923e+00 2.098082780784162438e+00 7.302283827860893695e+00
7.381739081887997322e+00 2.430341339923955957e+00 7.618393917505825286e+00
7.858191137713248509e+00 2.641449976341372352e+00 7.038514098587665302e+00
8.842952026960661627e+00 1.851809702881937358e+00 4.598124355618383952e+00
5.135538944290937380e+00 2.066772392936544023e+00 4.557523088143474510e+00
5.286957701432717371e+00 2.254749591942251552e+00 2.988845605903152958e+00
5.902605419509456830e+00 2.092648157154084032e+00 5.748164007919140950e+00
5.985106842527285309e+00 1.996565360159178404e+00 3.400008029922292785e+00
8.066899642043717122e+00 1.786138859238390442e+00 1.387046065694041985e+00
5.204075357927223422e+00 1.951302341987597888e+00 5.701389823411089353e+00
5.211023625496452816e+00 2.383681819144687353e+00 3.340340152224107406e+00
6.017930700824791757e+00 2.075456132238280738e+00 5.461758884409189108e+00
7.659746185010668285e+00 1.987537030986302078e+00 5.964806238498357338e+00
7.895270841095264558e+00 2.395123203367870879e+00 5.883214416454547901e+00
1.207163220180386798e+00 2.159166884215247606e+00 5.117994952096912797e+00
5.155274210312297711e+00 2.058912046335041435e+00 6.369047264282780674e+00
5.151345321346218142e+00 2.086023722014302084e+00 3.037428767595452328e+00
5.719968423343448016e+00 1.902904807129066622e+00 3.784181598818805448e+00
4.871948945265545561e+00 2.299893978663384075e+00 4.771875567779441774e+00
5.124901619687567411e+00 5.675207612711791860e+00 1.239651727676187587e+00
8.568811892083051163e+00 9.827736158675421052e+00 -6.133888863695030835e+00
6.447198449172939050e+00 2.470694839263074982e+00 6.357113350281840880e+00
8.753136849360867444e+00 2.352883083320439717e+00 5.522660061375969320e+00
1.694658342232740722e+01 6.483530649852061956e+00 -1.364332442809358881e+01
1.586493773014379993e+00 -2.344048176119323923e+00 3.067464731331844874e+01
5.997492179766498843e+00 -1.905098540690189024e+00 4.796931851731629948e+00
2.242277193262826707e+00 -5.495550566347986887e+00 1.395410786037324158e+01
1.560402701318208152e+01 1.498925300087607049e+01 -1.319089580111314675e+01
8.936453178097298888e+00 2.322859880242410746e+00 7.868672468357516436e+00
9.099438202160403222e+00 2.249357003884807860e+00 5.230374367525011614e+00
4.563317409903612898e+00 2.504731152227622992e+00 5.741285929535613342e+00
1.302250487618321095e+01 -4.721361890805569672e+00 6.484910507353669473e+00
-2.733164350864170533e+00 9.127304053141518381e+00 -1.068155659326976981e+00
5.799566919831081080e+00 2.279913525749824199e+00 4.720620883021048542e+00
8.719805840579969214e+00 1.655315109226140446e+00 7.796822221063155922e+00
7.308830321784467898e+00 2.203989010598711218e+00 3.725079280736394161e+00
7.546303726294514291e+00 2.760966034607214681e+00 6.771018614952231118e+00
7.732797942151604431e+00 3.331514521757731995e+00 7.319617201089958058e+00
1.803817471498018410e+00 2.578598650304103845e+00 6.441379435109571006e+00
5.011897380091067333e+00 2.249083253186718867e+00 2.867580070828243510e+00
4.978346109161159383e+00 2.277598684870559609e+00 4.800946990484886712e+00
6.249190611496898029e+00 2.354790137126701488e+00 2.079302899755350431e+00
5.042762836672888938e+00 -2.568254621409723715e+00 6.055971140778754425e+00
2.544746217881595385e+00 -1.065632658032108537e+01 1.963138949399780131e+01
5.958189872622740024e-01 2.396950743006744489e+00 5.441029045116311913e+00
9.867901867911141878e-01 2.404643542535277678e+00 4.806389001092872704e+00
5.586646415086295114e+00 2.326773643744833642e+00 6.999059906188284108e-01
4.371798893468131553e+00 3.774507776790201330e+00 5.661033853235979407e+00
7.637626250639835135e+00 2.631334748842413696e+00 5.280574697420188812e+00
1.618259867944235708e+00 2.566948301059766013e+00 4.936772434152976174e+00
7.440709454851496929e+00 2.630251493482777647e+00 5.424156766258122708e+00
1.032930062316930275e+01 7.844787880989732010e+00 5.660183622719491936e+00
-3.839977346426665106e-01 -8.052485986845980825e-01 -1.320019271224749602e+00
5.393777272736286044e+00 2.651766710257023263e+00 7.370839878332771988e+00
5.568811166392562129e+00 2.653242466912363540e+00 5.707354831056457023e+00
5.290801493549578183e+00 2.140040739000192982e+00 3.084785586746080721e+00
5.541749786406596101e+00 2.592807007843283440e+00 5.774022393182544732e+00
6.654596726745049651e+00 3.046791664005293221e+00 7.392191228778482781e+00
6.464870773821106198e+00 2.732993631725754380e+00 6.159117342346567270e+00
7.595040682952381772e+00 3.525902757722719105e+00 7.370601956596575910e+00
7.600614231032777113e+00 2.685555859151775415e+00 5.288321349119236459e+00
7.503032682836328959e+00 4.545416915406613967e+00 8.042109046364288361e+00
8.590157409777802400e+00 2.648331468411918799e+00 4.878437759600997126e+00
8.673753714944028914e+00 2.683664688140631860e+00 5.541085471510729832e+00
6.606548851519453702e-01 2.705689236799388997e+00 6.720355953318883024e+00
5.956865743453663598e+00 1.185838526920282909e+00 4.463209773243523415e+00
6.821029128358986782e+00 2.628722310172247667e+00 1.576931248412523523e+00
7.892281609555469757e+00 2.700857189340239106e+00 5.771999408805328358e+00
-1.602098234972702429e+00 3.769673567586919294e+00 2.164082017688169657e+00
2.295217859436347929e+00 3.286909230175763419e+00 5.804844329650390655e+00
1.894336068559276498e+00 2.613625579756741590e+00 2.343674411560667359e+00
4.106873743087980699e+00 2.679836529145572577e+00 2.854957295611654011e+00
4.565819278366872069e+00 2.659933833127526626e+00 5.689841787408005835e+00
6.089769792522451652e+00 2.611750337974219960e+00 2.269681751380432821e+00
3.109998593011355617e+00 1.656438266479626886e+00 5.780373813398771432e+00
4.049636135381221358e+00 5.952612211816138199e+00 6.280173317278451961e+00
1.452308322975616184e+00 2.455850336795806221e+00 7.206102833080228365e+00
2.682649109170259116e+00 2.807689191675829754e+00 3.955203603448666172e+00
4.161659713509582303e+00 2.796592525622320302e+00 3.135854896649541423e+00
5.108163395881711644e+00 2.852301215257704303e+00 5.941579031947314959e+00
7.224125946850222135e+00 3.490727677128207862e+00 7.022823601217356604e+00
7.048100072095091484e+00 3.536571075710871703e+00 6.877473525832299650e+00
8.075092776546378914e+00 2.124913840829001366e+00 7.396309112655240270e+00
5.158765602820261975e+00 2.856437079563432846e+00 5.901765064372028746e+00
6.139292959846116560e+00 2.930795887332869221e+00 6.045823468427297342e+00
6.981075911775953102e+00 3.470456344300923313e+00 7.001067293631668242e+00
7.491615318751131625e+00 3.778371137353515152e+00 7.570963745862263394e+00
7.622897295049636313e+00 3.503738338889027304e+00 7.482374189664964703e+00
5.843156695332709205e+00 2.949391363651409748e+00 4.841370924784663465e+00
4.717097392007756795e+00 2.210242056564586388e+00 2.454986103749846382e+00
6.458490465090797272e+00 4.465755073005358788e+00 5.810715935019475253e+00
6.928249810514172324e+00 3.515068875493210676e+00 7.231018090868923665e+00
6.758157336272949678e+00 2.885658981652460042e+00 1.226096278628548530e+00
6.994463409440840884e+00 3.678662979607557393e+00 7.240763734613693714e+00
7.435718876854890524e+00 3.827799215305725866e+00 7.555962610011553338e+00
1.213396771500567795e+00 2.872365511724252585e+00 3.353950783220844278e-01
7.243796123622168182e+00 3.513603280361411230e+00 3.132635705285755634e+00
7.256331387850821102e+00 3.626837078702938477e+00 7.034569480752118409e+00
7.457571950071818279e+00 3.737802894772967566e+00 7.321071889437245517e+00
7.660659365196522685e+00 3.582777766838453726e+00 7.527822330539681417e+00
8.777082982461068994e+00 3.130723625841720370e+00 5.451324362648458433e+00
7.414625023200108744e-01 2.940351663414116246e+00 4.803084009125868192e+00
1.685139994690036058e+00 3.191753948358076798e+00 6.663497561883024112e+00
3.796813096684367839e+00 3.034495477397803676e+00 4.005799902231867549e+00
5.399532844954809896e+00 3.031208787937713200e+00 5.236588169202406107e+00
6.942285294616386437e+00 2.494649339473452354e+00 3.378144398042463692e+00
7.548230058155507294e+00 3.922184586961969366e+00 7.638059173563743087e+00
7.523216344324707094e+00 3.896420457067830245e+00 7.854369954717125957e+00
1.323879840125651519e+00 4.245959138018413626e+00 5.589700402269460078e+00
3.689216026791343417e+00 3.202339489616579549e+00 6.596687480601806541e+00
4.835197763069780663e+00 3.110982214266281076e+00 6.032263128258335882e+00
4.361659435282255082e+00 3.571566884933626618e+00 1.866955883512273484e+00
5.854598279414073403e+00 3.636963524392675229e+00 4.449666644334335786e+00
8.011431992139668168e+00 1.724743495912633762e+00 5.512658128346890507e+00
8.831404702983299160e+00 4.688775547725060555e+00 4.986017193439192141e+00
1.572822444867340685e+00 3.138386163980833921e+00 6.579261704532565425e+00
4.498745906841102205e+00 3.151563770150271449e+00 6.026750350216577345e+00
4.823074190342893530e+00 3.225640615378980502e+00 3.340406105259253078e+00
5.837783003506182844e+00 3.442717513885526159e+00 6.171788039384287217e+00
6.655730979722726204e+00 3.260432976020708917e+00 6.029718195717162388e+00
7.341739042019886696e+00 3.872051823407833382e+00 7.094518219822560923e+00
7.317094333326980227e+00 3.968006949428045438e+00 7.773630560801919387e+00
7.266558880860353398e+00 3.489661777606535065e+00 6.967221220276683447e+00
8.781562920094181379e+00 2.684632601701706811e+00 6.789701783602080098e+00
7.288183379058008171e+00 3.767552267640598807e+00 7.329469285036935844e+00
7.701746509713288447e+00 3.518020419906105811e+00 7.525322258835482003e+00
8.497777716669961734e+00 3.205321832338131838e+00 9.571689796748528156e-01
7.151221603050875730e-01 3.186467509081817084e+00 6.792658122945301358e+00
3.845911603293694636e+00 3.252281501637840577e+00 4.704201044150957856e+00
6.733965340755726281e+00 3.563309596484629971e+00 3.701605671785095364e+00
2.136017854817656492e+00 2.587308392398386836e+00 2.733259448863343710e+00
5.343073202252726084e+00 3.300449685772542274e+00 4.718862200026496367e+00
7.294623896284295306e+00 3.775024947278046383e+00 7.102144304953490028e+00
7.880946326963963244e+00 3.761023309832967065e+00 8.126601272236724682e+00
8.237879426241089931e+00 3.662792268605934431e+00 7.875064532687403585e+00
8.972077664271870034e+00 3.186711485283801437e+00 4.204224527123335164e+00
1.631494641490426289e+01 6.994347128169555283e+00 -4.898284694647153437e+00
1.878991006740128977e+00 -7.023659104865080938e-01 1.554276955602935040e+01
8.064291088619736092e-01 3.290190277529287499e+00 6.983496816089903803e+00
1.928438834810092484e+00 3.331079132464465964e+00 6.286405684232903468e+00
2.813195619019225546e+00 3.369034818147143007e+00 6.347943453919308254e+00
5.085992497442569871e+00 3.448494304534742039e+00 4.393382721006616087e+00
7.185680068473776494e+00 3.791219757411770086e+00 7.083516022446073812e+00
7.449817476420265372e+00 3.881852927601235237e+00 7.718961653942072232e+00
7.543845330418237793e+00 4.039521971668643907e+00 7.742670957407360888e+00
7.552571628228800904e+00 3.923832118793773915e+00 7.603428726265670790e+00
7.634002135139093426e+00 3.336683083644911285e+00 7.540309937042147581e+00
7.219214164007931700e+00 3.591085074597303084e+00 7.482938481306868006e+00
8.479540695672653783e+00 3.522870625687853696e+00 7.713790346105696472e+00
2.116579669452343104e+00 2.489366485270654294e+00 4.455558430838824080e+00
5.371704050072477088e+00 3.324524840601124076e+00 1.595579524070905864e+00
5.782605276896049418e+00 3.409941665993953208e+00 6.264439651924778474e+00
8.488503773050775081e+00 3.179092547860333351e+00 5.342057354147620174e+00
6.494674082218944378e+00 3.479742328599713108e+00 2.988977574188608433e+00
7.322355751769219268e+00 3.803184322403922124e+00 7.131355999025529968e+00
7.451855123304374828e+00 4.225767864610549651e+00 7.878249146352723997e+00
7.527912201762037014e+00 3.495724047970034665e+00 6.857722163582744557e+00
7.425821427112885509e+00 3.662942574593133216e+00 7.354879036168227913e+00
7.334566582199638418e+00 3.822931231589897116e+00 7.402554953179905972e+00
7.498341689668214016e+00 4.200507225726899385e+00 7.757427670100662809e+00
7.609207000485378458e+00 3.560190325851976478e+00 6.805862141670273147e+00
-6.013452371696970999e+00 1.155948826639175486e+01 -3.208741063579507369e+01
5.097190011138772903e+00 3.576256807333107801e+00 4.157005753810818049e+00
7.320654080421226340e+00 3.984820629973639061e+00 7.789960448363460799e+00
7.751839525117114604e+00 3.780935858060397781e+00 7.451910086268062727e+00
7.359080000624055984e+00 3.605527699262855101e+00 6.557893302904004074e+00
7.496309790252098537e+00 3.768897798549061040e+00 7.197002075089647732e+00
9.937898951755489207e+00 2.528301803619830146e+00 -1.134691621055139710e-01
8.758784283608793686e+00 3.473921051712241859e+00 5.221878940272165259e+00
8.477240154512491799e+00 3.645106851525252267e+00 7.853012082183354892e+00
5.890153336856359445e+00 4.673445793044663787e+00 8.591363973011359789e+00
7.001045219055511915e+00 3.716506505950021300e+00 7.233275005775619881e+00
8.282472747320673179e+00 6.272516818143892614e+00 3.676324873140027094e+00
7.518279325413940839e+00 4.214279986717681226e+00 7.834457547202333672e+00
7.833278796076674766e+00 3.849532763355550280e+00 5.664250240138645864e+00
6.673586183428447782e+00 4.155394767196630035e+00 1.080648343594815231e+01
8.121682325008574566e+00 3.667296607248418105e+00 7.887991161911021010e+00
8.668116950433798706e+00 3.578803952406486744e+00 6.282964119337876241e+00
1.763629912497974850e+00 3.409269324209152074e+00 4.968922970294737063e+00
9.506119330152611013e+00 -4.484696922633206739e+00 4.075189810064993878e+01
2.652699281866815806e+00 3.638804523752260156e+00 5.194021403447853125e+00
5.206384957341827047e+00 3.553804586262695686e+00 2.750134261340429376e+00
3.356926182911597500e+00 -5.034729709942559195e-01 3.467130926519630396e+00
7.339967112830825258e+00 4.200155925190909301e+00 7.676764147733010191e+00
1.183845570657043922e+01 2.426908000474312654e+00 6.161203653177937056e+00
1.603721230802875652e+00 2.811131443384808470e+00 6.375672968047633837e+00
1.277145059265787141e+00 3.646573353650371274e+00 2.329618600851845134e+00
2.063107952459849681e+00 3.659537652129783769e+00 5.709172831952486149e+00
2.289563542968982901e+00 3.674677230398923911e+00 5.799597253286846055e+00
4.783407830085994128e+00 3.782994567985591416e+00 4.719316427406409886e+00
5.669732119935960490e+00 3.811123473225476843e+00 6.160718314707587240e+00
5.619027296424543572e+00 3.949024061361427584e+00 5.030354728831810895e+00
7.091000550690772286e+00 3.672324658289531918e+00 7.088436052766228457e+00
4.722660847280226726e+00 1.059551302162307085e+00 2.668730960587835987e+00
1.054058099380404556e+01 1.139464469824036641e+01 6.914543512350721954e+00
7.029507228836624932e+00 3.464321183672099291e+00 7.215620757821828768e+00
7.721251804923912943e+00 4.150874143579411424e+00 7.667157653059057054e+00
7.665979655294622219e+00 4.073505961674817044e+00 7.628912031598174437e+00
7.551703170019305134e+00 3.941876632898798416e+00 7.556786532244466059e+00
5.923335830421991410e+00 3.938694631248873534e+00 6.600381947697828267e+00
5.666255327882329773e+00 3.734136255082723732e+00 3.635715253010911141e+00
6.795667171363172443e+00 4.072213428352035258e+00 6.825372575487959281e+00
7.696150480097841751e+00 3.696948663717852135e+00 5.713613218489768997e+00
3.405861969234006414e-01 4.599719554095499596e+00 4.061338917362277812e+00
8.317135912195086078e-01 3.771432632936490670e+00 3.792443568673120158e+00
2.370409925979182653e+00 3.883845353483105889e+00 6.569083866012277895e+00
4.871382066617166551e+00 3.813020102703791103e+00 4.443519053985044209e+00
5.158761431035393308e+00 3.625990483658945607e+00 2.860160984706557663e+00
8.251690942890320457e+00 4.210884260477548047e+00 2.771287905612918934e+00
8.104923507798599047e+00 8.081778672971637434e+00 4.761754414546189196e+00
3.335541117093702823e+00 -3.764715699899098489e+00 6.952579433344894255e+00
7.276826562686403044e+00 4.400545003294818791e+00 8.316767162488098108e+00
7.009368251835446095e+00 4.205635972342675721e+00 1.231687380989434200e+00
7.408180782143105603e+00 4.081297807194231630e+00 1.796934014963838866e+00
7.262719707827551829e+00 3.668874503437678847e+00 7.445326455717283132e+00
7.942792714704367540e+00 5.320050977885326660e+00 3.904285541090125378e+00
8.777195555337248933e+00 3.508042919450522490e+00 5.221406104232424461e+00
1.392710420031738394e+00 3.851883586481580579e+00 6.667875355379306868e+00
2.877280122633985027e+00 -7.049751730156537111e-01 3.414308147979079777e+00
7.496984023805755015e+00 3.598282977112457814e+00 6.977192562485188709e+00
4.614411987070374366e+00 8.309925362266490367e+00 5.964702798017755825e+00
7.123943092832192292e+00 2.275228581950277551e+00 1.029302721310825142e+01
5.160533550508312750e+00 6.096105446732192235e+00 6.131778340163354102e+00
7.353221726257821445e+00 3.941619528189246324e+00 7.791160728518795153e+00
-8.606319743591207133e-03 8.598027415346779279e+00 1.038013845881989639e+01
2.126491685253496300e+00 3.923365880924571059e+00 2.794309280638276771e+00
2.382713801257128061e+00 3.673184923263660195e+00 4.999774361850391813e+00
4.491571515090130973e+00 5.152082806644267876e+00 7.518421230172076974e+00
5.776560507101233810e+00 4.070917043514080902e+00 4.997363702026168752e+00
6.324465781158092881e+00 4.047672544071955869e+00 6.779697995082476503e+00
9.843817853635634663e+00 -3.217247112549042054e-01 9.786457877778410364e+00
7.548844980411250738e+00 4.048958701945446492e+00 7.616101886507868457e+00
6.940046421132393561e+00 3.729922724499681763e+00 7.347905872148022155e+00
7.361589004012577320e+00 3.972559407136532883e+00 7.815716317893036447e+00
1.089252235977273386e+00 4.058892867156533413e+00 7.255773001411525591e+00
4.492521302807022110e+00 4.175414016982856857e+00 6.058260768994438550e+00
6.314034150122726174e+00 3.242972966651054278e+00 3.678856456401333297e+00
7.184580128127914023e+00 4.178893814633789283e+00 7.240339977546826233e+00
7.055924045384937671e+00 4.682745114433287448e+00 8.015376802382647270e+00
1.028275423934138288e+01 2.262275979583272978e+00 1.162102863149113752e+01
7.462032481090458802e+00 4.055264445720764499e+00 7.695695752313172378e+00
5.586430884957666265e+00 4.192226850355259771e+00 1.653669194175416468e+00
9.806807296342897828e+00 8.058511846497495412e+00 7.225210144781321731e+00
7.103885268027863908e+00 4.360014720631317786e+00 9.652428654895930382e-01
6.910166368617359112e+00 4.522335409470549017e+00 1.063614220441955815e+01
7.658977288636595659e+00 4.027516445465598949e+00 5.436974806174598385e+00
7.324305962753133059e+00 4.411802577632681910e+00 2.595052852975084701e+00
7.340839192283068471e+00 4.093429721162162416e+00 7.708707799591456578e+00
7.927131959033918207e+00 4.371915728307445015e+00 7.145404704574715993e-01
7.488350926283107611e+00 3.966689924448306925e+00 7.823289124149743756e+00
7.463808787913878362e+00 4.128737345061191277e+00 7.740975761015469914e+00
7.997357976127986490e+00 4.280581693513811459e+00 8.103353589009124391e+00
3.432099428380020800e+00 4.468710163768081500e+00 7.769577292115496192e+00
5.029329825574078150e+00 4.032233180176119980e+00 3.647779356833348086e+00
5.434007078700823001e+00 4.245776000890030488e+00 5.776671414995563580e+00
4.909958661186370144e+00 4.579462555485926956e+00 4.025742745178713555e+00
5.995907363312773519e+00 4.215249833647783717e+00 4.879146662738742535e+00
7.695150757096911320e+00 3.073076517347876901e+00 7.977863217698732967e+00
6.597383654292274358e+00 5.403303662952691155e+00 6.048384877863639097e+00
7.023770683572310602e+00 4.405550979420710611e+00 1.277786239085601849e+00
6.433860612516164146e+00 3.856304389080002615e+00 1.137372124239145421e+01
1.007169627893616415e+01 3.636151936322779221e+00 8.731795087780112041e+00
8.144733967095024951e+00 4.279953952519602645e+00 8.739570225818578564e+00
8.345749238517580437e+00 4.250769928891490856e+00 8.802246143751164098e+00
8.148969272193440361e+00 4.178262153807377643e+00 8.277110663162584814e+00
6.570944754610798633e+00 3.809190329273805631e+00 6.604095824989842711e+00
6.524236839573022806e+00 4.191356943778857591e+00 3.545904424380961206e+00
8.068026951537856206e+00 4.788749983461915605e+00 5.494561877421595852e+00
4.788127620215012925e+00 3.337925890685964347e-01 8.197592036957757955e+00
7.258257072938096854e+00 4.473833695867623028e+00 2.459747193895148065e+00
8.002269364863277445e+00 4.060674352849429347e+00 8.029735226795866154e+00
4.890494453046626333e+00 4.149815858383572476e+00 4.585158229936569185e+00
5.041389189322918796e+00 4.390506043139626335e+00 5.736034001655899495e+00
5.425789399330028573e+00 4.298115190087898441e+00 4.773572605630478805e+00
5.285161804041216271e+00 3.951710588940570368e+00 3.933484808426000345e+00
6.861541969411729447e+00 4.415804771547277241e+00 7.560066221895340277e+00
7.297247804065689181e+00 4.136458394126217186e+00 7.273304539832912141e+00
7.336395534821447129e+00 4.337788672024953662e+00 2.350871579095579200e+00
7.270603430013311552e+00 3.930756944342416404e+00 7.793846948016160070e+00
9.417772272642062070e-01 4.444965809743813168e+00 8.062081613951693981e+00
1.541615194520096654e+00 4.369210295514215581e+00 7.276550687107461002e+00
4.502262056796613621e+00 5.839508595690856119e+00 9.286918402243252046e+00
5.940741744862103602e+00 4.625840058004754063e+00 6.362740042629112303e+00
3.314814469186080359e+00 6.077654338167255865e+00 7.933106998754525740e+00
9.255092437610834111e+00 3.019558499959132725e+00 6.064065751302540441e+00
5.074361002062774517e+00 4.469714641374080699e+00 6.557958554484276448e+00
9.637946387162008577e+00 4.498769070063421971e+00 -1.091335175379873457e+00
3.395244600911469846e+00 6.677455407740793270e+00 1.251265830206572360e+01
7.823924119625381479e+00 4.183677661785479174e+00 8.213090548266697155e+00
6.357236879913147121e+00 1.172628565215956797e+01 6.575706344156664329e+00
5.169539388639811328e+00 4.531688603037872021e+00 1.328272191575623484e+00
7.868649823596666870e+00 3.604349663755033184e+00 5.725008938947276249e+00
6.476264359209308097e+00 4.564314931303005807e+00 7.126122423925616900e+00
5.921527702887856570e+00 4.369127671186433304e+00 4.668537879469101703e+00
6.765201812851274532e+00 4.376118272336006143e+00 7.061744173027689087e+00
7.393051566122270657e+00 4.380097126698760057e+00 7.915441641182008325e+00
6.574082748338762272e+00 4.570227145082925269e+00 2.755006031905645969e+00
1.326313435990369527e+01 2.157463603710671585e+00 8.303951616262879032e-01
8.469429146113560236e+00 3.614922866551402159e+00 7.239330926884768758e+00
8.748340792990964232e+00 4.361362759435164271e+00 7.249320451497498041e+00
1.494151151647127307e+00 4.580126167016257632e+00 5.182332771563135765e+00
7.300347173936841294e+00 4.048618662538591373e+00 7.535155474698782996e+00
6.575631800132823557e+00 2.088046120599961419e+00 1.574454744806527806e+01
7.670430077601587016e+00 4.642083694405561012e+00 1.658733638848727932e+00
8.145852666530416286e+00 4.344247205478964702e+00 8.664256039042188107e+00
-1.011952134545948567e+00 -2.419323055625399288e+00 7.425057180784398803e+00
4.209811737445353863e+00 4.456932727643892811e+00 4.139442969676073503e+00
4.510030051339596113e+00 4.682208358575127072e+00 6.280890549855611127e+00
7.171502008330982392e+00 4.251213462015551947e+00 7.378665047436339108e+00
7.521000009376274775e+00 4.468958794087527941e+00 2.576781952899099171e+00
8.465488585415098299e+00 4.474858612348458387e+00 6.849633766453854022e+00
3.248358343414960103e+00 4.856928917408749768e+00 7.813553826824374937e+00
6.529658582997281968e+00 5.015571115741180641e+00 8.529611858330653718e+00
7.385968588407147983e+00 4.866037510436397540e+00 8.144459720686764825e+00
7.294298677261599195e+00 4.455981454904076600e+00 7.801996808442986264e+00
7.364185121896476005e+00 4.651299506013028662e+00 3.302137089992665420e+00
8.062773995737646970e+00 6.671949140509215503e+00 1.463333473516221783e+00
7.654035401029247510e+00 4.466845808096127080e+00 5.697012917594005188e+00
8.742592392765065057e+00 4.726522467651171233e+00 8.555423348937051253e-01
8.429282993418983239e+00 5.295961701431354030e+00 6.445139289440764863e+00
8.533767361848141775e+00 4.416863105482456753e+00 7.559624965073421521e+00
5.894328077325846849e+00 4.647047191225075480e+00 6.289778178645367923e+00
7.154382126056888502e+00 4.819540867319746624e+00 7.896896111810752572e+00
6.977122210646747646e+00 5.067858138278750424e+00 1.398571114820318151e+00
7.107671163085107047e+00 5.026381561549589705e+00 1.433700883126546977e+00
6.933187337300582342e+00 4.699161059018444497e+00 6.794125600600591675e+00
7.448128331939210867e+00 4.373116229230141094e+00 7.912099423340874793e+00
7.524766057601178559e+00 4.804689037961828113e+00 4.296094143798804055e+00
7.712046441342456760e+00 3.985452730273457256e+00 7.855114859638199221e+00
7.545213528640928757e+00 4.152398662720981015e+00 7.828315194620329542e+00
2.542861115058820065e+00 4.971389451537372217e+00 8.018196136071493285e+00
5.603413952352777727e+00 4.794412909553405377e+00 5.345964301114525696e+00
5.638539857938466682e+00 6.267219127182374727e+00 5.865164589727202227e+00
6.542029924936271001e+00 5.037178217755413634e+00 8.708999348990598577e+00
7.711521644220113991e+00 4.445565323460243690e+00 7.451535185698014985e+00
5.801644684642588423e+00 4.588428022373233439e+00 2.982709077105769602e+00
7.096118911051765288e+00 4.415073581828491633e+00 7.789573979342300447e+00
6.950737716689970647e+00 4.500078177713579208e+00 7.951496048853881504e+00
7.712285122397771531e+00 3.995992617561813454e+00 7.847735603434536245e+00
8.509882581531758916e+00 5.147204781771897331e+00 7.340929953963030385e+00
6.836255125001054367e+00 5.203681705542694047e+00 1.093107111136329967e+00
6.975332726749970291e+00 4.705607612195258582e+00 7.704852186003842363e+00
7.997686613136382405e+00 3.852513447936642521e+00 6.203908076094180046e+00
1.956929894304384687e+00 4.887396656200847289e+00 4.194258631995023912e+00
3.029379460801615132e+00 5.150983455031730607e+00 8.596327277544741463e+00
5.014960419948415016e+00 4.851185897709474837e+00 5.629412680429872751e+00
5.625884639545922994e+00 5.060232299410706958e+00 7.547860052077972615e-01
6.271015785224111738e+00 4.970430814019811905e+00 7.440605490150390189e+00
3.266158755047814388e+00 -6.158674083434447333e+00 4.154928340859745717e+00
2.951492861908593390e+00 5.156034591618540830e+00 7.105603408427420220e+00
5.391679604087328492e+00 5.057127818056837754e+00 6.001712742119317490e+00
5.662393866562872802e+00 4.990879013276784626e+00 5.874375993378541772e+00
5.510929346092731329e+00 4.884105375811225613e+00 3.978066819120837927e+00
6.432141529101589761e+00 5.040527784969442315e+00 6.834230444178455599e+00
6.763022464653266397e+00 4.853428230551376288e+00 7.463997274634550649e+00
7.082385717264019220e+00 4.704394900775234589e+00 7.737771211571687680e+00
6.689120445378955893e+00 4.773043759771581129e+00 8.451409470244742650e+00
9.426376860505083499e+00 1.787823686971826032e+00 -1.281096392170272824e-01
7.059570894489239912e+00 4.869030470880083783e+00 6.709220425308924263e+00
5.148495459642165706e+00 5.518691464276563430e+00 8.820306998031551160e+00
5.783253083181429055e+00 3.601186388125396043e+00 5.101164371950112297e+00
6.087218349063137524e+00 5.320439043487562358e+00 8.899074219352671733e+00
7.938828079455222841e+00 5.512807737028496469e+00 1.092290512355250209e+00
6.425780336224024225e+00 5.145401887068008051e+00 8.256846660770671420e+00
7.354052882004085134e+00 5.215467082867661475e+00 4.988544984586191333e+00
7.322664833984635635e+00 5.384639729593207136e+00 8.185552940785905118e-01
7.490457646237038247e+00 4.691247716997096084e+00 7.736823428728669683e+00
5.465150510930604000e+00 5.032906571142094165e+00 5.482011598680522013e+00
1.329987729964533472e+01 -8.284619614023931433e+00 -7.674768638929577946e+00
-1.328669463911995308e-01 1.868593570967856721e+01 2.243387571267255254e+01
6.904419170460089461e+00 4.606265872979397713e+00 7.383739297576955352e+00
6.986531903034943980e+00 4.645769574024374293e+00 7.819640336915482770e+00
7.009627280704440189e+00 4.809284659655403971e+00 6.638019324511882147e+00
-9.667060463053349650e+00 1.124715574755422764e+01 -6.858154251282704283e-01
7.068307282484160403e+00 4.414375893535944506e+00 7.970308498524005358e+00
5.489724099709266447e+00 8.733445818237704827e+00 1.986646655568430342e+00
5.413028247853691077e+00 5.760461194872320334e+00 7.975140536053079821e+00
5.413164641319323067e+00 5.995861087401175737e+00 8.025625366767373592e+00
5.829226222910245170e+00 5.277791126471747418e+00 4.640229087564145871e+00
7.161733213605620207e+00 4.330908835505913324e+00 8.008154269072328191e+00
5.239598504794055422e+00 5.603473931770477812e+00 9.049856825621937162e+00
5.480325486248064593e+00 5.113025299916538202e+00 5.933549237166958257e+00
6.489033434313226323e+00 5.289775695881838047e+00 7.009839446226372672e+00
6.885909532144562917e+00 4.405719260911052260e+00 9.188969155308139847e+00
7.162931285203971044e+00 5.509516624729872802e+00 1.052019458829192677e+00
2.394375415250754457e+01 -5.874909325005819305e-01 3.542823687102353070e+00
7.230762834619259394e+00 5.460143502464983811e+00 7.655924888982617027e+00
7.002791665923679965e+00 4.964975829536514951e+00 6.715332700102234043e+00
7.421579479965950910e+00 4.779359878252771310e+00 7.589974265814385390e+00
7.748763799223551629e+00 4.907298244542520393e+00 7.279976394997538236e+00
8.270613347208257693e+00 5.013373846409254320e+00 8.708118724449802173e+00
1.288229560557464293e+00 5.370452490680392543e+00 5.800796105026124749e+00
3.108251769143290488e+00 5.389803630875764640e+00 7.212230071389284625e+00
5.328808898996480359e+00 5.969092995436656501e+00 8.019041677025542825e+00
5.792093618053471005e+00 5.278477123347551370e+00 4.600276220380129288e+00
6.514650458523884247e+00 4.341349713674771849e+00 7.028844070854105119e+00
7.083414966477739938e+00 5.412104517723618891e+00 1.145467592123996292e+00
7.321960012843769405e+00 5.253602392253180930e+00 9.397434537240419994e-01
1.356598217891624270e+00 5.534810005908379793e+00 6.601288201911879483e+00
5.337034198129342322e+00 5.387527671513418603e+00 3.290341811267529337e+00
5.277025988467547890e+00 5.928327560367979032e+00 8.480773609626240273e+00
5.458923865628957373e+00 5.631210371778928803e+00 7.917275162981578518e+00
5.387569664235867606e+01 -3.108321894192599544e+01 4.599304534184867066e+01
6.905661170256838233e+00 5.959748621674343383e+00 9.940337781765320457e+00
6.985223611218511763e+00 5.449893843705141627e+00 1.117314245370300885e+00
7.095652963938606561e+00 5.292796948960527104e+00 1.336307580598868672e+00
7.488345343493227446e+00 4.642118446890637351e+00 7.668818803426704633e+00
3.837392699586004152e+00 5.684047821964104408e+00 7.881797027635107256e+00
4.249881069803363332e+00 5.560995848557382715e+00 6.302198839331055069e+00
6.382391395811213286e+00 5.597159644336825224e+00 7.142721991300463813e+00
-4.037318764697600670e+01 4.262803996474293911e+01 -4.409014439826310650e+01
6.826718533576562109e+00 5.023168689170327994e+00 7.753956132082818087e+00
7.876973164724223153e+00 6.450225815288733067e+00 4.491890961579848351e+00
7.439020353068540814e+00 5.367387094201692577e+00 1.064576037637618544e+00
7.289347959611351513e+00 5.720567710993588406e+00 5.290197745641879834e+00
-1.523049395718631072e+00 1.318374351184338344e+01 7.400703789542092181e+00
6.332323089702416752e+00 4.697595104476717687e+00 6.638998006449304157e+00
2.726933827156017287e+00 5.632699874553122044e+00 7.299868560921755289e+00
5.438763578248611452e+00 5.391084451268712385e+00 7.810637214906623882e+00
6.190100059677660305e+00 5.762703079594858835e+00 5.803308597141002778e+00
6.256957423107730953e+00 5.728459094375802252e+00 5.764564289338391490e+00
6.483139031391030649e+00 5.793700485663379141e+00 5.383267812430538868e+00
8.719765562405243031e+00 5.705632785945361718e+00 9.352026571782457998e-01
1.218703473578107577e+01 -1.353128279242318044e+00 9.880455933297787041e+00
6.149659238074468348e+00 5.968118880996868825e+00 9.837152245854605681e-01
6.375066303292890701e+00 5.571319116879930533e+00 7.188866871407388892e+00
6.755136612158019638e+00 5.822316302292692036e+00 1.160537516087976950e+00
6.822791280176931039e+00 6.876601996731310784e+00 1.008993757268137115e+00
9.098723089594333402e+00 8.214115695981533349e+00 7.194646163865017763e-03
7.171676614500096747e+00 6.009491028552689684e+00 4.819765986784318557e+00
7.663918793237575855e+00 5.150299118349659366e+00 7.588179575330973314e+00
7.668440417462944581e+00 5.108651714439633729e+00 7.599845233386721688e+00
9.129899394962941450e-01 5.846568641790028664e+00 6.649288575757438480e+00
3.247963853822622760e+00 6.014842311923167983e+00 8.917072562831608096e+00
5.393405236348542964e+00 5.971333647388492594e+00 8.242954453537588932e+00
6.242092614693561359e+00 6.621383747477849191e+00 9.118316529661775860e+00
4.280284667152239209e+00 3.222237935018958943e+00 2.128875054697150215e+00
7.303868882544353625e+00 5.973414733999553583e+00 4.782305203900767410e+00
7.216598140711851350e+00 7.497764357323268847e+00 6.286591048535655091e+00
6.322178176907642388e+00 6.120829466728347157e+00 4.760267129293671573e+00
7.709150005783270032e+00 5.890055326159048477e+00 3.491006172601994972e+00
3.841852187574358979e+00 4.598957425628004358e+00 1.031706383215295375e+01
6.620459130257076552e+00 4.655798561720958517e+00 2.450253821078909322e+00
6.511675744126884879e+00 6.054223158744846955e+00 5.092423958855071930e+00
7.016374854308113918e+00 9.668466689398218961e+00 6.089803261008309931e+00
5.619145459446913904e+00 5.435165599130945324e+00 8.135705163176890409e+00
6.485112146536213373e+00 5.919667921200583827e+00 8.000980003965791454e+00
6.914471215968487350e+00 5.710037397041337393e+00 1.278734739796820730e+00
7.349138397618889762e+00 5.851980836026977606e+00 5.030551177124817031e+00
7.093892068889711133e-01 6.289924364725733241e+00 3.604590933582741963e-01
6.404331028743110998e+00 6.092048240229425815e+00 4.803401694028647917e+00
7.245704346235826598e+00 6.000313267791099747e+00 4.291085401222991536e+00
6.938552301153965374e+00 5.755492652056963365e+00 7.723125138517936250e+00
7.716846473957746255e+00 5.732483178337604457e+00 7.076466119951053457e+00
8.575105032159845209e+00 6.212043921505604693e+00 2.166320643472499086e+00
6.479577917798087228e+00 6.434924547915476190e+00 1.034825494100582111e+00
6.363092463208182892e+00 6.519929801643381317e+00 6.911566900050436502e+00
6.308663099427714194e+00 6.106081800278922778e+00 8.598758486978429261e+00
6.456004408912031423e+00 6.029833659340191332e+00 8.621211333519134712e+00
6.774022581484370420e+00 6.154271451345437960e+00 5.476061338781744503e+00
7.228957022052968640e+00 5.950652902285900936e+00 4.917184363275024062e+00
3.697488995744295792e+00 6.410959093905280071e+00 5.614293652144106694e-01
6.217064478788033810e+00 6.294104537987030845e+00 6.229694172975082544e+00
6.558308335887629070e+00 9.559317074007038784e+00 5.783215645449988784e+00
8.777835596857578304e-01 6.457394474359336556e+00 8.098561207726531208e+00
5.346257250612820755e+00 6.517053834022410008e+00 8.168342848622513586e+00
5.864317096808179919e+00 6.596282588743638264e+00 7.944195250399177510e+00
4.975313542086074570e+00 2.632678515264330166e+00 4.757813881366130815e+00
6.326423313164873719e+00 7.448774790739381757e+00 5.939043188113439342e+00
6.327248775903250966e+00 6.249333321637379868e+00 5.889498488120256781e+00
6.715219219134292317e+00 2.704026746680237459e+00 6.911877916358790230e+00
7.068799694535471190e+00 6.268340917032260151e+00 5.239259172209434823e+00
7.588403374520517275e+00 5.946624869722707984e+00 6.813298975734557672e+00
5.025587338438533891e+00 6.618447888960796277e+00 6.418498172967629145e+00
6.255755903143671581e+00 6.446463466076155058e+00 6.861895404415365718e+00
6.116682067286069113e+00 6.498872950833225026e+00 7.901792809091942260e+00
6.244045587971508660e+00 6.438109177426640350e+00 6.895502785841214788e+00
5.461538795627605580e+00 7.428111424147678221e+00 8.898033430028288393e+00
6.340470640586381101e+00 6.544793913697218635e+00 1.046515961375747983e+00
6.012296431991087431e+00 4.904269507660531602e+00 7.661670525182940672e+00
7.433507501346997337e+00 5.791964328124212358e+00 4.440917676883218590e+00
5.137284033281716233e+00 6.946529897565888234e+00 7.455393630816551820e+00
5.854609616711043962e+00 6.729817252348635037e+00 7.971276985916047053e-01
5.950598177483216844e+00 5.611320794678254842e+00 7.525880549869347291e+00
5.659507832833220675e+00 7.916236782227182189e+00 8.493904896817147332e+00
6.233121636607603655e+00 6.661356400318313220e+00 9.953136026824956906e-01
6.334563833322848225e+00 6.472019174903680394e+00 5.278017029845395669e+00
5.252549006568197676e+00 6.980835630597655772e+00 7.733807249274251561e+00
6.131867651737245239e+00 6.981531115512526142e+00 1.032738509677098904e+00
5.926458513376823056e+00 6.552077138445969950e+00 5.900779964010588685e+00
6.398160806905737630e+00 6.564575598684829316e+00 4.519345086099670894e+00
6.329507749129684058e+00 6.445899870087600902e+00 4.853430760672186040e+00
9.189729871603542932e+00 6.723772652589955712e+00 1.341745440999974059e+00
1.198940087930969067e+00 6.772922444722268231e+00 6.260211896473647286e+00
4.613844077794702514e+00 7.031692659414315649e+00 7.484730304513451671e+00
5.737175617766760105e+00 6.719954225894637645e+00 6.037676126229838403e+00
5.803095680382845067e+00 6.799180284084918036e+00 8.084559907057306205e+00
6.168868686378540467e+00 6.546954379975869820e+00 4.583446170813131992e+00
6.405811584066027464e+00 6.287059678556844666e+00 6.957662185864442961e+00
5.576174728042243345e+00 6.062027859834784316e+00 7.815948613357504016e+00
5.621284487525901596e+00 6.202687108054564469e+00 6.499557526031715327e+00
6.590324123233859410e+00 6.404982916753627187e+00 5.416198644777502125e+00
-4.081132258668740320e+01 4.709601960616490146e+01 4.809937236954000639e+01
1.602754119921346199e+00 6.907008428996742389e+00 7.574873882174381734e+00
2.186960527616060190e+00 7.074512973165867358e+00 8.767655814540599835e+00
4.846936227366158256e+00 6.994316172660196784e+00 6.739849317023094422e+00
6.989531007636120563e+00 6.979466640928455590e+00 9.650486793104247951e+00
7.109399618009407895e+00 6.686444123957616448e+00 4.013428373776648073e+00
5.504548671999953058e+01 -3.390208334102540277e+01 -3.245240552491782893e+01
6.478268815712800999e-01 7.016648140935370037e+00 8.960437615716777771e+00
5.104583949823887856e+00 7.142898755162673474e+00 8.045134848661152915e+00
5.788831468499497035e+00 6.986870872767072527e+00 6.924831552153424497e+00
3.310102250262742629e+00 7.242118242622023416e+00 7.027340057841884757e+00
5.836197756127917025e+00 6.817876731473855756e+00 5.669944982772967990e+00
7.915764350618591294e+00 6.448786469676609734e+00 9.292424522473918813e+00
5.723035190463832578e+00 6.908670894755363889e+00 8.540501574588004630e+00
6.124889469350359938e+00 6.372893075595868595e+00 7.947581886669588869e+00
6.381458176544252403e+00 6.477111807404766886e+00 5.394540274114637768e+00
6.102599911009418676e+00 6.553434922528937001e+00 6.490925744042763235e+00
8.962929218952421451e+00 6.917025928137307211e+00 2.180972868104810836e+00
4.769652383213045077e+00 7.521101441147645339e+00 7.386842808979077191e+00
5.052633646070116669e+00 6.914752797255347971e+00 4.322430822279307527e+00
4.414736988109742910e+00 7.886036223458109617e+00 1.525032383961444138e+00
5.643223636310899849e+00 6.790964916651958561e+00 8.234094100661879523e+00
6.240185079924891909e+00 6.730709683528026233e+00 1.018318419301283750e+00
6.036151039899603887e+00 6.528219472878900476e+00 6.760140163144040315e+00
6.045265942621062649e+00 6.350275175651755255e+00 7.797189204065546164e+00
1.674471229713789810e+00 7.077589818960817070e+00 8.808722178212940790e+00
3.717040028053248069e+00 6.548375572189845784e+00 7.458604497035294045e+00
4.699337973146632486e+00 7.244711594579875680e+00 1.536967022693585871e+00
5.013854242251138515e+00 7.172319991965384389e+00 7.347188948912437567e-01
5.049985072921915119e+00 7.723114914816026300e+00 7.203823466729511793e+00
6.976174476152648296e+00 6.161260855140428205e+00 8.385238544316241383e-01
6.117323228291367876e+00 6.857265835935445253e+00 1.182270587971137266e+00
5.630201067880194366e+00 1.012865484433467778e+01 9.156979079613297046e+00
6.578907725302165943e+00 6.553239301314619958e+00 5.231731278939138363e+00
6.339728977256391396e+00 6.424205326949962824e+00 6.869683873212545144e+00
4.771298180284604840e+00 7.430577776185670835e+00 7.359895549268991033e+00
4.704213877309726399e+00 6.986749938718791242e+00 7.559951209066213096e+00
5.177751751242177569e+00 7.226298195935953572e+00 7.806850352587126451e+00
5.885910420732987980e+00 7.000966684020919040e+00 5.261135899489344681e+00
5.492955202944897586e+00 7.078691697999403232e+00 7.374832558088954215e+00
5.958123065734113766e+00 3.778311201218834015e+00 8.370842419128376122e+00
4.864737840317483020e+00 1.721696455929902503e-02 1.226739371188177330e+01
4.588771749857215032e-01 7.398355557459565190e+00 4.699948543763129427e-01
2.188889258729927345e+00 7.249877997207050839e+00 8.563168414992954780e+00
4.649064373808002415e+00 7.478851374592518475e+00 7.530510324826161117e+00
5.404371927458844205e+00 7.340401011364876993e+00 8.208559810139735902e+00
8.232753938899175949e+00 1.462979051198931657e+01 -1.097121491771388158e+01
6.497864686818759061e+00 6.707471296534729177e+00 9.566992163551154560e-01
6.229304757052898545e+00 7.366073462891807644e+00 1.245083889464012827e+00
7.231423038165140760e+00 7.015285133645703830e+00 6.330771575875164814e+00
5.457222762107118541e+00 7.407623341934499450e+00 8.152948998901717204e+00
7.327369047112703093e+00 6.575862485495327370e+00 6.544944694578981981e+00
6.007734287527853212e+00 7.389767505401717784e+00 3.179766911369164895e+00
5.757936740272469045e+00 7.061453940333148438e+00 5.495839665719150169e+00
6.139083130782559294e+00 7.025268573382078330e+00 4.672636190132537060e+00
1.552330879593741830e+00 7.407205302038751604e+00 8.072598131309591807e+00
4.168401966753842558e+00 7.637082593254289620e+00 1.417403351768444120e+00
5.298628143767836640e+00 7.778368721269808717e+00 6.906035255813185003e+00
5.682472533592139996e+00 7.209800068996174538e+00 6.807468193367673059e+00
5.169154849901778093e+00 7.609946967576896704e+00 6.837636576900599117e+00
2.236894361802895581e+00 8.253167249156945218e+00 1.113563268810921691e+01
6.006313753672991140e+00 6.918852211285214437e+00 6.320712254394809548e+00
6.031164813508070210e+00 6.974312054051326371e+00 7.946226838287737237e+00
6.974203142303588621e+00 7.278799745384477937e+00 4.310614287843523407e+00
1.996446372506995814e+01 9.510039741553091730e+00 -2.026577139018867157e+01
5.297805880690275693e+00 8.010341799666127471e+00 6.663798788678791496e+00
1.510246318286013079e+00 9.032828351675480150e+00 1.073970228865881360e+01
5.248548378081261845e+00 7.552903957669222734e+00 6.989960794094686847e+00
1.077638642954275561e+01 7.011468402327152738e+00 -2.255207946511220973e-01
5.250858598082755790e+00 7.420407980083956190e+00 7.939326740685689998e+00
5.242153761725356631e+00 7.648909788301026857e+00 6.853752351811767118e-01
5.390508864132730338e+00 7.756089493115002398e+00 1.866706178851988529e+00
5.731669147630530148e+00 7.287282888071995757e+00 5.579163425163923051e+00
5.149190440594628271e+00 7.362017087444967522e+00 8.203645005313685346e+00
6.195554354546647602e+00 7.452079000413213805e+00 6.382794396020471162e+00
6.098949827115540678e+00 7.437154115139643196e+00 8.707886975105735061e+00
7.070691343048290278e+00 1.001826698910908675e+01 7.370561261745308457e+00
5.711082028404742550e-01 7.928881168495872878e+00 2.333797573245129264e+00
7.283137873438477072e+00 5.923767486322345732e+00 5.136143271844607838e+00
5.224850655396180876e+00 7.650101572267474559e+00 7.031671208622665148e+00
5.269190552580906406e+00 7.228629206231834914e+00 7.834445992381418478e+00
-2.962889891982214419e-01 8.292553489369367981e+00 1.280557695059265200e+01
5.156268435790934745e+00 7.387840503494921940e+00 8.175996638572859965e+00
5.133994531971572961e+00 7.716762819558542930e+00 8.558864962708538471e+00
5.838445845916891308e+00 7.374998902844023263e+00 8.625778196829777755e+00
7.238727167148732100e+00 7.201893317518766935e+00 6.398240897648285852e+00
5.289051863227381745e+00 2.989652586975212856e+00 1.132892493759680264e+01
-1.113409894186245452e+01 5.846813524395757966e+00 3.613010765476160202e+01
4.269604070295710763e+00 7.848021261884898792e+00 1.267031797169729135e+00
5.116614214799715121e+00 7.543142077541370227e+00 7.083277509534108063e+00
5.006446760046359579e+00 7.583445803931105900e+00 6.660336094604830670e+00
3.928904542260752031e+00 7.817196327527044630e+00 8.389195882708438745e+00
4.032823552126652444e+00 7.859177925833671807e+00 1.332887421192551880e+00
4.494239559882002411e+00 7.759683187648741765e+00 8.468255102925091649e+00
5.430080872647316426e+00 7.822712397480563240e+00 7.053808818131271252e+00
5.174363721171562958e+00 7.666019960225529672e+00 7.695114819637078440e+00
6.008032830128731661e+01 4.838707939563866489e+01 -8.464309851558654429e+01
5.717098002905627752e+00 4.751231744949853564e+00 8.528302700768010780e+00
6.778119846923511549e-01 8.025012802493037611e+00 6.593388603710542029e+00
9.984954766422715622e-01 7.965804894661131286e+00 6.588574567185380815e+00
1.445528724239248053e+00 7.913293563907556560e+00 6.595315004310727147e+00
1.643975056183409000e+00 7.938162178370625099e+00 6.404299175638187513e+00
5.427726165471304931e+00 7.556776792154504818e+00 6.822042258544792404e+00
5.404700970813026473e+00 7.540562232881850235e+00 8.357643310213603627e+00
6.096270135036668592e+00 8.158103967778794541e+00 2.123151891190453888e+00
-4.790937575788676384e+01 -3.229366261720998921e+01 9.757119121884372248e+01
5.866163240668862855e+00 7.357011941725243531e+00 6.456713801428384691e+00
6.525938952263393489e+00 7.957081285854643582e+00 3.516708339805473038e+00
6.575267929872762984e+00 8.123148543500612107e+00 2.557484533509314595e+00
9.067781922458150845e+00 7.821282051429649940e+00 7.334190613511681001e+00
-7.160755146215314060e-01 1.288021628599052981e+01 7.797339060763778917e+00
2.988945105903552779e+00 8.084395794108338862e+00 4.704246205831179584e-01
3.331425815222203823e+00 7.981783804433487006e+00 9.023700283377811715e+00
4.907845517144556524e+00 7.277089301694077861e+00 7.105753388199550713e+00
5.862901670299036638e+00 8.077995050921085607e+00 2.412924543613549577e+00
6.055806019611486235e+00 8.029044242411057297e+00 1.260770482601226927e+00
6.247919673515095695e+00 7.589754082971770899e+00 8.713666304388160810e+00
6.818271870075612862e-01 8.051561619930826197e+00 6.662665604555011001e+00
2.623537790823207594e+00 8.145890626881708840e+00 3.766009817465796328e-01
5.346860416468646626e+00 7.775230360765494453e+00 6.839973855892995225e+00
5.240708334336689589e+00 7.598647919911828197e+00 7.735559342388519610e+00
5.280633811781248355e+00 7.829576761594037038e+00 6.778311444256395646e+00
5.068858282704315599e+00 7.644073138822045976e+00 6.782488211421590307e+00
9.364323909383296396e+00 8.126487323738601276e+00 3.118751553778013275e+00
5.194498863628525420e+00 7.588681558386042525e+00 6.578990894184163274e+00
8.786167959903869118e+00 7.994758182417633918e+00 7.048949165818003237e+00
1.238253405422300668e+00 8.240056781349702320e+00 8.728075241016849617e+00
5.382485729904519900e+00 7.944792643367710738e+00 5.504007250622717784e+00
5.647247195415190379e-01 8.571856528252018492e+00 2.918134376566443589e+00
4.481907797168635632e+00 8.049350729835738960e+00 8.837697436797522954e+00
4.886167145504257014e+00 8.004976522817152329e+00 6.430907229714795115e+00
6.289933764327892973e+00 9.847901553181980461e+00 7.670101563127422750e+00
5.393427616618627241e+00 7.723961142276067449e+00 8.341696066795755371e+00
7.600120560444427298e+00 1.235710759044838625e+01 3.419249815131723658e+00
5.219277138475030497e+00 8.990983340952034553e+00 7.820149723726046886e+00
5.512501625606778255e+00 7.824818395830014595e+00 6.816858545196138763e+00
5.244728469578052277e+00 7.699636018172125063e+00 6.617245402738763715e+00
4.682838944093676403e+00 6.048221940471115943e+00 8.365636591898088170e+00
7.295664923842720029e+00 8.946107555437237124e+00 2.441157583606404557e+00
5.659041388065312317e-01 8.598481753107321879e+00 2.688128780842153009e+00
4.131483729408415684e+00 8.469844536312809424e+00 2.504084497189754899e+00
4.211615726893816358e+00 8.521248342788336316e+00 4.060717176467667500e+00
5.341242720630565266e+00 7.741899940756702847e+00 7.379508732394851833e+00
4.316457872337861268e+00 7.867899678745379433e+00 6.968326424631390736e+00
7.538747819917438697e+00 8.347605967945797900e+00 4.039799077667531435e+00
7.443962318160628477e+00 8.656536481524739202e+00 2.182433332057434061e+00
7.864909977684410691e+00 8.440401372816442205e+00 3.814091603340369563e+00
2.890279628101647624e+00 8.425814562813965125e+00 6.196442830700010340e+00
9.633418122413438311e+00 8.946759665030121766e+00 2.911057084438100517e+00
4.457413397689815149e+00 7.163728395924339409e+00 8.248259216393288185e+00
5.834928026785192401e+00 8.763763939850797158e+00 1.799916525576645832e+00
6.266378156033047375e+00 8.521524118904141076e+00 2.673351269442318046e+00
6.529655318153740673e+00 8.339970166018266795e+00 3.409894813022283255e+00
5.311700434999410803e+00 4.744859347625210333e+00 5.150778426506137375e-01
1.594818318923187483e+00 -3.505945711717434676e+01 8.114757093705648572e+00
5.285660164482177237e+00 7.778089022173414691e+00 6.811582084838505580e+00
5.928111871213750383e+00 8.290097272621395064e+00 5.021580348061571719e+00
5.837215095726380198e+00 8.180941738740848734e+00 7.215355322944184024e+00
6.236737002909203298e+00 8.295051603111618377e+00 7.589939348268584851e+00
7.065513547019401486e+00 9.035076834722842065e+00 2.454041556985318451e+00
4.819387359472345089e+00 8.273794151600549540e+00 7.455064508454501748e+00
5.422756013123001040e+00 8.909141485081207179e+00 1.364085618620730189e+00
5.136678969327398647e+00 8.107484328854257072e+00 7.841886320113113484e+00
5.620295784697577623e+00 8.342721765016920088e+00 8.990556976699712877e+00
5.889211274888319636e+00 1.009192524311800909e+01 3.609113888525850022e+00
8.085063186923207468e+00 7.806499227107783767e+00 1.742078201202499788e+00
6.446571818468163961e+00 9.889727869703577312e+00 2.850101080008347054e+00
-2.785149045890026875e-01 9.613716541696296858e+00 3.208407407577789971e+00
1.516745754412289093e+00 8.123036654452484129e+00 3.485204542416890927e+00
4.688897927770083740e+00 8.262618015053083909e+00 8.060533552895751797e+00
-5.556523260533981906e-02 8.453405983490696940e+00 -5.549908569598875907e-01
5.462754535456928906e+00 8.272004743180106701e+00 7.893258769129444019e+00
6.771118965503504228e+00 7.141674557497774245e+00 1.516105285639958167e-01
7.593101054450135834e+00 8.473801704173602900e+00 7.468771523763966691e+00
9.078986618836486500e+00 8.789295602637764659e+00 1.557540587309317992e+00
1.698878738487939444e+01 5.240659211936176121e+01 -8.152369460085676645e-01
3.094874069361540414e+00 8.798193935711489999e+00 3.524276594598738654e+00
4.115138738898915349e+00 8.602922638754529672e+00 4.075362799276514458e+00
4.631965191057808795e+00 8.442697424325080746e+00 6.964289252790529794e+00
4.863723525444097362e+00 8.461373411495111796e+00 7.424528595846245693e+00
5.444053824043630918e+00 8.984417832735678289e+00 1.542715527114759233e+00
5.610412790590466159e+00 8.268085980292772419e+00 6.520762394590562394e+00
5.776377712489683347e+00 8.310231112915474228e+00 8.268267190269199318e+00
6.340612895189759790e+00 7.012558345849813080e+00 9.216179921033463174e+00
6.513651261500731593e+00 8.857549509957800993e+00 2.362860717995094895e+00
5.644642373776578737e+00 7.980160861608197820e+00 7.527092994176657115e+00
6.743138872500783698e+00 7.319144493676487784e+00 1.677175339769620521e+00
1.983002607509273219e+01 5.978924282173613491e+00 1.848995186778240196e+01
4.427705466164240988e+00 8.568069656993937855e+00 6.227198842027909187e+00
5.499814810979668955e+00 8.196740341734097157e+00 6.896962058112093175e+00
3.859591197581503152e+00 1.105005037508503918e+01 8.480219001671601475e+00
5.426859661359237919e+00 1.006984042064006424e+01 8.954082579818036791e+00
1.017889334090625297e+01 1.208347623805506821e+01 2.701710201271970035e+00
-5.191863941061823695e+00 1.185760428039856862e+01 -1.404980473069146640e+01
8.458518203710989170e+00 8.682333107062063959e+00 7.513545324698855055e+00
4.249203991732409591e+00 8.697341981032927549e+00 6.126434912258023502e+00
4.668031674647561857e+00 8.873732344920588488e+00 2.314627683910386757e+00
5.593047960008714625e+00 8.887668612307793481e+00 1.150235975158807378e+00
6.182224386528303306e+00 8.849282937403765814e+00 2.029437261856894992e+00
1.307738025821560868e+01 1.044793438034111333e+01 -1.030408455706912640e+00
-1.539161389065438978e+00 6.815389903806865490e+00 1.412560506962753593e+01
7.271745089272149798e+00 1.083477076747244894e+01 3.626546293398502208e+00
7.398315334648141395e+00 8.919903301738996149e+00 2.689542753606017911e+00
7.757228857452233228e+00 8.736421179041499840e+00 4.308307303171140745e+00
4.474287213033993904e-01 9.138923349375490446e+00 2.399465544428591723e+00
4.374676783599068308e+00 8.963086008924397774e+00 1.037611744655783763e+00
6.322006906771495238e+00 8.776659013468584902e+00 2.013779186776627483e+00
7.105808488209609308e+00 5.599245729607480015e+00 7.305553500685181945e+00
1.788140040679761356e+01 -1.586009376194725107e+01 1.700724279447128851e+01
6.211007389069100881e+00 8.760420147823646531e+00 4.355065684979082974e+00
6.546950856242000683e+00 9.015424841255224919e+00 7.404773276908604984e+00
3.309191766304775406e+00 2.199348070964589397e+00 7.477399879415450812e+00
9.345272263248899591e+00 8.954148601280946806e+00 6.348863538812893559e+00
2.953429835382185509e+00 1.217563086090210334e+01 3.697097343242284229e+00
3.549157170891183988e+00 8.990581551677536254e+00 9.265617574384396704e+00
3.847183222597037044e+00 8.986410655329715169e+00 4.941146522357636961e+00
4.429862147248292636e+00 8.786061395462738233e+00 7.365061636415418889e+00
2.448080905575797672e+01 1.025920549088694500e+01 2.031180793598090517e+01
5.458543322165565925e+00 8.889666347268775581e+00 1.656563700677689654e+00
-7.003283844617920195e+00 3.396662688533668017e+01 -5.636834474690525454e+00
6.172068006184745492e+00 8.852177427450470759e+00 2.269917647333601796e+00
2.890358215135822029e+00 5.380123670009279380e+00 6.812330786460541354e+00
1.091620585479631700e+01 1.537872138397195698e+01 -2.842273029392623496e+00
-1.585275484576281713e+01 7.682782068355816563e+00 -5.315527247113331910e+00
7.336795216491967864e+00 8.827373080002262284e+00 2.528786008792605955e+00
7.171787880601951493e+00 8.854547363426613416e+00 2.428333713037900132e+00
7.868308017070777538e+00 9.032853833836533397e+00 3.139351451742187660e+00
4.952141283597645938e+00 9.509713669479227249e+00 7.857365193555191141e+00
5.117296869834256690e+00 8.938426165563903680e+00 1.278696640235142290e+00
5.243946932927857851e+00 9.085785404377473284e+00 4.283442948800654904e+00
5.159198882868945013e+00 8.604624465087486129e+00 9.678852822154173641e-01
5.834056048453193810e+00 8.740389374196460892e+00 1.834208603443180596e+00
7.419153401267621462e+00 8.875451337641516503e+00 2.517312661318686917e+00
-1.010131595912884928e+00 6.279165971656869516e+00 2.590925901244343521e+00
4.577804677457910643e+00 8.764253683088345070e+00 7.888801729864626466e+00
4.346944873637244022e+00 9.049453196424881440e+00 9.231368983790938287e+00
5.175311124543612529e+00 9.166844648070419765e+00 5.064329358617746024e+00
6.564390830104528618e+00 8.842316185692897790e+00 7.387834732790148351e+00
6.928498427651216041e+00 9.003621661162950929e+00 3.607948808039999733e+00
7.134583317381898659e+00 8.760295814785020951e+00 2.362198405382972322e+00
4.058802076863927688e+00 1.301688184981666296e+01 -2.186204628002791639e-01
3.619871848645073609e+00 9.168900162009569144e+00 7.079330333306184997e+00
6.531922460077639769e+00 9.480286906018982052e+00 9.812313389170968847e+00
3.261775401938520780e+00 8.063761544518076363e+00 5.474924363803111760e+00
5.440660642687079829e+00 8.769120877898792799e+00 6.410305425674108548e+00
6.111783894816873008e+00 9.231041559930314833e+00 7.338943241740698564e-01
6.307917020227291616e+00 8.955321025570697202e+00 5.651594671190041552e+00
8.250310557515305732e+00 9.241490246751522974e+00 3.549663145622686145e+00
3.894810742455453445e-01 9.474697069475810807e+00 2.555970461589162301e+00
4.809359021162596726e+00 9.211377289815374070e+00 1.860548867050333843e+00
6.316793600381005902e+00 8.787610067821399085e+00 2.245639066822216368e+00
6.479452902904109912e+00 8.987490188792353507e+00 2.476792025455080370e+00
1.084876434881486418e+01 5.781136459720430665e+00 5.269398548200555865e+00
7.780210108723206730e+00 9.260629018770984544e+00 3.193136299097071529e+00
8.346426308108584990e+00 9.354165069251575204e+00 8.337749194723951263e+00
2.830352052590221046e+00 1.216397039821119996e+01 1.058238930255945931e+01
3.015345800400350829e+00 9.440630545269089069e+00 4.920558048587014177e+00
4.586485311729527226e+00 7.908828134776138441e+00 6.958296004857024819e+00
5.331081838402452533e+00 9.225967681629080985e+00 3.960887008070356430e+00
6.380430373377971698e+00 8.838997336423476625e+00 7.547310471785032782e+00
7.500160827601227709e+00 9.390549515690970850e+00 1.635396487098942808e+00
6.882119877033781030e+00 8.326143013993645425e+00 2.045316578889282422e+00
8.398961651191905631e+00 9.423871235689031067e+00 2.650691779502876599e+00
-1.695113990385257008e+00 7.122403468591413045e+00 2.273825664950435588e+00
2.256097419474043519e+00 9.599137359995227214e+00 9.259263596417518727e+00
4.024703376153637713e+00 9.159820815208918887e+00 7.181093099334033170e+00
4.528331146072190450e+00 9.080300866938857851e+00 6.748950556300729708e+00
4.628190838211478031e+00 9.279224867601957527e+00 5.160153572848753534e+00
5.058793437619134359e+00 9.223048509402669737e+00 4.838622652833790561e+00
5.210639926287169210e+00 9.133327875222875036e+00 5.168829467088095875e+00
5.248788620521983361e+00 8.968630412370249161e+00 7.305940011135382051e+00
5.762397457771279541e+00 8.963117360479532891e+00 7.993864911235872839e+00
7.654968264392122634e+00 9.314827202262698336e+00 2.154489526950424505e+00
-6.719718870276356615e-01 1.600779931864991568e+01 6.280739575127919139e+00
