2.429277832629478606e+00 3.684045189720578928e-01 7.085371209877243892e+00
3.423064432689973735e+00 4.805422996950032832e-01 5.160653632426488890e+00
5.926924264505058382e+00 5.178351006255775824e-01 1.188044570418111068e+00
5.822198594153899620e+00 1.500328510388481584e+00 3.308511542901629188e+00
5.933092339951388183e+00 4.535666525176352826e-01 1.018390120333152460e+00
7.329518207843761957e+00 6.208183547477593711e-01 4.194330801940810538e+00
7.402583150579460813e+00 6.230461742984810813e-01 3.589212894084785166e+00
4.407644832020915615e+00 6.750696318723590217e-01 7.157697339113395785e+00
4.430738097433135181e+00 5.247472621923894298e-01 8.521721325090908294e+00
5.287854293677870743e+00 9.526932965351821991e-01 5.074885432769323579e+00
6.001280615960515874e+00 5.727836440752835934e-01 1.448292763397920346e+00
5.966801645752985550e+00 7.518819306233037736e-01 2.522880202444707010e+00
7.324574264483509012e+00 6.274092732993024057e-01 3.593885380795366125e+00
8.231555153507564171e+00 7.934615169778929111e-01 5.332589973490303947e+00
8.942930416949309347e+00 7.527819055407967141e-01 6.557266970548033314e+00
8.979850313500181258e+00 7.320266918576945336e-01 7.435016988525426029e+00
3.218679125932831120e+00 5.867949016752163072e-01 4.173455082864006016e+00
3.647164478596700121e+00 7.108509198258230466e-01 6.650078136401505802e+00
5.076505809035005257e+00 9.052234072353955163e-01 4.498464114163500227e+00
5.707953608641592069e+00 5.622465272276733206e-01 1.337071962405833148e+00
5.558948297071313327e+00 1.261040608113893846e+00 6.452097931528838259e+00
5.904767825428721473e+00 1.051077386965002525e+00 5.756238056816824766e+00
6.566219385605500669e+00 4.538874031261688202e-01 4.617767808452569733e-01
6.598751725537352009e+00 9.233589135735940090e-01 7.128503407893649779e+00
7.956320572215432207e+00 9.631232432982537173e-01 2.155828362763259509e+00
7.111073365722161199e+00 7.616177445925584877e-01 2.499151381554889362e+00
4.098944407695279679e+00 9.253166241272234860e-01 1.132515513626709547e+00
5.795507691960070318e+00 1.161647253113540501e-01 2.105153652457445457e+00
6.086999194802954705e+00 1.233413388314162251e+00 4.711631357754132665e+00
7.022084947392837506e+00 8.520953292258488521e-01 2.413194991700923886e+00
7.659012368940466331e+00 6.370686638152043280e-01 2.363661138983728094e+00
7.541553550966821007e+00 6.997167412710227907e-01 2.414217949392126972e+00
7.768965347864637216e+00 9.482492266980285800e-01 5.422309535889625387e+00
9.233429880826896863e+00 5.450858461639260799e-01 1.593110693972004555e+00
3.978330094199131750e+00 9.282282596150576159e-01 6.031946011051134704e+00
5.756649994373942647e+00 1.029105321758277070e+00 2.983142711073359710e+00
6.263454290353834608e+00 1.040702995125645458e+00 2.630378040290552111e+00
6.277937323082046106e+00 9.662707635647082016e-01 2.865297928367616542e+00
7.942820275432067589e+00 6.309099838063887411e-01 2.383043644130815153e+00
9.411597252986931395e+00 7.553353604560846257e-01 5.846039039397972203e+00
4.656015759683289068e-01 6.416017596468353013e-01 2.810754083443633533e+00
5.930912243537639128e+00 5.136208500833470136e-01 2.477442904656229405e+00
5.959014414937923831e+00 8.987561888043383851e-01 9.116223838906476473e+00
6.931346270864131576e+00 8.003962791916574560e-01 2.237031195888654178e+00
8.150762921223568824e+00 1.176435883243338587e+00 5.355857954588375769e+00
5.893579330076819112e-01 6.825871139529640086e-01 2.833584833888344701e+00
5.795278830412209814e+00 8.745219183341587099e-01 9.315190126137952831e+00
5.629117786799916701e+00 1.515693712541650751e+00 6.535826386171772029e+00
6.176320817957245524e+00 1.191049064767784049e+00 4.465263924829163678e+00
6.193035015957572220e+00 7.917043402091360482e-01 1.943406820487385778e+00
8.572991254756715307e+00 1.151945534117744474e+00 7.757674022962802951e+00
3.702832136918543515e+00 9.952280777894297881e-01 7.035613940135134747e+00
4.465533493381387942e+00 8.669748110071682223e-01 1.144898601507101876e+00
5.255142098776175885e+00 1.558283288298627500e+00 5.550323672318716817e+00
5.382621033219439965e+00 9.283271291198204045e-01 9.017458086170817566e+00
5.597928956014007973e+00 1.245377434127009630e+00 3.361925154070926514e+00
5.702789547615050303e+00 1.483450441777724560e+00 6.543306098465705212e+00
5.662211262789674571e+00 1.267345449445223871e+00 7.110369726840136906e+00
7.578104407384455676e+00 1.297760080345879974e+00 5.794205515751050584e+00
7.638977318039149367e+00 5.552425021298033059e-01 2.581062273287521247e+00
4.175448573670355046e+00 6.163237907518392955e-01 1.259010077006776696e+00
-1.654238493773191987e+00 6.570202035863681900e+00 1.239263995492566472e+01
6.096514136866177047e+00 1.221171235394773902e+00 4.654249182455234113e+00
8.900518646851512727e+00 1.145583771274990337e+00 6.781001463123352835e+00
9.549897860437836172e+00 9.752636944646594364e-01 2.797657597541872043e+00
1.329404220313072926e+01 -4.018533771335705218e+00 -2.347081333571539474e+00
8.649247363848477477e+00 7.833918098291845628e-03 1.085281377231677613e+00
6.675844746351584647e+00 1.181872650196546859e+00 9.187073287733248605e+00
-1.900332770953524886e+01 -2.186055721212674285e+01 -3.471716669026826629e+00
8.821992385726741048e+00 1.136145764723366369e+00 3.518466252496798230e+00
1.503088054808454643e+00 1.206462101888168270e+00 5.865982392034005954e+00
5.436846541503994601e+00 1.873308115079199698e+00 3.220719233754677280e+00
5.142320739137006491e+00 1.518584652555398318e+00 5.831179100787132086e+00
5.435273991905066104e+00 1.446284050484936357e+00 6.183075789968536462e+00
4.338863869471931700e+00 1.741795630669475514e+00 5.585951130404341214e+00
5.902719276572571339e+00 1.573300500415299563e+00 4.958212195127077671e+00
6.022915281930037779e+00 1.473584408690081560e+00 5.131763263499894201e+00
3.838797397685373980e+00 2.209827318943724972e+00 5.148666547559701101e+00
6.414306587580156815e+00 1.181484113922900203e+00 9.248590512909586892e+00
9.320112793130988393e+00 1.331085035920778648e+00 7.190192825213450156e+00
5.426691781520289304e+00 1.479842319638787096e+00 5.484196154014918001e+00
5.959596663426447449e+00 1.374546880967689289e+00 5.972589357910766061e+00
5.562497612726559737e+00 1.481541136171433237e+00 6.440722682409017352e+00
6.383688383849238868e+00 1.328136085565196911e+00 4.289978144333971954e+00
3.535557222375130237e+01 2.430688284365446350e+01 1.847154429504747952e+01
8.209849360644444261e+00 1.229242490773256202e+00 3.378539854921382535e+00
8.080036192695995823e+00 1.749879011032084763e+00 4.920291659646325755e+00
9.134230451821581553e+00 1.395653790141377915e+00 4.888113996016297591e+00
5.186046174540409837e+00 1.598011336884245237e+00 6.035787075839681215e+00
5.151370391474820565e+00 1.426429055361708276e+00 5.923275620572029609e+00
7.866281004355078821e+00 2.142837868748293850e+00 9.178652462322922645e-02
8.026203624163008143e+00 1.753816300639097436e+00 7.195976519310510078e+00
8.902903813147887035e+00 1.548245052422066781e+00 7.790174997829074854e+00
4.333359769027111952e+00 1.474076744010167195e+00 5.866038136567820693e+00
5.009382812464960644e+00 1.639051885430361066e+00 6.510053398903288269e+00
7.532189015403250920e+00 4.045320866085548861e-01 7.698169426054055187e+00
7.327062094090898370e+00 1.859569418365446758e+00 6.015965755514221414e+00
4.417662503518457129e+00 1.472081714344399384e+00 2.268842263560020278e+00
4.739639590961911786e+00 1.191131162037226687e+00 4.449221296641770351e+00
2.838163173207719936e+00 2.833094283855390749e+00 3.152288451100483613e+00
5.626352285309788037e+00 1.522925251281874726e+00 7.345245541696123759e+00
5.588254434056546316e+00 1.556039183675080206e+00 3.612469599137113185e+00
6.253998839269700127e+00 1.375826596158259196e+00 1.741434437789197709e+00
6.301060263291404340e+00 1.926430863538212357e+00 7.307288686464971761e+00
7.451853015041549178e+00 1.953043799107497369e+00 6.812595132324068992e+00
8.534159752446150549e+00 1.303599398201874537e+00 1.914327672569703598e+00
9.349421417037401483e+00 1.420549142254501351e+00 3.825963039407624056e+00
5.837917655157228936e+00 1.655133663065013083e+00 5.147042264670362854e+00
8.138180967063886939e+00 5.406671025565992217e-01 1.217384923112379225e+00
2.003627679216309687e+00 1.540543942527444310e+00 9.120375276734524306e+00
5.210602771375635101e+00 1.523443438284519003e+00 5.487235299035578606e+00
6.113149169680148987e+00 1.835161263262400144e+00 5.574378140982759966e+00
9.548041004069885318e+00 1.351640383783496713e+00 5.113558210846262497e+00
9.198150947183211912e+00 1.760994701797506945e+00 7.736861298649653662e+00
5.865447422689804569e+00 1.660321697787892070e+00 5.048830968693855503e+00
8.352121286300267400e+00 1.486320174622186796e+00 5.762478935014110348e-01
4.305658011398866281e-01 1.724295660093527971e+00 3.994821136782118032e+00
3.891652042453706883e+00 3.686289642159366942e+00 7.171691251734447548e+00
6.215317251049938818e+00 1.616932105492599359e+00 1.153648774582760828e+00
6.227759385263703429e+00 2.125493493545322465e+00 6.265917900539728080e+00
6.745147589950747147e+00 2.105697436652131938e+00 6.022332316345181624e+00
4.871426770526019467e+00 1.216646253042137138e+00 7.060198732965270452e+00
8.784444274392438246e+00 2.230365968825804845e+00 -2.746846055654060814e-01
7.375393496848401398e+00 1.990904240594615349e+00 6.100919587352559681e+00
8.108472989068868486e+00 2.004325256989763826e+00 7.098472623309465490e+00
8.110755183242238431e+00 2.127506074133326486e+00 6.989490956212858208e+00
9.133703751774239876e+00 1.820268175029861268e+00 7.162797360214517184e+00
4.805760915536576583e+00 1.877836645038553520e+00 6.689643476437826308e+00
5.221374427253178574e+00 2.127757169187614039e+00 2.972659610922548712e+00
6.477350110161369301e+00 -7.380387669677417051e-02 -3.485685812558536045e-01
5.693728553464770137e+00 1.826757786893349778e+00 6.699659396752723595e+00
5.980672905073822321e+00 2.054445039999071021e+00 7.494427410044123050e+00
6.130919067403986844e+00 2.075023347867224643e+00 6.724049090494034431e+00
6.364135486401272246e+00 2.038563198712810554e+00 7.389032908499626018e+00
7.392838184774922716e+00 2.325818021019040671e+00 7.691555494064610699e+00
7.910892979324929186e+00 2.517871359721310487e+00 6.973922650201302531e+00
8.902883028814978061e+00 1.815231595318453905e+00 4.554270969836939464e+00
5.003220769780403643e+00 2.089596423247019885e+00 4.579232128920045497e+00
5.298131813255372080e+00 2.197034068465942180e+00 2.945299356710121330e+00
5.884262422328951025e+00 2.042561825906336281e+00 5.755240161689150646e+00
5.894235489099884262e+00 1.927229283231396195e+00 3.523925473256070973e+00
8.100836940435426570e+00 1.767742752628180369e+00 1.343875801943851478e+00
5.143648762663879381e+00 1.924570674941881165e+00 5.698429085189177457e+00
5.197957779135527367e+00 2.333282253620585500e+00 3.277540437415972896e+00
6.046167585160302949e+00 2.003548118534910216e+00 5.449170720523785150e+00
7.734779828845098848e+00 1.941158948315815369e+00 6.025899433526377358e+00
7.964431782486066425e+00 2.315480939681468620e+00 5.863347234926115092e+00
1.158871908652665983e+00 2.113073751947721846e+00 5.118876419063264294e+00
5.098317551983440055e+00 2.030241341087514417e+00 6.408937964146934618e+00
5.102573416512692361e+00 2.070744238686803573e+00 2.966258694504781523e+00
5.850397303256102965e+00 1.911642163853997545e+00 3.587311214606178744e+00
4.906350757462858425e+00 2.173097605357247275e+00 4.660434330380073042e+00
5.119421933386093748e+00 5.418836514546721439e+00 1.314046644529212493e+00
8.342755064244702368e+00 9.279401366715784860e+00 -5.468838947971679687e+00
6.455703732183334154e+00 2.401523076639688448e+00 6.370091280807798739e+00
8.834725270900406713e+00 2.291335673163638731e+00 5.517305247264500778e+00
1.644457313421494860e+01 6.160437167804353464e+00 -1.209100608990533487e+01
2.145280863721596987e+00 -2.054981250419606997e+00 2.915754717287176234e+01
5.944647865168390943e+00 -1.677681759479394019e+00 4.643969811233683131e+00
2.449105221059565629e+00 -4.997578487551345816e+00 1.324881425366876186e+01
1.503436166208702041e+01 1.380054370396201158e+01 -1.170825572589540542e+01
9.016903711812876310e+00 2.275835366866323817e+00 7.912712985291964429e+00
9.194181118317878543e+00 2.211724310171833352e+00 5.205248706251079049e+00
4.480273708907134278e+00 2.445789271146688648e+00 5.757115882519454608e+00
1.229238073075122450e+01 -4.119622778168702482e+00 6.090938657114500998e+00
-2.044302652739565129e+00 8.480861539128383697e+00 -7.810310292951572197e-01
5.795072820405987812e+00 2.246007080564105696e+00 4.675829455313945004e+00
8.478495684837454860e+00 1.690706710994091200e+00 7.725745529919606724e+00
7.350397959642750223e+00 2.176200263710872385e+00 3.682713128838318362e+00
7.590179405533964641e+00 2.671675291189028911e+00 6.769721526637706432e+00
7.813397005584429067e+00 3.163558721986130973e+00 7.382449864486625657e+00
1.753469348879983958e+00 2.521899673833544409e+00 6.449231072767215522e+00
4.935530537522071270e+00 2.231394205492653438e+00 2.797588650591370740e+00
4.914950425909835552e+00 2.259698235308547964e+00 4.800062096757297780e+00
6.265091899621269889e+00 2.320530197281795104e+00 2.012851134532215092e+00
5.602485439591806227e+00 -1.593044227316349648e+00 5.999249739337611409e+00
3.171034442214402560e+00 -9.498016547514033903e+00 1.810825032312003202e+01
5.334837532435540153e-01 2.369762265522862066e+00 5.445703201669572557e+00
9.281473049416817389e-01 2.373932546978250624e+00 4.787750419899214904e+00
5.572286169443949611e+00 2.308516422555799252e+00 6.347824545977293065e-01
4.574684376415904197e+00 3.601662545214730837e+00 5.808155595389793646e+00
7.693058717886898989e+00 2.573923052991776039e+00 5.207123595403809091e+00
1.573852165530259750e+00 2.533172944264029613e+00 4.926206222477658159e+00
7.477660109769491470e+00 2.585999029679610928e+00 5.360268076484849153e+00
9.851672717298665560e+00 6.769907504091690065e+00 5.679222089115857131e+00
-2.233042281750790004e-01 -5.186724428012179366e-01 -1.001476907791024384e+00
5.334863933008764825e+00 2.610214092496479843e+00 7.434681505727628092e+00
5.537553576526931920e+00 2.606548418202139672e+00 5.716691263073596652e+00
5.305081616915700238e+00 2.166081727799444412e+00 3.074601268536836240e+00
5.508831050949714481e+00 2.566666394627025394e+00 5.743732190130060644e+00
6.600491430086544042e+00 2.954533627810267404e+00 7.473471938503280398e+00
6.470417153552780576e+00 2.682172126205383922e+00 6.135560115500387823e+00
7.605168435340971200e+00 3.352718188472919802e+00 7.399673494093113923e+00
7.616982305436465595e+00 2.645895217219034201e+00 5.251150257376716368e+00
7.569853428260893580e+00 4.378591688178048003e+00 8.033065139471720073e+00
8.655836834664224710e+00 2.614252715064776744e+00 4.822820627128743709e+00
8.758240820022260564e+00 2.646075771894587980e+00 5.530995022403196515e+00
5.996278601942846009e-01 2.668183945078749897e+00 6.735438221256954350e+00
6.026780527344516969e+00 1.502295774242762505e+00 4.559086427882538928e+00
6.845929430729313481e+00 2.604259662280894005e+00 1.521619496754498257e+00
7.969220339888330784e+00 2.662607244359437519e+00 5.740155645957916164e+00
-1.452449823107825999e+00 3.666809972712612886e+00 2.290714355735185670e+00
2.224096346909402833e+00 3.212596527285009884e+00 5.875129235974463349e+00
1.860400187395715665e+00 2.598576943954387541e+00 2.296418067576474265e+00
4.047975214678908529e+00 2.654023925082913848e+00 2.787816432155802993e+00
4.485370964373400327e+00 2.639440612312359491e+00 5.671106344575115976e+00
6.090527902489290213e+00 2.597613742220535649e+00 2.200117107415649365e+00
2.867432936603668381e+00 1.716991604593389731e+00 5.608766877571163434e+00
3.798458199462466212e+00 5.639773169107241912e+00 5.914359966460823514e+00
1.446132238804101133e+00 2.447503337674380219e+00 7.177218073403555110e+00
2.630046126276968543e+00 2.782798613894615691e+00 3.925743493710580623e+00
4.100009426597933881e+00 2.768874199139515824e+00 3.102888384144121936e+00
5.095484905069972648e+00 2.823468523239109462e+00 5.921802477856905611e+00
7.232364803406664322e+00 3.390079896264696746e+00 7.001921051978521326e+00
7.049904863868600380e+00 3.418737609728075277e+00 6.826918199548582145e+00
8.100945244118600286e+00 2.142727087931220353e+00 7.442085614473624489e+00
5.054000539592392371e+00 2.821702498511007740e+00 5.946297226866308350e+00
6.119817874471799257e+00 2.895604306619621759e+00 6.030135458852711849e+00
6.999689824469490063e+00 3.374004191939049768e+00 6.967062497117303188e+00
7.453442846391190812e+00 3.608268929800789060e+00 7.699220577929477116e+00
7.726974965952017271e+00 3.397288406418665474e+00 7.576025359141789650e+00
5.838742589334886546e+00 2.923057623239888159e+00 4.793418939065332118e+00
4.890792246145478472e+00 2.289037770543691064e+00 2.447089851143461114e+00
6.423425723103958873e+00 4.092137680343660655e+00 5.625265276854024776e+00
6.846811163983122839e+00 3.397681138444799132e+00 7.318212091976304734e+00
6.766986637376625424e+00 2.869643765491940890e+00 1.153607503156665492e+00
7.008240761920887074e+00 3.507259645153672611e+00 7.150950981132895734e+00
7.574755476708640245e+00 3.726142702790976813e+00 7.688204666246233998e+00
1.185996886124777827e+00 2.863406427033167390e+00 3.048791842911955929e-01
7.080728226258782954e+00 3.409454371955528806e+00 3.038809537966327134e+00
7.184148353479134386e+00 3.561363618915534879e+00 7.018505858291108623e+00
7.563810783311872399e+00 3.590913586590703144e+00 7.398607637499473810e+00
7.824404754842801069e+00 3.453277195712014080e+00 7.629027387889941281e+00
8.877721697061526029e+00 3.097613218499724042e+00 5.435354571421795455e+00
6.752246274123797631e-01 2.928235292910359000e+00 4.788215868540795839e+00
1.596686431334464196e+00 3.158507701359643427e+00 6.662425510438967358e+00
3.733884677167579103e+00 3.014134360824971992e+00 3.971972389253916713e+00
5.358184843642722406e+00 3.007099358191906102e+00 5.213048854053409897e+00
6.853865653847741157e+00 2.513750742182411013e+00 3.243609174025981368e+00
7.595231910694094424e+00 3.832753166875902728e+00 7.655538212120955421e+00
7.682249178369406906e+00 3.711118938444248894e+00 7.919652505867758485e+00
1.316577283819638566e+00 4.116879066739464577e+00 5.503377655075108343e+00
3.626298255384262426e+00 3.172855650199637445e+00 6.627926466253979854e+00
4.768150498937398396e+00 3.094802501999286193e+00 6.067984007475285324e+00
4.433193781002976230e+00 3.516918344231434013e+00 1.840048731504669188e+00
6.127389505020541804e+00 3.537499431324226062e+00 4.589251185774724462e+00
8.135739011229778939e+00 1.899217205834968780e+00 5.440968511372359373e+00
8.840835947258355532e+00 4.454873915745802826e+00 4.988016215738317882e+00
1.541393653737373359e+00 3.123977030676486244e+00 6.636248827865283140e+00
4.414523703388041120e+00 3.133323810369049500e+00 6.042917287971414808e+00
4.783181581197442966e+00 3.204907714032037891e+00 3.282350611823096731e+00
5.791089608124257104e+00 3.414233515087770066e+00 6.187989716656545625e+00
6.661079123055776208e+00 3.230718103822777909e+00 5.981310956084419317e+00
7.320640805649794913e+00 3.809104849729942011e+00 7.120075388551660112e+00
7.268039821125749533e+00 3.826171190958808310e+00 7.976390497573817129e+00
7.264601867309181671e+00 3.347230752445609969e+00 6.898494908064527031e+00
8.579507605445929386e+00 2.737847259815657353e+00 6.548265104670974779e+00
7.330652547213084347e+00 3.670515032261580934e+00 7.276310360993553772e+00
7.844225716930354864e+00 3.438863290311938048e+00 7.608937557959695397e+00
8.537178746279511898e+00 3.187932016192468243e+00 9.115212114063935278e-01
6.411265868553223113e-01 3.171198083512090982e+00 6.794013473401339098e+00
3.778461532831665526e+00 3.233282373459657855e+00 4.684900410710026719e+00
6.483716518336438916e+00 3.513553148635988777e+00 3.610429247385947615e+00
2.290153841601356710e+00 2.626200134313700474e+00 2.733577060955061366e+00
5.314747615485077681e+00 3.271570247527182396e+00 4.682694029476959230e+00
7.016589521576341859e+00 3.647430449580654432e+00 7.245016477387321352e+00
7.963256094205693358e+00 3.676091662976341823e+00 8.282233203476716099e+00
8.384420407674348041e+00 3.586873985622350602e+00 7.982901283995152752e+00
9.042959776100895297e+00 3.177032217680502590e+00 4.155562788987923639e+00
1.581664700542009605e+01 6.692910523625511310e+00 -4.122755537383652857e+00
2.478574895166852698e+00 -4.244134934058196307e-01 1.476915092866778600e+01
7.473591011199737233e-01 3.276217530779203635e+00 7.025755442984115362e+00
1.879461920694843968e+00 3.318913385063603450e+00 6.290350188793391695e+00
2.769078712187408975e+00 3.344380960732937780e+00 6.364344522590869246e+00
5.029699868349183589e+00 3.413436246276920105e+00 4.360655241913785396e+00
7.119165420587086679e+00 3.677716633373768307e+00 7.035395827912510391e+00
7.334503764627082312e+00 3.792013499185428849e+00 7.845614398202400253e+00
7.548815193884747643e+00 3.941822678341813102e+00 7.723546163409636733e+00
7.654568322053730611e+00 3.749400108806870691e+00 7.695456826938844586e+00
7.747267001500132366e+00 3.304998561985393657e+00 7.352043487378653097e+00
7.484753317438414655e+00 3.620428139264986633e+00 7.332648253934007876e+00
8.622724749487005624e+00 3.492994866349572014e+00 7.761070704068711024e+00
2.017369093215607201e+00 2.566752549080756118e+00 4.499980262752037774e+00
5.348557439207549891e+00 3.310055676836491934e+00 1.522561997109971754e+00
5.740357313292001606e+00 3.367463666544620260e+00 6.267993873730668852e+00
8.538120359103350765e+00 3.178484368382890057e+00 5.260418799966039671e+00
6.517257816570564799e+00 3.468005070918259936e+00 2.926495151963261154e+00
7.224661061165365439e+00 3.791212473404772965e+00 7.108025196991938799e+00
7.379916234031139055e+00 4.139043273969546632e+00 7.829885548573868093e+00
7.509489113727196852e+00 3.459074034564974642e+00 6.943694585881923231e+00
7.512879016639804952e+00 3.576789984375432496e+00 7.321178752582881089e+00
7.430037448408937095e+00 3.763746379314825141e+00 7.361641399592905977e+00
7.623617598276947405e+00 4.098205269425117869e+00 7.829578760909489787e+00
7.748473611079917944e+00 3.530394643791240572e+00 6.755725590904207323e+00
-5.318675459153606511e+00 1.081391903927765163e+01 -2.873143687415365832e+01
5.055306557843902482e+00 3.557482774549407090e+00 4.096562595372082782e+00
7.205468328787572929e+00 3.901698989919487826e+00 7.892692115621061433e+00
7.743123541839123547e+00 3.733426993209557399e+00 7.508938253150978070e+00
7.399447081457191544e+00 3.579681084430589522e+00 6.474783988761208420e+00
7.582724289264254125e+00 3.674834764680371624e+00 7.237524049703161211e+00
9.861641821719640433e+00 2.598030354331710257e+00 3.053522142617195456e-01
8.848689747354594459e+00 3.449699355628594422e+00 5.153978262724455028e+00
8.639401742274619878e+00 3.593442708129842345e+00 7.868761711469096198e+00
6.229771311504554987e+00 4.573001502344332891e+00 8.489346016730157984e+00
7.038165339668048581e+00 3.732564200516020669e+00 7.255031839902536639e+00
8.183396981033814299e+00 6.070707198556340778e+00 3.600412544060840325e+00
7.596111696405522196e+00 4.150447483392632364e+00 7.824903464686864041e+00
7.908159844167119701e+00 3.785681237184268078e+00 5.729722956782914878e+00
6.857388744305790595e+00 4.085421696830995764e+00 1.038038887339833849e+01
8.251853874655981969e+00 3.643172871840041793e+00 7.950587438774487481e+00
8.781294629017917686e+00 3.568132477880264553e+00 6.266923550645673302e+00
1.703754860156136530e+00 3.422562366795235178e+00 4.958704124363092269e+00
8.764224838579149690e+00 -3.745765531462978970e+00 3.736728001631172447e+01
2.606983182426724444e+00 3.631825312665736494e+00 5.176187163035097960e+00
5.188549184267937875e+00 3.543294344236013416e+00 2.672524981552912848e+00
3.583994669107376296e+00 -1.009289154406921574e-01 3.486879667376850289e+00
7.521334808167733144e+00 4.124367641453881461e+00 7.760563412645087311e+00
1.165538520772216557e+01 2.524891074459213680e+00 6.273555954958441205e+00
1.182222944975058976e+00 3.307868650853797554e+00 5.723933565186356098e+00
1.232848946154742942e+00 3.643204559207367410e+00 2.296580889588627716e+00
1.995672338158501091e+00 3.659512883781140591e+00 5.700884096052698524e+00
2.257496474598929659e+00 3.672985385252665935e+00 5.800289631965256376e+00
4.705391945484676874e+00 3.769601110500086172e+00 4.709103757572231430e+00
5.604305700860582995e+00 3.796581002878538058e+00 6.164583165360477679e+00
5.622827097964729681e+00 3.944112333439724338e+00 4.988936932647763278e+00
7.048285560272443462e+00 3.689245505339384223e+00 7.073404090996719518e+00
4.871191349781171631e+00 1.228388275837532628e+00 2.661885520062216237e+00
1.027572982109574085e+01 1.083458046806841324e+01 6.918265895883029870e+00
6.954198752406133721e+00 3.463605063151265373e+00 7.176739589640146910e+00
7.662805386398229501e+00 4.148784806375600098e+00 7.884918695811508726e+00
7.616085932266582148e+00 4.152074215608109853e+00 7.806099149090547584e+00
7.581940757872221326e+00 3.850984826701889130e+00 7.540180174698601689e+00
5.848353374047147391e+00 3.912314604871855117e+00 6.636545722154709281e+00
5.663664140828246651e+00 3.730120469759565349e+00 3.568740148377654187e+00
6.740532925111740070e+00 4.036621041395352272e+00 6.766101619840171111e+00
7.745538731615635442e+00 3.694914901319291012e+00 5.643605522368154936e+00
6.216435097658560283e-01 4.102544991919782724e+00 4.696482958804395480e+00
7.786949043534845405e-01 3.771667789238709823e+00 3.765705712477334988e+00
2.323534786881107372e+00 3.879900895329594590e+00 6.589023616014896945e+00
4.802008877120202079e+00 3.809024433151378730e+00 4.396735213938953279e+00
5.107957350347237302e+00 3.647146449862891160e+00 2.810223131306261557e+00
7.960504105848041689e+00 4.175645204371305930e+00 2.827146814445304912e+00
7.886968079706658585e+00 7.657768806904485359e+00 4.645148699630604838e+00
3.586160992527336333e+00 -3.221171733483457977e+00 6.961288857011068032e+00
7.233864887522847731e+00 4.340461360656830969e+00 8.488404786789377710e+00
7.013045197907909589e+00 4.152018536686440164e+00 1.166851940964211298e+00
7.445047742113436229e+00 4.046771657874795203e+00 1.746222064966036491e+00
7.308460592212130180e+00 3.707095234744691936e+00 7.385088029357141259e+00
7.975893541366646744e+00 5.221763596925161011e+00 4.094527935980162070e+00
8.880496481016562527e+00 3.556145193448810637e+00 5.203851521385693069e+00
1.323341489604976662e+00 3.855294386255495809e+00 6.665258090759794030e+00
2.634101773213201714e+00 -9.891244378448893482e-02 3.895565050168909416e+00
7.527387661293989396e+00 3.627210935402848335e+00 6.960549166553694711e+00
4.799276040893417417e+00 8.012355206593088752e+00 6.048745362454072350e+00
7.186575906995688712e+00 2.348073549787682346e+00 1.013694533295336164e+01
5.354614865316498218e+00 5.923156575681314706e+00 6.441212308829555866e+00
7.484166840875609239e+00 3.940574954755390991e+00 7.813340690996932736e+00
1.328093571276253160e-01 7.972774405869250458e+00 9.939849050625070959e+00
2.083664313188894113e+00 3.924950048971060035e+00 2.758713656882322507e+00
2.621671614654543347e+00 3.693846643882150893e+00 4.842848606772220066e+00
4.522882919270433177e+00 5.031864389232961088e+00 7.308901182334729185e+00
5.757036131340608875e+00 4.033840885512525176e+00 4.951063602466005520e+00
6.339958257425561072e+00 4.050997482486673462e+00 6.753947617169655082e+00
9.696357873103298886e+00 -5.097637540398244904e-02 9.650997595815709929e+00
7.690996527273486372e+00 3.996340725620564527e+00 7.683949810847952477e+00
6.998873739936101401e+00 3.785312505739415911e+00 7.340005510855274196e+00
7.500606371647142723e+00 3.914491730781200829e+00 7.963208754090887354e+00
1.019616531995621411e+00 4.055045917591135307e+00 7.288040090773649560e+00
4.403157499941874775e+00 4.165841856532350285e+00 6.064958493263345574e+00
6.171062371772711330e+00 3.319586297672463715e+00 3.852851255526509533e+00
7.080971872180768401e+00 4.169675717738074106e+00 7.244455046966956857e+00
7.053497724809362879e+00 4.645724969586066955e+00 8.213903426472487723e+00
1.010047116612641105e+01 2.393908944510814152e+00 1.149407804090881946e+01
7.512047507951397307e+00 4.097128050827501866e+00 7.821296549209032278e+00
5.569940369044234174e+00 4.183738239564334549e+00 1.591175012030300984e+00
9.626887051161405751e+00 7.780435914365681604e+00 7.311763779601674784e+00
7.117531797370523883e+00 4.335925976769436474e+00 8.736781735801912863e-01
6.925248221562767981e+00 4.503530441221550440e+00 1.057074695926592689e+01
7.658389589207756032e+00 4.023513326727911732e+00 5.594768102883099559e+00
7.349454940903354938e+00 4.375726225226300947e+00 2.592811153000258440e+00
7.424175759993719481e+00 4.091650673867630594e+00 7.897902403460935972e+00
7.956471574516148948e+00 4.343830937273284398e+00 6.490498807032556439e-01
7.531803495218813538e+00 3.932528615563308350e+00 7.866585362795325054e+00
7.551752284514931191e+00 4.051879360160519639e+00 7.755351124417883213e+00
8.130456634098891300e+00 4.262192465730874957e+00 8.207761249612520515e+00
3.382162507628750259e+00 4.436442128976270993e+00 7.811714952670341106e+00
4.970755371589837601e+00 4.048981925587701092e+00 3.579686836503730429e+00
5.387302123800036924e+00 4.235604255663531603e+00 5.778462622051632636e+00
4.956943780130180777e+00 4.557977982700707642e+00 4.087823783445178272e+00
6.033781983956953532e+00 4.209607500239052058e+00 4.832501362424585167e+00
7.613985074027016964e+00 3.089878987653890796e+00 7.876386086154516519e+00
6.609327214361607972e+00 5.303565942772415553e+00 6.061143213183448175e+00
7.027990728860597613e+00 4.388793905696924291e+00 1.228617679550443320e+00
6.522027259710823976e+00 3.891129755955592628e+00 1.114479180936655212e+01
8.584316035583848148e+00 3.922228626745027924e+00 8.258985909353308230e+00
8.208742050096592635e+00 4.334499016479855804e+00 8.848705015565727194e+00
8.461498815620242198e+00 4.242717685117409765e+00 8.920963892258734873e+00
8.315709114251749412e+00 4.176231656233383660e+00 8.389834671751547290e+00
6.485468064169720215e+00 3.832132360245636526e+00 6.459468799391908433e+00
6.542052832111876270e+00 4.196733938886377580e+00 3.501462446182222354e+00
7.988612948712875195e+00 4.732436936154384099e+00 5.909780010928400884e+00
4.951538547263705681e+00 6.048008177483494840e-01 8.223366742381820416e+00
7.351271171185505438e+00 4.461271729807774200e+00 2.398508863976064553e+00
8.156716373864099978e+00 4.099493621680784905e+00 8.125779582778760002e+00
4.818584442538105250e+00 4.173666956801602268e+00 4.550044458571759876e+00
4.957103099784488265e+00 4.383051257560334868e+00 5.724055360255660752e+00
5.369549004904079936e+00 4.304417926076451906e+00 4.730153314751992966e+00
5.257737660169858884e+00 3.982201631796073116e+00 3.878796987297282950e+00
6.955161427242097183e+00 4.374380886976018346e+00 7.482773494251018676e+00
7.172646613783880909e+00 4.233566228105141604e+00 7.332717415219686785e+00
7.359603896566056846e+00 4.338847218519672033e+00 2.307958426683175190e+00
7.516237955716299268e+00 4.002651674026147077e+00 7.870343534757470394e+00
8.879550318832858391e-01 4.440574540018099370e+00 8.098269761040018722e+00
1.491861801618191041e+00 4.374950918088859275e+00 7.308540467509047289e+00
4.605347752416836471e+00 5.692595003231688544e+00 9.162269997496743201e+00
5.911402836853442366e+00 4.599889140812142507e+00 6.369150572398045718e+00
3.446875634654384513e+00 5.968818970904911758e+00 7.870972794255140847e+00
9.062190746640432337e+00 3.100592907718958458e+00 6.093793823752645444e+00
6.608336907790643977e+00 4.251478137099654830e+00 7.401856239197302401e+00
9.500597267789148148e+00 4.495109558379133396e+00 -9.135452300960020811e-01
3.781684453770936649e+00 6.524295734237692379e+00 1.213570946924287597e+01
7.988441702616800200e+00 4.207167802587690630e+00 8.300833220193057471e+00
5.949786517493791393e+00 1.105532736252972015e+01 6.621797426994605829e+00
5.131513492026575030e+00 4.530293810271772692e+00 1.266149783486237190e+00
7.642238740192866864e+00 3.696481528154049734e+00 5.936112450072920765e+00
6.387108054624675901e+00 4.557688498674599131e+00 7.151568863252739661e+00
5.927262732692613945e+00 4.384385243246690322e+00 4.600987501782550559e+00
6.715650907327575858e+00 4.392285327316312049e+00 7.045220006717039851e+00
7.563285471713008690e+00 4.411186249680871363e+00 8.057595390272366487e+00
6.797642309767688573e+00 4.556582963148223975e+00 2.473182157642203727e+00
1.297352281159051657e+01 2.318720829280090712e+00 1.238280808682662659e+00
8.594408474879768889e+00 3.728196052202488175e+00 7.188616578863378237e+00
8.888683877891454088e+00 4.376724043470111347e+00 7.258316553093564494e+00
1.436845577061344859e+00 4.585583103842275854e+00 5.171914403377945391e+00
7.269958162174716243e+00 4.121131448331401437e+00 7.512009158248606155e+00
6.703812713097640597e+00 2.371590826050354650e+00 1.501413636815399322e+01
7.733367147585482826e+00 4.635207889298906814e+00 1.618459881483802487e+00
8.215782254222304459e+00 4.313162864888090198e+00 8.821897430027819453e+00
-7.027427838161921514e-01 -1.743007808228965061e+00 7.396775324894629300e+00
4.141291882416921588e+00 4.473965579468775822e+00 4.096182806675969346e+00
4.430968265441782350e+00 4.682846569513613666e+00 6.295188447897135831e+00
7.160291501459852270e+00 4.296993282860403163e+00 7.407064612006667659e+00
7.550918985585969523e+00 4.477391413072862925e+00 2.535890592407187949e+00
8.595356279964807555e+00 4.496327200441023741e+00 6.799711669190083185e+00
3.191637499321879901e+00 4.845936933703431038e+00 7.854530700204779947e+00
6.495447009832991725e+00 5.004132114072105786e+00 8.677552619206416296e+00
7.330443562377348066e+00 4.914578933987929332e+00 8.219376835153870076e+00
7.358188045686897993e+00 4.488226230632378133e+00 7.902295018010899952e+00
7.414392012375831342e+00 4.654613272882532016e+00 3.267446747308027089e+00
8.035546490173853584e+00 6.434816107494147452e+00 2.366218274768399077e+00
7.724094737223923701e+00 4.496291155724455813e+00 5.651584826816863583e+00
8.799729527521019889e+00 4.724526399555958101e+00 8.121798844738653544e-01
8.548959100355848051e+00 5.221500523911291936e+00 6.487485928097302512e+00
8.668329421901272980e+00 4.454238746355611234e+00 7.591867252089530282e+00
5.830239151540215659e+00 4.669337872358278574e+00 6.271113882872600520e+00
7.157851611159736116e+00 4.833150236932125310e+00 7.987957809367044248e+00
6.995246618594199717e+00 5.037494427849352086e+00 1.364962975556135660e+00
7.100554651604679357e+00 5.000808191322006380e+00 1.377394870983726705e+00
6.958842881072031972e+00 4.710109043933727868e+00 6.753693568483648768e+00
7.428288254405106983e+00 4.478753170707160614e+00 7.970726031411880186e+00
7.578911204403112833e+00 4.801532134246206063e+00 4.246345144893410861e+00
7.827470686301149172e+00 4.109669965396840041e+00 8.001311700442158781e+00
7.673254326638113909e+00 4.288301369632287141e+00 7.832814164794460687e+00
2.479320855388678080e+00 4.963486751677110398e+00 8.059398804456696652e+00
5.551238440435312782e+00 4.802615289915316943e+00 5.290681995979346297e+00
5.640073422237167122e+00 6.055490950742293599e+00 5.762756214210003947e+00
6.489177356775611472e+00 5.010276437699277885e+00 8.800849968273880108e+00
7.651247909749419485e+00 4.545797620130727523e+00 7.620359079450182094e+00
5.981148190684876020e+00 4.665677480861405435e+00 2.796607543132062723e+00
7.153725693300546418e+00 4.466862283492770480e+00 7.831131269900035718e+00
7.011263595053132569e+00 4.522467139542104775e+00 8.051424510072532570e+00
7.831729649854207054e+00 4.096140808299606917e+00 7.993981124341164701e+00
8.594109659480924535e+00 5.154692096612111030e+00 7.278550547918705149e+00
6.802068929910284112e+00 5.178021814935359401e+00 1.012946308782740390e+00
6.953074680397898888e+00 4.706751718181248378e+00 7.823140011042116981e+00
8.113068022197696294e+00 3.935704602501161276e+00 6.204995234808372118e+00
1.906479836205605016e+00 4.900050778619837288e+00 4.165813476509703683e+00
2.975906161956404894e+00 5.139827684009797615e+00 8.652105103090210747e+00
4.933033130635977592e+00 4.868793415669638414e+00 5.607142554392664735e+00
5.600954812523367465e+00 5.052302512281105606e+00 6.880201888263572929e-01
6.203304948497457616e+00 4.969133939758560103e+00 7.480539562342989335e+00
3.066511705358710316e+00 -5.206174996770148944e+00 4.231777716529299127e+00
2.883590498238843836e+00 5.148900477669380749e+00 7.113862875561752119e+00
5.301962861132420990e+00 5.057648471168469939e+00 6.020563607204592493e+00
5.596556731031407494e+00 5.010963713340927050e+00 5.817423936952592634e+00
5.481118592312562932e+00 4.905536681495654250e+00 3.915383597523954151e+00
6.392123854876213151e+00 5.053206774297387405e+00 6.807602569685768046e+00
6.761561584880720233e+00 4.884227385198510518e+00 7.662834683239939437e+00
7.059835118576756940e+00 4.785836745628488487e+00 7.737924669087285601e+00
6.721790333626190161e+00 4.796578856476499730e+00 8.519931776053487837e+00
9.288867871048040570e+00 2.066291069244941880e+00 -1.132044175793190527e-01
7.177387460105905781e+00 4.896710351952876294e+00 6.666663130129945714e+00
5.110783284543489735e+00 5.500402717547111742e+00 8.938061476860877264e+00
5.769805292700534771e+00 3.831737150418247140e+00 5.135863006095117811e+00
6.052893725662491065e+00 5.312833908737534472e+00 9.022663309205137594e+00
7.772959279285356793e+00 5.436088122551606894e+00 1.229550440973354197e+00
6.461506233955320866e+00 5.171683010691811688e+00 8.422556554091334746e+00
7.408441863257046123e+00 5.207800704476824194e+00 4.940418615015953918e+00
7.363695352460842614e+00 5.372689961738910114e+00 7.397249197657964626e-01
7.591296396744935393e+00 4.757793979929357597e+00 7.798812275761294543e+00
5.421764571525352849e+00 5.051539301499600398e+00 5.476314516890600004e+00
1.288742549975588503e+01 -7.440396354162002623e+00 -6.734668475236761154e+00
2.895902142161519421e-01 1.784918568737143829e+01 2.150083674517711074e+01
6.857267067160993435e+00 4.722567621781061931e+00 7.566457708334464627e+00
6.944009042043910895e+00 4.718537300762486453e+00 7.797472793980404937e+00
7.052250402511744731e+00 4.889719114928741561e+00 6.606023006416769761e+00
-7.725471626610961984e+00 1.057124443605205499e+01 -4.595857322304087722e-01
7.083767255486614012e+00 4.544476781417594147e+00 8.078377991197653429e+00
5.668763941759400460e+00 8.448303910434933783e+00 1.834174211927948273e+00
5.352891508496331774e+00 5.703189918039639039e+00 7.973884263821195084e+00
5.326043916602529293e+00 5.889679207807006378e+00 8.069268121802194216e+00
5.796235104937512261e+00 5.289430892945219398e+00 4.529153270449716828e+00
7.136221503308492586e+00 4.401982128854249332e+00 8.072325385117007812e+00
5.177974415337934566e+00 5.567684051743920115e+00 9.139802051964828422e+00
5.434179781936814280e+00 5.155631162780906607e+00 5.936519055744564177e+00
6.468643057384745987e+00 5.311444568861039883e+00 6.997779401609664163e+00
6.877356267117571420e+00 4.477633030161722871e+00 9.275636740273785819e+00
7.085203485618203345e+00 5.496139747450937918e+00 9.652362542016641456e-01
2.203006505555251238e+01 9.472363820481355390e-02 3.284381566425928156e+00
7.197813898904135144e+00 5.427966160635010695e+00 7.589120739600576648e+00
7.035880941293371826e+00 5.006269915444384822e+00 6.652977165917455693e+00
7.491603644665568495e+00 4.870436415842629430e+00 7.566965532561363617e+00
7.859703279855050795e+00 4.970343118836462182e+00 7.257061948035003596e+00
8.355273065749045713e+00 5.065533484060840586e+00 8.794430208304424568e+00
1.230167374956919080e+00 5.384080522044248696e+00 5.793156714636564786e+00
3.058660421812482433e+00 5.400913699635161436e+00 7.233425168409993056e+00
5.312625398472165195e+00 5.923666247457112455e+00 8.048200664954043404e+00
5.774755254646949609e+00 5.307699797590492707e+00 4.591003566106127920e+00
6.603338499955129670e+00 4.515717272470855193e+00 7.077865398071179648e+00
7.118105290604949786e+00 5.420236465054125041e+00 1.109773340725682678e+00
7.416267169362038558e+00 5.263193434698044904e+00 8.453767602187797214e-01
1.303431664043208649e+00 5.541283419825715484e+00 6.607991409873021027e+00
5.302014013214486177e+00 5.408033379630135862e+00 3.234694094756830118e+00
5.241607556902865284e+00 5.901089574317358810e+00 8.592401435707017754e+00
5.336665393920492662e+00 5.633520884587532862e+00 7.918937646904808503e+00
5.039009193394133490e+01 -2.837128081402863344e+01 4.266049011712367189e+01
6.905036387230364170e+00 5.920553063798719151e+00 9.943847077787632216e+00
7.056507335506109868e+00 5.479638591139434745e+00 9.755736684633165012e-01
7.158841507356411782e+00 5.321285343512505150e+00 1.324224291577536849e+00
7.612545355839465344e+00 4.776626193244349672e+00 7.707217073978467781e+00
3.771689795419431501e+00 5.675963747397523740e+00 7.927158812294686996e+00
4.174500430897268188e+00 5.570174560089402149e+00 6.294281395520645361e+00
6.399114810920769614e+00 5.588688563769849793e+00 7.187909333440972048e+00
-3.690467331895493430e+01 3.990091105018295536e+01 -4.077536980279644752e+01
6.807462536263638953e+00 5.112503531264536605e+00 7.810833220015044986e+00
7.913428451438281996e+00 6.418236667790742978e+00 4.538465837983149953e+00
7.519756840904495476e+00 5.396837615251209641e+00 1.026120160561747596e+00
7.377562293475287802e+00 5.713842517811267285e+00 5.275265408908790477e+00
-1.039805198130522079e+00 1.262233025876038717e+01 7.550306812845279936e+00
6.429108345810773173e+00 4.777085211039955759e+00 6.532166911068335580e+00
2.653326536317042184e+00 5.649651309508632480e+00 7.319387832010294304e+00
5.389306133012276234e+00 5.476820191239259117e+00 7.924503374414005208e+00
6.213781778780316678e+00 5.742969390195666435e+00 5.739418720680085073e+00
6.223987329225594500e+00 5.759938517777042577e+00 5.773900775037846600e+00
6.503368793102525025e+00 5.791463533695523580e+00 5.337978149615596024e+00
8.770715873967951381e+00 5.717651913552288079e+00 8.903448611053127459e-01
1.162644924364474974e+01 -8.091211382320163681e-01 9.852716251276357085e+00
6.112811275775166919e+00 5.956522361982402813e+00 9.196905491744442607e-01
6.343997999539291222e+00 5.637655400560831254e+00 7.178805655411152564e+00
6.774443107062134040e+00 5.849934502617299081e+00 1.100244715398783324e+00
6.832163236685593333e+00 6.801468290820017693e+00 1.055247012353206726e+00
8.941598538217959913e+00 8.043580484205968162e+00 4.641922153711139365e-02
7.262556587711081590e+00 5.992373430454266625e+00 4.744985475400577357e+00
7.781461616716667251e+00 5.258084282154538158e+00 7.625276663944679179e+00
7.770253550992158864e+00 5.192215586334575583e+00 7.621943523884025851e+00
8.477522594266995171e-01 5.859255746333360548e+00 6.656154648105705007e+00
3.193227281828331598e+00 6.015594392351893305e+00 8.973645497006552674e+00
5.312496953120128929e+00 5.975764733542169083e+00 8.330496102831009608e+00
6.129941283256993501e+00 6.448677688578245970e+00 9.089287390397430499e+00
4.478648203192001631e+00 3.432446444685250952e+00 2.004989998817855668e+00
7.329545118268079307e+00 5.959847776780144990e+00 4.709397736997527062e+00
7.125003749859385671e+00 7.429424800449035082e+00 6.478578572960216775e+00
6.359311263351023591e+00 6.098913677015312729e+00 4.731093028154273128e+00
7.759826890451803294e+00 5.909822682807506666e+00 3.443473613920927878e+00
3.924790334096227795e+00 4.696815978708054118e+00 1.025742982413885329e+01
6.630961994286661110e+00 4.784862099647483547e+00 2.358519975759447274e+00
6.695198175202909496e+00 6.060285825651149594e+00 4.850105987546610820e+00
6.856869260871371274e+00 9.212016367330452482e+00 5.956440067923047366e+00
5.696630041503700781e+00 5.624957081433748840e+00 8.408011669062251059e+00
6.528584280371838133e+00 5.955478190034201980e+00 8.077862521564084020e+00
6.881623187521406670e+00 5.740690443706227164e+00 1.201560566766042726e+00
7.416817711051689521e+00 5.882895457326923427e+00 5.039864982745335453e+00
6.829625158386927186e-01 6.293172423898122148e+00 3.342466270980675169e-01
6.339014267291969595e+00 6.122929343657984802e+00 4.704230647725096581e+00
7.101119467105788452e+00 6.030933091668513768e+00 4.402377610741416092e+00
7.007955355526050312e+00 5.826281360234075279e+00 7.772197516762094693e+00
7.812945080983366708e+00 5.800848068125228352e+00 7.086314359288838460e+00
8.626429991936989339e+00 6.223968907484457525e+00 2.134603118013576051e+00
6.473021686566806210e+00 6.407905587724532559e+00 9.828961381315113321e-01
6.387418234396541550e+00 6.522048745657794022e+00 6.950307684005878173e+00
6.321335606892573900e+00 6.140221748378842825e+00 8.708177864582548722e+00
6.520377695247674410e+00 6.067259926676223714e+00 8.726305587317767731e+00
6.825357132211383515e+00 6.179992163888029744e+00 5.451596471786444020e+00
7.327177979985318501e+00 5.998754640022864848e+00 4.904525790641501182e+00
3.663797294588919229e+00 6.413057871749771266e+00 5.162993098611119436e-01
6.207982744084009852e+00 6.306840285944475433e+00 6.208936069282100512e+00
6.607618262418689881e+00 9.427336593504589857e+00 5.793611300117065710e+00
8.220709272575846827e-01 6.461725689594443267e+00 8.118907228616899729e+00
5.276409043095537044e+00 6.515401776669576428e+00 8.246275904126436629e+00
5.812894185459639651e+00 6.597996825411152066e+00 7.960988430409591032e+00
5.081017525397869328e+00 3.139232409074752539e+00 4.805928410002097806e+00
6.357255529773308211e+00 7.398507653113862048e+00 6.001165056807190368e+00
6.353505122544901518e+00 6.277766171978845122e+00 5.863055512814243642e+00
6.718194463812743322e+00 2.895805406003211679e+00 6.834406858182388689e+00
7.204864359562073162e+00 6.254687223927954065e+00 5.028673605908908328e+00
7.668796681229904877e+00 6.011762998342558006e+00 6.797843378654302882e+00
4.955386548926504986e+00 6.616645486850886826e+00 6.386239669646089467e+00
6.264976519175301739e+00 6.442222159788201452e+00 6.804684842034731673e+00
6.155750542531913894e+00 6.491731337031617421e+00 7.955001741850875163e+00
6.189417241540163594e+00 6.461258537596129337e+00 6.918575400490057703e+00
5.512306009290714570e+00 7.397354570868163393e+00 8.878788302159282608e+00
6.355093229997049953e+00 6.555564324501800932e+00 9.253062421907303214e-01
6.025592955476444246e+00 5.054680003857125570e+00 7.620691256885094411e+00
7.431420768712620806e+00 5.962253971375645278e+00 4.536275834578500366e+00
5.072276773532989225e+00 6.919124612019201592e+00 7.456249904143318119e+00
5.814942991458804222e+00 6.731104632042224978e+00 7.079646755490387466e-01
5.914081799703208020e+00 5.766461241108375546e+00 7.647786369448136057e+00
5.674465057415464031e+00 7.773344462391309051e+00 8.480289446650838059e+00
6.231662447941622496e+00 6.658926912911567797e+00 9.585517961265374032e-01
6.318416893268388179e+00 6.503800361520580608e+00 5.225422925027706000e+00
5.200831159704267570e+00 6.960145759367230234e+00 7.766864764370923879e+00
6.098343632428207428e+00 6.993079269184743652e+00 1.004583145084454898e+00
5.909369056357264505e+00 6.577728848888483526e+00 5.870034964434111657e+00
6.370512317686323200e+00 6.607572510105145014e+00 4.438947131032838556e+00
6.341487651044431573e+00 6.495200861181132268e+00 4.803847397634401162e+00
9.237286219318573188e+00 6.739239030110285356e+00 1.302953643472773093e+00
1.145319702476653934e+00 6.787213252855672785e+00 6.254243725532191434e+00
4.520397666767216549e+00 7.095469597649077365e+00 7.484395643515524554e+00
5.678314299863665759e+00 6.741640214674896825e+00 6.012520877705732403e+00
5.762336049528435034e+00 6.810358175804167580e+00 8.161285374168175011e+00
6.175473298837670377e+00 6.584459602536868239e+00 4.504288736245187330e+00
6.392550530839702816e+00 6.323705858601026186e+00 7.065740557013226564e+00
5.617170107677662116e+00 6.144131352642394184e+00 7.848971595305425097e+00
5.686777354133399243e+00 6.269075670242449938e+00 6.646518831640818803e+00
6.658286718924529168e+00 6.465391352582527951e+00 5.404400588803179417e+00
-3.675400457251317476e+01 4.371802406699268317e+01 4.472799682172112057e+01
1.548225340090994440e+00 6.918566233850234504e+00 7.585223787621270475e+00
2.030611212891406225e+00 7.081295011870820666e+00 8.817049406067937412e+00
4.757343666086764067e+00 6.990258757310286342e+00 6.711370400414879533e+00
6.988542204312013340e+00 6.996791938753638362e+00 9.611643185138797563e+00
7.150684612562726805e+00 6.722088440085308925e+00 3.957490001725785689e+00
5.104885255882673789e+01 -3.047433364519442733e+01 -2.905567389951895763e+01
5.988641405131661655e-01 7.027330542836470073e+00 8.988355983800421001e+00
4.997523630175796150e+00 7.126768637614930846e+00 8.125062451772315342e+00
5.728982234907546101e+00 7.000410971688456385e+00 6.936655502189621458e+00
3.425910887909817681e+00 7.231710487889870365e+00 7.195004288547066196e+00
5.786654172315594202e+00 6.847858224097365110e+00 5.621696265385988767e+00
7.731855767053660955e+00 6.506949687850322128e+00 9.303455357706983619e+00
5.705186738418937864e+00 6.924389764847585838e+00 8.680919155283865152e+00
6.186124031059137884e+00 6.474543053823046179e+00 7.954037965622699602e+00
6.400891862614048300e+00 6.544525008267709332e+00 5.380976599449498465e+00
6.146398988016864351e+00 6.617230648448196639e+00 6.510391607500593203e+00
9.015415278469991023e+00 6.937295769087023167e+00 2.153284294002620669e+00
4.661217515153009749e+00 7.476470504406681705e+00 7.400386593834534565e+00
5.003595801755990280e+00 6.942957107361241498e+00 4.277073535713841856e+00
4.493873820738425451e+00 7.833813224726798197e+00 1.459453084135860168e+00
5.665895326309680513e+00 6.820622816876527494e+00 8.346223057153546065e+00
6.248491408185872231e+00 6.788683237108745772e+00 9.915801580808248916e-01
6.130203320828869096e+00 6.613771588090569864e+00 6.733698461290709147e+00
6.100195378449145167e+00 6.399150546877129919e+00 7.920474848761973163e+00
1.720651870032929409e+00 7.081077838004949498e+00 8.844379677775537019e+00
3.706878260673618808e+00 6.617150047794018164e+00 7.478572865932981983e+00
4.661576402257247231e+00 7.242847031127858770e+00 1.504402859083480593e+00
4.977296390434032602e+00 7.176516707240532256e+00 6.723759016116641618e-01
5.035401881718778228e+00 7.668800967878846464e+00 7.220649521219918654e+00
6.860053536814909592e+00 6.244486724594723981e+00 8.152199074396125900e-01
6.048863791191322115e+00 6.888913162484001873e+00 1.091593376901932588e+00
5.663841372975379151e+00 9.965607253724753534e+00 9.196323608386684612e+00
6.633196077428451076e+00 6.633908741201619996e+00 5.181841225413117868e+00
6.401719747639611491e+00 6.505336570294884879e+00 6.851916828666195336e+00
4.619639726041407712e+00 7.440094898422057845e+00 7.395158157059290360e+00
4.577488859847125724e+00 6.998222760224534156e+00 7.580038787466730099e+00
5.120675829269319301e+00 7.245148893751556685e+00 7.827916066190800493e+00
5.855217761876619242e+00 7.046650723913663761e+00 5.188819951400896358e+00
5.508384769245460610e+00 7.110054905788015134e+00 7.398524710882075084e+00
5.933293473206962432e+00 4.025931703640362791e+00 8.492344281614485624e+00
4.956568210707029465e+00 4.569139622308270310e-01 1.155563199645903794e+01
4.312251609018606380e-01 7.407774744907433373e+00 4.458732728657831546e-01
2.150115748658846027e+00 7.276145629330128983e+00 8.584351788396897831e+00
4.535044233223011645e+00 7.421788209019836380e+00 7.543495371176059727e+00
5.270519882288406954e+00 7.388064349443576262e+00 8.271375655949810834e+00
8.132304173610311437e+00 1.419721078131514247e+01 -1.029523909466460019e+01
6.516509625955040796e+00 6.818376389286314065e+00 9.239256402587797679e-01
6.291432976416090561e+00 7.355750336901357933e+00 1.164763059580028681e+00
7.311134760928156062e+00 7.059575953281151506e+00 6.316968193207863180e+00
5.369890749713150058e+00 7.459058362585997415e+00 8.236046076628401380e+00
6.989775652957043839e+00 6.717322012703861311e+00 6.943404211227921508e+00
5.991436993417631030e+00 7.407230297037077804e+00 3.145138932916935026e+00
5.758219012821061078e+00 7.118520133500670255e+00 5.456217008296227355e+00
6.132812381163669002e+00 7.089852990189806192e+00 4.619252143427110546e+00
1.496842331655929392e+00 7.431925803060939195e+00 8.089733515617878012e+00
4.120896947382291842e+00 7.631343519502701511e+00 1.391928780927561560e+00
5.219339217724351165e+00 7.779418454193372412e+00 6.899841974452073146e+00
5.715960330170766213e+00 7.256673109534028221e+00 6.806964540976994549e+00
5.033397943105409666e+00 7.591577243752246851e+00 6.786382817440515858e+00
2.536310156365198409e+00 8.167348517495803151e+00 1.093387634209451953e+01
6.062871865216061806e+00 7.028261346255614939e+00 6.292934050850808703e+00
6.086582689242661104e+00 7.053199502261925602e+00 7.995548648482170506e+00
7.015033987240862245e+00 7.330265452028291939e+00 4.279616624539175795e+00
1.876661854616409286e+01 9.389134454695378551e+00 -1.812674012348812980e+01
5.160400947372692393e+00 7.904066182839670773e+00 6.802686285862138860e+00
1.650452527723108354e+00 8.976681781194159271e+00 1.059415555549117904e+01
5.210623043605325577e+00 7.584525458691674160e+00 7.040362690577419258e+00
1.033410982519439436e+01 7.088854274694774027e+00 2.354428107069973519e-01
5.222851452174987585e+00 7.469632385305512656e+00 8.102424071161488328e+00
5.221125387664942608e+00 7.673733756513237303e+00 6.161813001957828773e-01
5.356804048006148733e+00 7.767588626491773951e+00 1.837024513203212361e+00
5.692657887704264397e+00 7.358906119687480540e+00 5.526848693052739847e+00
5.205945134128498353e+00 7.455288687283696980e+00 8.196868754657494094e+00
6.227072328220867092e+00 7.481254737729585713e+00 6.349776304236722346e+00
6.155505407878819391e+00 7.478643887670845203e+00 8.810773917541409261e+00
7.066837059376993579e+00 9.817480747520278328e+00 7.466488303933152437e+00
5.379049975294855068e-01 7.931293455900928713e+00 2.308625013449178809e+00
7.100105393201181059e+00 6.067327338472461307e+00 5.328934005764477178e+00
5.203585931434434819e+00 7.678539893652781778e+00 6.954502023144645051e+00
5.236643164242896553e+00 7.297789396357131864e+00 8.008397920483993460e+00
9.271562231417818101e-02 8.268314182806633994e+00 1.227742525123400696e+01
5.165037655742592548e+00 7.392288357743631799e+00 8.261638236814553338e+00
5.119727453731466760e+00 7.711471386541584039e+00 8.597897498034777541e+00
5.868643608780087284e+00 7.430153979507155171e+00 8.730951675532303113e+00
7.314023252216713011e+00 7.284305140125857392e+00 6.404426519424731623e+00
4.920755880772679447e+00 3.546380679479889331e+00 1.118381462642787127e+01
-9.988927663101971888e+00 6.001047161598490831e+00 3.401921924423297128e+01
4.242697245466394484e+00 7.872183829027298074e+00 1.209582260436628864e+00
5.108390643649289409e+00 7.770691616463116347e+00 6.928414723273363052e+00
5.045569526810845140e+00 7.628137601869864781e+00 6.621534419441766239e+00
3.846190622299923589e+00 7.848709104112231216e+00 8.434136461045365962e+00
3.968982683869632933e+00 7.890905544471907618e+00 1.299672487931063714e+00
4.420595986263775146e+00 7.796783448682260698e+00 8.547668633054644971e+00
5.387512560884678336e+00 7.867273371838949814e+00 7.094201688097744096e+00
5.160019473681925817e+00 7.705264754346211831e+00 7.762001989917830969e+00
5.700477083576613069e+01 4.609360507470442769e+01 -7.945035072038304236e+01
5.831911782365008179e+00 5.067265403535667900e+00 8.516060622958702808e+00
6.067459511068735711e-01 8.036881810419210126e+00 6.563347132329395706e+00
9.560354649301303631e-01 7.986237753956970664e+00 6.584100804343771429e+00
1.404188328417393716e+00 7.936637647227271941e+00 6.612901917663617013e+00
1.608019185770999782e+00 7.966604384555932228e+00 6.384477176653539310e+00
5.414846641456199983e+00 7.619620904322800925e+00 6.732979699951389563e+00
5.446869182077593408e+00 7.614789219710525359e+00 8.459769045551340128e+00
6.089041321642024940e+00 8.160370264616753744e+00 2.086729756876574804e+00
-4.483234358077174875e+01 -2.999042996070446776e+01 9.238238740433902763e+01
5.906910415224043476e+00 7.448841552795881782e+00 6.438072567849901340e+00
6.536400534482147862e+00 7.980063608918776197e+00 3.496058124809322543e+00
6.590922186197118116e+00 8.124138182643228845e+00 2.533930162935736696e+00
9.133323708867434831e+00 7.857721384551464183e+00 7.358534781163009519e+00
-4.233135817477951535e-01 1.235703773857120957e+01 8.029419351941454508e+00
2.968248259712352954e+00 8.099256768922103333e+00 4.340537108562507740e-01
3.278394250275908028e+00 8.007820318080657529e+00 9.079705965435467263e+00
4.885211324574273206e+00 7.354036575319215174e+00 7.108520845250755116e+00
5.827942271675606634e+00 8.092138324969425867e+00 2.398803016335059990e+00
6.056525378339225441e+00 8.053632140057196409e+00 1.192148661544174537e+00
6.317086634493884745e+00 7.667300829304945609e+00 8.785428031243109004e+00
6.241238890547545770e-01 8.089776160718528786e+00 6.702523425567356696e+00
2.581954493381547699e+00 8.163558834896182503e+00 3.407452418696793606e-01
5.282884312613375322e+00 7.790006708882495801e+00 6.794486533597281941e+00
5.223491614015184581e+00 7.702150744027990825e+00 7.739214518888038796e+00
5.338813357895288547e+00 7.882914300369487037e+00 6.707594643256166833e+00
5.104578978174687975e+00 7.696623090251362598e+00 6.849694896388713872e+00
9.419232489355627180e+00 8.148827181463385472e+00 3.097577099606826145e+00
5.147163154581098077e+00 7.646696955809717977e+00 6.501767329268246520e+00
8.840861105605158698e+00 8.041775851340666748e+00 7.056861873282729292e+00
1.191427423447906753e+00 8.268559968915985436e+00 8.752171596250274632e+00
5.351723418334989546e+00 8.009511175174365505e+00 5.452847698001149546e+00
5.305525949746350278e-01 8.570601032519247653e+00 2.912746813208876961e+00
4.436544603923670671e+00 8.106017420089164816e+00 8.927906069681132095e+00
4.805274829969984118e+00 8.072674963478171151e+00 6.373714354079255351e+00
6.186592802387863799e+00 9.738428547122882861e+00 7.750041484112626833e+00
5.386102753880219751e+00 7.833256573512914045e+00 8.445993434827560264e+00
7.491870815776804804e+00 1.197534921738775893e+01 3.227786255837358453e+00
5.092300907938888344e+00 8.872105126889056947e+00 7.934549519138251128e+00
5.466444060079337142e+00 7.949091472399048897e+00 6.863770986714234468e+00
5.244525750198609337e+00 7.813078017175159928e+00 6.505553859316584919e+00
4.720942977133686824e+00 6.294661387719539647e+00 8.395216427272305992e+00
7.363989441852258011e+00 8.877063513239768611e+00 2.424255831024972885e+00
5.359070866811076472e-01 8.612515049698352243e+00 2.648830121380461033e+00
4.086541483457638790e+00 8.498493351253383565e+00 2.481424923961995432e+00
4.189233710513995845e+00 8.538156897354845398e+00 4.027517671710045377e+00
5.261510933424236036e+00 7.861024965225476890e+00 7.365971313437270851e+00
4.320639002154510244e+00 7.952539910940306100e+00 6.989392430418716273e+00
7.572025656397742388e+00 8.385264755514635127e+00 4.034876384941076921e+00
7.501425664989537445e+00 8.661172091496151637e+00 2.100210711127144858e+00
7.923576000776968442e+00 8.472222784187351863e+00 3.800649752524757563e+00
2.832028498484268297e+00 8.464378744222138096e+00 6.186861696521636311e+00
8.962079422481831870e+00 8.936134050545128105e+00 2.621105994004521378e+00
4.484910485049030449e+00 7.428891764586033730e+00 8.271618019072841221e+00
5.785161374107092414e+00 8.756221909337892129e+00 1.768816647111450369e+00
6.241588465179848555e+00 8.551424921107122046e+00 2.674989234536945926e+00
6.533334738985106860e+00 8.389055690175352353e+00 3.402730293988196042e+00
5.434934034137313574e+00 5.163151466926066746e+00 6.288339137469738382e-01
2.487726472945481326e+00 -3.015889241757862038e+01 7.609282553068876354e+00
5.285565938409497733e+00 7.945445489201251377e+00 6.787100817106114903e+00
5.930208386232028950e+00 8.353826210315080658e+00 4.990056634849096007e+00
5.892174614356145312e+00 8.260937737790417401e+00 7.214705419336011616e+00
6.306524476465588336e+00 8.360241705342692953e+00 7.631123133277688098e+00
7.116622908008803705e+00 9.060567526631567503e+00 2.453880873897846371e+00
4.782091835332651364e+00 8.382008254238831668e+00 7.488369493386658249e+00
5.406585327324698653e+00 8.943831840253423593e+00 1.320030167571037749e+00
5.165025830378851879e+00 8.198725858265072830e+00 7.914031472889684338e+00
5.608940598428968194e+00 8.409418523500805875e+00 9.083205765130108134e+00
5.942449907761636396e+00 9.939546675573701862e+00 3.323689211718463987e+00
8.053408501954717025e+00 7.934056033460898050e+00 1.777637552723960734e+00
6.572668395916191564e+00 9.824863633899990845e+00 2.773290279908957601e+00
-1.200435760928457163e-01 9.469034147365485765e+00 3.241106106310355894e+00
1.281140532838493273e+00 8.304946157691986741e+00 3.456801841024914612e+00
4.607764772424202349e+00 8.347492975029842555e+00 8.121225079351148679e+00
5.682920769085400003e-01 8.506937752413090692e+00 -3.704311269996187761e-01
5.511950545033247550e+00 8.361938159826520334e+00 7.923828827797526841e+00
6.719415708724334024e+00 7.376954374059288000e+00 3.121930191497448437e-01
7.647501572261402814e+00 8.533781760464865584e+00 7.489747066818440935e+00
9.122834385313412398e+00 8.815824086561633521e+00 1.523157746958382575e+00
1.616135248024466620e+01 4.753738220217155686e+01 -3.226629375560009505e-01
3.053335610297422065e+00 8.831531864556486866e+00 3.500856484744654828e+00
4.056253988326508519e+00 8.661392670287058948e+00 4.051880673261996968e+00
4.556443905322844046e+00 8.526422829111835355e+00 6.942457891224324662e+00
4.793067308962339013e+00 8.516882064222174975e+00 7.459774101206230412e+00
5.441595668303809141e+00 9.032627758522346895e+00 1.514328688692399449e+00
5.647105423326530982e+00 8.368333875748389161e+00 6.483990004820796571e+00
5.819653384400927720e+00 8.396921487685979457e+00 8.338478903166297584e+00
6.303123809824287882e+00 7.292890478561735890e+00 9.292358977954490840e+00
6.516771452601842540e+00 8.881555496443654718e+00 2.357115639695519960e+00
5.744237168489771506e+00 8.118881495242019852e+00 7.545162403266939322e+00
6.769187569350143541e+00 7.480945193947903249e+00 1.717555284833610418e+00
1.903755051930217945e+01 6.190464955604927155e+00 1.740941556448999705e+01
4.387918300483232059e+00 8.638305476406515027e+00 6.197361993674642910e+00
5.531222009179731280e+00 8.317250453708476599e+00 6.905236714523653063e+00
4.022587836937657535e+00 1.088252518929162704e+01 8.461910142461794848e+00
5.502126101753303189e+00 9.902362582037200767e+00 9.068284152716627133e+00
9.873510594070534552e+00 1.184122476707568161e+01 2.874502205399774191e+00
-4.336334005278004611e+00 1.167937289100613896e+01 -1.298372020482113598e+01
8.509838569130563357e+00 8.735204168966689053e+00 7.534103031802942496e+00
4.172996697647937125e+00 8.767529076356332496e+00 6.096038220849507638e+00
4.629662176291599707e+00 8.916121659856601767e+00 2.299129145708297628e+00
5.600204221522545822e+00 8.929061834976250722e+00 1.058004511807331571e+00
6.134914287222978935e+00 8.895120410587610493e+00 2.013221980074375139e+00
1.263246810106507567e+01 1.038449457055082803e+01 -5.459699602486112191e-01
-1.077059022915459519e+00 6.977748636234549551e+00 1.366377160345640362e+01
7.248507870003379594e+00 1.071987147119898154e+01 3.515809186299584610e+00
7.469728243639239373e+00 8.931130280328757109e+00 2.646040467966535026e+00
7.802895347461909381e+00 8.793086167347603066e+00 4.315457393665466768e+00
4.161023844901092783e-01 9.158420525115802846e+00 2.365796502507196752e+00
4.329973484943729467e+00 9.006817914035094574e+00 9.926327628888388377e-01
6.242416423791279811e+00 8.832571171908838892e+00 1.924267129162780199e+00
6.979681960106693950e+00 5.958599552533163646e+00 7.401218289770463699e+00
1.710137629372107781e+01 -1.425338055899969092e+01 1.628491938816375750e+01
6.214172967711840911e+00 8.826465846057059750e+00 4.334557713346578467e+00
6.591930118997410659e+00 9.029443337783405354e+00 7.430312228877365754e+00
3.578072052115151003e+00 2.757121658279848120e+00 7.073602115975868188e+00
9.392882551591251072e+00 8.997146277506244516e+00 6.350817514684588438e+00
2.574800158954889007e+00 1.167851709561515605e+01 3.585340954100093125e+00
3.510413493027980891e+00 9.040113570186115055e+00 9.313550978028064975e+00
3.801128794849630843e+00 9.035095462180640524e+00 4.920182762159339696e+00
4.347521993824542186e+00 8.861328575547950948e+00 7.378570389633363646e+00
2.306111495221941610e+01 1.020431199810064626e+01 1.943618918198654555e+01
5.427039410749561199e+00 8.901065055840977180e+00 1.542773857604773591e+00
-6.200763210458465124e+00 3.239652024361606664e+01 -4.917105370678610754e+00
6.242986826264933065e+00 8.902192188397499706e+00 2.233913023769382722e+00
3.204969115563315540e+00 5.728214339185683457e+00 6.612263870995295001e+00
1.060736094885684011e+01 1.490618323064007811e+01 -2.428468259586729072e+00
-1.447012754836822879e+01 7.806207798488383531e+00 -4.410581867101450726e+00
7.337700845528223326e+00 8.912119851354725952e+00 2.521456530287747633e+00
7.270285597043263159e+00 8.927606967744777577e+00 2.438039728273603934e+00
7.912220806963466302e+00 9.104466325378975711e+00 3.145691384225127951e+00
4.902821528511548621e+00 9.516761935251755844e+00 7.800999431756544311e+00
5.064686695133530314e+00 9.007939149578142235e+00 1.227903114871678358e+00
5.221663712209813291e+00 9.135503454328135930e+00 4.258458571958911421e+00
5.163132677099496526e+00 8.680116467416542747e+00 9.889100888930679734e-01
5.854321095660184326e+00 8.848709357171603784e+00 1.773204664547520792e+00
7.383349712060205405e+00 8.958785618710296106e+00 2.446938784696189639e+00
-6.770860293437488409e-01 6.841189351698840682e+00 2.679262712005209934e+00
4.522008117513207637e+00 8.862844049561925175e+00 7.944864203254072166e+00
4.323066110632708181e+00 9.110792656035837211e+00 9.291136648158831335e+00
5.157871941343272759e+00 9.217829386748384479e+00 5.031081321431200237e+00
6.559571922633990582e+00 8.953985088836866169e+00 7.412048347801514225e+00
6.944621896359136848e+00 9.069214926699819657e+00 3.609199330459197164e+00
7.134576736153774412e+00 8.836029276658241116e+00 2.335718280658043877e+00
4.386676478616180042e+00 1.271296252147267580e+01 -2.635843585337389189e-02
3.548786502455727021e+00 9.232492126641025365e+00 7.082924273772487567e+00
6.310934106933286714e+00 9.486670527032277533e+00 9.579244733357429098e+00
3.436158992789881239e+00 8.249781846591265122e+00 5.782451230656894481e+00
5.441264233266700501e+00 8.879088308355388648e+00 6.390884020446161884e+00
6.122452864635723024e+00 9.281661557569183429e+00 6.699339787082634334e-01
6.331978164044276269e+00 9.038419225742472918e+00 5.638693423501202062e+00
8.307938141808044463e+00 9.293033305774761388e+00 3.551874413945269815e+00
3.551394720211334954e-01 9.514282727440127374e+00 2.540509827740071724e+00
4.770417347594686497e+00 9.272600402458746061e+00 1.837950782909056890e+00
6.235536674488605158e+00 8.913448775515201206e+00 2.233636646520469338e+00
6.470519790475322885e+00 9.082624151435549464e+00 2.489633815175492870e+00
1.056667833598978845e+01 6.142947454105302185e+00 4.955757226113719938e+00
7.825150467100366214e+00 9.304278285314548924e+00 3.184304847960691909e+00
8.384712569456715059e+00 9.403705520462992240e+00 8.367054708842445621e+00
2.568858151722483552e+00 1.193860084003341093e+01 1.016607617345019321e+01
2.972025749389703098e+00 9.487997820064235199e+00 4.906876146424196783e+00
4.576413100169693493e+00 8.127207451906945934e+00 7.015946533959691145e+00
5.316733291199447820e+00 9.296307085904695455e+00 3.926370340115988178e+00
6.429722240376681164e+00 8.944623797523894027e+00 7.554076032199149360e+00
7.530973161488137890e+00 9.445880193535867164e+00 1.569271831596050548e+00
6.958609784682029620e+00 8.454329718643981195e+00 2.009441759665700378e+00
8.455562949311202559e+00 9.475024464551101033e+00 2.627936877166590968e+00
-1.501392440853376087e+00 7.403965198196551967e+00 2.695707133523893795e+00
2.222558459847235213e+00 9.637436334527992088e+00 9.286743324554432633e+00
3.971175773244262075e+00 9.251590275890213988e+00 7.190338477695808805e+00
4.492801793595942783e+00 9.181269635390270523e+00 6.733446151059475859e+00
4.587169869274618783e+00 9.351134145041143597e+00 5.145008780722819530e+00
5.027092829626780279e+00 9.305457627031351819e+00 4.800929136942566622e+00
5.217130228219605037e+00 9.222328508032710204e+00 5.180435917177514504e+00
5.256944628894887117e+00 9.084351583231477179e+00 7.313828302058224651e+00
5.784871494528290192e+00 9.069564616612865393e+00 8.045589054247457739e+00
7.717117260716685578e+00 9.386288085314198781e+00 2.109041313406722296e+00
-5.360285467284044980e-01 1.507353359975870610e+01 6.176363741601701207e+00
