2.105324293352031528e+00 1.597287715480128628e-02 7.239229178614796645e+00
3.052900196918487907e+00 2.636094486556740928e-03 5.111894416436761013e+00
5.831403121327176642e+00 2.590182023026894875e-02 7.646244207719168351e-01
5.792881423599251178e+00 1.327857631215104139e-02 2.168997278512517557e+00
5.929124251876887186e+00 7.850582628684535380e-02 3.579562201088011264e-01
7.547555971226598714e+00 1.537774760973721969e-02 4.148590729012590295e+00
7.754519376240549100e+00 6.733902684221773627e-02 3.573384571165568513e+00
4.119314326183232566e+00 1.249173053953395174e-01 7.464117945419541655e+00
4.195947245275553072e+00 1.289712746902813567e-01 8.846755048382973996e+00
5.083166956448671669e+00 9.124784137426200648e-02 4.959898481586756169e+00
6.099166967667686734e+00 1.394904863884154911e-01 1.089098343201091001e+00
6.258171557728838152e+00 1.104265966239251495e-01 1.999236430731342384e+00
7.472661688870569918e+00 1.096730784312158202e-01 3.267110349499800392e+00
8.561791424793774752e+00 1.081699005898018040e-01 5.208683881130570015e+00
9.330473351017424477e+00 1.087218380691046538e-01 6.596124015620860703e+00
9.345560509493241241e+00 1.216479432182977216e-01 7.651899294464566736e+00
2.866310873859539754e+00 1.756647837717114080e-01 4.021613029442042020e+00
3.245858686055355768e+00 2.013933558587192585e-01 6.801387425303657253e+00
4.760830178453559824e+00 1.985321893349876188e-01 4.296404668559178575e+00
5.384173057408329299e+00 2.014484164742486594e-01 9.562653244783867468e-01
5.360730247466849896e+00 1.652771855465690609e-01 6.604483512472507201e+00
5.970420573200139636e+00 1.708906020257197622e-01 5.801133972988454346e+00
6.660379363530597452e+00 1.644897081532294414e-01 4.999857239108006744e-03
6.692012512246793499e+00 1.794994380796331446e-01 7.432760787845616335e+00
7.918285948461511126e+00 1.811334807359358812e-01 2.355357940866175337e+00
8.182847986773737148e+00 1.634723284277648792e-01 2.132011126549684832e+00
3.814825754340250619e+00 2.854858458421963840e-01 9.252524915358948387e-01
5.882380051909059659e+00 2.387223909584737513e-01 2.086009650532575588e+00
6.305806054409156758e+00 2.842760709239267047e-01 4.444945448086617290e+00
7.101447666872481079e+00 3.018148122611478135e-01 2.216531969067871088e+00
7.840943709772021819e+00 2.776783391136751211e-01 2.078947931210981537e+00
8.020590133481430684e+00 2.603120583725664350e-01 1.883851605104229776e+00
7.968323593768386282e+00 2.701652205364997172e-01 5.298787037710256165e+00
9.553644642465691561e+00 2.703374004063126002e-01 1.315008598216221181e+00
3.522261211310699913e+00 3.584013103269971801e-01 6.089627482881086351e+00
5.594157125590498936e+00 3.203802799406320068e-01 2.914474439765566860e+00
5.766128828982733268e+00 3.411883812413967210e-01 2.318242936880504868e+00
6.485741746262297269e+00 3.383477346379297757e-01 2.655710483718625170e+00
7.632976078873474179e+00 3.548181582588312288e-01 2.323527022042075174e+00
9.042444059313778482e+00 3.814117811899024879e-01 5.572015008200066788e+00
4.078841779765923770e-02 4.010300831837565472e-01 2.656713213514748873e+00
5.569117150126221105e+00 3.955016260210953982e-01 2.512315161512117978e+00
5.929864667473704998e+00 4.041507765663042706e-01 9.416689696387011921e+00
7.051972283735854496e+00 4.689939549155055509e-01 1.677569225978040812e+00
9.429647315756247039e+00 4.345790903257475968e-01 5.605356785770122308e+00
4.802934725525530579e-01 4.990264941353534933e-01 2.704439504439392739e+00
5.635114188846156225e+00 4.890775910320879216e-01 9.856461059828312443e+00
5.888615271714449761e+00 4.773079197666225681e-01 6.902287218852455553e+00
6.174113527668991352e+00 5.301356303850434104e-01 4.035745103016634694e+00
6.257773524715239510e+00 4.769451764487606660e-01 1.474102286676090001e+00
8.843689646142184557e+00 5.137412000174839122e-01 8.146331866080531725e+00
3.301596522105101794e+00 6.257498107440777613e-01 7.342332205983733040e+00
4.378146379406809174e+00 6.179397564973452273e-01 7.078928583779057204e-01
4.676084272615254278e+00 6.147788727939543785e-01 5.256012063108894239e+00
5.137442909147146963e+00 5.486725230636161355e-01 9.386625679283651991e+00
5.226770722584244133e+00 6.020616816211838973e-01 3.134372078610767165e+00
5.347225067817148236e+00 5.721013031027787354e-01 6.692282645074612013e+00
5.452274551643530920e+00 5.553794435820473829e-01 7.654325146027026960e+00
7.831606229302047417e+00 5.605853489001568768e-01 5.801828607591566822e+00
8.169055431060131767e+00 5.967749345692328067e-01 1.817058321550570898e+00
3.829663225828787265e+00 6.640172968090518602e-01 8.020057605244810262e-01
5.699019119673081946e+00 6.559046637124954504e-01 5.022094678462122985e+00
6.236113091181281654e+00 6.386305655802195780e-01 4.543598446432022264e+00
9.347407707180323655e+00 6.327916778054311076e-01 6.855468414778840724e+00
9.959926701434950402e+00 6.988098441311977327e-01 2.557724444755265836e+00
5.623221197219417711e+00 7.061200458720842121e-01 5.093025783106221560e+00
6.379989002484120597e+00 7.079600704444821702e-01 2.801474901545009111e+00
6.839469817954091369e+00 7.246551632542841404e-01 9.622129680544578179e+00
8.290157277928326351e+00 7.562624738774077482e-01 7.783266532449164998e+00
9.224205027913086496e+00 7.475304720208673093e-01 3.292860993300946948e+00
1.149074786861871811e+00 8.583013172186689799e-01 5.911914774346893608e+00
4.555744829972219634e+00 8.323611513034503417e-01 3.688263909544349684e+00
4.595285768962757977e+00 8.548971319476196262e-01 6.292999244564768446e+00
4.848178797381838656e+00 8.218513482214304666e-01 5.670740906085502964e+00
4.934460897570052573e+00 8.199973704210244962e-01 5.838213383277183866e+00
6.086251288311816943e+00 8.068396678666379662e-01 4.842547417080134586e+00
6.183643099265074383e+00 8.081413543352653495e-01 5.175085969526262097e+00
6.265281626461444375e+00 7.956235328956439146e-01 2.914564701320288442e+00
6.349454500084604547e+00 8.398071560209406927e-01 9.770107353213575152e+00
9.922599261599078346e+00 8.372729316147291545e-01 7.324437588633261775e+00
4.627256844467869890e+00 8.948977304014588130e-01 5.761329394561147232e+00
5.573623836452838987e+00 8.808258221961304812e-01 6.769998616772734401e+00
5.803883925961429213e+00 8.735766060557155210e-01 7.044235278896151087e+00
6.693690685610847346e+00 8.751326072453332605e-01 4.022839952455454338e+00
8.360156167528328908e+00 9.007286710106862104e-01 7.730335842325057882e+00
8.539154412971381447e+00 9.077298054264280047e-01 3.142196092349434977e+00
9.152698462940286106e+00 9.095515096338719907e-01 4.786967619502448201e+00
9.780539664763361785e+00 9.205954575396134709e-01 4.706153820948607347e+00
4.415529750691293387e+00 9.558794846815839019e-01 6.032983615428270774e+00
4.786010603975494604e+00 1.010157031058956711e+00 6.432161504677374353e+00
8.187027164168421578e+00 9.501825346938835848e-01 3.199967354789960972e-01
8.262578571033165176e+00 9.471622957802259268e-01 7.364840762296004151e+00
9.315764400788584254e+00 1.013853916590191862e+00 8.185085481060440316e+00
3.700656384005317268e+00 1.031987781350492073e+00 5.912451726738310320e+00
4.524284385627677985e+00 1.086551654825709479e+00 6.973664886451443223e+00
4.847447658119559577e+00 1.063136890906661858e+00 5.276187786823670400e+00
7.485422081235917346e+00 1.043045886445222337e+00 5.902119982732543235e+00
4.035297345675873615e+00 1.121586345381664795e+00 1.870063818880538964e+00
4.752781476208675748e+00 1.113031503668670208e+00 3.567219442098203075e+00
4.720328701303647456e+00 1.113312667311516790e+00 5.117074745141621861e+00
5.467922085761881767e+00 1.152382404071441879e+00 6.847666582871910101e+00
5.481667801435703424e+00 1.106699126074836670e+00 3.391174711458117663e+00
6.303875562159191759e+00 1.163870276014842275e+00 1.250535994688471764e+00
6.282791713056910865e+00 1.136513356587076196e+00 7.722295667612607772e+00
7.577460568102385885e+00 1.147596826268203918e+00 7.028600279236614234e+00
8.907998528352631951e+00 1.108896176365117059e+00 1.592067285329526793e+00
9.863846890368435538e+00 1.124035355127188218e+00 3.597214121957989175e+00
5.653318007726859662e+00 1.231440686886211333e+00 5.057983458017025313e+00
8.076160714796960960e+00 1.243796245183614868e+00 1.370847066131626324e-01
1.741823897669740662e+00 1.327772782072749846e+00 9.378736356257451945e+00
5.106926359732005594e+00 1.295330114773308727e+00 5.226426383114624485e+00
6.276297253497759243e+00 1.275354391991676994e+00 5.418324071446520840e+00
9.279756729159716500e+00 1.271113162078388648e+00 4.917597817613101441e+00
9.842683991734610061e+00 1.324729500800147619e+00 8.023136742771310281e+00
5.843975953862981854e+00 1.337449265963720713e+00 4.622704915019354210e+00
8.705389617418852310e+00 1.340921677260161315e+00 1.596264351898980527e-01
5.260700163655929185e-02 1.479346806148195359e+00 3.865788848172971193e+00
4.695049633812782730e+00 1.456290080686066135e+00 3.047834526699200186e+00
6.219097769985705071e+00 1.427598791872897177e+00 5.792292908815837027e-01
6.201546095554236082e+00 1.459595508088885385e+00 6.339654931820266626e+00
6.916358768804323987e+00 1.470204909257524672e+00 5.936533537006880579e+00
7.011287763678849316e+00 1.449957647780792280e+00 3.201695885567900302e+00
7.168540780134360801e+00 1.445012299674446776e+00 2.988317937207380481e+00
7.632696979010878735e+00 1.416743149350012665e+00 6.101871087071958577e+00
8.434850564762353287e+00 1.460893781688547666e+00 7.261752293604631703e+00
8.844220969830077550e+00 1.468880743286649304e+00 7.180689041701279862e+00
9.777479186209019346e+00 1.470828596978408065e+00 7.236616270136503104e+00
4.227824505419788714e+00 1.553265409858337609e+00 7.157318464557404170e+00
4.601128333225401157e+00 1.548684045475243076e+00 2.520797891175663441e+00
4.660769334335981284e+00 1.514904223827653773e+00 3.143188650258593952e+00
5.316545143293146758e+00 1.509322204482860919e+00 7.195708322656697575e+00
5.645815019050083094e+00 1.564234953575893039e+00 8.088697406749517427e+00
6.063872897217382985e+00 1.499611686779828590e+00 7.068934488000252259e+00
6.332100430378739375e+00 1.489625571706268525e+00 8.025518945395949899e+00
7.476330410962645168e+00 1.539514852353211616e+00 8.254129382982785756e+00
8.184748808467325887e+00 1.498549966374314923e+00 6.561787984834408505e+00
9.381187240882004730e+00 1.516099243197032820e+00 4.220215752189134584e+00
4.669759961089654965e+00 1.625689899772868818e+00 4.483456300265215688e+00
5.089192420626263313e+00 1.607512089268428479e+00 2.906446121764004076e+00
5.738062838434992763e+00 1.619106454172501763e+00 5.805710184606470925e+00
5.908401250357277590e+00 1.605240438514144774e+00 3.445456617312887104e+00
8.374806457474567978e+00 1.627588987749690297e+00 9.904264126881101582e-01
4.672000947988646402e+00 1.686092041681177101e+00 5.708758015308037059e+00
5.171693165569872797e+00 1.694200454971890091e+00 2.370926660913112549e+00
6.236856736462328854e+00 1.648265957231412893e+00 5.399654966696315839e+00
8.422143742275558509e+00 1.645199081713028644e+00 6.426417169766753368e+00
8.503123263810460131e+00 1.680415924107634185e+00 5.707513902713843734e+00
7.736174733800947889e-01 1.739242765920805622e+00 5.128195291459816119e+00
4.658246957597734550e+00 1.777907534123680744e+00 6.728633236052447231e+00
5.385155896972928957e+00 1.725569628287104251e+00 2.642153053446943289e+00
6.153586638989263058e+00 1.724366523153924913e+00 3.086848092594779658e+00
4.437211068121879265e+00 1.860180517188786631e+00 4.201447045973320193e+00
5.307043970497045571e+00 1.867246225560994732e+00 2.590932622667712515e+00
5.262000395605474168e+00 1.826155953803744403e+00 3.739290287353869147e+00
6.521117640445789121e+00 1.843658143549616213e+00 6.442362785062371699e+00
9.474818475339212398e+00 1.806950579776926524e+00 5.488829848949128731e+00
9.615254346372241301e+00 1.810056482851463144e+00 8.854507654215492352e+00
9.690672485348187593e+00 1.843456331913985835e+00 8.729920981060253382e+00
5.174626355600536520e+00 1.885414398669222891e+00 2.627088146617496900e+00
5.303645436547730796e+00 1.926854934431505573e+00 3.638941191585064239e+00
9.404164589086098758e+00 1.910629437902311878e+00 3.023853529375721383e+00
9.646636753295318556e+00 1.890848615615717820e+00 8.218178091736588087e+00
9.942939897186260367e+00 1.908157311023119362e+00 5.013702057905374154e+00
3.835502497095023777e+00 2.031896444429837523e+00 5.871539629517203984e+00
4.907645907361217752e+00 1.991448303062596903e+00 1.926325837087940140e+00
4.854313910702974688e+00 1.990579904354366381e+00 2.158531180490323997e+00
5.768028070809002372e+00 1.967742890286769963e+00 4.365352699061075370e+00
6.442709159422108200e+00 1.983175910456996149e+00 7.163189110929714332e+00
7.692450417490862336e+00 1.969994797548314303e+00 3.348375861652120200e+00
7.941789449637001397e+00 2.011223836024284672e+00 6.813351692010581218e+00
8.273313996166352879e+00 2.028773642720829162e+00 7.984974439154971293e+00
1.330355995354536525e+00 2.040078103454666891e+00 6.504188627106584519e+00
4.355917697892948581e+00 2.071569833422330031e+00 2.289016297079912388e+00
4.394370322384694383e+00 2.058311366332287839e+00 4.723756102034544213e+00
6.401938952795916293e+00 2.044483256222487277e+00 1.480293066739597041e+00
7.908917154731167187e+00 2.087072935764572534e+00 5.571055090246679775e+00
9.481248302922024251e+00 2.084389285806777181e+00 2.871938585919263875e+00
3.393187289309559929e-02 2.145895978725760322e+00 5.486580140753939183e+00
4.621349535364261962e-01 2.112809208872212796e+00 4.659806715497840202e+00
5.456104163385442796e+00 2.158539411613722869e+00 1.034302432244187386e-01
6.291398327353444841e+00 2.145609296634645613e+00 6.976924284537242116e+00
7.710292989384765150e+00 2.176431955400950358e+00 4.991252628183730167e+00
1.234138680939237620e+00 2.237608347169989020e+00 4.841889196972532616e+00
8.050502223922828549e+00 2.209041354365577803e+00 4.881846575184423109e+00
8.172473234704201062e+00 2.210736249797436770e+00 5.809022834581975658e+00
1.364495913802137972e+00 2.315967816538167412e+00 2.211028986795011697e+00
4.878678273622417016e+00 2.284256408368101177e+00 7.937907806452352943e+00
5.128365281623256777e+00 2.283362535515843561e+00 5.489837518572234565e+00
5.207752393357715448e+00 2.316677889209203034e+00 2.849972454420413026e+00
5.382131386642516446e+00 2.305683946980140231e+00 5.841885921364507794e+00
6.219747591718643775e+00 2.292535734019802263e+00 8.122610537581154588e+00
6.505725998609419136e+00 2.280874499830394253e+00 5.959498298333848254e+00
7.631138048846489497e+00 2.299073250334926488e+00 7.707229601795632767e+00
7.896532455600453915e+00 2.269758253227529110e+00 4.616011380296285438e+00
8.293301066363296670e+00 2.339287427823936394e+00 7.805637923763485198e+00
9.174756183636546325e+00 2.332224735203298316e+00 4.392753651373327628e+00
9.417464453175993455e+00 2.319018379177383515e+00 5.473454098915839339e+00
1.133476466352459078e-01 2.366895897392436776e+00 6.863646460384224213e+00
6.471555436588985799e+00 2.413643414492840478e+00 4.844482927231535285e+00
7.056873461228267530e+00 2.407622952452189047e+00 1.067040157791508292e+00
8.579144806080005736e+00 2.347803770419248703e+00 5.502689421920294421e+00
3.880080261998167801e-01 2.489835042769962481e+00 3.790748420650938755e+00
1.497891747257707129e+00 2.461835265515396998e+00 6.793120934815001455e+00
1.620532405008511478e+00 2.489764782776970886e+00 1.859043827988083208e+00
3.566034629795816535e+00 2.452168094547475086e+00 2.259603900953028877e+00
3.859884210684221273e+00 2.434591896001436773e+00 5.552206867332359685e+00
6.119818845311103317e+00 2.459464020290745623e+00 1.609203136307522541e+00
2.261013161636761803e-01 2.576968169217161986e+00 3.680567165777594241e+00
1.462999607910391742e+00 2.501909286094051943e+00 2.323448666662800477e+00
1.575876350671703507e+00 2.542740679355660838e+00 6.615654156784625428e+00
2.216087386447870067e+00 2.573104249619384554e+00 3.690176807910915180e+00
3.575880115577182217e+00 2.507873131340560668e+00 2.831537517938500059e+00
4.765073326428896472e+00 2.523443244502799221e+00 6.205720065001244734e+00
7.230437759747953663e+00 2.554411550625754312e+00 6.716628916748597966e+00
7.594161105974879256e+00 2.525273596188839953e+00 6.794206867496565216e+00
8.166877915193508031e+00 2.509356494058481601e+00 7.660874730311229897e+00
4.453855236512723081e+00 2.622849703522049936e+00 5.878738858375832876e+00
5.973464791442228972e+00 2.625323554511762580e+00 5.921460037494940210e+00
7.123070126780973510e+00 2.607845011867056861e+00 6.450142138175555040e+00
7.313851456316321276e+00 2.651503517230391793e+00 8.573273586658794798e+00
8.584692988836222227e+00 2.601587837553612559e+00 8.174051134254682438e+00
5.786245204011882137e+00 2.724357856627020347e+00 4.434907626346045184e+00
5.986150666265007914e+00 2.702279853529601095e+00 2.250060938497280727e+00
6.281015092962082491e+00 2.701858863721525061e+00 4.715727574444315451e+00
6.454664413185350114e+00 2.661666961088405614e+00 7.923894130093021460e+00
6.840427399979841283e+00 2.730032809406425010e+00 5.701684429579658708e-01
7.006249963175133821e+00 2.716141330198750037e+00 6.868894094602115530e+00
8.865846231463223148e+00 2.717008519583108850e+00 8.351797261010837303e+00
9.597272938938995468e-01 2.790217167428179934e+00 5.172010897392789741e-02
6.137466349935680299e+00 2.767395575483798886e+00 2.514893875441273075e+00
6.585032527301438066e+00 2.784899076746033764e+00 7.068546017581107677e+00
8.104405251290847545e+00 2.745426314421537395e+00 7.956006713503098737e+00
8.485264163245624047e+00 2.791912630887070090e+00 8.384579840323823419e+00
9.634693218094559697e+00 2.753403209887360426e+00 5.329009754851520952e+00
1.337850543184881391e-01 2.821686047733962255e+00 4.685476420384887319e+00
1.134041991076856881e+00 2.874166083342521993e+00 7.094352126948234805e+00
3.226008312458236826e+00 2.847063826396823316e+00 3.715803996455389946e+00
5.023646628431900574e+00 2.815232166081863330e+00 5.047926954127635923e+00
5.612172075482700251e+00 2.889626058142399589e+00 1.896113604682886145e+00
7.569627223670616800e+00 2.830769327411925218e+00 7.991355225618331559e+00
8.797360127533746521e+00 2.860175825319261289e+00 7.841711067598205354e+00
1.198722770619252476e+00 2.957602411079957250e+00 4.798149619787948517e+00
3.157412848327155075e+00 2.938289592939762329e+00 6.894651391077392333e+00
4.250154898211112808e+00 2.954940855519858189e+00 6.358408373833810856e+00
5.501220500039647909e+00 2.938750551146667611e+00 1.836248241488369182e+00
7.509704476283285857e+00 2.929194899389303774e+00 5.011207153886514831e+00
8.953167675032664974e+00 2.895295618962740569e+00 4.782296316606389652e+00
9.060075708211311252e+00 2.893838072736293121e+00 5.096785946433557868e+00
1.029011804519554651e+00 3.015179959227454631e+00 6.652063614867031127e+00
3.759331111640587864e+00 2.983156797073565070e+00 6.164678525717166124e+00
4.503519869548096466e+00 3.046778058877949835e+00 2.823041535385503398e+00
5.450942945656357175e+00 2.972136271082907122e+00 6.221499532814707578e+00
6.703680732772793860e+00 3.019692078245146849e+00 5.633732586033573853e+00
6.961352549604804096e+00 3.009238722293231305e+00 7.580990452210075503e+00
7.082214995272674507e+00 3.047676456873344542e+00 9.113783325169311667e+00
7.260748889384080584e+00 2.973186007787792295e+00 6.803255317183901418e+00
7.656307252783383532e+00 3.040341673084335561e+00 5.301365757379157273e+00
7.742756317965998392e+00 2.971486718124907611e+00 7.103234281713419307e+00
8.577556374686597707e+00 3.042560687682521969e+00 8.491742639346231414e+00
8.863336765248931215e+00 3.037897419546050859e+00 5.368563088074362888e-01
5.410237115430609200e-02 3.050077024512999557e+00 6.829873942228248396e+00
3.246219107710864638e+00 3.080402359822947744e+00 4.539564738705900382e+00
3.791242351946545242e+00 3.057236425423832671e+00 2.766308386355671001e+00
4.016442390052747058e+00 3.065163408522212585e+00 2.843819875201108349e+00
5.071978149283256521e+00 3.053237345896850918e+00 4.423895722743562686e+00
6.271307529454911212e+00 3.080165646671978230e+00 7.730231345266033394e+00
8.522102058996550156e+00 3.093896329164744330e+00 9.343978450807354008e+00
9.349862926154322906e+00 3.105831259321822913e+00 8.742312753124753755e+00
9.611377514168948366e+00 3.107958883544171158e+00 3.763685230149285132e+00
9.749145507536686850e+00 3.072564590587761657e+00 5.360641888707702307e+00
9.824989016905396610e+00 3.048307045486682743e+00 5.185233063108137586e+00
2.560394415888230801e-01 3.133170990629545294e+00 7.343647528488492782e+00
1.493153853861515223e+00 3.203222692669999816e+00 6.308091423533495501e+00
2.417142115036441830e+00 3.139308226776160282e+00 6.490391700346306081e+00
4.568388939585631192e+00 3.158436912890824733e+00 4.125732649997808643e+00
6.530790331564051421e+00 3.150433773528741543e+00 7.161088702943344764e+00
6.760389383925091700e+00 3.166042272818187620e+00 8.535259600504730315e+00
7.787361133338897901e+00 3.148775305836550409e+00 7.962994685661076488e+00
8.075657533605888005e+00 3.206235237759701207e+00 8.570055707001515088e+00
8.486934940267783389e+00 3.166041159266658411e+00 6.076097962337399849e+00
8.842345946051484162e+00 3.198331278734142025e+00 7.110925826891231871e+00
9.801587214295665262e+00 3.171401942937150942e+00 7.940301992098650175e+00
1.307142433839752593e+00 3.220592435299640677e+00 4.857239212059052846e+00
5.145540637286940111e+00 3.204495646997706615e+00 9.277996125037215602e-01
5.380943535521049981e+00 3.248580876997351652e+00 6.436489370759902684e+00
8.940370837260841697e+00 3.226981896213403811e+00 4.567819568561827026e+00
6.732906623858220030e+00 3.339048221596625954e+00 2.395287515514436638e+00
6.983103733182964845e+00 3.315923911414317082e+00 7.022468982651709268e+00
7.193458159872474056e+00 3.298039442720390291e+00 7.547645203378898771e+00
7.446563398926587141e+00 3.353441932253174773e+00 7.691505018514238401e+00
7.989235457985381039e+00 3.323472655580955504e+00 7.020008448657685918e+00
8.275201216037018526e+00 3.303298172006833511e+00 7.228690675075282179e+00
8.331278500490649108e+00 3.331586655815001130e+00 8.425166411168865110e+00
8.718128469497340660e+00 3.300490005146279326e+00 6.545282354860177065e+00
1.507203329339045883e+00 3.429290114759790509e+00 4.188640315827599991e+00
4.700293840969010262e+00 3.398883179795856968e+00 3.681378472748355613e+00
6.669437918954393751e+00 3.407132229361342635e+00 8.843006802004858002e+00
7.572005209920659397e+00 3.404806947331671996e+00 8.135267146695820628e+00
7.693270353547262630e+00 3.424771883321787946e+00 5.967286037784806041e+00
8.540595456673209185e+00 3.377203784789033936e+00 7.192208469588992514e+00
8.865035586668970069e+00 3.419248120782614642e+00 5.243878605823294237e+00
9.601045970660049278e+00 3.432311464349547148e+00 4.687465694536535388e+00
9.618186790732986324e+00 3.361982775006680413e+00 8.202520934709617961e+00
9.922992133525358582e+00 3.433403283025089792e+00 7.310368815184070002e+00
6.344647057531269674e+00 3.485951904645545163e+00 7.925107382032481773e+00
6.674919742778058662e+00 3.481256957165352439e+00 2.833409387756858244e+00
8.001542082738358985e+00 3.453459408137194764e+00 8.691543657777273779e+00
8.400145139111870662e+00 3.467836708616514052e+00 6.166114991460343475e+00
8.874411705219236168e+00 3.450038267952342252e+00 5.035494158911401286e+00
9.224032004389737693e+00 3.490849475330328744e+00 8.421199474065142354e+00
9.646362447557208952e+00 3.479899655129877978e+00 6.160121931761940672e+00
1.179484787731203355e+00 3.572450919564750471e+00 4.950769207549105211e+00
1.361070363015273177e+00 3.574366447945841685e+00 4.054121334164300094e+00
2.251175613968185107e+00 3.576643480151189269e+00 5.029389883101027969e+00
4.997287496935109985e+00 3.518326535330428939e+00 2.094190256109115467e+00
5.719857900365483694e+00 3.585144900907101917e+00 3.608098659120243301e+00
8.184078064965436994e+00 3.541318524317547567e+00 9.133180010960717965e+00
9.733873950077960302e+00 3.565760576589604991e+00 7.398302990713228056e+00
3.684068584262736312e-01 3.638535462172473700e+00 4.973491588554256104e+00
8.694116441972468134e-01 3.622027907257045598e+00 2.023562245389183278e+00
1.487620667296527976e+00 3.651495392898641779e+00 5.659237906477908808e+00
1.977477126982525535e+00 3.637718056834479796e+00 5.800089184992204494e+00
4.102984412709859363e+00 3.668087440770935181e+00 4.615151843821214683e+00
5.095713044122706314e+00 3.656361813449416687e+00 6.225778400087152775e+00
5.536388538418299810e+00 3.650575549265645314e+00 4.598662005927171670e+00
6.643427199591034338e+00 3.629320720182054316e+00 7.380267673537895590e+00
6.784756742528620599e+00 3.628239603364985300e+00 2.843735313355436389e+00
6.735760532116031207e+00 3.643345347682445112e+00 6.983494915158615868e+00
7.121481894409900093e+00 3.641376339520821848e+00 6.779457803430534391e+00
7.212143239206696421e+00 3.651432880037803308e+00 9.056426346293957153e+00
7.416584586181015126e+00 3.653621740184743505e+00 8.710903176257669855e+00
7.758292281619810993e+00 3.648315307584602873e+00 8.000573298107561016e+00
5.272483633267831316e+00 3.691715167785695861e+00 6.950294632938639694e+00
5.652845364155337116e+00 3.696755788056592440e+00 3.020544264725557149e+00
6.315716677213737640e+00 3.723279697259854082e+00 6.394043589788676485e+00
8.145880181617654259e+00 3.743069261968100747e+00 5.184031126276078538e+00
2.992810812756192540e-01 3.774861074775596848e+00 5.334645053140118165e+00
3.408171693746390174e-01 3.782942733301323024e+00 3.543455624315833941e+00
1.954495533716308575e+00 3.824535493843917777e+00 6.737717161599988458e+00
4.248412378240124632e+00 3.780308130891099516e+00 4.061709030663550379e+00
4.716637823382133554e+00 3.789938568924837270e+00 2.346424535466971939e+00
5.114744879250885390e+00 3.796275428636245231e+00 3.348304193070124057e+00
5.841236276558651852e+00 3.763935135398239762e+00 3.751862682314486275e+00
6.775552457672563200e+00 3.799548298085252185e+00 6.913189497670506611e+00
6.829049752168221410e+00 3.786982922637178284e+00 9.651739144255280678e+00
7.054979243628980434e+00 3.772136295191827138e+00 6.428945389961790990e-01
7.742342200019876941e+00 3.779727428562211777e+00 1.345274256868685736e+00
7.827057260091658364e+00 3.804501889020314387e+00 6.687734843902854998e+00
7.990119226130627972e+00 3.781535575517015246e+00 7.285841197321577312e+00
9.635730315978422666e+00 3.807124798074303484e+00 5.001642515153972290e+00
7.424160516759381601e-01 3.872676701481427841e+00 6.607582317171480923e+00
8.508438761405225925e-01 3.848404228137796146e+00 7.221170110318475999e+00
7.509289463072050808e+00 3.889078402785627553e+00 7.649370182292387632e+00
7.577141387057380939e+00 3.852225660365653503e+00 7.485557535836123932e+00
7.990561190201090014e+00 3.839611820053978164e+00 7.192353552943659523e+00
7.996294425790961391e+00 3.881087946966195634e+00 9.984559720569693653e+00
8.169571816737338565e+00 3.883183165276789861e+00 8.080085025234577500e+00
1.079821358692832245e+00 3.918493969077441630e+00 7.013134765052816633e+00
1.740035927959031170e+00 3.942691899372087860e+00 2.467928920170476825e+00
4.950579514159456629e+00 3.959636669880711501e+00 3.427720988108125422e+00
4.959128192016093450e+00 3.958712294089170580e+00 5.333600158508639666e+00
5.759689895673533400e+00 3.953508247637195439e+00 4.654218051320878402e+00
6.866379923436360500e+00 3.964701860101542685e+00 6.554999173294375758e+00
7.471896121400463109e+00 3.970694381302362519e+00 7.519512592256415218e+00
7.896350768033747691e+00 3.908153126692809565e+00 8.399788894890351187e+00
8.041421496888993659e+00 3.933890499372070693e+00 6.958535918130415610e+00
8.371008805503498351e+00 3.911966829024803083e+00 8.242479278301303225e+00
4.408876603609015454e-01 4.029387127699669335e+00 7.565449030263784458e+00
3.757978088390104610e+00 4.057803928389533077e+00 6.130863177127828578e+00
4.756996782185517247e+00 4.046769259814655406e+00 5.499272047798431373e+00
6.438717626658277737e+00 4.062271024901122907e+00 7.569985449928813281e+00
7.311455169597502746e+00 4.012743800219193524e+00 9.596159930419126738e+00
7.852160669005123772e+00 3.992384883852205135e+00 9.892780606513563058e+00
8.390379393869270785e+00 3.986389638156001780e+00 8.919122179837110309e+00
5.414107245446597716e+00 4.131236481355500700e+00 1.093324654768613069e+00
7.024157903034190298e+00 4.076011976830115735e+00 8.259857362154797045e+00
7.214291581520721586e+00 4.135730717267806611e+00 1.680144358027489959e-01
7.248432185382743143e+00 4.106974857194480855e+00 8.611045404843663320e+00
7.238094586237595607e+00 4.115428840395122023e+00 8.651233166250371198e+00
7.624310334240290032e+00 4.121852682836403936e+00 2.483121981237768505e+00
8.009776181275814366e+00 4.110386998322254293e+00 9.000408306633472577e+00
8.172255143246982101e+00 4.083916070232175066e+00 1.058575961781644537e-01
8.553598000900686671e+00 4.064493618922727869e+00 8.064091600212950794e+00
8.777676015947823984e+00 4.101911046868189636e+00 8.135953269622721251e+00
9.055111694287777624e+00 4.099256053095565733e+00 9.092359633211557934e+00
2.992712284397910150e+00 4.181132580324529613e+00 8.157003211423473843e+00
4.486315410311632057e+00 4.197917624729817554e+00 3.054508969158474141e+00
5.022159717381471822e+00 4.182635088485147534e+00 5.855027504653158132e+00
5.685330907945503220e+00 4.142001817874362501e+00 5.122553492566825462e+00
6.323352518158032787e+00 4.160335249534693247e+00 4.473838638095029907e+00
6.663860410460882733e+00 4.176728926136154207e+00 6.417910116977012080e+00
6.888973764526481247e+00 4.193157593930639138e+00 6.436517684613346724e+00
7.066726994354228353e+00 4.205489352770443112e+00 8.157979533863481958e-01
7.189063084754848454e+00 4.161662010504105780e+00 9.413538157181555732e+00
7.607646854502663203e+00 4.168376510531068391e+00 8.905319925296556249e+00
8.781035446018769619e+00 4.200632450584168787e+00 9.710569998526143110e+00
9.286389187214428631e+00 4.196790950367708994e+00 9.787098249416702700e+00
9.487527755367160864e+00 4.159853064669793099e+00 9.134833206884319878e+00
5.554371960136143649e+00 4.220270114224439872e+00 4.972804090581684378e+00
6.689049232287045399e+00 4.253056538448523050e+00 3.155289233642442515e+00
7.027380771503219492e+00 4.248769433878781143e+00 9.557722410720129957e+00
7.122000671958828022e+00 4.238992144135504070e+00 8.248268301546634262e+00
8.038807181703624849e+00 4.230763070891513600e+00 1.969225572870003660e+00
8.980954300239620380e+00 4.272933613392054575e+00 8.773110071600546789e+00
4.251801366485304712e+00 4.349625740584125211e+00 4.276869591240801682e+00
4.281742292638215375e+00 4.344325876357665983e+00 5.650566416298587136e+00
4.941631286143351787e+00 4.360033800373139812e+00 4.387363748243860329e+00
5.018805137970591801e+00 4.316298274183100858e+00 3.471966905405018178e+00
7.112835883278962434e+00 4.330002837360485302e+00 7.364148800279545881e+00
7.273657321420735400e+00 4.331841881254200999e+00 7.625766362627370398e+00
7.568174204800468985e+00 4.349341621242268197e+00 2.117696419914808281e+00
8.773105288429439597e+00 4.333805279154642420e+00 7.711836422434391380e+00
4.514762974588243383e-01 4.405977373908198658e+00 8.399622477932240372e+00
1.080776433252727209e+00 4.430147288906826297e+00 7.584710505290759741e+00
5.607899798842906236e+00 4.388028683313369704e+00 7.906421587871817813e+00
5.627503502018866399e+00 4.449200910867282310e+00 6.327151675776980788e+00
5.787962556332697517e+00 4.443592864508965512e+00 6.863654679832284167e+00
5.863735917135719511e+00 4.406269234388560108e+00 6.832327944121792562e+00
8.092917572919670732e+00 4.404449085877475412e+00 8.528807931788550789e+00
8.515220542574072127e+00 4.416941268824493783e+00 4.913273373479610795e-01
8.958958961158124623e+00 4.447670305515390332e+00 6.654713605985237201e+00
9.338609724037466364e+00 4.404271405719592636e+00 8.613539486911831133e+00
2.126240908279675157e+00 4.512987543220341458e+00 7.033304011158238112e+00
4.823408373140593675e+00 4.524180592964307301e+00 7.798947957850089763e-01
5.485299564912691217e+00 4.490151165718042847e+00 8.123577353167039661e+00
5.787903434436389105e+00 4.463036591588952717e+00 7.383311012957246788e+00
5.975148217502499470e+00 4.492028943032103427e+00 4.113512449449678421e+00
6.383066129184867599e+00 4.522961332536761248e+00 7.004641572350147172e+00
8.514001882927457743e+00 4.476222441091590731e+00 9.084297374026577998e+00
8.615908382348941075e+00 4.467772765289562464e+00 2.089003983340099735e-01
8.877787914408195036e+00 4.513404301374110084e+00 6.771647613303154678e+00
9.530228985851836754e+00 4.507509430215328905e+00 6.769731190833848444e+00
9.939963492441309612e+00 4.488252456811918201e+00 7.362146531148372475e+00
9.741046382408059534e-01 4.573420423969200677e+00 5.109800021350128674e+00
6.766061823130221420e+00 4.600780690174986809e+00 7.559705894778975477e+00
7.685484804890657884e+00 4.531295848629539158e+00 9.620621655079299117e+00
8.227256631171536938e+00 4.571651765280660307e+00 1.300288497856780801e+00
8.706299214164090472e+00 4.583541337909297297e+00 9.934070926849697614e+00
2.211710285736818715e+00 4.684592625708940083e+00 7.195173789646662321e+00
3.598677017191579175e+00 4.609631512656508612e+00 3.761413100875253601e+00
3.826238712209063308e+00 4.682224434808788693e+00 6.417317850159408366e+00
7.142738515388725062e+00 4.685545909218061134e+00 7.465198353030626066e+00
7.776701458425202773e+00 4.619873751394078631e+00 2.116096098688993177e+00
9.617569829410943072e+00 4.672776666219196962e+00 6.382436861893102886e+00
2.753157752940589731e+00 4.753401062706755553e+00 8.187683791907083730e+00
5.983476951322463933e+00 4.716443641579926016e+00 9.468639077451289410e+00
6.562515456936234948e+00 4.689532574547229160e+00 8.414934225369442800e+00
7.765646731383796464e+00 4.750120520769550936e+00 8.691726453163502342e+00
7.822695875944610577e+00 4.687643516887973760e+00 2.995479836083324354e+00
7.886888540581664664e+00 4.724134370407331751e+00 9.707214829424680502e+00
8.281378364482149479e+00 4.692384529468344390e+00 5.315392199207963131e+00
9.285520918804014201e+00 4.710545438047287981e+00 4.652226810990039985e-01
9.497157496741181149e+00 4.748671708955491511e+00 6.973952267553332085e+00
9.655123633543134076e+00 4.734666207341683197e+00 7.849362192611078370e+00
5.395896254889882115e+00 4.800490408957490018e+00 6.224760503029872716e+00
6.766273578271619904e+00 4.785975235271063610e+00 8.499237348219386590e+00
6.990263719865907888e+00 4.802833776313639724e+00 7.862657310068966732e-01
7.219188559430778973e+00 4.796162405433241460e+00 1.153334571516559048e+00
7.225240148301047327e+00 4.822216647027839365e+00 6.455498205985937155e+00
7.548975372954776830e+00 4.787576354576651205e+00 8.025142653037665497e+00
8.023624539236315911e+00 4.790223430667285065e+00 3.866373386743664931e+00
8.590378464406523307e+00 4.791314467413787526e+00 8.851765698848439001e+00
8.636426498715575661e+00 4.793131781142975889e+00 7.856632236214070808e+00
1.977111051134923692e+00 4.901965521169990403e+00 8.400071262215105250e+00
5.108841389245355913e+00 4.891416312604280670e+00 4.857218204537662842e+00
5.748433945992534433e+00 4.890615168061949625e+00 5.226637301489221343e+00
6.281522381865384475e+00 4.898487432575023171e+00 9.730956530381419611e+00
6.803009390285470026e+00 4.865228523882500156e+00 9.135167576389944699e+00
6.894312456511113574e+00 4.911547388873127140e+00 1.700446951288167696e+00
7.516816871495250574e+00 4.854032337216332316e+00 8.664108920729214347e+00
7.918771464934635240e+00 4.891927843423399480e+00 8.419231837212052483e+00
8.718028438405900360e+00 4.868203022256249568e+00 8.495495597687103384e+00
9.065700210456839159e+00 4.901156193148565876e+00 6.395304512629927274e+00
6.567404053119227925e+00 4.981012530725621446e+00 3.722722970102013695e-01
6.772999617457285737e+00 4.950977988624009285e+00 8.609086684515556698e+00
9.092571232940754200e+00 4.966525930817231149e+00 6.550628453172016918e+00
1.505799879692216736e+00 5.006919151018943026e+00 3.930981398202227695e+00
2.552769862616739438e+00 5.045722631988966533e+00 9.101571046586219182e+00
4.274497716162399819e+00 5.007982217884397791e+00 5.416439590387192027e+00
5.373941211275983676e+00 5.000500300771825835e+00 1.466289998175387965e-01
5.712847039338704747e+00 5.003673888589982965e+00 7.802686702074081104e+00
8.566008736921458810e-01 5.145443371996286430e+00 5.097849139198380897e+00
2.373849225060978618e+00 5.152276857326214099e+00 7.194661352901004392e+00
4.660053773810635569e+00 5.093027210558494389e+00 6.137064250518633024e+00
5.150289340058712639e+00 5.127884660038820819e+00 5.337492663547531713e+00
5.235934081523612171e+00 5.077610327085956499e+00 3.433929214936699559e+00
6.114169599929794252e+00 5.140455676117388073e+00 6.608290845882597964e+00
6.942177058305352588e+00 5.082632414074451432e+00 8.895731599111551091e+00
7.168444133000297924e+00 5.138422400164795789e+00 7.979138823504977829e+00
7.194585094050088614e+00 5.104272655206815834e+00 9.122735683360781778e+00
7.573696967838501770e+00 5.156039388589192640e+00 1.256458183197964595e-01
7.917731625876101909e+00 5.099821936129735889e+00 6.339909631106509735e+00
4.576900007403300386e+00 5.192534154853789552e+00 9.787397311324948390e+00
5.616686403343970291e+00 5.191426649637709723e+00 5.081694626246971325e+00
5.778136759819794577e+00 5.227604778733358160e+00 9.976714475827256123e+00
6.857833473089665510e+00 5.160103388146960235e+00 1.946605643148400011e+00
6.884993333939792848e+00 5.165197037017113857e+00 9.960556114694989915e+00
7.839770608699435428e+00 5.160455667295847704e+00 4.562151145918338813e+00
7.952805363657187598e+00 5.191297970468568224e+00 3.583354942150563938e-01
8.333051211293581062e+00 5.196804005090903011e+00 8.016604987653629166e+00
4.928663820158242004e+00 5.280418359639222459e+00 5.528726175225582296e+00
6.612484973983421277e+00 5.304717058465655555e+00 7.466699664029210481e+00
6.642308620309605338e+00 5.249377448449416228e+00 7.400617652142534197e+00
6.732387378426421876e+00 5.282871963564083728e+00 9.710182012676684238e+00
6.828328451632538432e+00 5.255861672894711845e+00 7.865343436826443657e+00
7.295457020703680406e+00 5.248036555964715077e+00 6.173907989695178955e+00
7.452815843157162945e+00 5.286769116492402887e+00 1.289600046972415592e+00
7.521615489759734707e+00 5.271585836493957622e+00 8.765600468636096210e+00
7.717816324903565395e+00 5.245458542184917583e+00 2.430831925038707264e-01
4.574235734788136831e+00 5.373634989149586261e+00 7.929704975728019356e+00
4.914768250003749728e+00 5.369766108737689336e+00 8.108918054407565634e+00
5.789420056507156076e+00 5.387437418774526421e+00 3.979910803357834759e+00
7.257692642739391076e+00 5.354255549856026697e+00 8.496622353840795228e+00
4.889750713928099124e+00 5.395085165971564400e+00 9.922439744768460912e+00
5.051589743886253814e+00 5.428522301416219165e+00 5.980544039761906738e+00
6.282419380718948787e+00 5.452506214025232723e+00 6.917143442802883513e+00
6.842760215076509667e+00 5.448140129522716535e+00 9.843582769625427886e+00
7.232826671320859546e+00 5.402078177109109092e+00 4.807868573904462706e-02
7.194384438905863099e+00 5.434936606646216362e+00 1.245144397527725433e+00
7.276096819504594748e+00 5.423731148732901630e+00 7.434182752435222419e+00
7.565218712969191905e+00 5.407419188374374741e+00 6.510736218609391557e+00
8.054423387816008528e+00 5.404808476002145312e+00 7.497481346241288591e+00
8.670852668469636981e+00 5.410878970257741116e+00 7.146487741640585867e+00
9.005679067929168724e+00 5.461930801580051842e+00 9.442309765342082883e+00
7.580558657545546364e-01 5.505461069887001457e+00 5.747001885480528927e+00
2.666034755665079636e+00 5.489843955410481868e+00 7.405534442206437085e+00
4.824010144271524858e+00 5.503852723103372035e+00 8.433515716611735158e+00
5.378744562406271967e+00 5.537573089328079234e+00 4.216708426450090030e+00
7.149006903117578027e+00 5.511726290048335031e+00 7.116341390935096989e+00
7.389583200273783348e+00 5.512365548921287051e+00 6.879203894679952747e-01
8.037585311597680970e+00 5.514485907884329130e+00 4.779782300338560053e-02
8.701151409994000163e-01 5.600386818873579031e+00 6.665168247465443230e+00
5.016614059254490776e+00 5.570703775446960826e+00 2.794130195770508251e+00
5.063085574927134402e+00 5.582265984824932303e+00 9.457299751252083553e+00
5.120311104161748617e+00 5.619058144896452944e+00 8.407392739868587483e+00
6.564778329778991228e+00 5.626279876339944863e+00 7.491286084233790277e-01
6.855418816950361816e+00 5.554260485837502870e+00 9.613690654436675587e+00
6.903728567932889248e+00 5.576341330709220223e+00 1.429450772696837513e-01
7.732657469597546296e+00 5.577751445554406828e+00 1.147722923348835966e+00
8.392682391905081474e+00 5.551167417986676789e+00 8.247438763808037976e+00
3.253046216125559997e+00 5.628057700094776017e+00 8.260745583148205284e+00
3.580474150365231090e+00 5.649319235279179452e+00 6.232985290502714548e+00
6.197725315848579442e+00 5.702307038774234726e+00 7.535592072319387213e+00
6.649042151102541709e+00 5.687178752037330476e+00 8.929275160607804684e-01
6.720204488112534236e+00 5.631070178702367812e+00 8.244709675391490578e+00
7.646105010943902158e+00 5.699371766305113773e+00 5.389141897166624062e+00
8.121733754080512568e+00 5.631461010621201524e+00 7.005436891941888566e-01
8.130330443900440685e+00 5.700391421953291626e+00 5.069592860110564203e+00
4.836569220329299590e+00 5.746504682973247569e+00 9.291829361962051337e+00
7.726764664129479598e+00 5.774745913426614585e+00 5.311969461094005140e+00
2.080866030441668180e+00 5.785223519211116994e+00 7.477253286147810485e+00
4.681640597156512484e+00 5.835885324891021853e+00 8.509850259923773308e+00
5.979931445367950182e+00 5.789317722524465637e+00 5.455526561472389346e+00
6.406239042406785877e+00 5.822320659908806206e+00 5.650639929594893474e+00
6.677757223701580536e+00 5.794429802484630798e+00 4.992779318457303717e+00
9.194075097349777792e+00 5.819779661552214378e+00 5.306703618089269048e-01
4.794469419997271054e+00 5.909707812222600332e+00 9.393063599209829917e+00
5.796341350677771231e+00 5.881813409838313689e+00 4.014704437436376061e-01
6.352842722487115346e+00 5.896393158705505400e+00 7.144475759805598791e+00
6.641049815245296806e+00 5.860337803666856082e+00 4.938095160575770581e-01
6.716497785708623880e+00 5.904835611709741805e+00 1.612985270408095806e+00
6.895300149842294779e+00 5.905105129719857793e+00 7.483224480712274973e-01
7.600407644847496869e+00 5.874545569000030554e+00 4.140251552933165158e+00
8.435540925702500914e+00 5.866414121130016923e+00 7.672094521196494377e+00
8.753159767512682876e+00 5.877582182520717957e+00 8.023323354087356307e+00
3.200668693633127448e-01 5.963291193348203123e+00 6.714529426732905648e+00
2.755994392009212035e+00 6.013207418605603038e+00 9.427058874883117667e+00
4.625305645166450041e+00 5.963048157636249513e+00 8.938378074920411365e+00
5.825159043764404743e+00 5.946136008910516857e+00 9.565216847144970558e+00
7.042362893834418713e+00 5.991938134604737343e+00 6.570447601572583229e-01
7.992357147903391024e+00 5.996318551789094009e+00 4.311414136854207158e+00
5.371711541298883397e+00 6.055375980959209592e+00 9.001734325412842352e+00
6.463456233100209225e+00 6.083512252966054135e+00 4.345865662525932649e+00
8.199220916454427410e+00 6.055251201637815939e+00 3.090179360989094182e+00
5.452086877502745565e+00 6.108504744996757552e+00 8.915003109813326887e+00
6.815608949535405969e+00 6.109772295419110932e+00 1.515595571025026622e+00
7.077735119588346890e+00 6.129806181738059578e+00 3.929469086909334052e+00
5.729578350607416048e+00 6.193308375801438004e+00 4.995601868753720254e+00
5.742677143332043599e+00 6.231661963025981521e+00 9.838744844691014180e+00
6.868823657245430425e+00 6.220539587024863870e+00 8.689312906497329791e+00
6.893808077860826167e+00 6.227452753070260805e+00 4.232883554459614395e-01
7.894037837842838634e+00 6.234365792402745576e+00 5.021887557751432141e+00
4.591637821140241993e-01 6.316624244685428380e+00 1.191928590505202668e-01
6.076087978977489534e+00 6.254218527817236861e+00 4.124571518781897872e+00
7.109797960569768982e+00 6.257999262855079792e+00 4.351729394602511292e+00
7.571331593595640896e+00 6.321314601550085399e+00 8.134280708829248141e+00
8.559333314989039820e+00 6.321374988400032535e+00 7.160846167210982216e+00
9.044681858340473113e+00 6.321759776859580349e+00 1.883116109052187515e+00
6.353651471996686340e+00 6.353139733063984274e+00 4.795144441366553378e-01
6.334764754941920373e+00 6.356322654278877771e+00 7.042177235666850166e+00
6.466691363367798040e+00 6.384093816615394879e+00 9.573766260463479227e+00
6.986399988509525372e+00 6.396641548320328496e+00 9.541817895125994653e+00
7.249230280920384573e+00 6.402533591387290279e+00 5.293019414066567840e+00
8.126380420732285614e+00 6.380150363102355726e+00 4.682376384114951939e+00
3.387696297800369294e+00 6.429686041860186663e+00 1.508336834521618597e-01
6.104179011094659657e+00 6.428765025552993784e+00 6.041629604654485952e+00
7.000831460385358085e+00 6.673456105061220001e+00 6.062151326669939166e+00
3.686750696661246218e-01 6.495533024072559058e+00 8.289619757149997881e+00
4.703093178886232906e+00 6.518932461170606096e+00 8.824147639351638261e+00
5.401617280672481591e+00 6.522776289456111876e+00 8.048059415947246720e+00
5.649138774158294574e+00 6.496870803581105136e+00 5.028692445954986212e+00
6.429244138160880695e+00 6.551930396218944352e+00 6.888951194300657832e+00
6.568967049231603461e+00 6.526627942362077661e+00 5.661377033359784150e+00
6.989560152400263959e+00 6.305727370285411304e+00 6.108580394061675634e+00
7.923817965526584572e+00 6.530683788019775449e+00 4.196548772652606729e+00
8.299944209378388393e+00 6.498319960582133348e+00 6.688043896752544626e+00
4.416281824284588708e+00 6.618515916595507420e+00 6.148517303674791989e+00
6.305368973121081133e+00 6.564928821494854461e+00 6.484249886417174480e+00
6.675969703380021159e+00 6.570543295993027222e+00 8.224531435614334640e+00
5.859814083236581261e+00 6.655461687403479765e+00 6.953429721823694010e+00
6.039115284868612932e+00 6.713529579054759111e+00 8.049716690370360084e+00
6.443255647970105748e+00 6.711497731483340168e+00 3.949837356721098980e-02
6.534782257916260662e+00 6.715847850979551836e+00 6.958905289728936516e+00
7.715940880100199628e+00 6.702639178067459014e+00 4.563995680670460686e+00
4.558386522932776685e+00 6.741444772096194527e+00 7.476659119755273863e+00
5.536359643296131061e+00 6.737524670891412271e+00 1.011898540732675440e-02
5.547846295214144519e+00 6.764598756965291670e+00 8.591058152141009430e+00
5.749658081178948166e+00 6.796393468482225586e+00 8.419460817935400243e+00
6.310346260598566737e+00 6.739655362720384346e+00 6.442158602193576167e-01
6.277047821408318740e+00 6.769051899088497137e+00 4.887682460538792739e+00
4.754268069902985339e+00 6.855684220321159650e+00 8.016106053723243363e+00
5.728437151605501043e+00 6.816217995706340460e+00 7.030049531284653375e-01
5.775278069041578810e+00 6.811357244241083464e+00 5.664732986175676999e+00
6.390727092602682902e+00 6.834139401001314340e+00 3.932331813431531931e+00
6.470478109816912848e+00 6.862596875063813329e+00 4.420118139029860060e+00
9.626621571908376751e+00 6.871677555241531010e+00 9.887976267771212413e-01
7.113392186456753974e-01 6.905080070206353504e+00 6.207275775969456788e+00
3.709274933990220902e+00 6.900079704355889909e+00 7.516406688812038439e+00
5.236358223622636920e+00 6.891243186416245337e+00 5.827497697832150436e+00
5.353115715296818955e+00 6.894027809984076605e+00 8.768298440548429440e+00
6.025425818820251855e+00 6.935358901659568254e+00 3.841031485635300058e+00
6.111567551714014002e+00 6.907752506584439622e+00 8.034964251591953044e+00
6.229344432732219161e+00 6.916215081487405492e+00 8.328670895233450722e+00
6.719265705598255423e+00 6.946373602949798887e+00 8.687986616374320903e+00
7.174333433659544568e+00 6.944195323954921228e+00 5.292414608765874107e+00
7.658199904729725560e+00 6.938104991663214705e+00 8.030915568708307362e+00
1.105419511008848055e+00 7.012039035939246823e+00 7.672157105028043489e+00
1.445668161289220599e+00 6.993537542066563084e+00 9.324219595661098481e+00
4.074332712385939637e+00 6.990015251687541564e+00 6.509405377283230543e+00
6.700473182258200211e+00 6.970165974021426791e+00 8.527964990556183622e+00
7.488627307332140326e+00 6.990278367659629843e+00 3.536133722232245091e+00
7.448982700346668651e+00 6.977095065653190709e+00 7.979723830494783954e+00
1.916559854228221393e-01 7.107088147391216637e+00 9.224396916471786056e+00
4.231343733916044236e+00 7.059098253243726084e+00 8.719016776418506254e+00
5.170484495771809463e+00 7.098257220032659021e+00 7.030610824415274962e+00
5.219275273198910270e+00 7.044751211715814421e+00 9.003399538446211992e+00
5.386589013616739585e+00 7.091391338682214496e+00 5.260733103479200423e+00
5.338612655278252461e+00 7.065745998692803731e+00 9.149549374096714871e+00
5.498523418793535456e+00 7.050250680994622599e+00 9.771171408579858664e+00
5.970452280387436694e+00 7.067830994904262809e+00 8.185694700214273922e+00
6.580191103437573297e+00 7.049647448741132472e+00 5.208924201469649518e+00
6.561966248709588001e+00 7.061414006370198670e+00 6.789586664419315021e+00
9.441318752347910959e+00 7.101060003341594928e+00 1.927837575020147298e+00
3.521050879569255443e+00 7.161412198398267925e+00 7.747910861926607495e+00
4.606610138856074954e+00 7.160134522207767915e+00 3.926313178445236751e+00
5.513010346305184939e+00 7.158865038377955514e+00 8.480546594581188646e-01
5.903611140353497433e+00 7.119390388282806015e+00 9.108273994265525531e+00
6.256065092978381870e+00 7.121509178352926739e+00 7.661348307766110421e-01
6.890325531536110049e+00 7.183404464409548495e+00 6.488891686833406780e+00
6.886930109745758699e+00 7.157326020962728741e+00 8.732651877946068453e+00
1.414889968263290054e+00 7.252099545242534973e+00 9.005705908560910800e+00
3.871134916760979205e+00 7.208395013865379397e+00 7.544412605298102648e+00
4.352128377254065761e+00 7.246807570089810469e+00 1.236372763423706278e+00
4.671630298362975608e+00 7.216178840109025217e+00 1.698784648301209788e-01
5.023035480555821053e+00 7.264126257714266899e+00 7.080014904679263310e+00
5.318035298739786754e+00 7.244732614285696926e+00 8.433381514784755728e-01
5.811910310792293366e+00 7.223018811100846648e+00 3.384187487296567154e-01
5.914434553222421620e+00 7.218157301455562447e+00 9.637134113411988778e+00
7.033772587635025886e+00 7.212094284269123357e+00 4.836706920766713935e+00
6.746516740166069503e+00 7.270603941902173517e+00 6.932458181408143183e+00
3.306421004760705884e+00 7.355762997831134520e+00 7.752631805890350947e+00
3.703907374821953091e+00 7.352604820213814563e+00 7.718003516785470808e+00
4.714509310968503009e+00 7.410159159016178165e+00 8.039413334046404458e+00
5.594980215335813689e+00 7.387963828434981117e+00 4.674785270546339078e+00
5.611549528553843480e+00 7.401003481797220118e+00 7.569793658193411545e+00
5.888813997558427715e+00 7.388230072103143975e+00 9.652054103705754784e+00
6.555947871328143606e+00 7.421675165138307939e+00 3.062629548552385783e-01
2.025334969440674704e-01 7.486502545809486264e+00 2.473582540363629678e-01
1.818220497507244904e+00 7.470718708383499163e+00 8.769206023937734074e+00
3.963346169767050675e+00 7.446152697456143166e+00 7.260116279099471548e+00
4.753477685622990556e+00 7.488688742095517270e+00 8.551529774045935284e+00
6.564628521199571409e+00 7.455241104912297523e+00 2.629251928489491630e-01
6.567998558351768601e+00 7.429972035406732900e+00 6.049663740664638079e-01
6.861001014983137303e+00 7.468457747519441803e+00 6.572883989303901497e-01
7.930403735876725868e+00 7.448000029091857321e+00 6.231132895953994222e+00
4.484923671989633931e+00 7.576910098467550370e+00 8.954652966465900477e+00
4.470492464432736845e+00 7.557551850590958686e+00 9.945868585988911548e+00
5.855510755955725344e+00 7.544786943414482749e+00 2.865128793049086298e+00
5.804853164842671553e+00 7.563823384223990587e+00 5.179401681280345393e+00
6.098430730526136045e+00 7.568008593492416836e+00 4.220670999560653947e+00
1.045607893563556434e+00 7.628706648545644065e+00 8.229756147434502012e+00
3.745636561346483262e+00 7.624387281668255412e+00 1.169544923420694493e+00
4.814823532921033156e+00 7.631103141397298728e+00 6.712728744198267705e+00
5.947049712957074519e+00 7.636018952013952976e+00 6.826920143228350391e+00
4.141711132734165801e+00 7.670491380135104897e+00 6.458613705602261668e+00
4.427697763562093769e+00 7.700599441326197336e+00 9.678929997544058139e+00
6.362806833800469519e+00 7.717972983510852814e+00 6.195799882484825716e+00
6.454127914955446244e+00 7.669801319384868421e+00 8.358376795166478246e+00
7.354325059589269742e+00 7.718553849779753229e+00 4.050021992005565785e+00
4.008615367587139211e+00 7.792833588096186759e+00 8.273627886325890302e+00
5.189619363306790412e+00 7.800795798634753808e+00 7.309550936207866556e+00
4.055690595475816451e+00 7.874766246179190965e+00 8.124149366310936315e+00
4.527823810526145465e+00 7.869393119880312426e+00 7.297655937736138299e+00
4.785490526875882722e+00 7.871067059129464916e+00 5.795463857291036192e+00
4.919358132206120615e+00 7.860251894148852614e+00 8.939875352668471109e+00
5.044064568612514066e+00 7.872217741146630310e+00 5.700360104855857479e-02
5.078686461115593076e+00 7.867559409644101720e+00 1.595995755219495216e+00
5.385465158691351562e+00 7.842349196548900281e+00 5.105687967682714046e+00
5.436776641049078762e+00 7.854603319593972621e+00 8.431299294170102598e+00
6.618068922519867670e+00 7.815550646711241001e+00 5.970282475726583549e+00
6.605316599764821994e+00 7.828116521335815037e+00 9.615024180320576264e+00
7.008526241350192976e+00 7.872297125683567209e+00 8.375345327273876705e+00
2.611147100225855722e-01 7.950494499358353728e+00 2.104751925837272886e+00
3.989870219120301709e+00 7.915810337669377361e+00 8.180619180408502444e+00
4.559545298785546485e+00 7.946204291410354337e+00 6.480211269738390456e+00
4.697550506012659888e+00 7.926549411947144463e+00 9.144330448203820794e+00
4.947061687943518749e+00 7.935935233728947935e+00 5.833278603649322491e+00
5.290168865814059984e+00 7.912002418939203530e+00 8.892672715383563187e+00
5.271389721109497550e+00 7.920127872560838611e+00 9.243280396739253391e+00
6.111399883129791100e+00 7.890598789163050242e+00 9.529197847330269866e+00
7.876846192321839801e+00 7.901543171783274033e+00 6.454272019922022707e+00
2.000566050644748017e+00 8.018707378084071635e+00 9.974547224022991543e+00
3.985894386241235487e+00 8.027543958217364661e+00 8.057203006604613194e+00
4.000827617540672954e+00 8.035582481261998922e+00 7.809180467235116163e-01
4.972875974750539108e+00 8.015239700164951131e+00 6.112194913687710951e+00
5.547826247696145963e+00 8.025413215282032553e+00 6.513738248384039586e+00
3.179918534943413810e+00 8.079268498619128991e+00 8.774590914629342819e+00
3.501548441707960091e+00 8.121427920823975910e+00 1.037205874035906028e+00
3.850881529528621172e+00 8.079801867778996893e+00 9.157375839622186930e+00
4.993986231938482234e+00 8.049687253625112504e+00 7.246209005188275043e+00
5.308377279383975633e+00 8.122714173323815956e+00 8.007031582568615136e+00
7.791450124475912453e+00 9.393660307103431251e+00 3.640038299845500092e+00
7.001713284077137445e+00 8.095412742047734866e+00 8.230532553644648530e+00
6.248250690818095421e-02 8.166396162433986916e+00 6.429983992433459861e+00
5.839888157032888660e-01 8.154647018084000720e+00 6.547806542227345261e+00
1.077848741170123414e+00 8.127253306963925894e+00 6.744363830493469436e+00
1.290974704778670157e+00 8.190680400306220577e+00 6.241232159583186778e+00
4.947892943655413767e+00 8.187091806031336461e+00 6.403926629236625701e+00
5.764348314562669273e+00 8.190886500259292546e+00 9.156981863526048926e+00
6.007487469494584786e+00 8.177190443475351955e+00 1.798609030128516473e+00
4.404633901900991688e+00 6.863370540866968739e+00 9.353559980712677913e+00
6.278452434576406560e+00 8.180471947530355337e+00 6.321050132894311169e+00
6.624578545707040078e+00 8.168759574957459080e+00 3.323913767583107415e+00
6.712172746579056160e+00 8.130526251861390108e+00 2.330259966874757893e+00
9.660879210124706518e+00 8.144094571029164342e+00 7.546490942173623928e+00
1.805428415055215119e+00 8.223910386272942574e+00 9.977651846097243649e+00
2.782699381027273766e+00 8.224144177366234487e+00 1.303212644703406475e-01
2.849776014213736275e+00 8.214418232660740671e+00 9.536483026425356613e+00
4.764111705955418330e+00 8.211190769779742382e+00 7.147499841131393694e+00
5.548342371831653352e+00 8.221011472101775297e+00 2.265352175486063491e+00
6.063274547199823061e+00 8.254024986060194635e+00 6.414794987428630302e-01
6.823480566299213734e+00 8.241690722944648329e+00 9.349758932724286709e+00
1.605768554855877550e-01 8.348325376476331883e+00 6.914784860973718139e+00
2.248546380558479996e+00 8.309824713334347024e+00 5.088716652827951492e-02
4.517448477192819389e+00 8.292198819314499758e+00 6.691027805966652586e+00
4.848823180935351473e+00 8.297911026256901579e+00 7.996411316259054658e+00
5.497174830227091746e+00 8.348735612800098238e+00 6.409498764072417032e+00
5.501354135303675008e+00 8.294148125104022995e+00 7.051615455389496745e+00
9.868725742927457745e+00 8.313774406195935995e+00 2.914312826269769729e+00
4.978554698553769420e+00 8.434161070102813795e+00 6.189933612503367932e+00
9.287020338197196523e+00 8.414385586171860609e+00 7.114553759925946963e+00
8.057285712119026666e-01 8.501107402175280825e+00 8.949039884807756806e+00
5.097671131525514099e+00 8.509893386787437564e+00 5.056943492091448000e+00
2.253281781954835084e-01 8.559622465943585112e+00 2.842870669127262939e+00
4.083108552130485513e+00 8.555190543417188209e+00 9.633729849133700895e+00
4.193273930304605379e+00 8.544635761581488964e+00 5.977158649375255983e+00
5.226954589947613528e+00 8.542519833233995996e+00 8.615337353044031588e+00
5.325141673633032369e+00 8.572446641392897249e+00 9.246833848900358532e+00
6.528799583635652937e+00 8.535993930578854361e+00 1.555063560079322116e+00
4.294077937242814613e+00 8.624487251022888046e+00 8.757236467107103906e+00
4.746303952017382422e+00 8.657627140416359168e+00 7.104562047007888737e+00
5.217916274027056822e+00 8.618943992044494351e+00 5.886205681343110285e+00
5.247551390775894831e+00 8.663649489420370386e+00 8.390310289124872867e+00
7.814540315390852143e+00 8.639664732764082089e+00 2.527527079855985015e+00
2.846339072205622545e-01 8.716720067085681478e+00 2.362308429636295504e+00
3.723172155598513999e+00 8.726718093461105497e+00 2.293656908138144601e+00
3.947303060457902468e+00 8.724103342741507561e+00 3.772332303248055130e+00
4.490762930268371811e+00 8.737634277293260254e+00 6.944791334028918683e+00
4.665322461843193658e+00 8.741767965549364305e+00 7.336122171447431839e+00
7.856181167614505689e+00 8.690697982745577477e+00 3.998923860791550489e+00
7.948276170008568009e+00 8.698214358326385565e+00 1.452502822702811169e+00
8.391849997829677221e+00 8.719126844319156078e+00 3.707630425269099472e+00
2.371039780249618367e+00 8.767736863264566693e+00 6.108177761826531160e+00
4.382876905504120124e+00 8.765647488464324510e+00 6.560661363023980730e-01
4.532679295564199684e+00 8.819734736073936432e+00 8.537587732561421561e+00
5.504024140677030275e+00 8.814547903391140693e+00 1.599337129018219006e+00
6.022330422248503012e+00 8.803906364598171663e+00 2.663634498839310805e+00
6.559887729171955506e+00 8.777182472874377694e+00 3.352969197902225584e+00
6.690785462497686353e+00 8.762475627627456021e+00 1.601369545114856630e+00
9.801507554954049795e+00 8.787799271411158131e+00 3.560815634343438951e+00
5.285439305141458988e+00 8.894834864020593201e+00 6.623448981676380853e+00
5.935171168244841589e+00 8.848727416649090571e+00 4.750576054664713332e+00
6.287952291236342361e+00 8.830845008849813382e+00 7.209015147846544735e+00
6.861320210827617672e+00 8.867331646284442925e+00 7.954862310360070410e+00
7.832406825724962829e+00 8.845520463109492582e+00 2.171372351814185642e+00
4.127911335337491217e+00 8.972275969002621920e+00 7.656919985498991110e+00
5.145578975863118742e+00 8.926877795420633532e+00 8.884318979766179236e-01
5.461545455273624228e+00 8.922167141403152257e+00 8.497926273653964913e+00
5.502135810751732414e+00 8.937873270726852226e+00 9.815209387876743463e+00
6.434999798635145041e+00 8.960111109292629550e+00 1.349485827771784718e+00
7.499659304347811251e+00 8.914916604315342497e+00 2.120451976462719212e+00
7.942256496962710521e+00 8.966250583056613266e+00 1.903159865463360134e+00
7.613014739175233414e-02 9.020712510370357151e+00 3.430782963109983985e+00
4.268655555389824219e-01 9.031275327197082703e+00 3.301569070161284980e+00
3.972970742698787472e+00 9.008887185462954861e+00 8.578137831992517448e+00
4.550297980600381820e+00 9.019543970358320450e+00 7.164162835225049708e-01
5.959704381679799212e+00 8.986018080550701725e+00 8.102446549505319950e+00
6.297286177297852561e+00 9.020626198183300914e+00 1.096254163562679906e+00
8.078343615008916956e+00 9.013432309703055978e+00 7.652641823091454576e+00
9.486281885601330899e+00 9.026096032014923054e+00 1.240583360920104017e+00
9.611293354173264802e+00 9.000205162406313519e+00 3.591498740595703509e+00
2.715285353185252326e+00 9.100037938005110405e+00 3.311327465906359180e+00
3.639315445847755903e+00 9.079715584345484203e+00 3.855256866221570711e+00
3.968317270644520889e+00 9.126352787630088059e+00 6.784040038659383320e+00
4.587509888636526867e+00 9.087565157949617500e+00 7.776923758779901164e+00
5.352018621224174488e+00 9.133000589533095237e+00 1.087598185232558023e+00
5.920373770036928107e+00 9.094946517366080840e+00 6.221518083432544088e+00
6.171284934548246781e+00 9.067989534363874782e+00 8.879671683738745713e+00
6.260961987813890239e+00 9.078542217709770767e+00 9.926987555322670076e+00
6.399085439583510393e+00 9.098124650232508159e+00 2.315992767662949703e+00
6.454221365582005987e+00 9.120625707283219086e+00 7.588011373973078122e+00
6.975436432633627781e+00 9.111018829035648636e+00 2.336908771899298465e+00
7.772741134096452065e+00 9.128425458630637479e+00 2.067252202469330058e+00
4.053993046268329792e+00 9.208018759889284865e+00 5.963355630813475194e+00
5.743691582863742262e+00 9.154045165494371972e+00 7.023655609861886973e+00
5.708098724131262180e+00 9.202155317011481372e+00 8.261978750948005157e+00
5.988519209548737621e+00 9.200773083757338711e+00 9.786265865920396934e+00
6.619011618973847710e+00 9.205676148701575912e+00 4.678217558300717727e+00
7.772236710767309376e+00 9.150332781489986189e+00 2.185368811173101555e+00
8.926234246298944797e+00 9.157076160926493458e+00 7.695505044284367102e+00
3.585650296349371491e+00 9.289196726588304642e+00 5.884250623227947230e+00
4.319622584297134082e+00 9.257404575050580675e+00 2.169081018091469915e+00
5.629065619420353883e+00 9.246664918231401131e+00 3.540310376848651019e-01
5.815260525065677477e+00 9.241268127376963903e+00 1.889042263265122923e+00
5.854215911075179690e+00 9.246653758494787212e+00 6.675486057210435753e+00
5.933069011561720174e+00 9.262962427197919624e+00 6.612458722851281223e+00
6.907567970854024964e+00 9.273796010467190598e+00 2.168330842899647948e+00
7.606420012982160195e+00 9.237122272898771413e+00 2.024523994832340357e+00
8.174184426096154255e+00 9.241914515813007824e+00 4.374725725023578704e+00
1.520659908577652319e-01 9.323945083861824301e+00 2.093075917144557874e+00
3.951402621206403509e+00 9.368396072273474928e+00 6.310237790839011707e-01
5.462821925037868454e+00 9.306444965351214904e+00 1.297452906569981801e+00
5.511010003019794823e+00 9.362080789994081442e+00 8.270639028316857377e+00
5.593202831633791838e+00 9.314295226154852614e+00 5.658231936087469549e+00
6.218602771238652238e+00 9.368573216692476890e+00 4.154867820242991172e+00
6.614468906681953086e+00 9.321130828869382157e+00 7.685175613589510846e+00
7.065044266815025509e+00 9.343592881127111838e+00 2.510440784694589311e+00
9.778065374862213943e+00 9.343774065332420165e+00 6.372366423709775241e+00
7.287372197670194396e-01 9.441513007387410283e+00 3.152723213293932236e+00
3.193071591335798765e+00 9.443902815338493184e+00 9.705317809347665303e+00
3.430741148238455551e+00 9.423310365386361909e+00 4.751284458577271330e+00
3.664628224151412539e+00 9.388487074953605571e+00 7.427078563816861489e+00
3.976036502689994645e+00 9.447687670271665894e+00 7.660123070756640118e+00
5.243009924597423321e+00 9.401139538943105833e+00 6.977434889115095018e-01
5.553590385707564359e+00 9.399234641189210038e+00 5.613655863067567253e+00
6.239510188617468422e+00 9.429519362311804542e+00 1.999529291524465346e+00
6.773564610260403462e+00 9.375800432291068631e+00 4.629275294713958822e+00
6.862115465890532562e+00 9.382624312186898408e+00 2.492898455347562159e+00
4.098324045174824626e+00 9.470853320755397320e+00 7.743903295630459205e+00
7.290410751077036622e+00 9.501602856232670646e+00 1.811488270319739691e+00
7.938575831981123265e+00 9.510365341375033310e+00 2.571679592123765623e+00
8.226829633712210210e+00 9.521058185893721770e+00 3.070733356313010365e+00
4.513275176533760202e+00 9.594283091803747610e+00 7.288929583170480342e+00
4.699428717503489672e+00 9.566730087186780196e+00 8.439557152091171632e-01
5.035641671439573308e+00 9.535826720421303193e+00 4.046918584202479963e+00
5.357218524967181317e+00 9.536657839305625828e+00 1.384244436137965106e+00
5.943381529686551090e+00 9.574246783273636652e+00 1.274406671003974090e+00
7.216177866954556208e+00 9.563996053243618789e+00 2.305988657441834899e+00
8.386711368323183091e-01 9.654665858872649054e+00 2.899850162741780757e+00
4.085349456336105689e+00 9.635527527634405232e+00 8.400374418494688911e+00
4.133385781390377822e+00 9.612244074343443856e+00 9.775355152344131326e+00
5.029230030556253617e+00 9.642566089414682295e+00 4.830660465166808137e+00
6.932172282678441988e+00 9.666325697436636943e+00 7.440348099751957989e+00
7.080742741867989132e+00 9.611400709715228530e+00 3.618432004910391520e+00
7.446942621624923042e+00 9.644090716593684220e+00 2.560590651429421438e+00
7.767424351713700936e+00 9.630357775369091655e+00 1.828594580241999834e+00
2.985681641463613811e+00 9.732733959475632801e+00 7.107851041888123333e+00
4.580552838093694845e+00 9.721372336667009506e+00 8.006203952782954048e+00
4.880172885002514782e+00 9.760071955743576666e+00 8.078904932715444076e+00
5.434722151488813324e+00 9.741317584046370825e+00 6.265341737088190754e+00
6.207881194021390492e+00 9.696259854477933260e+00 1.541953038518673047e-01
6.554004281670479770e+00 9.711087111705229091e+00 5.565814544503112415e+00
8.772007031320821824e+00 9.711384361198708959e+00 3.569093656955467431e+00
6.653527014417195962e-02 9.824246160072904743e+00 2.406546328426912407e+00
4.459377342332040861e+00 9.763727093378843591e+00 1.657003654276279381e+00
6.062041351432986502e+00 9.796279080273249562e+00 2.012082547226134555e+00
6.356727667002593840e+00 9.825520120809727587e+00 2.550276678400586583e+00
7.543390581208448964e+00 9.792521218994266974e+00 1.771621952462261174e+00
8.238341082124129855e+00 9.835436648005099869e+00 3.265513743021291937e+00
8.695645671607655558e+00 9.803496217214558328e+00 8.601412564436149211e+00
1.817622722699928084e-01 9.858246711980774180e+00 6.344450806773539675e+00
2.619746178989526886e+00 9.871358737785614679e+00 4.795623271115224462e+00
4.572256686775315160e+00 9.862629054960910580e+00 7.462466892636670401e+00
5.196041207392479322e+00 9.866494581236574746e+00 3.661736199017305182e+00
6.830874795492044349e+00 9.877970522835296308e+00 7.780091861833310141e+00
7.782928077132531541e+00 9.888587640952820834e+00 1.019588321685967136e+00
7.739741090575235738e+00 9.896353164489424259e+00 1.962812383429032081e+00
8.923874405612130190e+00 9.886734164985998774e+00 2.448710684385558167e+00
2.927847979574466075e-01 9.983853427175997552e+00 6.554325207103404161e+00
1.941730403191618493e+00 9.951726530197630538e+00 9.513262684118981127e+00
3.540245490904211145e+00 9.989448454629203056e+00 7.250649326187676991e+00
4.216114526379678651e+00 9.969448038616286922e+00 6.605056395744711928e+00
4.264914805990430047e+00 9.926685328709631051e+00 5.020771882161411348e+00
4.783913244412226540e+00 9.963381903592910760e+00 4.538266870132626529e+00
5.220207653593690544e+00 9.947297889592832121e+00 5.158379757055841175e+00
5.337032074031210271e+00 9.993043072145443517e+00 7.373857708686978540e+00
5.972434976044485033e+00 9.924931582607904090e+00 8.420553969287983165e+00
8.253844150687934089e+00 9.960933519767152688e+00 1.740535212340053040e+00
1.004686966171288276e+00 5.004684897567262425e+00 5.005780498567009573e+00
