2.324211078433032096e+00 2.537726606173053567e-01 7.134957392365063988e+00
3.303220765174009976e+00 3.244604127063842602e-01 5.144528087087231860e+00
5.899594423027980206e+00 3.579830136658878059e-01 1.056764419462867366e+00
5.851518182556386449e+00 1.125861459465007597e+00 2.959268641116616916e+00
5.935455664268788567e+00 3.181223924020654126e-01 7.955619871907200213e-01
7.400639829737542641e+00 4.247390205579640865e-01 4.178738758294943345e+00
7.490686979283652569e+00 4.424199855555116523e-01 3.610586814280124290e+00
4.312403564360872465e+00 4.943671280625546172e-01 7.257660784478428440e+00
4.353605207928692877e+00 3.949377196837937087e-01 8.627738818002065102e+00
5.217801509795448212e+00 6.705288565246523280e-01 5.034224681033845350e+00
6.037259283171673374e+00 4.352461822784546852e-01 1.342625951858299249e+00
6.062073674167036685e+00 5.419021492124012074e-01 2.318495068067573328e+00
7.396697178753315782e+00 4.628366275792135109e-01 3.458659491503453864e+00
8.340884043726791930e+00 5.668850013622019901e-01 5.290645109941639390e+00
9.071309351424154954e+00 5.410688177707612123e-01 6.569319556497271506e+00
9.100031988993999121e+00 5.317377438130983514e-01 7.506482055603834525e+00
3.104522717549448529e+00 4.528372086530054741e-01 4.122841968274297386e+00
3.514937314668828527e+00 5.433756584552957847e-01 6.697605489991619976e+00
4.973134081607648582e+00 6.732796655656232421e-01 4.430788793986216945e+00
5.590652707237394381e+00 4.446809189887522273e-01 1.218423097200959759e+00
5.485389864217489198e+00 8.793606033472672889e-01 6.502936651756444419e+00
5.928350733863116950e+00 7.549241621407742908e-01 5.764858701774636884e+00
6.598409422294948534e+00 3.605084901497545014e-01 3.132688282179327821e-01
6.628085472522394106e+00 6.787613477243148452e-01 7.232958940290231453e+00
7.992996469156803840e+00 7.557360261268533108e-01 2.150145726898558873e+00
7.376580750123849839e+00 5.938341566833211793e-01 2.440309790514112009e+00
4.038744528947880497e+00 6.761347690737522509e-01 1.090590170852408614e+00
5.796350933220677959e+00 9.608624876414029181e-02 2.110105077642724591e+00
6.158349850071548559e+00 9.192454887742254055e-01 4.570564074432706292e+00
7.038319219627274137e+00 6.800079864055919021e-01 2.361821470567171843e+00
7.675122934470126168e+00 4.811146311296121691e-01 2.262299605725474727e+00
7.699485802867123141e+00 5.826008687642747486e-01 2.280355954492737869e+00
7.834643362638773034e+00 7.251429665425731530e-01 5.380530904709245554e+00
9.337795185143754395e+00 4.562507990636136546e-01 1.503669977268641045e+00
3.828603275427330921e+00 7.414094967310737028e-01 6.049963539037189975e+00
5.696693887071280216e+00 8.012140615411820210e-01 2.952524309286920445e+00
5.972452344484127096e+00 5.971188203850800180e-01 2.477044202985386523e+00
6.348597499647008036e+00 7.797169781114806630e-01 2.805035515694648041e+00
7.913666725227551879e+00 4.941191401054036980e-01 2.382611673426462851e+00
8.918844402984371200e+00 7.845857094419568245e-01 5.593390140080892081e+00
3.149881511636786757e-01 5.603857646135566029e-01 2.758649126029162346e+00
5.943009564754863305e+00 6.619641148322470414e-01 2.553837718103932897e+00
5.953034924216275670e+00 7.365748803307504700e-01 9.210611195389967421e+00
6.961230900392687992e+00 6.926768699046927935e-01 2.047083388519973735e+00
8.944237311321961315e+00 7.810112387723310290e-01 5.600112900910951375e+00
5.678271128198864037e-01 6.284918032267701182e-01 2.794104158892372514e+00
5.740315726867262214e+00 7.457788231487924024e-01 9.497182749807681290e+00
5.743937306489854677e+00 1.179083166865629195e+00 6.705430711780088870e+00
6.178490988165677322e+00 9.712278630804872526e-01 4.305224550946376461e+00
6.213273025990726062e+00 6.874403573167956472e-01 1.792805710491377935e+00
8.659726590054855677e+00 9.431959887088783301e-01 7.882364843267847476e+00
3.570714486011429489e+00 8.745771411251506144e-01 7.136051565614194736e+00
4.443216313363128833e+00 7.893551186120837393e-01 1.003459084281801417e+00
5.049529075263672340e+00 1.242199679053202832e+00 5.456102931369150255e+00
5.300820770257468340e+00 8.027094124084482862e-01 9.137654508224015260e+00
5.480213128078802676e+00 1.036352317562869496e+00 3.285293628964623291e+00
5.584010201834490594e+00 1.144294224005715233e+00 6.572354965904261270e+00
5.594128773092099216e+00 1.021853804314937886e+00 7.295503123848099847e+00
7.662811494482421715e+00 1.054827897567287120e+00 5.793456094141996360e+00
7.827639104225132982e+00 5.583182188263118295e-01 2.317491038213824073e+00
4.025263062401261749e+00 6.724982452132119981e-01 1.087577085949701816e+00
-1.105225845268884288e-01 5.291844039794222354e+00 1.084103277289771405e+01
6.128848877689311969e+00 1.015607960490870099e+00 4.682103562381962014e+00
9.046486695949344181e+00 9.779456736340906842e-01 6.805688842049415044e+00
9.682660122563179428e+00 8.865808772415041394e-01 2.720925042086411949e+00
1.166094628619634577e+01 -3.029913159609602502e+00 -7.615964161237739338e-01
8.088001989471191422e+00 1.629526639172829694e-01 1.474918351184037135e+00
6.735859532664436600e+00 1.031869170586501072e+00 9.328455583939256002e+00
-1.257959034182417035e+01 -1.651861781296673115e+01 -8.365359592979131342e-01
8.953604886105122063e+00 1.012025051801348940e+00 3.444271401314908498e+00
1.387127107367706724e+00 1.093072800479661044e+00 5.880963003294674252e+00
5.014409999681733510e+00 1.417902917804745755e+00 3.644657408656355901e+00
4.891219389000162288e+00 1.276563447279333019e+00 5.991959311075643058e+00
5.302408405740490771e+00 1.228208448356111537e+00 6.088818903257508630e+00
4.397712389363293006e+00 1.484120179754666147e+00 5.594281744496932163e+00
5.986758160822609476e+00 1.307943539950117806e+00 4.991452919500361851e+00
6.056929458143674339e+00 1.232378298089689128e+00 5.059180990101716624e+00
4.410372816950282271e+00 1.804837865005453956e+00 4.571067413004204383e+00
6.390556961879941156e+00 1.068358319680313251e+00 9.420045064715186101e+00
9.519648651246257032e+00 1.168903694754720224e+00 7.234491339381610153e+00
5.253001060107561848e+00 1.262795108976315639e+00 5.554754312246042325e+00
5.821380616847303457e+00 1.261559333242428638e+00 6.285635414943619104e+00
5.620852358646361679e+00 1.323857496223361796e+00 6.621265284963135045e+00
6.490662011906251472e+00 1.180413501453897229e+00 4.191274919894677708e+00
2.899904439246439125e+01 1.879437244688226372e+01 1.594743990800963651e+01
8.317431664961151938e+00 1.126492552106113765e+00 3.301421636603975251e+00
8.943568771677700369e+00 1.365065275436103898e+00 4.953158661746568825e+00
9.350291942477467089e+00 1.237099828737285190e+00 4.822431679689504591e+00
5.019153112467584776e+00 1.319243657507193968e+00 6.060690106387251141e+00
4.994138657245866142e+00 1.372011643238913337e+00 6.022760843492049432e+00
7.990593951964553909e+00 1.564147004980785294e+00 3.033619173803948632e-01
8.110277094644731122e+00 1.474511622611701211e+00 7.269297378111942542e+00
9.038320628070632523e+00 1.372952937558636677e+00 7.920484480470767252e+00
4.121657932844330574e+00 1.323057832149375335e+00 5.884015079980223994e+00
4.843778847134497134e+00 1.453730435807839561e+00 6.661609022043126771e+00
6.833406477045020466e+00 5.253362402479075932e-01 7.051596673253002656e+00
7.377417873432964512e+00 1.579923626199959408e+00 5.973088427881476647e+00
4.295179869920866977e+00 1.359816633455918744e+00 2.139369649656623906e+00
4.881973269279680672e+00 1.286807323127649560e+00 3.876084292300061129e+00
3.323083684011431060e+00 2.352331589515954668e+00 3.681033606410751169e+00
5.599121996244419641e+00 1.351984486874928670e+00 7.137663684082194315e+00
5.552502645209067111e+00 1.413246607221698259e+00 3.535995807053037510e+00
6.269093925843632675e+00 1.309464667276521332e+00 1.583635102319049803e+00
6.292767369852096948e+00 1.656608223235170652e+00 7.436924837152004031e+00
7.496126600521821892e+00 1.682217271291458927e+00 6.882063128047534839e+00
8.656546413412819163e+00 1.240511978758254363e+00 1.811040269428751515e+00
9.516322519653495959e+00 1.325983252848971450e+00 3.750593968772566900e+00
5.757018412625724224e+00 1.513059685812973898e+00 5.128976541996467020e+00
8.095140729586605133e+00 9.600367771364604064e-01 7.274735456323520033e-01
1.918224239326070224e+00 1.471536720663922937e+00 9.204129477598048226e+00
5.154118579852532633e+00 1.450902363334612977e+00 5.367419063979442129e+00
6.157145559478507835e+00 1.755585037193049036e+00 5.504892429580947599e+00
8.947555038330486710e+00 1.439473472216910910e+00 4.975248515894643120e+00
9.412735274890337678e+00 1.621735245941042347e+00 7.834149353783230296e+00
5.850175891020938934e+00 1.569243094415089246e+00 4.886058266970308317e+00
8.467717188149563867e+00 1.437194724652349320e+00 4.403471103654035268e-01
3.084441316345462036e-01 1.648011684048089176e+00 3.951998212679339595e+00
3.967862635063430510e+00 3.213531168537410387e+00 6.310638791928870006e+00
6.215996159176494729e+00 1.557300367592663104e+00 9.675111674507232973e-01
6.219885761352071718e+00 1.908859372827107936e+00 6.289608193933093006e+00
6.803233256714243282e+00 1.895612513575785751e+00 5.990436469050258950e+00
5.605310043499050821e+00 1.270505499684910555e+00 5.756317132408076631e+00
8.208810041118439926e+00 1.984216538136932773e+00 8.539020814305486873e-01
7.462258256341959495e+00 1.809148870818460875e+00 6.105278221041248621e+00
8.244621089320659735e+00 1.870404856712140962e+00 7.100620662275018091e+00
8.337356576506996575e+00 1.851685541235604804e+00 7.101218638634758662e+00
9.345604090279111986e+00 1.705942681819227147e+00 7.187335401531377954e+00
4.608520066310894059e+00 1.771219023288699290e+00 6.846704660159385725e+00
5.021268988179797610e+00 1.887787881785386590e+00 2.833870466744366379e+00
6.081811849008124327e+00 2.334672882886761336e-01 3.025193912473364000e-01
5.572028680838895021e+00 1.729056191374671148e+00 6.861531235141262286e+00
5.868770356826322754e+00 1.892790093786834271e+00 7.691379400476812123e+00
6.112557163367746682e+00 1.890904942812333678e+00 6.838280772752055370e+00
6.360169630061598411e+00 1.865667097209927183e+00 7.603990434019639366e+00
7.421550112064932314e+00 2.059124271277519291e+00 7.880639888407960925e+00
8.039572087063945105e+00 2.183021711005610488e+00 6.779351796601160274e+00
9.060167631426471857e+00 1.719664422870711196e+00 4.440077649978250385e+00
4.872341731187747271e+00 1.954758167172427230e+00 4.590676069337144227e+00
5.270871970402625450e+00 1.983635539342426313e+00 2.909171128405912299e+00
5.835216182337124913e+00 1.906948459823439190e+00 5.771412767488285134e+00
5.864123684569118922e+00 1.813036839212905704e+00 3.542757514670934249e+00
8.191815499094856179e+00 1.718969850260838150e+00 1.230587341337621154e+00
4.988074380670351360e+00 1.848304498908559523e+00 5.694608114619221340e+00
5.181742688031724775e+00 2.170639378318908186e+00 3.073777880036139720e+00
6.128562830187663124e+00 1.781827432452526727e+00 5.443408067418248564e+00
7.932939829802386100e+00 1.836843344081392271e+00 6.212329548537891988e+00
8.146032292468989411e+00 2.104719065267831368e+00 5.810680234092746588e+00
1.031323980258541884e+00 1.991583898312902834e+00 5.121310042152439124e+00
4.950844428959584320e+00 1.950528785093696094e+00 6.513443236487789889e+00
5.057622116692613190e+00 2.044541022002811292e+00 2.794170908346464088e+00
5.982339703933841513e+00 1.861245612434531349e+00 3.375628235127599908e+00
4.787356345921049083e+00 2.049252382564643149e+00 4.446416060096743728e+00
5.116560579285853727e+00 4.646851885204708488e+00 1.553916873257930931e+00
7.663123070214307830e+00 7.632071402187714071e+00 -3.466948350151930036e+00
6.477465249398349556e+00 2.220299000513355381e+00 6.400458089856053689e+00
9.047346236455936719e+00 2.132013059317917403e+00 5.505762777408365949e+00
1.493717527028397107e+01 5.191058048610409870e+00 -7.431903403426457722e+00
3.821890014823998705e+00 -1.187288105479725075e+00 2.460463672445206029e+01
5.786884079556352312e+00 -9.739614067987230062e-01 4.187977383239248397e+00
3.071329914356236479e+00 -3.498998426436651155e+00 1.112940414060902938e+01
1.332428203789285526e+01 1.023343353984858162e+01 -7.258410612574226484e+00
9.226186263924127218e+00 2.151188711335204395e+00 8.023836765604324128e+00
9.441904803955662118e+00 2.113970154481620511e+00 5.141014694509030925e+00
4.265171170607294115e+00 2.301553053573184293e+00 5.796215203963810403e+00
1.009687201902436904e+01 -2.307158665510423035e+00 4.908843144721329210e+00
2.927505908559574488e-02 6.539299087726546666e+00 8.594588800660576955e-02
5.783347050884536600e+00 2.154632493664423887e+00 4.563259107198117448e+00
7.739369326995680254e+00 1.829145132889112624e+00 7.487288604984186691e+00
7.459617817075745450e+00 2.105494025151056547e+00 3.571630395466852015e+00
7.705699565369533488e+00 2.446939582872992958e+00 6.775821507863101445e+00
7.984205853154874077e+00 2.773942609433437401e+00 7.572916149833135435e+00
1.619259144444458176e+00 2.369972451168904204e+00 6.468579440207907538e+00
4.744712115831131172e+00 2.180897082498533646e+00 2.620925673799951117e+00
4.744494940528059423e+00 2.201049601546804624e+00 4.780195197990543932e+00
6.307563495008782439e+00 2.230343014467813134e+00 1.838638512780765399e+00
7.281246846861899158e+00 1.358822872303304230e+00 5.827118003962314496e+00
5.050273489041877895e+00 -6.020783100592042913e+00 1.353693417514146979e+01
3.695713733287632197e-01 2.297750497051485041e+00 5.458222570833799914e+00
7.739955771269975138e-01 2.291682795436852604e+00 4.741035211187215381e+00
5.534244551241388699e+00 2.260213795078421128e+00 4.627289884320436864e-01
5.210769077629899826e+00 3.083157542474233903e+00 6.250369981635396144e+00
7.783364109707324729e+00 2.460482338483602760e+00 5.050621187721176852e+00
1.457699874016635810e+00 2.442141989664631030e+00 4.898893992576809353e+00
7.632817088839249919e+00 2.485078514275153694e+00 5.157158277188629292e+00
8.389402668447552003e+00 3.535052855390695470e+00 5.741982468025991437e+00
2.641553198765588251e-01 3.453495317099414263e-01 -4.034056936902720436e-02
5.181738071418092950e+00 2.502273242639851958e+00 7.600675733118135824e+00
5.373114162129226656e+00 2.473634055648668451e+00 5.634685716117535215e+00
5.310034299823289672e+00 2.240848590343273106e+00 2.999072394827841936e+00
5.500373741441832109e+00 2.507012135511174744e+00 5.774238396693407438e+00
6.468483074589276072e+00 2.726159468916721451e+00 7.685502200864778644e+00
6.483559584227917227e+00 2.549052976740798560e+00 6.076041113984306463e+00
7.624773088742566429e+00 2.958148823907962299e+00 7.492716704419970064e+00
7.658451229235614832e+00 2.484420127173688542e+00 5.158148349922424103e+00
7.677381951857839226e+00 3.763018654776888017e+00 7.961715283872966786e+00
8.827650145857891317e+00 2.523936127637100846e+00 4.678891244955526219e+00
8.979706225956336496e+00 2.545720989777901622e+00 5.508168887056198670e+00
4.396150848743670125e-01 2.569997606338711993e+00 6.775991492944990924e+00
6.235818366323712780e+00 2.460436030974184618e+00 4.876947777096996006e+00
6.912557050248139490e+00 2.540343871887027483e+00 1.375057989766487854e+00
8.174408439124889014e+00 2.560131274340898155e+00 5.658107986865759997e+00
-9.918840460787656799e-01 3.359883218487430323e+00 2.675725265413470666e+00
2.026625601551597100e+00 3.005594256977466294e+00 6.087285300964834001e+00
1.774592179201982756e+00 2.560032124866621128e+00 2.168574163643739006e+00
3.893666267213148124e+00 2.586986809357153305e+00 2.613129254283699687e+00
4.277254212833252467e+00 2.574399793752908394e+00 5.627572458707706282e+00
6.094484186775686041e+00 2.557003256959220039e+00 2.011980308543861895e+00
2.159615164454909753e+00 1.914498199444815807e+00 5.094482100724679441e+00
3.073606513688242892e+00 4.696437579447074739e+00 4.826470481717421990e+00
1.444906827532176363e+00 2.436871137928696029e+00 7.077527780718749995e+00
2.492175092866756536e+00 2.716203130348645800e+00 3.847925261984767253e+00
3.936090674917367416e+00 2.690794899001051732e+00 3.014324168733423015e+00
5.012779839798182202e+00 2.720981355079620467e+00 6.019156244456741689e+00
7.222112265815338716e+00 3.177832112664635833e+00 6.926273389608900821e+00
7.094928004229497098e+00 3.119383698421246187e+00 6.818429517122912564e+00
8.153905046954486480e+00 2.227017836417092056e+00 7.550336681131566863e+00
4.828579412240957325e+00 2.757705814053666771e+00 5.914597253092386708e+00
6.070322644567747616e+00 2.804748208879287219e+00 5.991470560671331214e+00
7.116088124481233734e+00 3.168901885653353290e+00 6.922450473350825639e+00
7.385150693116708354e+00 3.251235711717262333e+00 8.009959429743981119e+00
8.061298947270929105e+00 3.218074123306162271e+00 7.840174497683737087e+00
5.823198307969342125e+00 2.856484385986659547e+00 4.668988218149958236e+00
5.424820179489698191e+00 2.529102478535377951e+00 2.460860650844108211e+00
6.314515199298282866e+00 2.976920920972712103e+00 5.090630260168275356e+00
6.688521897724504228e+00 3.128493801683489117e+00 7.526125403729924557e+00
6.790261696416420634e+00 2.826279992370731797e+00 9.631604016692125736e-01
7.106586068861340699e+00 3.112591429225491257e+00 6.844096951973895671e+00
7.975309343742509327e+00 3.425504375641987842e+00 7.930214471525685482e+00
1.113282402666641691e+00 2.839742165218214431e+00 2.238172905020361370e-01
6.575291951705292348e+00 3.106955359515946924e+00 2.775965147989055914e+00
6.910519230215331987e+00 3.336455955998757439e+00 7.007301677409143892e+00
7.778856427633217052e+00 3.237458397668151466e+00 7.577353208087510339e+00
8.127867194483464175e+00 3.266357551190153696e+00 7.793517050812249991e+00
9.138015734521831135e+00 3.008015669384269231e+00 5.395992383060720599e+00
4.998613474837442228e-01 2.895038131998811437e+00 4.750305977221668030e+00
1.417703171250548788e+00 3.039181790818301643e+00 6.808390860642650644e+00
3.568278634017473028e+00 2.960351577920639521e+00 3.884757727163661745e+00
5.248417372911608147e+00 2.944267034374768333e+00 5.153634709726858887e+00
6.577208654284239842e+00 2.581461783189801462e+00 2.858820912227603372e+00
7.655923544123732327e+00 3.555523827692356420e+00 7.655982959029488555e+00
8.064471316519512101e+00 3.277897601602437039e+00 7.972914179174746430e+00
1.316813361861776777e+00 3.727267833792246243e+00 5.246311696345855147e+00
3.466954179243757039e+00 3.095911368467096914e+00 6.714175342500237065e+00
4.595090413741072410e+00 3.051848294064287259e+00 6.162552225556781949e+00
4.672904544917087399e+00 3.356803595482886315e+00 1.795577208897487065e+00
6.934977769985128049e+00 3.248534319758278333e+00 5.031151120022094858e+00
8.484974287260998338e+00 2.448147382053404542e+00 5.239424838284071129e+00
8.837637193334000330e+00 3.746628778020953732e+00 5.011542728596193541e+00
1.402660854427202786e+00 3.117975056143193591e+00 6.636973618663508212e+00
4.201843330857870207e+00 3.085561801059396370e+00 6.085690259441484784e+00
4.681584297801288486e+00 3.147204394187034016e+00 3.127505862917705048e+00
5.661443857787141987e+00 3.299132804509495642e+00 6.236545374569326228e+00
6.674803207075679978e+00 3.156919025797776168e+00 5.860262640231033160e+00
7.188803816440493932e+00 3.564144877832267078e+00 7.264455251990383999e+00
7.189266230372031607e+00 3.547248865795539885e+00 8.404101926382349319e+00
7.202386526928405530e+00 3.047651556048645904e+00 6.808487614101840002e+00
7.935411397410227607e+00 2.919492648106892574e+00 5.830245070002268548e+00
7.480456263864647681e+00 3.439189279018703083e+00 7.168705634921705538e+00
8.158865027745122234e+00 3.138100824368101005e+00 7.895304875061325944e+00
8.642053135723273272e+00 3.140724473144985485e+00 7.909312973835356253e-01
4.480914826545595586e-01 3.132520466841385520e+00 6.801897187416859225e+00
3.602385206019312225e+00 3.182619471203527617e+00 4.635917382639327400e+00
5.724058136267283992e+00 3.370479849669897554e+00 3.358291936561613955e+00
2.768716732429110650e+00 2.750026733428281744e+00 2.747831952658439381e+00
5.236202341125106408e+00 3.197337317809862078e+00 4.592793272332446719e+00
6.735528664325848958e+00 3.434554856327283190e+00 7.417473018967265297e+00
8.161354596081396906e+00 3.472275169246326953e+00 8.658972310193382427e+00
8.729379438057758733e+00 3.408051943022833541e+00 8.250319781720239831e+00
9.229470551079662854e+00 3.152691930570719947e+00 4.028233139302088262e+00
1.431785799744676346e+01 5.788017983133902256e+00 -1.792706731106749718e+00
4.279873976166847171e+00 4.134651773642994410e-01 1.244147770385705520e+01
5.891671217044606168e-01 3.234857445226563932e+00 7.132779394341456580e+00
1.751227580201733414e+00 3.287339677824944850e+00 6.298950133439745969e+00
2.653987286690832725e+00 3.279283562834453214e+00 6.406805020763814085e+00
4.880874498827187935e+00 3.325114322986444382e+00 4.278269515884983498e+00
6.962961535470129526e+00 3.424414966476258204e+00 7.048298708488297315e+00
7.038650680481061350e+00 3.643101200737573819e+00 8.126369125562177942e+00
7.582052461193807602e+00 3.737499531320200852e+00 7.751826577366268012e+00
7.795211115057064433e+00 3.519024653496812149e+00 8.009149335725211927e+00
8.007271206900174576e+00 3.302150512979631358e+00 6.822004155169214101e+00
8.039763257389669349e+00 3.490765323218720795e+00 7.186375672300274964e+00
9.049269185169706020e+00 3.441212298271674186e+00 7.875307373120351784e+00
1.736108296226911429e+00 2.808568249787743554e+00 4.643575017116157611e+00
5.285914263223547849e+00 3.272587707340237628e+00 1.328973197520300742e+00
5.639977314007577291e+00 3.300666381542190386e+00 6.276876586973580530e+00
8.667633533238637611e+00 3.184772622176675672e+00 5.036829409788985856e+00
6.582806250024921368e+00 3.436721940576451306e+00 2.762770515554330952e+00
7.026601696371823635e+00 3.664415943733168923e+00 7.068558006625810464e+00
7.328966268376413851e+00 3.802536623113756065e+00 7.656380577156864931e+00
7.407768743854591165e+00 3.455187764951262341e+00 7.269342965182595151e+00
7.739083720867513172e+00 3.538304837857038088e+00 7.271706559144730520e+00
7.697267025061330870e+00 3.522902665476145501e+00 7.251740734495366603e+00
7.896703816022288436e+00 3.832031409564153890e+00 7.944400508526671345e+00
8.095362207491046291e+00 3.462766339458712483e+00 6.663470369863347287e+00
-3.234072052116140128e+00 8.577080859805926494e+00 -1.866271876867273960e+01
4.944499942549029470e+00 3.507334187968433881e+00 3.947796330502213458e+00
7.063224318817052705e+00 3.660170720759362784e+00 8.180450540590925357e+00
7.591762467269536074e+00 3.649299604093860783e+00 7.743517231421099822e+00
7.499123983105864255e+00 3.518964658555202796e+00 6.283257700469741636e+00
7.880769548722643236e+00 3.594595467732722316e+00 7.208243232797995503e+00
9.618841423632058962e+00 2.811034803509523172e+00 1.573372697244152185e+00
9.098310899560161147e+00 3.427067653972600159e+00 4.994806628811708116e+00
8.967625184733291732e+00 3.450544006189372404e+00 7.914854553307211660e+00
7.290595703566021157e+00 4.289994996257478377e+00 8.131298356337678612e+00
6.775425122862244187e+00 3.664892551201674564e+00 7.490441130727060859e+00
7.857535173892658875e+00 5.461361399615385359e+00 3.387003507025629467e+00
7.770157705059126840e+00 3.800016849666226548e+00 7.980646371052298349e+00
8.085088655093191079e+00 3.594123722029650025e+00 5.948177876579086032e+00
7.406687314887044238e+00 3.885762296127015958e+00 9.063447339482898713e+00
8.592971620420975398e+00 3.589321724860429441e+00 8.108270255163501972e+00
9.073092624267683703e+00 3.538618876826300941e+00 6.227644581343641406e+00
1.544267674279102387e+00 3.466179118039949714e+00 4.937811017416041004e+00
6.538453567013550405e+00 -1.528686350333382293e+00 2.721240420335813326e+01
2.487858763519056549e+00 3.614275912707734850e+00 5.126540841905554480e+00
5.133727184542568267e+00 3.525922594391890819e+00 2.480997358199808822e+00
4.277450743794100951e+00 1.126577545736770158e+00 3.555220393779727761e+00
7.858974776456991052e+00 3.888617166082485088e+00 8.285741903748380821e+00
1.108476348755791818e+01 2.824409772028042109e+00 6.609649005620546802e+00
7.215726061415588255e-01 3.697115679846511682e+00 5.175780502129824434e+00
1.115659761105991299e+00 3.634644843779635259e+00 2.209032985937975813e+00
1.824725218238012037e+00 3.659129837749349523e+00 5.683381662359808573e+00
2.169164941058815188e+00 3.665442414441415053e+00 5.800885972773626165e+00
4.505097770118884348e+00 3.734801020082056056e+00 4.680315418983367337e+00
5.434456245800663332e+00 3.755434006214763087e+00 6.179367308796621217e+00
5.678163459438677840e+00 3.903522991656008578e+00 4.837998088545190534e+00
7.000166743228293242e+00 3.737816020055485744e+00 7.127851371798046287e+00
5.331213956773591001e+00 1.759420047413050359e+00 2.662168816507482383e+00
9.469806301454532615e+00 9.141815523322517123e+00 6.926648732641938366e+00
6.877844930866654494e+00 3.560156046236671923e+00 7.033300962887023111e+00
7.388304721965862853e+00 4.012962686572338455e+00 8.305155152480477199e+00
7.473083128687019183e+00 4.002629304200507221e+00 8.208947743534587005e+00
7.680081824878962848e+00 3.607102312978466951e+00 7.669701535715581997e+00
5.656396558904494221e+00 3.843467162028520789e+00 6.737100651360181658e+00
5.658382352812997063e+00 3.719863122724869964e+00 3.393753141630975634e+00
6.596997039070050306e+00 3.930258830489406385e+00 6.625054331225767257e+00
7.882181338220600963e+00 3.703983931089299908e+00 5.479173230102754033e+00
7.110297191330597899e-01 3.715936754642283901e+00 5.203810904930904258e+00
6.382690756684283873e-01 3.773381944327148574e+00 3.694826184615843001e+00
2.201788262240373939e+00 3.867783274893680456e+00 6.639984796036095815e+00
4.621726142740919308e+00 3.798196386301872174e+00 4.280650419278648755e+00
4.977663461524923783e+00 3.696706453464706499e+00 2.667679154093463900e+00
7.063900324152585952e+00 4.078825704026965759e+00 3.004797038770544049e+00
7.210166839359711588e+00 6.364750789638126349e+00 4.305140769566270009e+00
4.342145478050148277e+00 -1.577597279773075289e+00 6.984755630470591115e+00
7.111841452966561228e+00 4.167593979667270965e+00 8.897562390011255928e+00
7.024586402186288048e+00 4.020699911076683897e+00 9.959094647042365800e-01
7.541692170434293629e+00 3.956898692738890944e+00 1.614507988407851258e+00
7.510837596558046059e+00 3.808638395782358188e+00 7.156730917513450585e+00
8.046978887267734137e+00 4.924419758308173911e+00 4.683748171571599173e+00
9.136464585974016117e+00 3.643851451847113232e+00 5.145476905923994870e+00
1.137963782152229264e+00 3.863737336216592766e+00 6.653047535354843944e+00
1.919804027524664836e+00 1.735791546217204662e+00 5.344188429514905359e+00
7.551462163129931682e+00 3.702320009501318232e+00 7.005980437323139576e+00
5.379375302802058556e+00 7.105242898442932109e+00 6.344486543713118820e+00
7.370503769114293391e+00 2.582014188416383860e+00 9.640251970332505138e+00
5.964998492017483223e+00 5.405222122209679014e+00 7.373352690160958289e+00
7.827653431261847317e+00 4.004938235222738285e+00 7.880646439930716340e+00
5.721550497937635260e-01 6.093697650141198352e+00 8.608406687823581649e+00
1.970891792342134075e+00 3.929399141892374381e+00 2.664602067753859327e+00
3.359278184442770154e+00 3.755960730532345693e+00 4.387072982436512447e+00
4.646189916919002627e+00 4.677259407369128041e+00 6.668966423201915461e+00
5.676201798445664082e+00 3.959334202206738595e+00 4.883001006530077959e+00
6.428812934544605895e+00 4.066085442893930590e+00 6.686960289847220018e+00
9.244486683326154974e+00 7.736311275645626484e-01 9.233873217512861942e+00
7.827190222921362128e+00 3.916380090219394816e+00 7.956878154935584035e+00
7.251853806477157605e+00 3.899691118973682258e+00 7.251566832190931677e+00
7.896289295753573967e+00 3.916861723307746068e+00 8.096148531211344590e+00
8.344381616444488392e-01 4.045296957616884015e+00 7.374653988212712896e+00
4.172058520467460951e+00 4.137772761365806851e+00 6.084559490813404636e+00
5.738609097198787978e+00 3.559093592173104170e+00 4.394926260650004579e+00
6.838455523502689815e+00 4.138002205757930874e+00 7.324048034686374109e+00
7.072633624034834199e+00 4.498798286502487365e+00 8.678300108932717194e+00
9.544138445500571777e+00 2.793675708363109855e+00 1.109997811677441071e+01
7.799195588504860055e+00 4.112054162016876901e+00 8.269707095764342597e+00
5.526563735981767422e+00 4.161359456768947140e+00 1.425214181478880349e+00
9.060511048311449045e+00 6.934907180605100585e+00 7.564543391837320385e+00
7.151105679620230582e+00 4.272799958159541944e+00 6.383036985605055058e-01
6.966432445719423328e+00 4.445819068015485875e+00 1.033976970031072717e+01
7.640040999395619536e+00 4.002400140741471546e+00 6.102121048588875496e+00
7.426746577144392347e+00 4.284822107526024659e+00 2.569789834310163723e+00
7.762268420526662993e+00 4.134110810182645146e+00 8.232452107326489354e+00
8.029697451823658128e+00 4.265995686104374407e+00 4.767159375049543346e-01
7.778226556365511968e+00 4.050869311480918888e+00 7.825255543467065422e+00
7.844881544989650735e+00 3.942460661910544673e+00 8.045866577351976190e+00
8.419681078987071743e+00 4.188596493227962014e+00 8.463769584357578424e+00
3.252510795249104358e+00 4.352342686339978783e+00 7.922817215813159564e+00
4.816131965210611376e+00 4.094561914788875434e+00 3.404716558860505504e+00
5.266768575317234635e+00 4.211195293852853183e+00 5.790027686226782322e+00
5.117949198230122398e+00 4.481895911829909096e+00 4.297238308084831537e+00
6.130404444694980803e+00 4.192227663840688123e+00 4.711824726584318057e+00
7.368456616958789951e+00 3.236252291712762741e+00 7.513595178163727795e+00
6.638437889862935037e+00 4.994885297730220941e+00 6.122597127554574747e+00
7.039510553819559036e+00 4.336856660264575503e+00 1.095647653764257434e+00
6.787289928818004192e+00 4.001975331270946512e+00 1.042854051140146154e+01
7.547896166027122433e+00 4.192378428934818047e+00 8.262944335917037364e+00
8.404098653121732099e+00 4.295467856238686544e+00 9.100353758979281338e+00
8.747504959958156689e+00 4.225100727915820364e+00 9.218332324237570319e+00
8.729459660228375384e+00 4.168832875501344404e+00 8.660531950055819550e+00
6.247197607934450225e+00 3.912799411822581952e+00 6.054800471530112915e+00
6.589111698813715279e+00 4.211767110814755632e+00 3.387571473051508963e+00
7.712316271799389611e+00 4.546991306718364712e+00 7.177638616561695883e+00
5.450759982494204792e+00 1.440376370747995960e+00 8.284346617645070410e+00
7.608893776894827710e+00 4.387652649671761829e+00 2.236164763137717060e+00
8.489140940631699550e+00 4.239848279889584681e+00 8.411115118835370552e+00
4.630516705371775288e+00 4.233358074595491516e+00 4.458430717269207477e+00
4.736440013565113460e+00 4.364658951638948459e+00 5.694267396789936875e+00
5.219463479615463086e+00 4.315032097329320138e+00 4.621079686024094357e+00
5.183017867785538968e+00 4.070303609650897769e+00 3.738642864205718563e+00
7.086240224427094780e+00 4.263823711391362181e+00 7.375614513507670722e+00
7.114005672312140760e+00 4.433367781936917495e+00 7.489387396204474356e+00
7.437288996291014698e+00 4.387774742475266443e+00 2.237404562961518018e+00
8.055003603202569806e+00 4.166995336804117045e+00 7.823961665802007914e+00
7.460223893592465849e-01 4.428910354792680693e+00 8.194630190176550144e+00
1.360901265875319677e+00 4.390978944161266107e+00 7.394574670025088281e+00
4.945880422317163294e+00 5.256879306606236035e+00 8.755387561051062306e+00
5.823372580836835510e+00 4.543256827294821498e+00 6.368963656172700105e+00
3.873388917500396822e+00 5.637035513431148281e+00 7.675405989908754556e+00
8.439982596803300652e+00 3.356853909512507173e+00 6.189664915648154242e+00
7.696662285090637212e+00 4.202348033440062025e+00 8.184020730685007905e+00
9.079122509438983357e+00 4.484841957246156419e+00 -3.655882523114764582e-01
4.946592419854509259e+00 6.062242996591982624e+00 1.098642816757105223e+01
8.475865636491979771e+00 4.223925731979313980e+00 8.427276180223779889e+00
4.727164595075828757e+00 9.013589404187158038e+00 6.759503372148493838e+00
5.030562737346358837e+00 4.528419780203493339e+00 1.102385446820171921e+00
6.948199420772335877e+00 3.980559710308050114e+00 6.596339763338839646e+00
6.173513674593122502e+00 4.531719340479064329e+00 7.221218219596922339e+00
5.942979797488738392e+00 4.419856348428321979e+00 4.431738465930044946e+00
6.589623891786112075e+00 4.442095011375791103e+00 7.019701588722773167e+00
8.062390081546057630e+00 4.360902862403505331e+00 8.346326107714149956e+00
7.469233679424732486e+00 4.517926704355201828e+00 1.644909770875929045e+00
1.209411262659623887e+01 2.805357177476120789e+00 2.467327448667858469e+00
8.901386977254594157e+00 4.076412972445165650e+00 7.046408212797990345e+00
9.245338519069319361e+00 4.414586491656595335e+00 7.287184297035121716e+00
1.285646961425248591e+00 4.595760484433752957e+00 5.147518133326636658e+00
7.182403006770148757e+00 4.330605035142091275e+00 7.460909799029231237e+00
7.087470434219795834e+00 3.224934139085702256e+00 1.281237859366969012e+01
7.899206811499031033e+00 4.618001650949866921e+00 1.514213837351325420e+00
8.368436278417085816e+00 4.405164283143561121e+00 9.247268329627628347e+00
2.327703021646926884e-01 2.930680520852778637e-01 7.309566406487950196e+00
3.962853729387134649e+00 4.519098560381080709e+00 3.983738930918287569e+00
4.225639440257827673e+00 4.684271359696801973e+00 6.334198595818227417e+00
7.056264594610629715e+00 4.357746575579560577e+00 7.454888022840087558e+00
7.590053790326049210e+00 4.485922716324206583e+00 2.411803885512900703e+00
8.932238635419430750e+00 4.549023625131334292e+00 6.664541097655730439e+00
3.044907370181773487e+00 4.816472109444472238e+00 7.962047046509281856e+00
6.316187857894652424e+00 4.912242417030554087e+00 9.014857622530257686e+00
7.133741326522515358e+00 4.985643591491074389e+00 8.359055149678397356e+00
7.526604599021640141e+00 4.612849268830384375e+00 8.220687694961364755e+00
7.549641522297461549e+00 4.661896594505140712e+00 3.175905210588814587e+00
7.933036525030160213e+00 5.712617791483240559e+00 5.090721983931008054e+00
7.908632906486708691e+00 4.574543932234068855e+00 5.542305158671045007e+00
8.952920474946235885e+00 4.720136557671504640e+00 6.990448662470801766e-01
8.864529835838762750e+00 4.978418833368564833e+00 6.626144222671134010e+00
9.006397379155000493e+00 4.548670751207683161e+00 7.676058163602885287e+00
5.680054856898642868e+00 4.717561975155247112e+00 6.247207492005348861e+00
7.149385286397779815e+00 4.775333891521087892e+00 8.216846554057914531e+00
7.043798099963725079e+00 4.943294178524722859e+00 1.176859443109777636e+00
7.085980363233800539e+00 4.959165575838573758e+00 1.311063191278991180e+00
7.037966374059822172e+00 4.743444185235742516e+00 6.652749438724169018e+00
7.360009252284648085e+00 4.603354314374434431e+00 8.034085540386730173e+00
7.723433834118313968e+00 4.795464371536552584e+00 4.118153926900525619e+00
8.065828352908827270e+00 4.402155170005482177e+00 8.296130931352379889e+00
8.026433646233734009e+00 4.496167828215283713e+00 7.820574680807713897e+00
2.313855222741793671e+00 4.943039896645571751e+00 8.168343084485508498e+00
5.406178572069942234e+00 4.827122536407716602e+00 5.149427450324074229e+00
5.668613431273204384e+00 5.414539488509830356e+00 5.473487760184234219e+00
6.432707368709440487e+00 4.980708077687400426e+00 9.057917542990118420e+00
7.404847505939698316e+00 4.776961403229009306e+00 8.153265600178469796e+00
6.526176282075643265e+00 4.894709750877020760e+00 2.257163568628237194e+00
7.370419693612567436e+00 4.600925153490286412e+00 7.974724479475256089e+00
7.292325756661443670e+00 4.585908254631720027e+00 8.263634385238585622e+00
8.049870660699413705e+00 4.446553425048060504e+00 8.298737097078760172e+00
8.794853928590111281e+00 5.150725303521106468e+00 7.088870680730794405e+00
6.721836397833280685e+00 5.115696291531040885e+00 8.043667661004498814e-01
6.782071342057383490e+00 4.719380161379840288e+00 8.034860855933157353e+00
8.414459009869103667e+00 4.181342232679853943e+00 6.230075979120879737e+00
1.774000474707713826e+00 4.933971226782125186e+00 4.090791355414446606e+00
2.836540969092928854e+00 5.110036177805198143e+00 8.798422214589475487e+00
4.723162845558390721e+00 4.915591312988795814e+00 5.553199732360452501e+00
5.528865460329583925e+00 5.035774643277903806e+00 5.107234322756242229e-01
6.028898456966675923e+00 4.968819375444445186e+00 7.588989814279941903e+00
2.470789980957010634e+00 -2.339725381887495459e+00 4.463498706143605332e+00
2.709288155056113645e+00 5.136956818989796503e+00 7.138001726638645295e+00
5.082234801439715177e+00 5.066602582800987520e+00 6.063288837999251335e+00
5.399694073991218701e+00 5.075243259562861375e+00 5.660783758558008749e+00
5.401433014089493945e+00 4.961245748844056891e+00 3.753005844472770747e+00
6.292805032826737310e+00 5.080720903394849053e+00 6.740607351178510953e+00
6.827639211034878031e+00 4.918231275371208966e+00 8.205076287147859304e+00
6.985434417257881279e+00 4.893382341012980419e+00 7.812418536619577303e+00
6.831644459214716747e+00 4.859151052735144027e+00 8.660641685837822124e+00
8.864149832030484788e+00 2.907257221339025755e+00 -5.345104293975905252e-02
7.444552325111009061e+00 4.965659983893456086e+00 6.551250135233861016e+00
5.022286608589269896e+00 5.462927534202873581e+00 9.283485919324316882e+00
5.726381281810094315e+00 4.532811871747084886e+00 5.233008189220482720e+00
5.961523329280092653e+00 5.288673371972567594e+00 9.341536034989266213e+00
7.242720898901333193e+00 5.200099142071375802e+00 1.644881515755554302e+00
6.578803069031867068e+00 5.224818012068420003e+00 8.884339218053673548e+00
7.549950636486087774e+00 5.190418268394672907e+00 4.815284808023882590e+00
7.488571910371582874e+00 5.317073211735410254e+00 5.773858626269967598e-01
7.848255091808004735e+00 4.902686948175715820e+00 7.885548573285822371e+00
5.316172157327940795e+00 5.094606763580094011e+00 5.484600886422922983e+00
1.164892793656012770e+01 -4.905679737982810096e+00 -3.912372017120497425e+00
1.557565392220694900e+00 1.533750874811132192e+01 1.869995767731545300e+01
6.774672225507888612e+00 5.036720316045700585e+00 8.169706071850326268e+00
6.999230228461849279e+00 4.947465224746485646e+00 7.767385738339441126e+00
7.115795715611164418e+00 5.089580937818841022e+00 6.479173175775223115e+00
-1.896797353770013572e+00 8.541943166707969937e+00 2.209870676825793079e-01
7.124686223024020215e+00 4.837933037272070358e+00 8.276948253078421303e+00
6.217337875009380177e+00 7.593355004601833436e+00 1.391248187573998374e+00
5.123398350206016083e+00 5.533226533561416360e+00 7.925324270193212506e+00
5.152099082400939167e+00 5.699308066672548634e+00 8.098782552868458495e+00
5.805828113173427951e+00 5.315891864538158984e+00 4.329054739642824501e+00
7.108891628448045452e+00 4.712430577284535183e+00 8.209705362294748454e+00
5.003586549911857695e+00 5.457484642976754508e+00 9.331194447364609346e+00
5.309401270065150058e+00 5.254582276661993845e+00 5.952161006062712367e+00
6.411018865286180812e+00 5.360284932794304069e+00 6.968077874267027738e+00
6.851926401750841222e+00 4.697092553707905793e+00 9.478528210779863628e+00
7.146537394173019919e+00 5.435732161086306746e+00 6.596152122955825092e-01
1.628526400463145052e+01 2.142388684464806126e+00 2.509672517496877475e+00
7.078776115802728697e+00 5.283199634640652675e+00 7.382445975671701355e+00
7.211787442048049890e+00 5.092529857520128544e+00 6.574729071296950167e+00
7.678450599890156880e+00 5.071553564580650431e+00 7.529412968443306653e+00
8.137824123203978743e+00 5.122266542524918975e+00 7.209502554150613918e+00
8.573267243277047811e+00 5.199237479099278580e+00 9.014246854497026007e+00
1.077326613962985125e+00 5.420686704948902701e+00 5.774038826972898164e+00
2.928587610307858746e+00 5.429437783563704656e+00 7.288905317835653541e+00
5.269641892627617175e+00 5.668102824815099972e+00 8.180012349382883130e+00
5.633276883217005704e+00 5.389792710129222897e+00 4.478989423585195695e+00
6.900011498164421830e+00 5.011282665949174486e+00 7.235727638422711827e+00
7.201548264816530320e+00 5.453089766320549536e+00 9.847061177095663975e-01
7.653137795485504213e+00 5.327660043113001898e+00 5.866640839558939780e-01
1.163294953750061200e+00 5.559106826099956322e+00 6.625589516447790928e+00
5.209733024966847204e+00 5.461453355510260899e+00 3.089313542021011827e+00
5.160754792644704381e+00 5.821918410668434518e+00 8.873869116133512591e+00
5.109551121880194557e+00 5.674408003062685779e+00 8.006601478351480949e+00
3.993311135048689664e+01 -2.023534226136038328e+01 3.266268727733151422e+01
6.894966389200433809e+00 5.795187326299878094e+00 9.916048779049750905e+00
6.993504422660560493e+00 5.551363593056726664e+00 7.099036974705077441e-01
7.332675867102718570e+00 5.400822596524349706e+00 1.275783480766286448e+00
7.898245131682029907e+00 5.080609391375735306e+00 7.874435339662769096e+00
3.597962720040565276e+00 5.658912809267060418e+00 8.042184124094928777e+00
3.976748238204164565e+00 5.595693998316406237e+00 6.273455624554149068e+00
6.361565593809501706e+00 5.611898578757008593e+00 7.316628311620624103e+00
-2.649900477683734934e+01 3.171942179808269557e+01 -3.083090923894100044e+01
6.768086499250960841e+00 5.315743054736490336e+00 7.951571489586493513e+00
7.985512405251776968e+00 6.302871256001915334e+00 4.693603441550612487e+00
7.721084008838106527e+00 5.473201695613900242e+00 9.226675557531526239e-01
7.611461475432284018e+00 5.701782922910648921e+00 5.225505516798619965e+00
4.174536189331938818e-01 1.093092150169811383e+01 7.998627629979914389e+00
6.730499433566414780e+00 5.010713981546564888e+00 6.235656255892404687e+00
2.463076610033893665e+00 5.693709996842517995e+00 7.370306792439283328e+00
5.202506075196945190e+00 5.745687363646531765e+00 8.216907521527154756e+00
6.116606504549094048e+00 5.752106052145345316e+00 5.624871297014571780e+00
6.301827158575421528e+00 5.785706215770012761e+00 5.750333074642787423e+00
6.560109499575951908e+00 5.790104774895299400e+00 5.222169104196897393e+00
8.905837582082924087e+00 5.750012732502915114e+00 7.728013076607224141e-01
9.936064974642786041e+00 8.307717019981806228e-01 9.762934941356805396e+00
6.014396601667090891e+00 5.927403740996020076e+00 7.505160211169568107e-01
6.347189697718321533e+00 5.747790316496489638e+00 7.142196532613144022e+00
6.843947241493341771e+00 5.877770961233257374e+00 9.627382776660700081e-01
6.833990394328171902e+00 6.563784260011439109e+00 1.204809857398958739e+00
8.460191533355715165e+00 7.524868117735139528e+00 1.792317059570055493e-01
7.396660395846737401e+00 5.911580023293961261e+00 4.501649816616787092e+00
7.994284479078853423e+00 5.445349357274608337e+00 7.631363113789135788e+00
8.114241858320310641e+00 5.465034982995541135e+00 7.765575515166210252e+00
6.761633437174547900e-01 5.892770342759835245e+00 6.674223255365797414e+00
3.050099244754306049e+00 6.016346500827467025e+00 9.121462170603694020e+00
5.094891913294643082e+00 5.979911433036512847e+00 8.546399136537957020e+00
5.877080694637562885e+00 6.036861563705003597e+00 9.046828508146955272e+00
5.079848548996217517e+00 4.064072707308508114e+00 1.642705721514197581e+00
7.521332072586631057e+00 5.975256251341478198e+00 4.594813840282766293e+00
6.827039461590136860e+00 7.187781966577026616e+00 7.048954522112532928e+00
6.404058717334149442e+00 6.080491062626297349e+00 4.615801578993675491e+00
7.900121741975633327e+00 5.961701746783461431e+00 3.323011672616988488e+00
4.186822467917972190e+00 4.994269905434963519e+00 1.005518048499450501e+01
6.666774690061837205e+00 5.163299785110877949e+00 2.102671548935017842e+00
6.954651787149151332e+00 6.074908687256000306e+00 4.387859266785532952e+00
6.359868434275059990e+00 7.817170131461953275e+00 5.559111598821774081e+00
5.852372762688451857e+00 6.080116379394606696e+00 9.086238837917324673e+00
6.643434248825775157e+00 6.046471494433391491e+00 8.277601112664589422e+00
6.782171864788895554e+00 5.857629077321914401e+00 9.503049319250936877e-01
7.572050007843134090e+00 5.983028261547917559e+00 5.056224513628338357e+00
6.130005755608927132e-01 6.302410851746801157e+00 2.647628918011062371e-01
6.230589453392851418e+00 6.172876116289621962e+00 4.495634068864647226e+00
6.950150739548356604e+00 6.114994197489622252e+00 4.539997990664279115e+00
7.192387226175801729e+00 6.003955673203078547e+00 7.893715010606403126e+00
8.061385681708568285e+00 5.975812592659190514e+00 7.111505067590030649e+00
8.761411086388326552e+00 6.255497627129060767e+00 2.051864155544107504e+00
6.443624336251538409e+00 6.352735975995003948e+00 8.353777092407679294e-01
6.417866657449044610e+00 6.488505050041543321e+00 6.986469564226977624e+00
6.364202220489038275e+00 6.224455086265948900e+00 8.994767629477028237e+00
6.679986238995212489e+00 6.170408903836566594e+00 8.997220702223813760e+00
6.969311036764812783e+00 6.247805373225568282e+00 5.396764004900028944e+00
7.584662489131186902e+00 6.125448518704089906e+00 4.847041538839948593e+00
3.574667523738504826e+00 6.418247350974832344e+00 3.972142462333848045e-01
6.178253436402210141e+00 6.340090864246413993e+00 6.154855526421978418e+00
6.742653335941994897e+00 8.996413320545753933e+00 5.827817650875340760e+00
6.750577570694756835e-01 6.473397992236943566e+00 8.172780279308726747e+00
5.091275663663347828e+00 6.511456881581342948e+00 8.445486739642420915e+00
5.667300201166812990e+00 6.594112724823438576e+00 7.997350611701627088e+00
5.423008089311767144e+00 4.666996024877949623e+00 4.958900184564456026e+00
6.421812647180342282e+00 7.218142133867724297e+00 6.209919349327563509e+00
6.423332062337073545e+00 6.351394502328655989e+00 5.793423134699684951e+00
6.755827013332153186e+00 3.517805215849088007e+00 6.616245104413543743e+00
7.516734767680189222e+00 6.273515654136334163e+00 4.582938708145722018e+00
7.877485778339789135e+00 6.177203927933717864e+00 6.758418806676040447e+00
4.774822040596170325e+00 6.613915374979857376e+00 6.304871909665648033e+00
6.288607262979895474e+00 6.456081779087037731e+00 6.693538769586664827e+00
6.359534397245212745e+00 6.494075232030156464e+00 8.039159469020177085e+00
6.080688368711292036e+00 6.525336472460321779e+00 6.934766935453643200e+00
5.669894832000920815e+00 7.294167552310943492e+00 8.759395667084906023e+00
6.388433191814395506e+00 6.603344276113978673e+00 6.097363738737706651e-01
6.102756793179814565e+00 5.497287461541812803e+00 7.473753643475423480e+00
7.449219339659770789e+00 6.327991946130200773e+00 4.701775250070415524e+00
4.902054111845734141e+00 6.854281511314059827e+00 7.460934314654721788e+00
5.717384605419341348e+00 6.733565968378401934e+00 4.755290276241724290e-01
5.810671145395568615e+00 6.234147648804844621e+00 8.001682100433324507e+00
5.680341579525173046e+00 7.311128948297215047e+00 8.407044234570667740e+00
6.261120020926953522e+00 6.685960943220825570e+00 8.714639551031152509e-01
6.293776909257431385e+00 6.587999548452538434e+00 5.104838020390161546e+00
5.058506178404388542e+00 6.917644712867457635e+00 7.851521837830118145e+00
5.978064420510504462e+00 6.958289030144344522e+00 9.421492966937693447e-01
5.863434076267576067e+00 6.648318670594042246e+00 5.794846741144649371e+00
6.252369030304789632e+00 6.706484161072399530e+00 4.255106977709411709e+00
6.379335333722222501e+00 6.620032179458162247e+00 4.675848350779174822e+00
9.363372304964187265e+00 6.780722759083060325e+00 1.200478352096883361e+00
1.004325963064721439e+00 6.825023494711646599e+00 6.238625856751575327e+00
4.274715042734706927e+00 7.295876497580972675e+00 7.526102063866954239e+00
5.527276096024153595e+00 6.793903570570329009e+00 5.947289406475553264e+00
5.631967324396479846e+00 6.831467139502673369e+00 8.372820240979718776e+00
6.244359978216528440e+00 6.687138118626134720e+00 4.284903470860899510e+00
6.329775143180036423e+00 6.443851623083618030e+00 7.352438051891720505e+00
5.753428690226186859e+00 6.385287882510540136e+00 7.938139935102503486e+00
5.908830135035717745e+00 6.470314267810977960e+00 7.089262915792671649e+00
6.832905841251482926e+00 6.623737324867362553e+00 5.369862177663200953e+00
-2.458190915441926450e+01 3.358390791595994074e+01 3.461373917169791525e+01
1.404586381764429515e+00 6.948946611971762444e+00 7.612639192580786585e+00
1.718819123704277363e+00 7.052177397260151359e+00 8.994984267253460786e+00
4.527733473895573901e+00 6.986156859759475424e+00 6.640889779043759766e+00
6.970914829367487187e+00 7.033086188646421988e+00 9.461685825564108754e+00
7.260622073880516503e+00 6.813559120697036953e+00 3.814189987850221009e+00
3.905877894194308908e+01 -2.019095128240194015e+01 -1.886534933658885649e+01
4.680264557646476309e-01 7.055064544650219815e+00 9.063624366076972194e+00
4.727495707587464402e+00 7.097756202080350185e+00 8.326624274509835999e+00
5.547931648004251315e+00 7.043503113662859860e+00 6.967850641332294259e+00
3.811829443703246945e+00 7.190223910265137519e+00 7.693956569119679401e+00
5.653427377467887815e+00 6.926412691198466476e+00 5.498046581074026662e+00
7.158939463803717373e+00 6.665926589048692286e+00 9.307240037756123741e+00
5.649669762730145095e+00 6.967488791492897349e+00 9.044768883685181393e+00
6.156644117948558481e+00 6.646171661626567584e+00 8.029674601323712579e+00
6.457789751124532351e+00 6.715290429035744246e+00 5.330176861208130390e+00
6.281372029140413815e+00 6.787763834949051223e+00 6.613106283906177829e+00
9.154033513552555235e+00 6.990282333857371633e+00 2.080498189833456912e+00
4.228397431454623323e+00 7.365419772249690133e+00 7.501845037428669372e+00
4.874207622790608596e+00 7.016094386176327191e+00 4.159926973266167671e+00
4.736127254343026394e+00 7.668358178775216416e+00 1.271968510554041698e+00
5.736874561939544037e+00 6.903153808741704367e+00 8.625616638635525746e+00
6.264608155106882847e+00 6.915197882951039432e+00 9.168353475166349797e-01
6.414183041528353613e+00 6.824661078749098664e+00 6.651503206604926888e+00
6.327730153077684605e+00 6.617011834948660187e+00 8.238346327599419539e+00
1.742305437160712511e+00 7.137674025057501481e+00 8.886705498368835165e+00
3.711695533860881024e+00 6.823341145261831997e+00 7.530609629257007498e+00
4.560252068478669152e+00 7.239867914205124322e+00 1.418769444382213862e+00
4.879897051601028934e+00 7.188226800401444905e+00 5.080043360386030660e-01
5.031496868619747431e+00 7.498299496782756535e+00 7.215788527597297275e+00
6.489829343557904195e+00 6.489837097916890229e+00 7.794936528320483005e-01
5.918509982199329222e+00 7.004944531810759045e+00 8.191916969835606466e-01
5.729235464837240777e+00 9.422427445188960249e+00 9.294653786937338680e+00
6.770068721375857024e+00 6.834008170153494710e+00 5.060532815526785910e+00
6.502522283792845137e+00 6.717977102062885564e+00 6.850652972584724942e+00
4.340509204776278551e+00 7.367954102769211921e+00 7.475054250270538603e+00
4.232589955084305799e+00 7.079655123782448101e+00 7.600297210897711153e+00
4.980616006286303410e+00 7.300860659947746356e+00 7.894448901754186565e+00
5.770713493685311057e+00 7.163017622298432308e+00 5.008600362158736274e+00
5.544630770699943589e+00 7.200578096851824483e+00 7.459684873226091639e+00
5.889105339773706760e+00 4.786982903649374954e+00 8.817567757320180277e+00
5.236303490590390908e+00 1.786008374975294188e+00 9.405404192561626076e+00
3.576173700387730858e-01 7.432866219536860442e+00 3.817080190531851880e-01
2.045666593984847292e+00 7.341982707508380557e+00 8.642443105557312322e+00
4.302734026892316876e+00 7.255641716293914634e+00 7.483409387237609955e+00
5.018755744474701963e+00 7.401910171639018543e+00 8.333181037235583233e+00
7.830616766724862288e+00 1.289795345465124043e+01 -8.264734446556330383e+00
6.542421021642707224e+00 7.126260468114026025e+00 8.556502115605518766e-01
6.473160209642787599e+00 7.301814917867731403e+00 9.384141499468059422e-01
7.516943919142144104e+00 7.183145076911588767e+00 6.285277882135714478e+00
4.996323432129223363e+00 7.523109527077586733e+00 8.490177198832988381e+00
5.944590845562705006e+00 7.112294336229441960e+00 8.127668211328685999e+00
5.948075509837376984e+00 7.452984082734440463e+00 3.053754386807907117e+00
5.767673759331629846e+00 7.268143266203733077e+00 5.358989477881048735e+00
6.118694804871680049e+00 7.254001261596071615e+00 4.483286830786016530e+00
1.350413025329811223e+00 7.496453766075085845e+00 8.134800471325037918e+00
3.997836285584590144e+00 7.623988661143625833e+00 1.322249872943907389e+00
5.044929807127348731e+00 7.685486482304751732e+00 6.846484598226654228e+00
5.798970134801654908e+00 7.383074154219724683e+00 6.810462566886980262e+00
4.712897972703139260e+00 7.601257152225257663e+00 6.663666564019236738e+00
3.443718505911327554e+00 7.903225462956804392e+00 1.031235498071028722e+01
6.225057095313690780e+00 7.338151339515031069e+00 6.223354024270845386e+00
6.222968832970140696e+00 7.259669544466314406e+00 8.122117580877802112e+00
7.124783400096276864e+00 7.462426422848202456e+00 4.201499040608998037e+00
1.517235808888780113e+01 9.026158110642258592e+00 -1.170832383422900236e+01
5.033347982277697419e+00 7.784770599719763595e+00 7.106898461575195114e+00
2.081018527368016180e+00 8.799967050443608940e+00 1.014611760484411995e+01
5.075960488552015093e+00 7.753792614369929836e+00 7.117764948056160890e+00
8.993743672653737420e+00 7.315558465712146408e+00 1.630150591171913188e+00
5.162851787440761342e+00 7.559051597623234642e+00 8.459455020496479349e+00
5.165000757824842026e+00 7.738844739640721393e+00 4.336253366939449849e-01
5.267723297681396133e+00 7.799496975052784720e+00 1.759429455020578015e+00
5.589501448301103181e+00 7.532805697456423033e+00 5.388754402220449435e+00
5.324472700398349190e+00 7.610022699011488534e+00 8.230398378172193219e+00
6.292577038326903960e+00 7.528841083869947326e+00 6.258034601164179200e+00
6.303049495279114289e+00 7.590484476048114715e+00 9.078661046509546750e+00
7.038456823742492929e+00 9.185052274058236321e+00 7.746338348459117285e+00
4.492608127365486093e-01 7.937110897369787033e+00 2.242032444271123026e+00
6.510113218703926563e+00 6.488194432879476281e+00 5.890058613273069454e+00
5.028661945474211414e+00 7.869684775444718561e+00 6.725707333978119706e+00
5.133682060524773938e+00 7.586798351613982305e+00 8.560347376674400266e+00
1.267075120105712216e+00 8.191800977265028649e+00 1.068453338756875581e+01
5.242106942947929227e+00 7.643397602776835775e+00 8.478903242191494272e+00
5.110073185048809030e+00 7.659474805145936926e+00 8.643987253917755353e+00
5.945720748853374538e+00 7.576843196763331179e+00 9.002218683189209258e+00
7.502590269638219844e+00 7.494663942822892722e+00 6.420942271042815008e+00
3.823232551146305447e+00 5.221762192591612006e+00 1.072656565414401442e+01
-6.552910577200043996e+00 6.463707523736966110e+00 2.768566648393924723e+01
4.168307613595033878e+00 7.930934186099172223e+00 1.065493981517752875e+00
5.062661578769852788e+00 7.970766055665569283e+00 6.565871125454179946e+00
5.225078717642191783e+00 7.789942310785308521e+00 6.569332457268212799e+00
3.631251603887227120e+00 7.927915031212526387e+00 8.547850799893957685e+00
3.810233508843599015e+00 7.970169193892054693e+00 1.213630650280622891e+00
4.231021150508269102e+00 7.890123424883512371e+00 8.750001911155841583e+00
5.212537743034562965e+00 7.949469998278665628e+00 7.156211054306258035e+00
5.216755807033271353e+00 7.824150684397698896e+00 7.870679504858767217e+00
4.777805410669133579e+01 3.921314633499230240e+01 -6.387203381565832672e+01
6.195859764938193237e+00 6.020733227618514150e+00 8.443244462896926095e+00
4.253233234185765377e-01 8.076433185806642712e+00 6.509602970926488652e+00
8.394413632375279377e-01 8.040624342708520444e+00 6.572243275128693440e+00
1.297617189212138644e+00 7.998316526181016073e+00 6.657431438205696494e+00
1.509300907968736061e+00 8.040622853358563304e+00 6.334866289894978131e+00
5.306365635436843142e+00 7.839901250565922908e+00 6.511307665646048903e+00
5.558917207841112429e+00 7.810062919116377955e+00 8.706493517502313040e+00
6.066348812404511293e+00 8.167300943554872461e+00 1.991980826803717353e+00
-3.560120195768166695e+01 -2.308070104002172940e+01 7.681589876906272707e+01
6.017471081054846849e+00 7.694132958841665371e+00 6.396277412369120619e+00
6.564693280583488999e+00 8.041902924319792589e+00 3.440779572353038773e+00
6.631008960286911780e+00 8.127760715718842732e+00 2.470776720614233035e+00
9.307069741381200245e+00 7.952086952714299883e+00 7.421577367585999063e+00
4.606524722702606267e-01 1.078079869330891505e+01 8.721941039321217559e+00
2.911233108500717037e+00 8.138448582962226396e+00 3.369577132915599904e-01
3.139568329029167160e+00 8.074095713224217263e+00 9.227531022125413429e+00
4.868381605106645083e+00 7.607508247728874906e+00 7.118789068073354542e+00
5.736671539940223497e+00 8.132232047911958972e+00 2.358769411182096487e+00
6.057314782220947436e+00 8.118228987279245246e+00 1.011711536463464789e+00
6.490058096945423571e+00 7.862227491015008951e+00 8.970971578638620159e+00
4.722367552130396495e-01 8.179447928853644356e+00 6.782087549142671534e+00
2.472835811452122279e+00 8.209769449117668927e+00 2.464335518654558188e-01
5.013164981406013077e+00 7.863391420394190590e+00 6.776779212169555144e+00
5.087604200804378252e+00 7.939286112915890925e+00 7.805212178409638213e+00
5.428051079490300523e+00 7.975376598306793241e+00 6.611851078142922944e+00
5.281260219988778815e+00 7.885907929614141665e+00 6.955510236399065960e+00
9.564607524724502596e+00 8.206525506587837526e+00 3.040564185090124383e+00
5.033271865980490922e+00 7.829363031318205657e+00 6.377572627628121715e+00
8.986022409050557158e+00 8.164202660746376239e+00 7.079482359023204552e+00
1.066790381017930001e+00 8.343513705209121056e+00 8.815735271811238505e+00
5.269176190582324892e+00 8.178082730363984254e+00 5.321536505662478156e+00
4.396370596912331785e-01 8.563751127076537628e+00 2.887963583515555488e+00
4.319461994306155184e+00 8.253364488688310630e+00 9.161512932284896493e+00
4.599786189219488897e+00 8.238128397234170563e+00 6.231999229372749305e+00
5.869151041670500391e+00 9.372187965517138508e+00 7.979742658715577974e+00
5.367447369863542761e+00 8.095802031632683082e+00 8.715050254764022952e+00
7.163055739371563035e+00 1.081248209473902477e+01 2.657631975221364407e+00
4.717888165030339920e+00 8.471139021979467998e+00 8.252779974735373614e+00
5.251846493964614560e+00 8.241921695656476032e+00 6.986187328849199574e+00
5.238194518623802587e+00 8.098493216715693777e+00 6.262481212258023788e+00
4.872345062736675558e+00 7.036892096544866249e+00 8.449676199486834349e+00
7.512944333457246771e+00 8.762275323799883608e+00 2.450293698196978731e+00
4.558189948531435887e-01 8.647781393557362861e+00 2.548978019884239554e+00
3.968349786877436447e+00 8.573551752530960357e+00 2.421293557106890759e+00
4.117851321250837415e+00 8.593028391155172585e+00 3.942743807394286204e+00
5.026597252683566275e+00 8.167138373545896002e+00 7.282027622566472402e+00
4.389050124321649982e+00 8.186406743064953417e+00 7.055891140574452436e+00
7.661620185269099714e+00 8.484835672592142330e+00 4.022614471817814064e+00
7.647442042175893739e+00 8.677160811424322162e+00 1.886240684896663300e+00
8.077142235999055231e+00 8.554646075291451268e+00 3.767744859124567025e+00
2.680774416602346832e+00 8.564609208080444347e+00 6.161103196907544266e+00
6.924738555811043916e+00 8.891173598189521243e+00 1.765490949196016901e+00
4.607534497627468362e+00 8.210039070533998284e+00 8.311181384481981738e+00
5.687687969537119415e+00 8.765591248258349566e+00 1.714875456530171594e+00
6.174617036401825132e+00 8.632222133217839044e+00 2.675367004984036345e+00
6.542865107878614417e+00 8.517863339400664202e+00 3.385167552840978811e+00
5.823217156364515645e+00 6.415281761789236370e+00 9.951662408364014833e-01
5.166534341916658946e+00 -1.545620475080824185e+01 6.092807333435814598e+00
5.294606034443427589e+00 8.301346523462198590e+00 6.714751376637661195e+00
5.934448715808238184e+00 8.520787696131094435e+00 4.908897877424084122e+00
6.026927403985146370e+00 8.458799445013674756e+00 7.209870402101698161e+00
6.488688342669727049e+00 8.527248760715893994e+00 7.738331681247487381e+00
7.322147629004703617e+00 9.054017296112570889e+00 2.413252769850929624e+00
4.593024051635260285e+00 8.670003801348757477e+00 7.541679762035292001e+00
5.363721112939254354e+00 8.994751748771342648e+00 1.249208484911780159e+00
5.259460097480317842e+00 8.428417345786302306e+00 8.102267573225192976e+00
5.572823728783832031e+00 8.581606270697244909e+00 9.325071743810321223e+00
6.107305934662015545e+00 9.455649717651677832e+00 2.470977113684351245e+00
7.940672722240912584e+00 8.311341695766659043e+00 1.900933240737557206e+00
6.949059380009859233e+00 9.598607323761438437e+00 2.547833155378818049e+00
3.680916481785767025e-01 9.025938576233118127e+00 3.339903745436013427e+00
5.847651443303918395e-01 8.843983350440705493e+00 3.374407932367589513e+00
4.393038611368830004e+00 8.569827865340693407e+00 8.274435908974044906e+00
2.447763972524452214e+00 8.662297050679825361e+00 1.922688685829719857e-01
5.647644305840554324e+00 8.585659379757879961e+00 7.992097989930201152e+00
6.556374014408890005e+00 8.070131120388197132e+00 8.219421304712231091e-01
7.789698154471404123e+00 8.691142965459448533e+00 7.543655317960349826e+00
9.239261139919245025e+00 8.885063874582677101e+00 1.432212616474558331e+00
1.367890186987179568e+01 3.292917546319289102e+01 1.155139303163714715e+00
2.943928545981908229e+00 8.919208439165137392e+00 3.439336065696509515e+00
3.913580167655104525e+00 8.804423350327462927e+00 3.988730822622112981e+00
4.361063742481256611e+00 8.731867281150977433e+00 6.886004962153577047e+00
4.700668742859123839e+00 8.634598611783497191e+00 7.581544022280230166e+00
5.434508614247302027e+00 9.102836528738082578e+00 1.423809424720009265e+00
5.739432838457416253e+00 8.620839250146390853e+00 6.395376851078767189e+00
5.933449019390348411e+00 8.619702742117350880e+00 8.518325373028858394e+00
6.178123964577861393e+00 8.116244317131862118e+00 9.475898695340921662e+00
6.506063685473266744e+00 8.947495541181249123e+00 2.345529015732351397e+00
6.020229070119397008e+00 8.499026548108469470e+00 7.578895731552320214e+00
6.837247973870284490e+00 7.960608202814015044e+00 1.852895389502515755e+00
1.665761669465281614e+01 6.824794543970941874e+00 1.416564997476063503e+01
4.281733119323327230e+00 8.823583142960810477e+00 6.118154735110267417e+00
5.607382795561098199e+00 8.612005742454824642e+00 6.929480591871632456e+00
4.518195791516245841e+00 1.035880529165505237e+01 8.398563344451835277e+00
5.765892381082798224e+00 9.402972680368725023e+00 9.392370263317362244e+00
8.949615073404238785e+00 1.110305317071277109e+01 3.396083841859110386e+00
-1.768770716416968591e+00 1.114402014719948752e+01 -9.783690523519950943e+00
8.644961139078494838e+00 8.873916287796212998e+00 7.587697961825572435e+00
3.976856058817535899e+00 8.944561101305186668e+00 6.020741258090259507e+00
4.528779663255422250e+00 9.027616097427122455e+00 2.257902638221963798e+00
5.614424806498005793e+00 9.035982082616497379e+00 8.200195666543230733e-01
6.025565084419041817e+00 9.001221897125597948e+00 1.974393704877257960e+00
1.129162080595889961e+01 1.018963818391850751e+01 9.120444099796467530e-01
3.148356742870692671e-01 7.463363338454851004e+00 1.227141607615850560e+01
7.173212586049043438e+00 1.035287251902573402e+01 3.186399770368054440e+00
7.614062802074522018e+00 8.952628401902680721e+00 2.462652095815021980e+00
7.923239989886173618e+00 8.940636640882946296e+00 4.334533237858570587e+00
3.317438672660697474e-01 9.211400805031699335e+00 2.276295028260792552e+00
4.210618425208845217e+00 9.123195071595391781e+00 8.748153034411828566e-01
5.973458171533485128e+00 8.997749729101965244e+00 1.712836010405646148e+00
6.573182258881633544e+00 7.006944541376375568e+00 7.677442861799724128e+00
1.476048777822488844e+01 -9.431866499416926786e+00 1.411717192680849209e+01
6.220834682194510634e+00 9.001644602401634998e+00 4.280065239513843878e+00
6.578907004721651575e+00 9.028952634348083706e+00 7.487686426135852003e+00
4.403180578534605871e+00 4.446062505899110562e+00 5.849435191226870501e+00
9.518328622076529300e+00 9.110368321280242654e+00 6.356089948037330295e+00
1.446243701266714865e+00 1.017501781543486672e+01 3.253889081570646713e+00
3.408410009446503963e+00 9.171532956999257635e+00 9.440142440239153387e+00
3.680372346555527585e+00 9.162353714175059949e+00 4.865422955311887954e+00
4.128571449686929462e+00 9.049844280193930501e+00 7.410284638949208968e+00
1.880046995885805572e+01 1.003910084120010993e+01 1.680806721154283068e+01
5.356240128066284356e+00 8.998119347001797053e+00 1.185565339378464644e+00
-3.792802707118596128e+00 2.768529137487609759e+01 -2.757579658132582434e+00
6.244108332691488350e+00 9.130584791699764224e+00 2.159142442536267747e+00
4.177487419368861588e+00 6.767589343501406063e+00 6.017039979470433231e+00
9.678781326113231387e+00 1.348440091273311481e+01 -1.183841256231278116e+00
-1.032041216938673500e+01 8.176217134862538316e+00 -1.694882624922111169e+00
7.369434253351087705e+00 9.156647642580201918e+00 2.295083562773859498e+00
7.539775857012146254e+00 9.139939626384089522e+00 2.497831275935531892e+00
8.011876200485637867e+00 9.328593552459334859e+00 3.169691029864222021e+00
4.762935866577690192e+00 9.496427868565367802e+00 7.619651391473059476e+00
4.933457424070815556e+00 9.191550809488269635e+00 1.097409795736512095e+00
5.162520606418802949e+00 9.266243959949585829e+00 4.191450054344105780e+00
5.190774544020187342e+00 8.904826008303633245e+00 1.084958296674925826e+00
5.881407202223439157e+00 9.106593378293023733e+00 1.590157352064086371e+00
7.206460962818935556e+00 9.082678525248846668e+00 2.411811510644336298e+00
3.348259526494726801e-01 8.526036112939197054e+00 2.948982312546682749e+00
4.377745196958892748e+00 9.119082727477270112e+00 8.091228418450736370e+00
4.260639760764434847e+00 9.273383905347550638e+00 9.448555909439830813e+00
5.116408966927717294e+00 9.351309492159540326e+00 4.960240496781928243e+00
6.601795176065627047e+00 9.225771903382941730e+00 7.520412717764687116e+00
6.987440225367426372e+00 9.242957785678290961e+00 3.612665278797824620e+00
7.184023269079584217e+00 9.082881401079696104e+00 2.315796303471084894e+00
5.372147169417206491e+00 1.179199981991313706e+01 5.567526063555070515e-01
3.363546041450682811e+00 9.397675849261878156e+00 7.091564936383820239e+00
5.637484667480599398e+00 9.487098662202331667e+00 8.861768192357130758e+00
3.986572521795429758e+00 8.791809846099120307e+00 6.713392971822553790e+00
5.442297501344700805e+00 9.163355302351337883e+00 6.343590997067106940e+00
6.150598580727206333e+00 9.415437352835979823e+00 5.015163448759898390e-01
6.399530163199189658e+00 9.258782543244056029e+00 5.609234985347987035e+00
8.459494306197516522e+00 9.427900108643799015e+00 3.557423414844334886e+00
2.627167773122879302e-01 9.617439526636529123e+00 2.498079200382699927e+00
4.668577710988897955e+00 9.433270132687294307e+00 1.779068092936458623e+00
6.214879334864324534e+00 9.158683692170155766e+00 2.158200258794207738e+00
6.442924775618291910e+00 9.324816134758417974e+00 2.517243458214128538e+00
9.697638249053010639e+00 7.221557790416381906e+00 4.019718693644987795e+00
7.959748527541437468e+00 9.384884267438550864e+00 3.155947437864110583e+00
8.485544098254655054e+00 9.534201657087567838e+00 8.443768222830492221e+00
1.789543661688736353e+00 1.125224274949581549e+01 8.910972310714619482e+00
2.858026234894988082e+00 9.612641952734440665e+00 4.870929743203830320e+00
4.581445632965030157e+00 8.745707435238246674e+00 7.188092437867232398e+00
5.278739291514872534e+00 9.481927568422909403e+00 3.837734032015576169e+00
6.613811916521872725e+00 9.265245734458494198e+00 7.535817151638707578e+00
7.612677965530124879e+00 9.590500655617038461e+00 1.394369443271868514e+00
7.181359468672430246e+00 8.838824829595813171e+00 1.929158976987666474e+00
8.605804038931159639e+00 9.608693475948332008e+00 2.568341946264772524e+00
-9.078148529990035520e-01 8.245535615277837849e+00 3.964633368696286908e+00
2.133405810362585697e+00 9.739393787953892101e+00 9.359896726002755685e+00
3.830490358230055570e+00 9.493002779913551237e+00 7.212696031833560895e+00
4.401080048802603173e+00 9.443950704246320882e+00 6.691527178773363893e+00
4.481042580586806601e+00 9.539440220656921099e+00 5.105160833649773799e+00
4.946104881597865877e+00 9.521483853945952092e+00 4.709357694345157164e+00
5.225417240714750555e+00 9.459486134209310393e+00 5.188281539455210201e+00
5.281455151699567807e+00 9.384967262701348290e+00 7.333471759085558261e+00
5.845941571511791501e+00 9.350871939554362910e+00 8.179854293080452976e+00
7.883492416426069127e+00 9.572769422914415571e+00 1.990224904647176718e+00
-1.239991824362724621e-01 1.226453133448008792e+01 5.863089724953901793e+00
