3.114114751798654712e+00 1.126469553139978652e+00 6.773156163348684977e+00
4.224029844228354591e+00 1.528910330589857702e+00 5.272365491236262081e+00
6.072207999951317881e+00 1.710414050035646394e+00 2.371521286547785046e+00
5.636449087982592587e+00 3.289397347986407816e+00 5.181690717357104958e+00
6.147131127372210457e+00 1.250767359728422790e+00 2.102405798099030498e+00
6.841339518062621750e+00 1.925518426020987217e+00 4.316979343079107245e+00
6.990756169574832590e+00 1.768674513416002458e+00 4.079038093019953237e+00
5.050579456116858879e+00 2.014637254401894673e+00 6.532543681207496178e+00
4.941807751204358112e+00 1.404861924305054410e+00 7.814257916312385532e+00
6.029826349556929088e+00 3.040549680678287903e+00 5.547942612421521424e+00
6.207876206840964528e+00 1.334612386155504593e+00 2.181871158490971574e+00
5.721737323861029623e+00 2.075533511790330188e+00 3.766379876215083300e+00
6.702408598010050511e+00 1.802519513269378981e+00 3.922924475102870900e+00
7.354880096937792544e+00 2.377909879348986344e+00 5.636272091150548391e+00
8.014741838465958779e+00 2.238252687917775319e+00 6.569301564155239248e+00
8.131566226740746473e+00 2.148840144277471165e+00 6.927757609819343187e+00
3.969423001658719308e+00 1.471479726329508742e+00 4.513022147977389764e+00
4.663370659450887246e+00 1.777031043840182845e+00 6.324000383709705631e+00
5.835869322221727273e+00 2.600677309354571420e+00 5.111175904485483201e+00
5.822455933655454885e+00 1.272733413251300405e+00 2.198263704608356850e+00
5.893154224063160918e+00 3.025292643056523456e+00 5.566011389999561132e+00
5.918525882527002402e+00 3.416626293474283926e+00 5.845623724455913717e+00
6.371752469947261410e+00 1.067103766193621350e+00 1.425370524438522635e+00
6.386868786544138921e+00 2.716808330747708666e+00 6.405277041048288211e+00
7.558235899674301095e+00 1.921742907717549409e+00 2.535343397077461258e+00
6.295629837073855484e+00 1.851276059870854196e+00 2.618693921769436272e+00
4.680913675980175270e+00 2.024569448245419956e+00 1.663060186489084602e+00
5.853010815067097639e+00 6.419705859285103067e-01 2.382931973459828878e+00
5.783151300453171828e+00 2.964259460448681605e+00 5.369249582642400043e+00
6.436349758076548966e+00 1.580208710020563068e+00 3.371226691379062501e+00
7.184261985092284419e+00 1.430166925316482374e+00 3.174643929800841313e+00
6.951225515303253388e+00 1.648654542306247528e+00 3.266333572643321137e+00
7.268172126620453533e+00 2.528062238569427134e+00 5.728967601519259212e+00
8.561920628540502065e+00 1.118470992815380871e+00 2.161188832130024995e+00
4.998388975879199059e+00 2.208577325104833733e+00 5.910143891181506959e+00
6.136603314806350795e+00 2.298577307931539693e+00 3.361911324801833967e+00
7.763888170343197004e+00 3.558199739559884556e+00 3.574600041560338060e+00
5.862664011637424011e+00 2.195430265437360084e+00 3.339758683989076715e+00
7.555281482706694973e+00 1.597716632693415129e+00 2.628108017173883759e+00
1.117513310615025723e+01 9.153199236026658969e-01 6.915078050135660348e+00
-3.793750715033850529e+00 8.129948888844193533e+00 8.450427836166548801e+00
5.556232227563690174e+00 -4.019874092826356687e-02 2.177751046035029336e+00
6.033136274298612989e+00 1.776631041489617147e+00 8.146189897840292460e+00
6.864780560879940374e+00 1.752786920918963487e+00 3.251180289231856424e+00
4.547348201643526266e+00 3.249699653895549378e+00 4.685171870387006443e+00
5.912640290341383498e+00 -6.018741375125026494e+00 -2.265669207899130733e+00
6.035179058592266443e+00 1.991645617357810316e+00 8.378522488047625671e+00
5.908614034580523366e+00 2.873015326777314637e+00 5.411633758614339484e+00
5.819553001803351222e+00 2.914497958021968760e+00 5.380139535040927790e+00
6.130100334333090650e+00 1.575419036063417710e+00 2.859499120455097021e+00
7.980215391899834643e+00 2.632928565994054004e+00 6.877988285485043818e+00
4.527998420817883840e+00 1.936655633806224408e+00 6.388526228545612362e+00
4.614281264443309993e+00 1.376617203640128517e+00 2.026425790418951767e+00
6.056352466635390286e+00 3.029920437313911030e+00 5.611908628863972126e+00
6.030408737924418006e+00 1.797232616069181166e+00 8.228011616025669994e+00
6.138667610492483995e+00 2.710625319399993849e+00 3.959186208943718643e+00
6.159910701761710961e+00 3.574150701751358294e+00 6.029006297971814199e+00
6.029572661120082167e+00 3.171877392377955296e+00 5.630114536177394768e+00
6.923343022228672261e+00 3.018160826902240856e+00 5.839958462184291932e+00
6.650920742986322409e+00 1.168375593818409941e+00 3.531104059865780354e+00
4.934534691920136495e+00 7.630432541989871087e-01 2.151261399883240166e+00
-8.006157029965137895e+00 1.188042608591724125e+01 1.879362375301385413e+01
5.943111289202664516e+00 2.960002582923575432e+00 5.483721987299465361e+00
7.939650284861386353e+00 2.277532207438919265e+00 6.639866714732114872e+00
8.687808810492432698e+00 1.557679542853111165e+00 3.285578705330797433e+00
2.006530701960921803e+01 -8.100833738223695235e+00 -8.919053295939958659e+00
1.086378232974550428e+01 -4.514732772042547859e-01 -3.755134681360393634e-01
6.501035373154914865e+00 1.963504822078581791e+00 8.118583862588486966e+00
-4.576351827083099977e+01 -4.411300125933486527e+01 -1.444967379215655612e+01
7.936362014473180793e+00 1.951308464118207908e+00 4.016119586459824475e+00
2.270673744329070765e+00 1.943864555967280250e+00 5.778110181904862586e+00
6.978221161453838306e+00 3.880183692150529495e+00 1.681361015683089377e+00
5.532125260018031732e+00 3.121453411744794515e+00 6.005073218999092077e+00
6.004635528407933798e+00 3.260761175040284954e+00 5.704847053056117723e+00
4.728782169741033492e+00 3.161409269666381583e+00 5.634668119410237708e+00
5.988653678531616897e+00 2.933461285030058541e+00 5.452329880987051958e+00
5.856201577762456978e+00 3.023146299507763590e+00 5.982653277043309181e+00
1.853075689484241284e+00 4.154283477270407587e+00 7.525061920073788713e+00
6.266593411127953317e+00 2.180556178946757573e+00 8.227474563044946620e+00
7.890550222282946891e+00 2.481298971657339258e+00 6.927019216468523588e+00
6.682629341515791133e+00 3.176817778723693309e+00 5.742421344339745382e+00
6.003312027007325469e+00 2.793007866373385717e+00 4.760519741962020213e+00
5.963401818093032603e+00 3.561998592959445098e+00 5.735053048309804780e+00
5.716743917611414538e+00 2.683361658511320247e+00 5.427375488039659857e+00
6.183481439200780727e+01 4.727143273248009336e+01 2.898590916165088771e+01
7.478812413256697766e+00 1.926557367425876022e+00 3.905617853251915683e+00
3.592079362888938476e+00 3.670026427567779415e+00 5.055249252249376823e+00
7.864411304044224948e+00 2.498468622464650846e+00 5.329797788081711118e+00
6.444483488323458076e+00 3.230666162010947140e+00 5.626689164902564322e+00
6.033413411063390797e+00 2.935114781455129052e+00 5.539570370006785538e+00
7.264385055994162954e+00 4.643643522822999969e+00 -4.717394084504701324e-01
6.784348872157277555e+00 3.860596602016061141e+00 6.582076762053184815e+00
6.960282691824088985e+00 3.525390684979296640e+00 7.130989572975272139e+00
5.933269261522282179e+00 2.751150262040475525e+00 5.690798051713451322e+00
6.244697475161298250e+00 2.888547764553961450e+00 5.775059955802124279e+00
1.030455479719586620e+01 2.747511137415428184e-01 1.018766977560584763e+01
7.265827865775287719e+00 5.123847387428394740e+00 8.442088808861852200e+00
5.199084454079269335e+00 2.218515343005246887e+00 3.148241619912200306e+00
4.516918712514869760e+00 1.344198915297670549e+00 6.951941445393316599e+00
1.071524535337464723e+00 4.901389197063067193e+00 1.184473790687178951e+00
5.984158194041085288e+00 2.762313479970539110e+00 7.671386807860153034e+00
5.980621443624992040e+00 2.648585948657875111e+00 4.059290090157300135e+00
6.196336503849906308e+00 1.798958966279950555e+00 2.769758205895218151e+00
6.398855206843832022e+00 3.653359851366706046e+00 6.199127845709181628e+00
6.929015959741936292e+00 4.061305156934348126e+00 6.527499636546312267e+00
7.674604685417994787e+00 1.724881424981079769e+00 2.608541204872501851e+00
8.246431675899341229e+00 2.051946470488877239e+00 4.305721681001697831e+00
5.860398656670875894e+00 2.829260428665435256e+00 5.732019370562678517e+00
8.170159851153128372e+00 -9.325869816723303396e-01 3.477442625425746670e+00
2.570838828287414835e+00 1.989610613890700597e+00 8.576510492524658247e+00
6.179117887208768423e+00 3.075946987157597512e+00 6.091030585625306415e+00
6.017292221118816897e+00 2.901472158530638445e+00 5.641273382783720258e+00
1.246293770915331400e+01 1.162032856667559511e+00 5.869635943795397992e+00
8.596697385917895673e+00 1.918232120063624979e+00 6.776902841360373131e+00
5.926697526969455510e+00 2.920796927939140364e+00 5.703097068676753700e+00
7.705954592990108765e+00 1.848583733715236432e+00 1.451153152850627182e+00
1.214435651700661145e+00 2.199135848002145455e+00 4.271438822366367738e+00
3.939814783934347808e+00 5.809531653050136413e+00 1.039755707233907245e+01
6.205864066263302448e+00 1.987180491667513760e+00 2.385785339071698097e+00
6.356423933184516706e+00 3.582547982672884324e+00 6.283112274904942396e+00
6.425848582406082699e+00 3.599910976236013749e+00 6.303750061264153715e+00
2.026344776342662080e+00 1.340397253559166613e+00 1.219922068275083049e+01
1.109314294557336567e+01 3.303599333591901388e+00 -4.766376821981273437e+00
6.197366995293089431e+00 2.077981961817958467e+00 3.748346940612328204e+00
7.082358213677263592e+00 3.426338537705473808e+00 6.727222660205613991e+00
6.867548874480227994e+00 3.980402967063870534e+00 6.648201513265449947e+00
7.721947703630918980e+00 2.589899631256303181e+00 7.020828666965629239e+00
6.521745448153088098e+00 2.896791990546592199e+00 5.333942494287864378e+00
5.583405999613529680e+00 2.987288121685426567e+00 3.865683683028472206e+00
8.110065139809796264e+00 -1.210241592470671979e+00 -2.864910353834750900e+00
5.867904749869636838e+00 2.881716357802995621e+00 5.441751845884679639e+00
6.628991940867027921e+00 3.592308366251676155e+00 5.952386123688340192e+00
6.301650138387509870e+00 3.540083356563108019e+00 5.966547697204704903e+00
6.467081972220144692e+00 3.656497841795973258e+00 6.180067871343004171e+00
6.757303621201262267e+00 4.670523569061384883e+00 6.484582299168385688e+00
6.520345860598110832e+00 5.098113004371516155e+00 7.072294488554717873e+00
7.719199641961791869e+00 2.510545469104457084e+00 5.316337354146281946e+00
6.748142419376840451e+00 2.148845446109548085e+00 4.737920486872274850e+00
5.792062354103208577e+00 2.875518595517014386e+00 3.993961218709830341e+00
5.758223603288958437e+00 2.644759925497407238e+00 5.720272894398063634e+00
6.876646139448981288e+00 2.956544232349897605e+00 2.234996262107482146e+00
7.529849447230416715e+00 2.089380987843482362e+00 2.135856585498202342e+00
6.438063930117845501e+00 3.103987679710757508e+00 5.616187231566971860e+00
5.642727432001190202e+00 2.959554413204605439e+00 4.064774767025459923e+00
5.763875991306303348e+00 2.406985130681047913e+00 5.992163207979725570e+00
6.428214521976466145e+00 3.009455825122394401e+00 5.453165175526641484e+00
6.653626046441150521e+00 3.598557059370787847e+00 6.179132581308740768e+00
1.814872374350018802e+00 2.859605621889052429e+00 5.231205532305962080e+00
6.242593065996290491e+00 2.989264856118170055e+00 5.073210049942654010e+00
5.858132736725417899e+00 2.950667488898821578e+00 4.038930642463930631e+00
4.528873100750067771e+00 2.130279251072287661e+00 6.251023128259818762e+00
5.185729441340781065e+00 3.875237032684463401e+00 6.231720151823973985e+00
5.342977157014622058e+00 8.618832468167163086e+00 6.941450149189511976e-01
1.115866110264542499e+01 1.611458702529564135e+01 -1.374006180844597758e+01
6.573155125427646794e+00 3.646175788574876897e+00 6.442412833933028438e+00
7.244044814945947763e+00 3.368221532623898007e+00 5.797461038083408624e+00
2.271213840458555211e+01 1.019785490742932943e+01 -3.148102068247849772e+01
-4.837365479920525679e+00 -5.665230328967686191e+00 4.811017959726025595e+01
6.601943800252915828e+00 -4.328570433600031464e+00 6.560001628295362153e+00
-1.250972193084421147e-01 -1.119168054621743025e+01 2.203869801631365988e+01
2.214956563383390176e+01 2.865285689520035817e+01 -3.023026497096700993e+01
7.525670562531184160e+00 3.112835356123467179e+00 7.027587815810873551e+00
7.473270864135820091e+00 3.008342600857587534e+00 5.689103819542983054e+00
6.151575360464700992e+00 3.179289829617620633e+00 5.824257280242144397e+00
2.138620165691128250e+01 -1.160116972139599412e+01 1.100896684968333084e+01
-1.061363990961659098e+01 1.653938295759204280e+01 -4.340857710044641493e+00
5.834563094277271489e+00 2.886292001233272675e+00 5.791379442704888802e+00
1.125220851508728259e+01 1.489651688704633159e+00 8.296499222500077764e+00
6.659173861340370593e+00 2.809491629430609372e+00 4.449135237169214996e+00
6.748275545222828242e+00 4.861477646929924568e+00 6.985411347012394856e+00
6.265866643991504503e+00 4.751699407900462191e+00 7.597744111058444716e+00
2.623995533197627683e+00 3.553042762140154576e+00 6.301564625712828160e+00
6.282773223219553671e+00 2.528182723951155619e+00 4.001543368062309369e+00
5.948798863303783158e+00 2.755552004677779721e+00 5.099581138171595640e+00
6.047876867422939284e+00 2.952150013091329406e+00 3.324804482923721771e+00
-1.374005227815686014e+00 -1.367820959711645834e+01 6.702298457410241106e+00
-4.654593921507061083e+00 -2.396540017930464117e+01 3.713660354393741869e+01
1.632419918653347235e+00 2.839897822554124041e+00 5.358886296617419553e+00
2.109592025861548592e+00 2.960226266053648470e+00 5.029479456119565484e+00
5.815090629083109697e+00 2.622789035925348955e+00 1.759166676146667108e+00
2.401503287217404470e+00 5.749940749355090475e+00 4.077276949333858980e+00
6.880862496889855962e+00 3.567291580992679734e+00 6.504842922013915896e+00
2.326005401826261032e+00 3.078698924962187444e+00 5.137771346420764829e+00
6.722434628256344524e+00 3.515189387519844111e+00 6.452885766344377494e+00
1.570141350171399708e+01 2.011529327703172143e+01 5.443745868149232336e+00
-2.190255412731608509e+00 -4.062548056002064811e+00 -4.936764969837941663e+00
6.486267125781414400e+00 3.413018688268035561e+00 6.187111035046878982e+00
6.825804829471911361e+00 3.670547049515428206e+00 6.666306271232767422e+00
5.287346422314449512e+00 2.553104044991902466e+00 3.794272022555979174e+00
5.416580628822394772e+00 2.767838282196704025e+00 5.526421528314045872e+00
7.236946127664177553e+00 5.115320980432219500e+00 7.153561650159229401e+00
6.315746756801326356e+00 3.545864887181412239e+00 6.005773721528843367e+00
6.251398415330584157e+00 4.528442289028609125e+00 6.785109249057913239e+00
6.874791653458967033e+00 3.591305873472625976e+00 6.480950689887619021e+00
6.261839576982705324e+00 5.337255067737626035e+00 6.899251043177642373e+00
7.289733296235910487e+00 3.395141055245719741e+00 5.989233489607149963e+00
7.300485223954643388e+00 3.486654673952052086e+00 5.702485702064455708e+00
1.706005294169516961e+00 3.363904611392377841e+00 6.518103026493644592e+00
5.231887580795859805e+00 -2.049539316003322398e+00 3.518340383212004596e+00
6.484164926145780328e+00 3.084490623969348810e+00 2.460279168153124196e+00
6.691856450639763310e+00 3.636174894098138655e+00 6.228361400379760937e+00
-3.209517590221411698e+00 4.967749464165356343e+00 7.675347645909975647e-01
3.339032150927891074e+00 4.263731929047785307e+00 5.094125530876095986e+00
2.469717260166005790e+00 2.869147859963439462e+00 3.085205185474295675e+00
5.193202211175286465e+00 3.224856657648710545e+00 3.745340211210739234e+00
6.384566673323723407e+00 3.481077148117371678e+00 5.964196750347018572e+00
6.269517819277650617e+00 2.848829786107151207e+00 3.449353644924877393e+00
6.137132984741143105e+00 1.157167516453805334e+00 7.612575632078256049e+00
7.402213269328762557e+00 9.419999151459618858e+00 1.017571394645286276e+01
1.754770760683258102e+00 2.721443442360278908e+00 7.387701613326283834e+00
3.550404187109045928e+00 3.193943254101309748e+00 4.457154759486205542e+00
5.084807567123576177e+00 3.083109020494422481e+00 3.947929748634990688e+00
6.130641795474804034e+00 3.242860072947561623e+00 5.853618672228561692e+00
6.919096904994477271e+00 4.913013108218937219e+00 7.501332036667430536e+00
6.733256489854640314e+00 4.723091595397318265e+00 7.239194676013981145e+00
7.389271425198938203e+00 2.530541212111921290e+00 6.526682850169347461e+00
5.976394365509856144e+00 3.229031569058614437e+00 5.672043008251216989e+00
6.272844249925778826e+00 3.585972623170736284e+00 6.454665695244846901e+00
6.945351184645359055e+00 5.107824351283161590e+00 7.888323144441190315e+00
6.449040129199291371e+00 4.249923108678090422e+00 6.947217337791718350e+00
6.872170074944637719e+00 4.653761786246007226e+00 7.308410372954909917e+00
5.902879525664255667e+00 3.264216257150781786e+00 5.970224831727430903e+00
2.938181162188329587e+00 1.453512008251947485e+00 2.803552987065242252e+00
6.522845468929766355e+00 8.538214079495588749e+00 8.009821444500254017e+00
7.472834371345561166e+00 5.071016168568267979e+00 7.453754626428477081e+00
6.555733285325489490e+00 3.082046048305363328e+00 2.486598768533321291e+00
7.049298066529185114e+00 4.587504939080302435e+00 7.192639169519978282e+00
6.994417362146380768e+00 4.443444198903431008e+00 7.252627612534659818e+00
1.648075819244980700e+00 3.018728466526143350e+00 8.193522643634745251e-01
8.826145002417817409e+00 4.775969068683266983e+00 4.470370231818795226e+00
6.563730998422006024e+00 5.292311604634107880e+00 7.484928553476901669e+00
7.135394777125812382e+00 4.310150752127738016e+00 7.318742145335075833e+00
5.773718721401516873e+00 6.182213946614959710e+00 3.102484339764364663e+00
7.015271136047131151e+00 3.652980432674805655e+00 6.109662443666877607e+00
1.822188049550457212e+00 3.082675656128843755e+00 5.069186113211559430e+00
2.809905232011287612e+00 3.610743453143349768e+00 6.346042081946053237e+00
4.889087434903574447e+00 3.388337390331370713e+00 4.623073709162991207e+00
5.914083322823871391e+00 3.210617792600543918e+00 5.590184531008430824e+00
7.676582893557689857e+00 2.376464372074393427e+00 5.214813336094269225e+00
7.108535865729260550e+00 4.308109902706416250e+00 6.523774741983835668e+00
6.393931304075275435e+00 4.532765376928356460e+00 6.617249749628093092e+00
1.751141691670218492e+00 5.725109916765976692e+00 6.593873548757996694e+00
4.816745805873098973e+00 3.683244414596514638e+00 6.112345781138348144e+00
5.913779488284710339e+00 3.227559050562337717e+00 5.608414339374437674e+00
3.732462406220887097e+00 4.211797306661957840e+00 2.455950829247811384e+00
2.955180872859560104e+00 4.801285422391163848e+00 3.117043812771982836e+00
6.359301832122815412e+00 1.641711708484077104e-01 6.316767617983138905e+00
8.297143513436044060e+00 7.265094886315226042e+00 5.104341590148090191e+00
2.441042510702908785e+00 3.487961802125808752e+00 6.009216986673599159e+00
6.183979989222675222e+00 3.198235391724502552e+00 5.623289527827243006e+00
5.544864723952212415e+00 3.536892012014738018e+00 4.312047252023967658e+00
6.689700203078747798e+00 4.485711892139872425e+00 6.423730014534241306e+00
6.739494162243556019e+00 4.069854058366860983e+00 6.857518923230983887e+00
6.816495905052576632e+00 4.963995442016065240e+00 7.002599830379303114e+00
6.376892435330550946e+00 4.044658937181393910e+00 6.616877270757321128e+00
6.707601528717846762e+00 4.764720774882745147e+00 7.135315463851537920e+00
1.068148764023059272e+01 2.242359116299378563e+00 9.447462186372534987e+00
6.138922880425985440e+00 6.199637128296148880e+00 6.849090678961722745e+00
6.298024251772510240e+00 5.491476931830106878e+00 7.326897187815667678e+00
7.869775711363720561e+00 3.483008004137625679e+00 1.713585504843211149e+00
1.813182831370471870e+00 3.547162005174365085e+00 6.391151054064575732e+00
5.045769034269268261e+00 3.559391131868747671e+00 5.073836267990856186e+00
9.329374950326158711e+00 4.198757007899232008e+00 4.994072002766349883e+00
5.707887417953136922e-01 2.254042301413173632e+00 2.825594265683427420e+00
5.855198794664008055e+00 3.852860284231038435e+00 5.332057533845992126e+00
1.502426206482253335e+01 5.782498698908324464e+00 3.450333707183342646e+00
6.117406736763154385e+00 4.266523482308303805e+00 6.703760386137703975e+00
5.836728218734346996e+00 5.145914877054366343e+00 6.132683631015096282e+00
7.768991991160891786e+00 3.388236798419828943e+00 5.042166720873739294e+00
2.202039667073784557e+01 1.045511867707437048e+01 -1.379125097635185071e+01
-4.996761902864276017e+00 -3.877063242341834304e+00 2.439859715721615885e+01
1.858281100021956345e+00 3.345552226749014757e+00 6.670519649277849794e+00
2.695263886815482124e+00 3.533877475165907001e+00 6.305496862289748705e+00
3.553437021749319413e+00 3.768848462800807653e+00 6.088143182642863138e+00
6.020980167413185313e+00 4.061247906391701079e+00 5.267530686060776013e+00
6.522714086784149323e+00 4.588470549445480273e+00 6.877776326130196516e+00
6.212267995689999545e+00 4.701684342042549147e+00 7.007423546724369956e+00
7.192609271451969377e+00 3.984088951262992673e+00 6.289748374502798001e+00
6.291304102324129843e+00 4.815183481676585053e+00 6.609812223470395764e+00
6.191260745421207190e+00 4.860885923382464391e+00 8.453185715883353879e+00
5.042574622144719854e+00 4.307283270843837997e+00 8.219428592563627234e+00
5.830709625587436662e+00 4.996707057561845744e+00 6.314213598923162252e+00
3.495423927731258651e+00 1.777441504603944455e+00 4.059520841413540637e+00
5.749344804589497926e+00 3.554715077426431336e+00 2.775352378767163231e+00
6.503955311890869950e+00 3.466150695816405225e+00 6.327267997343591688e+00
7.475953088841718497e+00 3.460282076856384226e+00 6.254588999297521212e+00
6.168671725778033021e+00 3.679724222468886641e+00 4.037624215978407705e+00
6.216827527478988813e+00 5.027064020567770797e+00 7.029895720894383970e+00
6.488725292323772820e+00 3.753443457957202689e+00 5.927176838985458218e+00
6.511012109205605469e+00 4.413705705172345617e+00 7.457239375121499592e+00
6.803168946430235842e+00 4.341507641489234182e+00 6.655242655788619288e+00
6.841575347765918025e+00 4.282682652887004338e+00 6.699096307199412514e+00
6.997575969644524108e+00 3.996249228862485126e+00 6.496173423007888914e+00
6.820221535750047082e+00 5.281852544726930887e+00 7.564435649038385279e+00
-1.400204476319687075e+01 2.013272563858092212e+01 -7.067665727520045493e+01
5.959063334738480933e+00 4.030642822739297415e+00 5.311384025125402530e+00
6.095528585992258996e+00 4.188943955295654220e+00 7.048339754924853651e+00
6.151943845838697911e+00 5.339965641642155703e+00 6.833091042365191825e+00
7.037551811742671859e+00 5.176275835929453173e+00 7.546434046310059429e+00
6.975026831118967152e+00 4.898487272336568665e+00 7.622135596410254621e+00
1.071972029494285650e+01 1.769521858844190110e+00 -4.819274499931420763e+00
7.131532944335466695e+00 3.201661907605393598e+00 5.972334337407407823e+00
5.951080264435693934e+00 4.907982998012660580e+00 6.178233533692997881e+00
2.232141190634216343e+00 5.895488705184959599e+00 9.272816716529165504e+00
2.465815778357611343e+00 3.125657833819220244e+00 9.059010513001531706e+00
9.116219888618926959e+00 8.438628066491489221e+00 4.678272727360350380e+00
6.751702739238549356e+00 4.085432923968358665e+00 6.602800500287530738e+00
6.548998579660167962e+00 4.522227100163839886e+00 5.408350889562218100e+00
4.566050501821083074e+00 4.973140522740389535e+00 1.546234836009830360e+01
5.751229106785762824e+00 5.222847068502540324e+00 6.307681423232411433e+00
6.394659459066700080e+00 4.004224495647283888e+00 6.760857755438989258e+00
2.743002349903158166e+00 3.323966116819010885e+00 5.218646986259211751e+00
1.803723845592158881e+01 -1.298104446267811873e+01 7.966975916417372616e+01
3.366232734404170035e+00 3.781691094912857043e+00 5.524238428514743227e+00
5.853517331076609764e+00 3.422041447564405203e+00 3.884920812861774486e+00
8.259841494643442861e-01 -4.988923566257484232e+00 3.281417944158708355e+00
6.768005842354664736e+00 4.142313848692920075e+00 6.586460671106367570e+00
1.375199563716852325e+01 1.362049841349264767e+00 4.870506480681923378e+00
6.609914375908587658e+00 -2.746851490679850905e+00 1.374662834075851592e+01
2.000834887939481277e+00 3.709794241824298844e+00 2.854451052150500434e+00
2.254702914526670821e+00 5.325312315516622874e+00 8.521851638096055837e+00
3.863113682546957861e+00 2.030028418376639721e+00 3.070560275035957964e+00
5.887192377797821230e+00 3.812232099548004349e+00 4.986835775669486992e+00
6.964228713501003476e+00 4.213544211666321537e+00 6.276404360561611995e+00
6.031264795054082306e+00 4.390938085620695652e+00 5.742024190417713392e+00
6.341265041520548706e+00 5.160896625735135856e+00 7.262550858224955164e+00
3.168895219906013416e+00 -6.388782959155067109e-01 2.885028223549422677e+00
1.352067779164293881e+01 1.774712176812829512e+01 6.854540785560596206e+00
6.442020572632035424e+00 4.992272308869251773e+00 7.316804033476617342e+00
6.413483214705102853e+00 4.040395156713226577e+00 6.528718794129325431e+00
6.417036590246443239e+00 4.644699622528301042e+00 7.059895443050441699e+00
6.516327412750754888e+00 4.650466897303064506e+00 6.352235154405091677e+00
7.108692312972377358e+00 4.265254267224972473e+00 6.771061636288502328e+00
5.709175180144701933e+00 3.870142953861980484e+00 5.060109217930130576e+00
6.740313406104315064e+00 4.370573464255225637e+00 6.956902954531333449e+00
6.771177558867474744e+00 4.115205241669865011e+00 7.091618891032924310e+00
-2.748692148906862975e+00 1.029357261661475320e+01 -3.173571327458509117e+00
1.688821054752529305e+00 3.787617521777375096e+00 4.210562807783091444e+00
3.153577922740714357e+00 3.927706013829698861e+00 6.240535826999382252e+00
6.027210535278647363e+00 3.868791705226241717e+00 5.133739765005321587e+00
5.576837355479562497e+00 3.636611385376319561e+00 3.964852100275798819e+00
1.132727163379469104e+01 4.643024216632981371e+00 2.294979595953241081e+00
1.042492934168556573e+01 1.275909724990369654e+01 6.118374733166511703e+00
4.857947954121384360e-01 -9.930927393581487905e+00 6.835339536342953437e+00
6.695920553550005927e+00 3.978980934402337688e+00 5.747863013419594935e+00
7.057746579800425302e+00 5.112107715164238009e+00 1.886634542696270067e+00
6.824735033949092866e+00 4.674492523051424264e+00 2.658676719356580342e+00
6.745874342861387873e+00 5.001792534256678024e+00 6.658607109633574161e+00
7.288371561722614800e+00 6.387478171520065473e+00 1.951614961461965336e+00
7.027200860242437841e+00 3.282529802381486839e+00 5.953857993089882505e+00
2.496891822227139013e+00 3.811179895002434037e+00 6.631142718567479832e+00
5.733714346314155108e+00 -7.539666767803457681e+00 -2.057991701471874713e+00
6.895978398876657423e+00 5.220782156925559470e+00 7.255713437493251483e+00
2.685229572731094194e+00 1.142859484515459911e+01 5.136947423730399365e+00
6.371246317754199140e+00 1.568845044363902819e+00 1.183192362075655701e+01
3.268282663531388188e+00 7.977708473429530045e+00 2.787852800725794999e+00
6.900462778565032096e+00 3.721347211718242676e+00 6.297565550717715510e+00
-1.563076558651516512e+00 1.573534870181345902e+01 1.538254878194864617e+01
2.829731722354137169e+00 3.904639534110470933e+00 3.363157722693300489e+00
-4.389524296962887817e-02 3.451571923977514444e+00 6.887453903418212064e+00
4.487237070129886263e+00 6.576206333286323868e+00 9.607465147536208505e+00
5.770924782601221992e+00 4.070127082888424397e+00 5.500779800096720962e+00
7.234321211734167534e+00 4.487593876599756726e+00 7.122597436140599036e+00
1.146626898265450478e+01 -3.335829572692243339e+00 1.126704603757436374e+01
6.893513722060469640e+00 3.890032425427000895e+00 6.547021496639457538e+00
7.095646254575648015e+00 4.929095996022626380e+00 7.020186446334255592e+00
6.805018012095828794e+00 4.007193753649104018e+00 6.972153750230152269e+00
2.253837831412403236e+00 4.135007788072392998e+00 6.754058380714861975e+00
6.081879655374255123e+00 4.369533602064010758e+00 6.022492680557528288e+00
7.806270742878737678e+00 2.471609904374330924e+00 1.951161785287710337e+00
6.401358978692082147e+00 4.513339572998450677e+00 6.771835621688028439e+00
6.957790095383133533e+00 3.503359603564358160e+00 6.583175580484425637e+00
1.229326979112846985e+01 7.960305065497612631e-01 1.297176654032659648e+01
6.954786263897235088e+00 4.325851254540383550e+00 7.159565780798267554e+00
5.870680361402012437e+00 4.331016989299085296e+00 2.653848474029427695e+00
1.167780888557114416e+01 1.111975745994506326e+01 6.185299058975489928e+00
1.710260401158539612e+00 -6.583351848882808000e+00 -8.900087194210847485e+00
6.685099827771333381e+00 4.748447990152430798e+00 1.104300817660561229e+01
7.361826056240181160e+00 4.068023690082851473e+00 4.047701073497288249e+00
6.859962037095563403e+00 4.608717193023308845e+00 2.822519441793287509e+00
6.762266606905098953e+00 4.793332086542894999e+00 7.279191162310878482e+00
7.392443642158122330e+00 4.795923676759305643e+00 1.793875418482614892e+00
4.884956070835265507e+00 7.723952163029981222e+00 6.037171616247150041e+00
8.251767895720597323e+00 1.372866673614074884e+00 6.406212372188088366e+00
6.164372892362509404e+00 4.700237104694364731e+00 5.784093895189652557e+00
4.289403448808855046e+00 4.984105522095131136e+00 7.116685291733444885e+00
5.886271286879675380e+00 3.692860290379757160e+00 4.893685506442235322e+00
6.405223163911079709e+00 4.689184988305141744e+00 6.025061993874976096e+00
4.660958532886483319e+00 4.692060827691538094e+00 3.633146014003528101e+00
5.954419306301461212e+00 4.187394316169914532e+00 5.801090092818220967e+00
8.210620706862041374e+00 3.447554571979667415e+00 8.486547378343420434e+00
6.071402267256472030e+00 6.345205905386681167e+00 6.075674264304562477e+00
1.195806408617533556e+01 1.596938862066648923e+01 1.373233440341057943e+01
5.425702379289632837e+00 3.517179693934521900e+00 1.376345312105771868e+01
2.703726170084353697e+01 3.707462788509094942e-01 1.409328537222693889e+01
6.273108506756685188e+00 4.220660896939848250e+00 6.195899662146695519e+00
6.204266884686681749e+00 4.639085955935033034e+00 5.945907134595117327e+00
5.992238164171313386e+00 4.078746506743604172e+00 5.470419046443687705e+00
7.767682758601808679e+00 5.042881884568044093e+00 7.770577361424852114e+00
6.229828275052360809e+00 4.119174369420252724e+00 4.381278713465000862e+00
8.605424249265073655e+00 5.387888971894346568e+00 9.550170544544942519e-01
2.986921493748448064e+00 -2.547682344594990766e+00 7.794831171887379284e+00
6.486154304471524412e+00 4.487868959343976449e+00 3.398102112648995643e+00
6.072831888247318233e+00 4.934339560320109896e+00 6.728110542300717256e+00
6.055979362901982910e+00 3.697999204037565768e+00 5.124186888258197570e+00
6.425620741297535687e+00 4.503760525103033707e+00 5.982972289809468158e+00
6.170599847245561875e+00 4.280226923608477563e+00 6.057312145094035927e+00
5.751751263813142501e+00 3.687109571881664216e+00 5.043340342276422916e+00
6.960241641153452896e+00 4.661783601644216901e+00 7.140353711199669107e+00
6.650185516416989628e+00 4.509164340697708440e+00 7.155518846438202019e+00
6.728534628679723184e+00 4.385752507216520435e+00 3.244051210294151666e+00
7.181739922389338560e+00 4.431939822339990620e+00 6.662565803534302944e+00
1.833006421794528107e+00 4.507387947561579011e+00 7.483334957117214969e+00
2.363029692456239506e+00 4.254233475823135713e+00 6.780957398034507477e+00
3.514082658235182954e+00 7.481576728149238242e+00 1.034433495073513143e+01
6.969318888995552186e+00 4.344238707116267584e+00 6.789287116967972047e+00
2.134024164690440983e+00 7.292014231053451034e+00 8.469688594630937928e+00
1.105075628582532588e+01 2.210044610044058722e+00 5.746065574907315288e+00
-1.233636168885966633e+01 6.982846737698686468e+00 -3.117083650910760007e+00
1.113357806701461250e+01 4.544296477872907580e+00 -3.006697754480453177e+00
-9.988728981290343478e-01 8.415101939555714949e+00 1.672871532712069254e+01
6.315663136393453669e+00 4.376830581014111488e+00 5.845658817004581564e+00
1.101625770280742955e+01 1.930088570811593840e+01 6.032071982421106426e+00
5.778134967542034595e+00 4.551589647200596112e+00 2.345524614820676756e+00
1.008925223007446448e+01 2.689718909948243919e+00 3.606359116348703431e+00
7.330105206731895251e+00 3.869755775650240537e+00 7.269789159543080359e+00
5.750708492185109044e+00 4.221428570573648287e+00 5.752990174809336388e+00
7.726354832595668576e+00 4.173106757301484393e+00 8.226609659419512610e+00
6.908654900804352295e+00 4.354016560376918754e+00 7.188613033346996417e+00
4.163352566995612847e+00 4.642394207836567865e+00 6.296865604477089207e+00
1.651700721649253722e+01 3.292473451562825115e-01 -3.811102100791069702e+00
6.210754480658403409e+00 3.073551351850521307e+00 7.488744349181510884e+00
5.572272552639358167e+00 4.152353940325514081e+00 7.064693285618282914e+00
2.445033561943579681e+00 4.477537905821654896e+00 5.398263095004731227e+00
6.479367222624227374e+00 3.987426177835943442e+00 6.328601622103121827e+00
5.099176016821770574e+00 -1.153751251230818120e+00 2.407897577277912404e+01
6.681468079516800884e+00 4.821460983603400585e+00 2.328287463215860331e+00
6.275816783115560682e+00 4.193628209326295320e+00 6.133819846935748998e+00
-4.520221788385267558e+00 -1.014449848618608918e+01 7.738135811316085189e+00
5.415595560708474032e+00 4.163200036288556838e+00 4.889453816347861803e+00
6.005008700254105491e+00 4.623310913655449106e+00 6.105069132988486302e+00
6.764252362724818113e+00 4.711701506025790742e+00 6.760115482923389152e+00
6.750470166702418950e+00 4.744747555090360613e+00 3.081280077771246351e+00
5.605986587067562255e+00 3.945474306637295925e+00 7.388713775959006469e+00
4.326075508722471596e+00 5.085803270372659668e+00 7.100255044553872352e+00
6.941830862574088101e+00 4.343482355844638043e+00 6.282649100262347019e+00
6.137604885481910522e+00 3.694304840221240838e+00 5.916899118579539874e+00
6.723660084868223308e+00 4.266302319003035137e+00 6.461393310651192934e+00
6.616112652330118138e+00 4.573550378931580340e+00 3.939662580368659572e+00
8.288373444811483637e+00 9.336776721800333689e+00 -8.757639330624002127e+00
6.534081505108977339e+00 4.222053074512349902e+00 6.947798188663254493e+00
7.840995558795775366e+00 4.791456688956318821e+00 1.597118584807725394e+00
6.415323155585436865e+00 5.808815514775385935e+00 6.117155576046267917e+00
5.656469313165352730e+00 4.236891993505000009e+00 6.770263398569881019e+00
6.634243388244927431e+00 4.571723727283131922e+00 6.716826362852226673e+00
6.904472466963855304e+00 2.970653640825119624e+00 6.907166637869728731e+00
6.631128837371186080e+00 5.469362911301026919e+00 1.994410733614725650e+00
6.653950205814436636e+00 5.596665760181986471e+00 1.724179574328482012e+00
7.115803889009198357e+00 4.019332962632728545e+00 7.482140801092319826e+00
6.848990584317407482e+00 3.848347114534247382e+00 6.029085052566879099e+00
6.630034743716588963e+00 4.824702734251547831e+00 5.227084559707373401e+00
6.369671887551710654e+00 4.539006892789585024e+00 6.101878421119963036e+00
6.646193233479660734e+00 4.477599663326452095e+00 6.320211424038746806e+00
3.651752049685093038e+00 5.107518763886223390e+00 7.339217855870082019e+00
6.464582523589927021e+00 4.501118700342684242e+00 6.345347954239878518e+00
5.757047510690380676e+00 8.247176970188874634e+00 7.488391063763106814e+00
7.009238261279188364e+00 4.746348962547076944e+00 6.599895540698337726e+00
6.607863631897100909e+00 3.439922313862411762e+00 6.447193573846460524e+00
3.978650538974009443e+00 3.641626048367442081e+00 5.471814403716769526e+00
6.670222496245554744e+00 4.249002094654220407e+00 6.874756319909417712e+00
6.782023393090104157e+00 4.215798950017904723e+00 6.558972113327971698e+00
6.148472763752243608e+00 5.045929305238431972e+00 6.137965559931497950e+00
6.513042621101888585e+00 4.543964378847412888e+00 7.565484965590808741e+00
6.942009408869610709e+00 5.187255622627448659e+00 1.957580017475270440e+00
6.716261475452487417e+00 3.370040552959433278e+00 6.492102253415115598e+00
6.226074660917122472e+00 3.324436969333222081e+00 6.564744466656980748e+00
2.801569148828195743e+00 4.700755305825953911e+00 4.662138249507038701e+00
3.965943909153593516e+00 5.314687538112267795e+00 7.654618502613649511e+00
6.545173847132876865e+00 4.518658056433296544e+00 6.089723212324054558e+00
6.054454695898460415e+00 5.180569319522692950e+00 1.842158449033543421e+00
6.835489876726198233e+00 3.959090864450902636e+00 6.799927966576913896e+00
5.572082006244239771e+00 -1.705536494057692920e+01 3.277989113923503339e+00
3.233065589434656495e+00 5.854651152245828882e+00 6.468237483423902034e+00
6.264638290664961140e+00 4.449055009020421281e+00 6.066463087936941001e+00
6.555584596476853321e+00 4.628464366246233475e+00 6.701173011847829208e+00
5.970908793866647635e+00 4.480846016572710866e+00 5.092178680345733177e+00
7.180137097797325119e+00 4.237153286618362991e+00 7.420054438058546253e+00
7.075984843788994283e+00 3.733456531378578802e+00 6.127056754043330500e+00
6.774227801316072828e+00 3.781709959945703581e+00 5.921774466595484121e+00
6.977988355914394702e+00 4.280341208485377358e+00 6.486888241880391703e+00
1.089999343215214012e+01 -1.333364526015397455e+00 -1.703626619384412400e-01
6.903460358425145493e+00 4.126261010481725222e+00 7.350502961610219543e+00
5.959234547344675725e+00 5.905818293343977565e+00 6.851703333064216750e+00
6.087247030430197547e+00 1.260331636470788386e+00 4.900262059411621962e+00
6.617596509423526285e+00 5.265702273190777660e+00 6.732235246408835749e+00
9.637654859260440077e+00 6.342640818112836421e+00 -2.345308855268494197e-01
6.561376579088614491e+00 4.441418618775498928e+00 6.057726156594924305e+00
6.357099146423967895e+00 5.335942941772461978e+00 5.903863729772734104e+00
6.834879245517868185e+00 5.441271866248309053e+00 2.764418499667485207e+00
7.325286400031858491e+00 3.749331160593973422e+00 6.696795119823343967e+00
6.398502179298386494e+00 4.593222150079530053e+00 6.083039838040937397e+00
1.803591110530186370e+01 -1.797992420038494998e+01 -1.847262103611309669e+01
-4.986676463714264429e+00 2.829846689590061715e+01 3.315163796201773039e+01
7.172802640412493602e+00 3.345169387851026244e+00 6.708834154993040144e+00
6.962966457971496936e+00 1.771924588833635461e+00 5.114110999693168402e+00
6.431861232867835731e+00 4.641931511156988321e+00 6.728516456077102248e+00
-3.197664398493576243e+01 1.901280058934134232e+01 -3.281114369682945231e+00
6.806113188107196343e+00 4.292283281624517777e+00 6.802061313536176712e+00
3.576329513224965950e+00 1.176565938704186465e+01 3.781309752171436500e+00
5.892070284498452715e+00 6.914447275965422079e+00 6.935274891782317930e+00
6.033507216804240514e+00 6.995285330336683316e+00 6.794899157468679007e+00
6.411766904934419031e+00 4.882267693839628109e+00 5.783281276389976355e+00
6.783182614828190182e+00 4.249959881902241499e+00 6.733917517698641220e+00
6.092853356592816461e+00 6.025086424154182829e+00 7.174406327820449292e+00
6.655522221567830243e+00 4.744497617784876553e+00 6.139557783486742970e+00
6.880358225737472466e+00 4.264442640844400501e+00 7.050954923468744084e+00
6.934770503124864760e+00 3.812356720127155540e+00 7.125933663415295882e+00
7.426989754695398460e+00 5.264452000226638617e+00 2.325488276699207546e+00
4.593287732040901972e+01 -8.427285734946648788e+00 6.516082719915765153e+00
7.131584377808955821e+00 5.126467619486609451e+00 7.852574184548283931e+00
7.165555419798320891e+00 2.872412039863168509e+00 8.693649453391355308e+00
7.072090557025450863e+00 3.874524552065481409e+00 6.227660762925095739e+00
6.518725360342559227e+00 2.864362233730894047e+00 6.567867450417212538e+00
6.599988216312594247e+00 4.154324100844198675e+00 6.557145329085141583e+00
2.236165430439446933e+00 5.146918190735677356e+00 5.952803702523278062e+00
4.818491568791023028e+00 4.700016777703730497e+00 7.460750656116998947e+00
6.356365949969833729e+00 6.509046003224928434e+00 7.020208118099073857e+00
6.045554451244445460e+00 4.972663858314849250e+00 5.748444855662187436e+00
6.191919531852621894e+00 2.822455746452518177e+00 6.342637708414980757e+00
6.730632856498841576e+00 5.112734844008989477e+00 2.163101138806498014e+00
6.410590726934012551e+00 5.641142849844453799e+00 2.221692792378422876e+00
2.212982243800999616e+00 5.433036896994860143e+00 6.483482004294058854e+00
5.889826263147788232e+00 5.021926137274760116e+00 4.265187318414034756e+00
6.141018177806058631e+00 6.458955773822294688e+00 6.521865266454343057e+00
6.781616164740864150e+00 5.872024761614582644e+00 7.492239904554610419e+00
9.395915801662383160e+01 -6.226975928164547724e+01 8.431657792653345496e+01
6.805413485377284744e+00 6.325125708928929669e+00 9.451808541971752575e+00
6.829475540415062440e+00 4.959438725261089864e+00 2.441829430108964250e+00
6.548219048718548763e+00 5.222853470776801288e+00 1.780428915163200454e+00
6.698346434343134703e+00 4.141589545537541106e+00 6.590863431705205500e+00
5.048989066196231335e+00 5.821153145787993033e+00 7.143859409673503080e+00
5.625509365362697523e+00 5.468644534498844578e+00 6.484591218416209557e+00
6.467491723507135859e+00 4.774502266634161884e+00 6.947116764489162932e+00
-8.026029582169911691e+01 7.398937076300087767e+01 -8.220920258247278412e+01
7.124659323208502926e+00 3.215013240237338366e+00 6.169892445488674326e+00
7.121697551163647333e+00 6.594627120598906878e+00 4.161272871278033136e+00
6.692554658049131078e+00 5.441197914026592031e+00 2.261082428446545389e+00
6.020808399358166696e+00 5.974922308087515788e+00 5.765672090243112891e+00
-7.030894919707705526e+00 1.959201694052265452e+01 5.675400024129665155e+00
5.970876997396398878e+00 3.870966678686560414e+00 7.715180215199600511e+00
4.029644406116095645e+00 5.306708730752973224e+00 6.947308070541124536e+00
6.686500085339140753e+00 4.385998594728453881e+00 6.350656315880927494e+00
6.160117616003941698e+00 5.918715604236698624e+00 6.315543038197278136e+00
6.451981175194457130e+00 5.714372456172991832e+00 6.230364347857140217e+00
6.176973400561441174e+00 5.974366903833544740e+00 6.200969433290383748e+00
7.873665106042416539e+00 5.517074140639113722e+00 1.666770209160012950e+00
1.858129687914490447e+01 -7.559420675795152533e+00 1.016978990060795773e+01
6.634872858220875358e+00 6.222151669098662907e+00 1.844875738129479581e+00
6.785772916634273066e+00 4.318955738218100748e+00 6.928276146105100786e+00
6.751579948849090407e+00 5.063934063728757984e+00 2.195977842286747528e+00
6.529621211267489400e+00 7.563515975360924237e+00 8.189183681197422793e-01
1.080456787219063841e+01 1.009293984114619036e+01 -3.159855868892745834e-01
5.977884137805464349e+00 5.655608740898790288e+00 6.164811424945995100e+00
6.764490050657252951e+00 3.183931114933211681e+00 6.825552919829934062e+00
6.769640595157063956e+00 3.562274361108098475e+00 6.647691214006112403e+00
1.993055205147668651e+00 5.613483596685247434e+00 6.525806389884024838e+00
4.192576745615636646e+00 5.970334467316403604e+00 7.947141407395909241e+00
6.005824074687095226e+00 6.173868453618204910e+00 7.141865294862212110e+00
7.599249200951689431e+00 8.340449207805335163e+00 9.044265992451435920e+00
2.227885934204239859e+00 9.171344116390087731e-01 3.771457534237521170e+00
6.117939708886130035e+00 5.591088899655704658e+00 6.126045635023324110e+00
7.949063646594088262e+00 7.918534846169170471e+00 4.146905138982708294e+00
6.251560015206895748e+00 6.331565336253506260e+00 5.812195711264690701e+00
6.931207211124187140e+00 5.535016014844574173e+00 4.337308146122738961e+00
3.027112451961973427e+00 3.524064161547212137e+00 1.075046547798484653e+01
6.492497317970055803e+00 3.196399268384813475e+00 3.821841378980885384e+00
4.861475408197716064e+00 6.090051802885916743e+00 8.048980158206013868e+00
8.751440246883245067e+00 1.467950267030074940e+01 7.607186203328645036e+00
5.279999656807115471e+00 3.485500598406709116e+00 4.730150809595084382e+00
5.890956540857546386e+00 5.335585891921367896e+00 6.776287739391168685e+00
6.586853255553697828e+00 5.175215404674749387e+00 2.325401865866109308e+00
6.006445839842171175e+00 5.644952471902661806e+00 5.652088688156528207e+00
1.129278057599280904e+00 6.240750407018598622e+00 7.780165173143400725e-01
6.948684301337018532e+00 5.571686852275563595e+00 6.218487556020201090e+00
8.631158860500871555e+00 5.494198404272266245e+00 3.297646384284137255e+00
6.391268268712686051e+00 4.311677785690585907e+00 6.701639240291388688e+00
6.160166977756194484e+00 4.258270992955385026e+00 6.925672485789869270e+00
7.736700231301082198e+00 6.006632445485498017e+00 2.696862608647390580e+00
6.557227488297440843e+00 6.764160877337324074e+00 1.832284025724445931e+00
5.565457993911911316e+00 6.382006945734734593e+00 7.030425781026281129e+00
5.769243315630274260e+00 5.418336422343622338e+00 6.694956521948000727e+00
5.869227034530775100e+00 5.601092003201268099e+00 6.685667077806389358e+00
6.090851589728027093e+00 5.745316817924146058e+00 5.809726171214109947e+00
6.090220252134910695e+00 5.707872188285277204e+00 5.579609720349783863e+00
4.238363783410973085e+00 6.370099810742519963e+00 1.295171992332622812e+00
6.264033317004361834e+00 6.005787890623476066e+00 6.405531378059941439e+00
5.928869864088941455e+00 1.073898370968871951e+01 5.691465904457107428e+00
1.788188389315847893e+00 6.386286384606714606e+00 7.765170567783112432e+00
5.997498324790338842e+00 6.591220193535854754e+00 7.087075644527182305e+00
5.893755912568587441e+00 6.555586022703269400e+00 6.817446975070911463e+00
4.009152206327406098e+00 -2.938469192871855373e+00 4.407402897656092833e+00
5.770579874433671819e+00 7.533624445235757250e+00 5.451670858234637151e+00
6.090056131225552782e+00 5.826432081130159091e+00 6.345181274176949771e+00
6.626084698813142992e+00 1.074713254336757462e+00 7.549402799867266367e+00
5.192896569962853093e+00 5.936780349215357688e+00 7.653382692926721020e+00
6.276285769820701077e+00 4.338941717819949417e+00 7.010353058729545950e+00
5.946374619814813300e+00 6.809402045239007606e+00 7.190011272715779000e+00
6.377532781145654361e+00 5.260370685570155302e+00 6.606026606298222248e+00
5.396085387702365566e+00 6.649285149908910064e+00 6.996390901477333557e+00
6.103176088158812185e+00 6.031991331856755956e+00 6.177658384620519527e+00
4.994338806872447023e+00 7.539205211877501256e+00 8.413613899883412017e+00
6.354065772395228073e+00 6.609974071547454422e+00 2.316383441552805955e+00
6.541723626093997268e+00 3.399325285912267347e+00 7.497380168303020120e+00
7.172639095238275253e+00 3.824174394325320137e+00 3.691974337081808777e+00
5.604304597473728222e+00 7.222646275673424654e+00 6.880852942226590940e+00
6.675919552804193025e+00 6.619843020725026506e+00 2.127128304953012972e+00
6.978578238276369916e+00 3.722258946458373075e+00 6.120014393120511542e+00
5.424576031928209474e+00 9.063488349047581494e+00 8.202301895323193648e+00
5.868900322487944798e+00 8.473309110563738145e+00 3.208861943831608610e+00
6.232469769408586657e+00 5.481217301791197372e+00 5.572331774961584827e+00
5.586948016556854135e+00 7.349490749934344258e+00 7.135377166399424098e+00
6.206705338863926613e+00 6.482133425156005657e+00 2.033752639862662193e+00
6.163251387898925238e+00 5.915408760810469957e+00 6.382008984072815139e+00
6.280500297035011670e+00 5.600955846132803728e+00 5.999123351246300473e+00
6.298956662102710879e+00 5.577965266978560877e+00 6.116177028767811663e+00
8.403128337257044222e+00 6.466980542181625324e+00 1.977837310988114217e+00
2.085331922119153969e+00 6.535294228284498352e+00 6.351192107734078718e+00
6.381956732347797256e+00 6.742642810623970639e+00 7.018790527781323618e+00
6.238750778303079336e+00 6.068200740305767837e+00 6.442990380239718817e+00
5.557295737331975793e+00 6.563841871960177876e+00 6.754169928767653985e+00
6.275506748862967221e+00 5.678162929622767585e+00 5.861105435712299361e+00
5.912799692036495358e+00 6.164731256908294377e+00 5.952593065256497340e+00
5.566129280885331099e+00 5.384128658634884879e+00 7.345647607093303222e+00
5.323416157510893143e+00 5.420970018673604507e+00 5.042397908049425226e+00
6.213334153976452612e+00 6.374158686994388923e+00 6.184066528943231944e+00
-8.746965025375897085e+01 8.594222874656453826e+01 8.686944570146251010e+01
2.496550315394058472e+00 6.709402885266242400e+00 7.403611488614618708e+00
4.195871667248429304e+00 6.928494959626019245e+00 7.928953519891402735e+00
6.039561545228495199e+00 6.781693543845896954e+00 7.317405090194035289e+00
6.849905249172049793e+00 6.602749219941387082e+00 9.689852247706410182e+00
6.452021529485810980e+00 6.064508975826643500e+00 5.019306870772645368e+00
1.010058329090209384e+02 -7.332044661556467702e+01 -7.151407722269217970e+01
1.455715871720542509e+00 6.847688077136435680e+00 8.486952122954921407e+00
5.619709072761547297e+00 6.838337876695985251e+00 6.637675856352020176e+00
5.858763471927520783e+00 6.583246501972293885e+00 6.914719118959332889e+00
2.319888225236488744e+00 7.224518311327972953e+00 5.127256226110592507e+00
6.200338055205068422e+00 6.040348129304289770e+00 6.494073631831653870e+00
9.757798869572663847e+00 5.633816911109932768e+00 8.867364394517764481e+00
5.606116807979731220e+00 6.733967751122026613e+00 6.471553470282946918e+00
5.381731420152285672e+00 5.362449346274807738e+00 7.166480925153022596e+00
6.274960742109478851e+00 5.254400123414064261e+00 6.168817581578991849e+00
5.744086293068415117e+00 5.799621755014595870e+00 6.487160268700852050e+00
8.107404241745598483e+00 6.572181775719600161e+00 2.640432501264628584e+00
5.974074553522501496e+00 6.823611696263003346e+00 6.971567839618781903e+00
5.844160040967803837e+00 6.384801502454150679e+00 5.164373501820885615e+00
3.680678921109283408e+00 8.277414202149961042e+00 2.334007720619492687e+00
5.659777061677036869e+00 6.655825468840212977e+00 6.712666581728392146e+00
6.841031876503517850e+00 4.171591321184548562e+00 2.376156197392348401e-01
5.434752873523253314e+00 5.674864652139751442e+00 7.037038130215453435e+00
5.556947594408352842e+00 5.963946299954492325e+00 6.475052719151303648e+00
1.382050265860366167e+00 6.966057362405706499e+00 8.237558736568358242e+00
4.319446481713971053e+00 5.693801864275325642e+00 7.118848950401844178e+00
5.308729376779127485e+00 7.261059962023180603e+00 2.073560824420183746e+00
5.589406299976232617e+00 7.158405009691355403e+00 1.748530859508766744e+00
5.776495087793419358e+00 6.959546417212745695e+00 7.029162436655086665e+00
8.103208016535200287e+00 5.068309131924277011e+00 1.505677464431821821e+00
6.838129844454274853e+00 6.300387263076661526e+00 2.061104329519571898e+00
5.205927675922764841e+00 1.176055685227396985e+01 8.517133106588577363e+00
5.565635289349081916e+00 4.685645552189524388e+00 6.360980627980165281e+00
5.556637316685811179e+00 6.283532523412446835e+00 7.140793235315425314e+00
5.985444587803888439e+00 6.621124729991909597e+00 7.057445730020742047e+00
5.936328147185397697e+00 7.092904221770005790e+00 6.911691575828450951e+00
5.948973376253250400e+00 6.872529071780665078e+00 6.747176495104618255e+00
6.159791472750172581e+00 5.839230683781488018e+00 6.616218332030273430e+00
5.464001628640430930e+00 7.003283007169979868e+00 7.085239407225387254e+00
6.515774006483409764e+00 1.386786182797531630e+00 6.470611022354923136e+00
3.822464183526506964e+00 -4.984187712067277509e+00 2.037564846631309479e+01
8.914336713813999502e-01 7.243041869597448112e+00 8.511368777324926915e-01
2.886512782528324106e+00 6.770613770130815112e+00 8.176123259113349917e+00
6.368096853225722498e+00 7.057174797634076846e+00 6.797652128004661343e+00
5.691870200216118114e+00 6.475549831168692094e+00 6.749997450498900875e+00
9.385246689915202722e+00 1.959206478861180400e+01 -1.872425298132581872e+01
6.283073036489024155e+00 5.345812008693867412e+00 2.031462036209284339e+00
5.606910881428619042e+00 7.355039365834769249e+00 2.433205351151009221e+00
6.025495438891677047e+00 5.789268352539214568e+00 6.096864939231373626e+00
5.848774278544526695e+00 6.526795221411830994e+00 6.781168262850806983e+00
1.080326967469020616e+01 4.752072468310623243e+00 2.057842351950264437e+00
6.256684013126784905e+00 7.108070828420450127e+00 3.740181459525265595e+00
6.282629654557632115e+00 5.953137661084033638e+00 6.668766766617706843e+00
6.134238355763075745e+00 5.670204442701075820e+00 5.803199090020616957e+00
2.449782593280101395e+00 6.984588844356818704e+00 7.778205371988962114e+00
5.117842050960508260e+00 9.500124912418481671e+00 -3.133954422152920749e+00
6.183378974587112609e-01 3.224421923223192543e+00 1.477399036375071972e+00
5.324633479925202195e+00 6.820925856212970650e+00 7.075686633786570034e+00
5.705851792566686953e+00 7.275532831603693573e+00 7.075198450484147195e+00
-1.124946422644102606e+00 9.191948566902421902e+00 1.333462620073964011e+01
5.645675962711321105e+00 5.487170001137080533e+00 6.764232065580188191e+00
5.587810443165849961e+00 5.999575527371781902e+00 6.880074770216598523e+00
6.349448880510763615e+00 6.363643132181512563e+00 4.930176961969810812e+00
3.373545459425686488e+01 1.089926258141837145e+01 -4.485698404728458399e+01
6.859421099168332425e+00 8.463132506909120778e+00 5.479498715520454866e+00
-1.243239072300970395e-02 9.600408643174805690e+00 1.231870234576387269e+01
5.703938939169045597e+00 6.457724620234936097e+00 6.931932370894445583e+00
1.578088455163615400e+01 6.099014401426708254e+00 -5.444935949799841524e+00
5.652406855843462807e+00 6.554840898456204101e+00 6.641229075960337624e+00
5.561445026266847336e+00 7.194111440067728402e+00 1.795043652545874835e+00
5.981116596685174258e+00 7.606803809491701429e+00 2.366576887343691649e+00
6.290926996272251159e+00 5.936616863573862091e+00 6.626549481648947193e+00
5.798973764300745515e+00 6.628693973895525282e+00 6.796045916391159736e+00
5.333228589286793664e+00 6.513886914931184435e+00 7.155239212645137847e+00
5.278886852328393609e+00 6.467725028333195070e+00 6.703979179004846856e+00
7.018143091580135717e+00 1.204911804774623008e+01 6.216206978689472251e+00
1.098293095875341407e+00 7.878320504172378058e+00 2.728941726578165472e+00
8.791044158486741367e+00 4.117518888921441800e+00 2.975033027966354382e+00
5.369574108937329449e+00 6.067362529650284664e+00 6.975542884627920159e+00
5.701752423980907203e+00 6.783420829331937796e+00 6.605261591110473063e+00
-4.722336240747814884e+00 8.549513903388799463e+00 1.882082340181759506e+01
5.758278881257485438e+00 6.618191349444724203e+00 6.657120891085591907e+00
5.567327273094661244e+00 7.191068263242561542e+00 7.223046961594079107e+00
5.504962234324209724e+00 6.668752610550253479e+00 6.574454377724459064e+00
5.579623529916625024e+00 6.137651137699041470e+00 6.847171547338357200e+00
9.530228129416206784e+00 -3.319019100047725601e+00 1.282345769921656142e+01
-2.430033397894680292e+01 4.073027107314620920e+00 6.039956573558382047e+01
4.939761049409853833e+00 6.797644099586049649e+00 1.536178170770567508e+00
5.868485795796485327e+00 5.302137595313805463e+00 8.299745253307383663e+00
5.987722847788069735e+00 6.588092376172903997e+00 7.513985714516253189e+00
5.495522595417106970e+00 7.132021478536110237e+00 7.425771055339899007e+00
4.660279921048362084e+00 6.295676534318658923e+00 7.654134052142447686e+00
5.911065952705385484e+00 6.852108892336209678e+00 6.779524116758921082e+00
5.623052385278850096e+00 6.356099423874450594e+00 7.030411240839024245e+00
5.835478319927217328e+00 6.683864967451953021e+00 6.866902367292004428e+00
9.544892328581255470e+01 7.476178325319033036e+01 -1.443591722036716192e+02
4.733432639090063176e+00 1.345635143807737411e+00 8.235572640987255610e+00
1.405172720005926745e+00 8.105866407524164430e+00 7.775489190030899778e+00
1.687988614994104353e+00 7.609177657458999988e+00 6.604704417054465537e+00
2.284909175357837441e+00 7.473578108494848493e+00 6.588355495722213462e+00
2.063256505296743093e+00 7.501986705320215165e+00 6.442911557967870628e+00
5.826962776488062268e+00 6.624616782032294537e+00 7.531497659727884653e+00
6.002621065733920958e+00 6.473742917137821351e+00 6.508893113875332759e+00
6.370390535818199140e+00 8.027102057676012592e+00 2.784866097782195737e+00
-8.329492586529900677e+01 -5.878061411602676856e+01 1.572418889538681697e+02
5.515429505907372132e+00 6.237461698771584295e+00 7.209724302176344857e+00
6.401226069856006617e+00 7.628058589656832922e+00 3.749734259484438503e+00
6.411772872463280315e+00 8.232787177943720280e+00 2.699523732292758993e+00
7.903136595025401334e+00 7.161384027833200605e+00 6.984087265812436662e+00
-4.042020943029789315e+00 1.884159687870310051e+01 5.117533684150004092e+00
3.390961443858521385e+00 7.843371324552084189e+00 9.270977065699033126e-01
4.215729381822916011e+00 7.492580788709693351e+00 8.106026915535492705e+00
5.947723770976917734e+00 6.827220339108023950e+00 7.259181626999749781e+00
6.495201174034958669e+00 8.108327247883533317e+00 2.612836690307176024e+00
6.011766647171775446e+00 7.635990374841224337e+00 2.420069235470332369e+00
5.211599362017521386e+00 6.513171128418830946e+00 6.617989596936723729e+00
2.063564016826854086e+00 7.129743936893238043e+00 5.372654978089565603e+00
3.204947100856907483e+00 7.849074658509064051e+00 1.075685456405525375e+00
1.114991637933449553e+01 1.113749829285656467e+01 1.265711171702318794e+01
5.747090339365145795e+00 6.336363196465407910e+00 6.846211819702219259e+00
5.829203640912442808e+00 6.496673370072603149e+00 7.444062090753650551e+00
5.692469829230024203e+00 6.572007463698527729e+00 7.003574881519671891e+00
8.481842222354318395e+00 7.733599056720454001e+00 3.458826755289618582e+00
5.529836671609941412e+00 6.561993295768287382e+00 8.090235444762001293e+00
7.930160237347990915e+00 7.251852984862392049e+00 6.864118307041996658e+00
1.978703442972796767e+00 7.770739441356433019e+00 8.329353404224786317e+00
5.846395005092533737e+00 6.753911086357838656e+00 6.517554943239052712e+00
1.029391331463328063e+00 8.324095727613444851e+00 3.224606853877523438e+00
5.399741470300235768e+00 6.988760882134586794e+00 7.166118445262299019e+00
5.733483104606935221e+00 6.592870777221699896e+00 7.636650438751490633e+00
7.399493444102397177e+00 1.078368985413336034e+01 6.660203481909007905e+00
5.883801343671480666e+00 6.450840748652854728e+00 6.455898488230729981e+00
8.810722115459494574e+00 1.661557876110239107e+01 5.643963947723790398e+00
6.662665768338786876e+00 9.846340288485173176e+00 6.378503505186662537e+00
5.351049656473967353e+00 6.393704612116014374e+00 7.304413689751410033e+00
5.867109324629079303e+00 7.202076522960954463e+00 7.681644624024279722e+00
4.637948583803131797e+00 3.330539710004928544e+00 7.636535459264253589e+00
6.339754615924992009e+00 8.951314986224282677e+00 2.892341449044733892e+00
1.104580901883077004e+00 8.586718790042777272e+00 2.963240066253283178e+00
4.870293440042013700e+00 8.001627999980534867e+00 2.860793650769910990e+00
1.534567429953673567e+00 7.787603622789392332e+00 3.841369475692503421e+00
5.433025477332276587e+00 6.389221871563666610e+00 7.143453602434275851e+00
5.175272107409313982e+00 6.591469154762622296e+00 6.843418394885839362e+00
6.973658712474105847e+00 7.862970316249951352e+00 4.138628493614842085e+00
6.415404612274138607e+00 8.327976132666876197e+00 3.286536017017563704e+00
7.051126386859952078e+00 7.762512631898653481e+00 4.152059229645868044e+00
3.865700998982410042e+00 7.749910799968555253e+00 6.341728651007687567e+00
1.720414538223653622e+01 8.979604769909840911e+00 6.283869619410610063e+00
4.617961699521189622e+00 4.132430880826872155e+00 7.569589913598486319e+00
6.547371610968983902e+00 8.100359125317865505e+00 2.896386442579181431e+00
6.732796155508118829e+00 7.769842963977275474e+00 2.382202373841432408e+00
6.455076611120612817e+00 7.536127643382423358e+00 3.607014439127072425e+00
3.987868106811546909e+00 -5.518095357389962013e-03 -5.391955573028301973e-01
-8.673132972119043771e+00 -9.141188438437221464e+01 1.392742403774247606e+01
5.537085191312236532e+00 6.070896089179470323e+00 8.022506385660376438e+00
5.894037576004481416e+00 7.227747974004918419e+00 5.654808039944678733e+00
5.374811284424108493e+00 6.274758931373421333e+00 7.052437176677809560e+00
5.178296219721415738e+00 6.568417845287552126e+00 6.942733157263690558e+00
6.610900560497929845e+00 8.101804927014891078e+00 2.763168356447087248e+00
6.086080024198543548e+00 6.213343610211625290e+00 6.996990178841969055e+00
2.698987932811429680e+00 7.927743279258590903e+00 4.664006256006606677e+00
5.950080306643345196e+00 6.251214425382848106e+00 6.895821116340965062e+00
5.649177004333014729e+00 7.031614150297441412e+00 7.230518133438936346e+00
5.298487795413393542e+00 1.155715619593626897e+01 6.931153259207113670e+00
8.255629524017891185e+00 6.225183539838022639e+00 1.551095657436694975e+00
5.013864583036917288e+00 1.032155196136043784e+01 3.807244949169581005e+00
-1.987401084924563355e+00 1.119546108265728357e+01 2.861086525746734832e+00
4.428036088689444760e+00 5.935544695133204485e+00 3.934794628763972124e+00
5.972906742212511944e+00 6.250421044911144364e+00 6.715159035724303394e+00
-7.163111088926537917e+00 7.809253857083906070e+00 -2.617546222767865860e+00
5.383869380650718739e+00 6.601658327148765437e+00 6.910631792071741941e+00
7.313211449186814761e+00 4.379741325796976170e+00 -1.394316751306694746e+00
6.629685054758294172e+00 7.417759168017919791e+00 7.094550786082172600e+00
8.385783630907836184e+00 8.342282133447120884e+00 2.109272454512186368e+00
2.650364122335798100e+01 1.083996178082883688e+02 -6.479473607594822049e+00
3.765011392497462417e+00 8.225316727463029665e+00 3.911811987964968651e+00
8.027738158473022523e+00 8.066476231874611713e+00 5.184243544638666101e+00
6.088180238961756530e+00 6.687059633473898757e+00 7.204127061919469277e+00
5.792449204224340065e+00 6.675675165294652658e+00 6.958838238396586107e+00
7.088531721097285576e+00 8.330692394385904365e+00 1.324137542542795032e+00
5.275129268281233408e+00 6.370007655043270489e+00 7.460824109967397533e+00
5.314376654155767099e+00 6.519476122866446843e+00 6.777714443228878949e+00
6.484948336072331010e+00 3.718199003088282772e+00 7.564485171144594844e+00
6.536384385996978352e+00 7.886068674754014296e+00 2.749034215213281840e+00
5.425081088638306070e+00 6.025366967154502262e+00 6.973822856333805831e+00
6.231512956491894961e+00 5.342042695680522257e+00 1.472055102652904068e+00
2.892803148619068310e+01 3.545694186140802451e+00 3.090105262475441350e+01
5.476263599697457352e+00 7.390946578788415877e+00 6.702201141202979606e+00
5.689354214213609318e+00 6.146108392809368937e+00 7.149560444693850769e+00
2.055535388008813413e+00 1.280422906263116900e+01 8.624029594303026514e+00
4.625622115033054982e+00 1.174680531257348015e+01 7.556203506276832016e+00
1.363024211438851907e+01 1.478562464006444266e+01 7.477309882190437129e-01
-1.502299531722029258e+01 1.390316647573481035e+01 -2.629731450604812437e+01
7.609009391328426020e+00 7.790274542228861065e+00 7.162775222364176742e+00
5.270295684647106071e+00 7.302041451535529859e+00 6.784995605369669391e+00
5.312345878968383062e+00 8.175809214143582082e+00 2.537224049731839237e+00
6.814152232468405401e+00 8.189175167107054065e+00 9.527335785701400717e-01
6.825240729959944908e+00 7.621991850204995700e+00 2.767211812431975559e+00
1.814966897500301002e+01 1.114852861730136624e+01 -6.562612365193300157e+00
-6.811557449931787467e+00 4.945327188859618417e+00 1.938778168119934975e+01
7.476774073568062562e+00 1.193094129562698669e+01 4.938684476658857569e+00
6.461771617087367581e+00 8.150455794278743227e+00 2.791444487092402227e+00
6.934200630924369335e+00 7.789311814108893728e+00 4.103786514525628704e+00
9.280773821051319095e-01 8.792531932044427734e+00 2.741582481990537001e+00
5.076221928995745536e+00 8.254006737573893915e+00 1.791129073830658669e+00
6.896687175017957472e+00 8.025720131513701006e+00 3.255915834035970846e+00
7.532467865264823814e+00 1.291972734569316383e+00 6.735906967588018546e+00
2.684671365361487361e+01 -3.432850080605751231e+01 2.530926731721852718e+01
6.124025479265313265e+00 7.718408611432137079e+00 4.719885975771434872e+00
5.806238717550737505e+00 8.148117288195937391e+00 7.030286631695213728e+00
3.584317482545446021e-01 -4.073527635281014803e+00 1.200085331926389465e+01
8.567894946243866272e+00 8.247929215665608993e+00 6.309031272372780386e+00
7.339325535264937805e+00 1.776930630273555423e+01 5.004896238166226752e+00
4.186713594557258666e+00 8.183723821077123262e+00 8.481173993089761609e+00
4.612553218094759266e+00 8.161920150286489317e+00 5.294497344693099627e+00
5.822088370638986099e+00 6.935274578371036114e+00 7.037851845858298816e+00
4.079666129580726874e+01 1.088774142014315061e+01 3.037339310091921973e+01
5.987460618756180963e+00 8.449372819364160847e+00 2.922375721125082038e+00
-1.622937000696445153e+01 5.201643957313579847e+01 -1.391122395416691404e+01
5.828426047763206164e+00 7.803798601976174254e+00 2.641700490098457532e+00
-4.528276270383297941e-01 1.414949587382646534e+00 9.016339743027419473e+00
1.445229793595048307e+01 2.078207737959387558e+01 -7.576660081453848505e+00
-3.174101383788494957e+01 6.262334854209139934e+00 -1.571622432548240056e+01
6.889712897857139140e+00 8.058872210363725586e+00 2.885178211158941686e+00
6.241040770987367203e+00 7.825251263117158018e+00 2.561325342391336690e+00
7.013920708952174010e+00 8.115405370382191563e+00 3.102623808771999503e+00
5.587469274111832362e+00 8.959016017441806312e+00 8.310062389607415057e+00
6.184646873440551751e+00 8.002520550301095881e+00 2.311664424829752207e+00
5.569200456407249256e+00 8.106344889679776955e+00 4.605661430843198900e+00
5.239358117625640965e+00 7.613889177493001981e+00 1.070174683945253946e+00
5.751437406373595351e+00 7.708196729535156777e+00 2.306165105900614076e+00
6.854313963695076950e+00 7.871675466959841216e+00 3.017852240647621809e+00
-4.720876600416098690e+00 -1.775164977791879040e-01 1.615244594276819878e+00
5.677943984875028605e+00 6.748155489342583024e+00 6.793630387846501861e+00
4.753863302292120174e+00 8.045327006975931283e+00 8.251026982343047322e+00
5.436323261970229304e+00 7.920407684688152372e+00 5.265871382038467274e+00
6.137549398245154109e+00 7.120312918350846232e+00 7.057766492872552533e+00
6.683231244607106269e+00 7.945664438459131063e+00 3.568050903844302013e+00
7.044205694822287533e+00 8.287831196768866704e+00 3.083084683173400453e+00
3.099575901326050431e-01 1.644387083208544453e+01 -2.380934041070907448e+00
4.832065113290449077e+00 8.005550606800055036e+00 6.996153933214475984e+00
9.008383115344811287e+00 9.257091289729991956e+00 1.231287169070945176e+01
1.508236029500112263e+00 5.813246859818567813e+00 2.046593983756457291e+00
5.538542350559973571e+00 6.685082248787486137e+00 7.028418603413769006e+00
5.963396824584250133e+00 8.369882003585775720e+00 1.803293307415539282e+00
5.909983499379542593e+00 7.556424549362970922e+00 5.936283375355110081e+00
7.298031619136901682e+00 8.369399874556323837e+00 3.505308932895388807e+00
9.353888648825016139e-01 8.859000161774401860e+00 2.960734722629010829e+00
5.484296740268612247e+00 8.184567741042307887e+00 2.293631589876778509e+00
6.794048370622224553e+00 7.933569590009756922e+00 2.718052156932183383e+00
6.556237461842095549e+00 8.060796062450886978e+00 2.496206737067478088e+00
1.385312050064464628e+01 1.608298454370553632e+00 8.869121671303346943e+00
7.091581462097938271e+00 8.294484202077477164e+00 3.257370593811502069e+00
7.721284553421700281e+00 8.541741534995662022e+00 7.852734744193568872e+00
5.860652956953151360e+00 1.467330722385694308e+01 1.530539878134165122e+01
3.720762329637765209e+00 8.660337410393447399e+00 5.143763344317034303e+00
5.554724372188058368e+00 5.306125449977358244e+00 6.528206450071103895e+00
5.593181192917571209e+00 8.197038874128773855e+00 4.649599170601377729e+00
5.529183656935303226e+00 6.938951259954881934e+00 7.110752338779037451e+00
6.940643672181041168e+00 8.410216040344288047e+00 2.744808524621044299e+00
5.873095400342076111e+00 6.926727976365272710e+00 2.706020288068148094e+00
7.467465383495998310e+00 8.560722484715935110e+00 3.044546790265303393e+00
-3.822209654442932703e+00 3.868876834645645246e+00 -2.523146862206448571e+00
2.784775172662068421e+00 8.996270418060563046e+00 8.819874862226381396e+00
4.954237481616215355e+00 7.633695564456406402e+00 6.980052107742185541e+00
5.252986698153980782e+00 7.265155838564361090e+00 6.984963650753480913e+00
5.433985567338512901e+00 8.019738763102306933e+00 5.392887040580984781e+00
5.332210837909399537e+00 8.065606414513947442e+00 5.577255542021389623e+00
5.273102737009673469e+00 7.961051577593151407e+00 5.261489277977790202e+00
5.473529990650787269e+00 6.804077959583713309e+00 7.167194657793601209e+00
5.453212038745545165e+00 6.902019220895523333e+00 6.973042482848235579e+00
6.568153856339847607e+00 8.040662015707550125e+00 2.950492921599651375e+00
-2.213489348053712114e+00 2.670854605617967081e+01 7.478465278222973467e+00
