2.293848711530457773e+00 2.206955920492517098e-01 7.149303798466005055e+00
3.268613865658869244e+00 2.796335498489403992e-01 5.139893618663564645e+00
5.891122903533582367e+00 3.105025119460675942e-01 1.018056388111573618e+00
5.859432136173110095e+00 1.005543523983158716e+00 2.848475499674754996e+00
5.936355743635429505e+00 2.796653455832691648e-01 7.341826118884853258e-01
7.421026908548755685e+00 3.681662135636929456e-01 4.174492497783144351e+00
7.529483645021403326e+00 3.903319755998142515e-01 3.609205630320741154e+00
4.285080999717994388e+00 4.427265024762404022e-01 7.286480339367745529e+00
4.331547746047009539e+00 3.578030811753287188e-01 8.658303480424748955e+00
5.198424096419008933e+00 5.899635077985214693e-01 5.023239129441374295e+00
6.047002798418150249e+00 3.946595292769883301e-01 1.310071239501518381e+00
6.089822514622218463e+00 4.824496585870712284e-01 2.271344300967639285e+00
7.404678431350667722e+00 4.153620810666990293e-01 3.427795077771461862e+00
8.372452856158012935e+00 5.020994745492630695e-01 5.278931215623346773e+00
9.107919111802843304e+00 4.804835333172404743e-01 6.573023109701678024e+00
9.134364199187055888e+00 4.743975777149155304e-01 7.526938264062421169e+00
3.071575157411105650e+00 4.142975624096421061e-01 4.108373721299177106e+00
3.477096387367737407e+00 4.954832500739929091e-01 6.711584531732730952e+00
4.943332268525786333e+00 6.069867898005625317e-01 4.411773009776695176e+00
5.558758365332394646e+00 4.099563350340095780e-01 1.183421995159033902e+00
5.465549662995706548e+00 7.747460714767920864e-01 6.516476264000941043e+00
5.934473620333434063e+00 6.716224125178196225e-01 5.768007370445767279e+00
6.607178129413258993e+00 3.332071683334530965e-01 2.700920081020236063e-01
6.637533295272354472e+00 6.081912422894126813e-01 7.262230138332720131e+00
7.995675431694978741e+00 6.853332311689004364e-01 2.157105426751870336e+00
7.464022348749701052e+00 5.445247876193108905e-01 2.420470599782476029e+00
3.989945409390602826e+00 5.995604189900636261e-01 1.069922751544887918e+00
5.799046526044678629e+00 9.933007117278253029e-02 2.116318121463052204e+00
6.178329232538914084e+00 8.221865020772631816e-01 4.550355059377714895e+00
7.045085489691556901e+00 6.264848235608737603e-01 2.346602264883714817e+00
7.719950087091449475e+00 4.186963839755131200e-01 2.226018430363140510e+00
7.731979506599683916e+00 5.657488032857274085e-01 2.263151208630472144e+00
7.853408195727696217e+00 6.613509940923777419e-01 5.368843881408623453e+00
9.367874353512135599e+00 4.306302180451437867e-01 1.477604026436091456e+00
3.785698671622014011e+00 6.878808992934991595e-01 6.055173566570985599e+00
5.680123694754456665e+00 7.355588454161108292e-01 2.946128238137440736e+00
5.942430758862240481e+00 5.462568118159719655e-01 2.443724698952424834e+00
6.367968164423926325e+00 7.236889987395892510e-01 2.786449862715357995e+00
7.879195164352474023e+00 4.633095121403371097e-01 2.377461210184972806e+00
8.916560368737131981e+00 7.277303084692656743e-01 5.587197858975539333e+00
2.749002602306765408e-01 5.378693580395785823e-01 2.744200021879366957e+00
5.887721017266036583e+00 6.276666366965535371e-01 2.556457658606720695e+00
5.950369127303497763e+00 6.899372144348275837e-01 9.238589546780373141e+00
6.971427860934775289e+00 6.620922793435970455e-01 1.994297258637893311e+00
9.032446968110113161e+00 7.327187748637745690e-01 5.604200893236602532e+00
5.579952849116780467e-01 6.115278366599745663e-01 2.782067480115544722e+00
5.725023624898776475e+00 7.093545501151378163e-01 9.548354694790027963e+00
5.770340242301216449e+00 1.075015564873681662e+00 6.738137940618956989e+00
6.178017555328169763e+00 9.093615569581464664e-01 4.263501899904036385e+00
6.219295748753807196e+00 6.578479427137794433e-01 1.749140638165997741e+00
8.684622407606333638e+00 8.834722308333631258e-01 7.918236810829302641e+00
3.532901736789868519e+00 8.399259583550180430e-01 7.164835074437033491e+00
4.435472482549620565e+00 7.663734286964052345e-01 9.626019841459362292e-01
4.996116335633002947e+00 1.155152979594453289e+00 5.424278577427005033e+00
5.277560368709892202e+00 7.669810702655729395e-01 9.172263766651289174e+00
5.445078160651294574e+00 9.770593305558430419e-01 3.263014391540201675e+00
5.546458898548844552e+00 1.060867139147900762e+00 6.586418710195247606e+00
5.574195941735996307e+00 9.546650638625182594e-01 7.347916231087868510e+00
7.686701197280251030e+00 9.853864458533725390e-01 5.793908795956724589e+00
7.876996495635331996e+00 5.637725456255044953e-01 2.223399437880331231e+00
4.014470342777405776e+00 6.936418733303619799e-01 1.046354185537296422e+00
4.072106302078767337e-01 4.865796600249801429e+00 1.032113628408557382e+01
6.140766315766907901e+00 9.653339222141821274e-01 4.667503390206991121e+00
9.088443363927037666e+00 9.297625061592128537e-01 6.812867483348183484e+00
9.721092833613388606e+00 8.608820982876753680e-01 2.698591393719847353e+00
1.111544038993933725e+01 -2.698926396586297294e+00 -2.319299385689576887e-01
7.897536058782304913e+00 2.206746871986791647e-01 1.609991566596308044e+00
6.751694080408226384e+00 9.886457657530944854e-01 9.369328192589165383e+00
-1.043812418707325484e+01 -1.473772053580316310e+01 4.193333979299837533e-02
8.991505021011910515e+00 9.759792886897851183e-01 3.422997990936721191e+00
1.353910427709779540e+00 1.060350478236982141e+00 5.885191100085096494e+00
4.894340310437664598e+00 1.282945443572506505e+00 3.753667936285085549e+00
4.843727725693038444e+00 1.216934498320749736e+00 6.060334717985000452e+00
5.261999362523760659e+00 1.165361962983917588e+00 6.056819804964184151e+00
4.427325179573021963e+00 1.405101042146172929e+00 5.599642646041143479e+00
6.020717366041195895e+00 1.223755418564550723e+00 5.017568779234497178e+00
6.053176370211854618e+00 1.176856856109919303e+00 5.026043363324835589e+00
4.611229174840648426e+00 1.676739739670501717e+00 4.382040960501919713e+00
6.384353340135868748e+00 1.035968040181991068e+00 9.469091656237146992e+00
9.576477686072383477e+00 1.122426104538862823e+00 7.247215512359814760e+00
5.189635762826987353e+00 1.205031531277802603e+00 5.578829593175192336e+00
5.770253124279397738e+00 1.235233338359756905e+00 6.391232323572014984e+00
5.650536540677002506e+00 1.264331109984269119e+00 6.680725476410342978e+00
6.520224783546233915e+00 1.137629798383493984e+00 4.165110623569670878e+00
2.687992690306388965e+01 1.695670107490639822e+01 1.510594950153300253e+01
8.348450799614766993e+00 1.096706630965823548e+00 3.279304817698098340e+00
8.970998336856240485e+00 1.290800294279375704e+00 4.926409465035970214e+00
9.411796669329648424e+00 1.192482383118013800e+00 4.805404095049034652e+00
4.949609204392029227e+00 1.248615152623203217e+00 6.030823663429134562e+00
4.951919972157291738e+00 1.339373650137729577e+00 6.072962207177068805e+00
8.031083400948277884e+00 1.373514062420140291e+00 3.810203774673706079e-01
8.133534191320586970e+00 1.397280029000847135e+00 7.289268378967467932e+00
9.077127436537374194e+00 1.322763985731647995e+00 7.957509456015651850e+00
4.061761589251617011e+00 1.281241423004767510e+00 5.888214744960200697e+00
4.797687270595221598e+00 1.401336105270295951e+00 6.704999014346615382e+00
6.597303047480625793e+00 5.776725939851063973e-01 6.833121464455518712e+00
7.392516790583712805e+00 1.502035377736253174e+00 5.961698201460249535e+00
4.259745314621875778e+00 1.327323470504947700e+00 2.102234767002060245e+00
4.920605959023249376e+00 1.317107930585793341e+00 3.724819764069197348e+00
3.491479685380590503e+00 2.196009875348048368e+00 3.861573507009302908e+00
5.593954250158996722e+00 1.302628581676775976e+00 7.058028696357907528e+00
5.541979748476448364e+00 1.373075368006104746e+00 3.512735016261133936e+00
6.273581254811627872e+00 1.290022218249111230e+00 1.537884269684687499e+00
6.291156536227173746e+00 1.581677960411249639e+00 7.475908495202689963e+00
7.508784402772758604e+00 1.605303022221465481e+00 6.902531291030965299e+00
8.691819075042594989e+00 1.222273504483740725e+00 1.780938013857253477e+00
9.564530557238079211e+00 1.298521721584374955e+00 3.728959711014030898e+00
5.737055389453471932e+00 1.472267834822640120e+00 5.119542168880327537e+00
8.078193196299062961e+00 1.104391715223927761e+00 5.697880469094360745e-01
1.893640988001980885e+00 1.451573342674279621e+00 9.228366580353856818e+00
5.141910171869961133e+00 1.425674531630313213e+00 5.343179580828392616e+00
6.153757600194440514e+00 1.711166506420660482e+00 5.447601060892282909e+00
8.995585217146564005e+00 1.427614128871244059e+00 4.970735818134242479e+00
9.473570490304044966e+00 1.581129401931620659e+00 7.861540593913963093e+00
5.846939761866311258e+00 1.538764193701306127e+00 4.844689504386896495e+00
8.501797161028942895e+00 1.424158510401267952e+00 4.009129499182328971e-01
2.731031207837327779e-01 1.625526015112596312e+00 3.939726011131171823e+00
4.003761871638968017e+00 3.057763458016943936e+00 6.018684183295698986e+00
6.216225006005673848e+00 1.539836660106723265e+00 9.136708583483501567e-01
6.217490206259760122e+00 1.846359191834735736e+00 6.296253982773075464e+00
6.819460568694411862e+00 1.835415761838146587e+00 5.981893422093550683e+00
5.847449947778022405e+00 1.305042624013807773e+00 5.317798859828995361e+00
8.013683277007213945e+00 1.902846542502259819e+00 1.236032046348863211e+00
7.486719904926331992e+00 1.754552871107823542e+00 6.105288227927341715e+00
8.263293134955826957e+00 1.812037328743464570e+00 7.124369926993134428e+00
8.419651393875996703e+00 1.794927834192707072e+00 7.112399757785885512e+00
9.406212892534034253e+00 1.673093337947000325e+00 7.194409242381553327e+00
4.553507339353671135e+00 1.740639841524159070e+00 6.890865883778849010e+00
4.960407414075764798e+00 1.834237192044693598e+00 2.790183657208487933e+00
5.950591080009857592e+00 3.405627537571993546e-01 5.269015714185603105e-01
5.535807379988884058e+00 1.700216135823033436e+00 6.907983418278059062e+00
5.837092483094071582e+00 1.846197530062270387e+00 7.747041817467614777e+00
6.107063679787062327e+00 1.837416265794367787e+00 6.870763101370533477e+00
6.357374770709080636e+00 1.813855595247691133e+00 7.664065554262563751e+00
7.429945640769767046e+00 1.983832267225111856e+00 7.933868567934226235e+00
8.073462149137704102e+00 2.081827305037962983e+00 6.715274536854506593e+00
9.105238671895483193e+00 1.691932629948247335e+00 4.408122238661035475e+00
4.847872231509938956e+00 1.906006808832266808e+00 4.577773043298138944e+00
5.252585861934125688e+00 1.920726107885041500e+00 2.907300967979061568e+00
5.821067882881247435e+00 1.866943441299502737e+00 5.775761489590343523e+00
5.867285649651302393e+00 1.784152992652328518e+00 3.531098056516196237e+00
8.218389665937047894e+00 1.705393569192115155e+00 1.197155069198684973e+00
4.943960765913708144e+00 1.825450848719263774e+00 5.694656798759364591e+00
5.187881018922190002e+00 2.115760712759261253e+00 2.998243096551356679e+00
6.165759313969694233e+00 1.739759503982542865e+00 5.480656070926761103e+00
7.990873034591031043e+00 1.813002856205768065e+00 6.275047514802971627e+00
8.198378398144841483e+00 2.043812095220455483e+00 5.795715883166622007e+00
9.947785379834283015e-01 1.956416453211294870e+00 5.122170154982162771e+00
4.909061436643549214e+00 1.926845477190063605e+00 6.543311599753151242e+00
5.060741912551566912e+00 2.026134023482303537e+00 2.753316402547941522e+00
6.007926028759093207e+00 1.842115956153096867e+00 3.332238071720396988e+00
4.738497904815801576e+00 2.025350913642018469e+00 4.406461854985844973e+00
5.119804973779429780e+00 4.387625422745396797e+00 1.639086264604332488e+00
7.435964304472054920e+00 7.082116668882619592e+00 -2.796635668077507297e+00
6.483627420651467688e+00 2.168077550902958173e+00 6.407799974345049776e+00
9.107783551444072145e+00 2.086667851013849884e+00 5.502861738965261651e+00
1.443405506318162956e+01 4.867915017627550966e+00 -5.877933221921463947e+00
4.380856435059632403e+00 -8.978388578750596816e-01 2.308632714748322101e+01
5.734792009063270690e+00 -7.315281888430953394e-01 4.037216234131522086e+00
3.279506869322388773e+00 -2.997450988303998809e+00 1.042151977989741951e+01
1.275371505036398467e+01 9.043986351314556416e+00 -5.774220369878272585e+00
9.285908693263067448e+00 2.115032795790639852e+00 8.054441167661464007e+00
9.512565519545614023e+00 2.085836942235467006e+00 5.122937360518686312e+00
4.204198002960243485e+00 2.261798474772786172e+00 5.807148165997605638e+00
9.362839929281479456e+00 -1.699553341233858594e+00 4.515006158944595782e+00
7.240815637592954435e-01 5.891902158538344203e+00 3.775291668624799479e-01
5.780592247276750584e+00 2.128174655610055144e+00 4.532715777578756544e+00
7.489365505670123824e+00 1.888214041657354070e+00 7.399578052208196866e+00
7.491230789881106134e+00 2.085769919047107734e+00 3.539991803050569708e+00
7.739303365558814818e+00 2.384229338808426135e+00 6.779777259498883879e+00
8.026928707900362170e+00 2.668536975209038875e+00 7.632766590868740764e+00
1.580091920133000372e+00 2.325019589097963912e+00 6.473680325323542206e+00
4.691808640641818684e+00 2.165365040285952336e+00 2.572227363463222449e+00
4.696092220228886838e+00 2.181953395627756365e+00 4.773085481027697696e+00
6.320011747041460737e+00 2.204304251779920065e+00 1.788501495265344410e+00
7.838724673219328309e+00 2.354237030878385539e+00 5.772260642117516660e+00
5.676807326369537776e+00 -4.860516337434269474e+00 1.201227306093541536e+01
3.224752747963042232e-01 2.276812378465996822e+00 5.461891724199296583e+00
7.297233184868152644e-01 2.267521598961461660e+00 4.728365989640520795e+00
5.523240115096139213e+00 2.246200359546680403e+00 4.129713026828976119e-01
5.430525081393488662e+00 2.911871265457864677e+00 6.395279323204064781e+00
7.791301316599799520e+00 2.433348185727173707e+00 5.019884983712268323e+00
1.424842777618845702e+00 2.415379715209586831e+00 4.891288334981201302e+00
7.682966895866286450e+00 2.431051824468962508e+00 5.126422101758264738e+00
7.890266169581657607e+00 2.455776813864893882e+00 5.768093812220108418e+00
4.287610190881120387e-01 6.349423452310642979e-01 2.821401416346720481e-01
5.138043833015669470e+00 2.471439094024726835e+00 7.647833734502224701e+00
5.336200482313309124e+00 2.445728617956770101e+00 5.610202046871337167e+00
5.301299762048559572e+00 2.257178395362756884e+00 2.978084872300641006e+00
5.486714990890291688e+00 2.479554553471455147e+00 5.785313486952977868e+00
6.432565362014484478e+00 2.663181686535632586e+00 7.746036994750353344e+00
6.487002725420703442e+00 2.511120063591441021e+00 6.059288256499026915e+00
7.627034802342052444e+00 2.857891247597638351e+00 7.521400164697731761e+00
7.683381888780248303e+00 2.456484417718422186e+00 5.091041957845009236e+00
7.750345379947082947e+00 3.554101472539506812e+00 7.924863371211144702e+00
8.876777557303661581e+00 2.497496884826851726e+00 4.638229191180855082e+00
9.042586934448133107e+00 2.516055038512267750e+00 5.502443921585415509e+00
3.936310400568884815e-01 2.541739520557355636e+00 6.787886754666363487e+00
6.303300180838983025e+00 2.684835319023286537e+00 4.965674348168674257e+00
6.932104673526898964e+00 2.521999352470901457e+00 1.332502810778444680e+00
8.234525704741969321e+00 2.531171591200485071e+00 5.634997445254654735e+00
-8.342192691537753113e-01 3.258218339945271769e+00 2.805889598169278187e+00
1.965730257769129574e+00 2.941504179793239970e+00 6.158228108992747529e+00
1.750911714076250014e+00 2.549345889944144350e+00 2.130200975707289501e+00
3.849094311216272324e+00 2.567655310668334856e+00 2.563309986926401329e+00
4.218274524001822456e+00 2.553863265025324125e+00 5.616578745258316907e+00
6.096261980524410262e+00 2.544269967648439490e+00 1.956280213268236867e+00
1.928859539800092060e+00 1.984903823281094049e+00 4.924197073385197854e+00
2.840128093175562363e+00 4.380499348161405848e+00 4.466761943866492501e+00
1.450158660543379829e+00 2.438218448080987422e+00 7.039786502041248895e+00
2.452957156349640400e+00 2.696620153281492627e+00 3.825592323623136615e+00
3.888152129659493639e+00 2.666677298802415663e+00 2.988767129479910523e+00
4.980413825474763634e+00 2.693019142691589263e+00 6.046176602236561948e+00
7.173779026105822965e+00 3.110690407121421419e+00 6.894262765672224624e+00
7.206077618598803802e+00 3.014696510048095135e+00 6.832188129758185902e+00
8.162763600194276492e+00 2.265917216203817475e+00 7.578626150188851440e+00
4.773249200198087294e+00 2.739093917978131287e+00 5.907631485242854197e+00
6.056452489810991935e+00 2.779203510370058972e+00 5.980763672958724797e+00
7.170540247078124096e+00 3.087770786800608569e+00 6.899609725460515541e+00
7.371183563922679483e+00 3.159799721669402039e+00 8.092750484268739442e+00
8.185012153751495489e+00 3.197698478825848234e+00 7.922656547940841065e+00
5.818087614913604710e+00 2.837847414516913247e+00 4.633953002551804978e+00
5.604513229480845737e+00 2.609415257848870073e+00 2.475884960578794480e+00
6.275588210804160738e+00 2.707179659024174789e+00 4.941974524492311005e+00
6.650895358499235854e+00 3.057948275624520207e+00 7.583202654902667206e+00
6.797054303147483267e+00 2.813412781345572711e+00 9.083258880557758541e-01
7.100561771811947587e+00 3.059498996692300299e+00 6.762610037296891363e+00
8.076157287234504878e+00 3.327750663754800442e+00 7.986811498173304713e+00
1.092143606947627799e+00 2.832903911821393450e+00 2.002026484315435617e-01
6.402909427035957890e+00 3.010274089710286205e+00 2.694491970042534490e+00
6.851892947242566478e+00 3.246233052767050431e+00 7.009934520921840218e+00
7.837841094666938346e+00 3.147946647015970267e+00 7.633527943316549269e+00
8.172744285154006860e+00 3.202066762705235714e+00 7.883581105052510196e+00
9.211729879831223045e+00 2.980745093227615605e+00 5.385568195260768576e+00
4.491015098087842716e-01 2.885228087321424439e+00 4.739920009239165566e+00
1.378369172564301248e+00 3.015500906371813450e+00 6.851091728762475519e+00
3.520344455079538637e+00 2.944603641831497143e+00 3.860194760991424001e+00
5.216949767646133829e+00 2.926142668640097089e+00 5.137603261494376738e+00
6.481665755037097298e+00 2.607784051664623792e+00 2.736409276862182161e+00
7.642175540724295502e+00 3.434506879661849865e+00 7.694620705213928602e+00
8.172093444603067525e+00 3.157201927745126202e+00 7.943469792933268714e+00
1.323593762059519285e+00 3.596498571313977877e+00 5.161275467802053818e+00
3.422875541094533069e+00 3.074228131241043549e+00 6.739141243898489009e+00
4.546576636532087434e+00 3.039479724177726716e+00 6.190094597500500839e+00
4.758899664620668268e+00 3.305607900966593071e+00 1.788851999021484396e+00
7.200171590851851988e+00 3.154790312392680374e+00 5.186239417772608107e+00
8.593502126066324465e+00 2.637812552548465916e+00 5.177983027464632571e+00
8.828433475467576841e+00 3.507357514185971858e+00 5.026174068585289589e+00
1.349728270521125317e+00 3.105159813763432197e+00 6.636515659993862393e+00
4.141578287088292676e+00 3.072420189907037358e+00 6.099321739986022450e+00
4.653559444952332314e+00 3.129461514985295789e+00 3.082121537926068466e+00
5.616457793739480842e+00 3.240752106550119471e+00 6.257242925713315529e+00
6.678544519641723909e+00 3.136930320560907592e+00 5.826941129351181914e+00
7.147567112621764807e+00 3.487579704335259656e+00 7.311396135216343239e+00
7.171422608611544014e+00 3.473975558826952081e+00 8.511842941415594055e+00
7.152704103259463153e+00 3.003783704621293627e+00 6.811436104769241773e+00
7.712549033790491393e+00 2.985669156772391197e+00 5.595052132808605805e+00
7.518363997486259720e+00 3.366125019736467827e+00 7.150634290268932602e+00
8.228797682941287661e+00 3.080335880816723826e+00 7.957571639499164462e+00
8.672657247552852056e+00 3.126527202230132030e+00 7.559883549635681987e-01
3.927022749258715084e-01 3.121413647599366570e+00 6.804994472403976147e+00
3.551850250687573318e+00 3.168277887332993537e+00 4.622123283205137767e+00
5.469849334525435758e+00 3.326086979100210783e+00 3.281343140592788199e+00
2.934020119309746377e+00 2.793453893350603678e+00 2.757548522367467836e+00
5.213574135515224306e+00 3.176562966016799550e+00 4.567752158905150850e+00
6.664382115686511732e+00 3.381381229088048279e+00 7.462388073489361950e+00
8.214880907134157084e+00 3.417212878554323652e+00 8.760787842198171305e+00
8.821973173696484594e+00 3.361445338767496516e+00 8.322873771604715643e+00
9.283205939353022629e+00 3.145945916317202773e+00 3.991836711762616119e+00
1.381656133459403613e+01 5.486194886433636064e+00 -1.014639006369711716e+00
4.881292875333103964e+00 6.946742032220381002e-01 1.166247978242835792e+01
5.429766323164427755e-01 3.221890557332796945e+00 7.162843172744254971e+00
1.715028952920388150e+00 3.277987943243365621e+00 6.300466864328932104e+00
2.621164676352784717e+00 3.260384283568741104e+00 6.418688408109234800e+00
4.837908106747672576e+00 3.300723253676723257e+00 4.255584599715375838e+00
6.897168640759777425e+00 3.386398016768212837e+00 7.064256529933934381e+00
6.991844097060254448e+00 3.568733854816968254e+00 8.173543288708458476e+00
7.610114630067124963e+00 3.650166543005124886e+00 7.767385932877353127e+00
7.846505689244731130e+00 3.487064916411974913e+00 8.094540234383302391e+00
8.074982151626954874e+00 3.318585090913582114e+00 6.655087263289859223e+00
8.164200270462057318e+00 3.447247971108235554e+00 7.170637424161241391e+00
9.168781496591439151e+00 3.400270086664277436e+00 7.876314129812705289e+00
1.647642928942288476e+00 2.891525051895376563e+00 4.695059532617564813e+00
5.267203683322330576e+00 3.262228563244414126e+00 1.272863173390760272e+00
5.618622725222969905e+00 3.307275848130558416e+00 6.273693822635369344e+00
8.704025509192705456e+00 3.189361514825435950e+00 4.969327521119309310e+00
6.603630236544640653e+00 3.425701884846799050e+00 2.715302961335694487e+00
7.021819072092576164e+00 3.615205271170538026e+00 7.058481994227728151e+00
7.335165482769934187e+00 3.690067633515131007e+00 7.596584817249295796e+00
7.380663173192770543e+00 3.492531204153264124e+00 7.377289020498452032e+00
7.764037193532710823e+00 3.532110956995454742e+00 7.237862162305743752e+00
7.816526656058227829e+00 3.461829444886493690e+00 7.239119086128915193e+00
7.932422881034238316e+00 3.756846849173941294e+00 8.033416552110123732e+00
8.192224082093197524e+00 3.443195703836178456e+00 6.646003952985482854e+00
-2.539061038528997116e+00 7.831410753362998634e+00 -1.530609381202888564e+01
4.912320638979654319e+00 3.492707152139616689e+00 3.907630672055773857e+00
7.004475528473696144e+00 3.630875182932868039e+00 8.288881170559790235e+00
7.568731340186346301e+00 3.647056528753446880e+00 7.810346495479519646e+00
7.525802277746770130e+00 3.503328857069663016e+00 6.232926329599568049e+00
7.963621412543902878e+00 3.568263627209455446e+00 7.199016091993849287e+00
9.532629405285405255e+00 2.883505564997061121e+00 1.999975200355695648e+00
9.170219193698585514e+00 3.425161184548977555e+00 4.951624803248543039e+00
9.054895855296260621e+00 3.439074370247825918e+00 7.960172761457675605e+00
7.660159787160127465e+00 4.200961689860204018e+00 7.997147370667567756e+00
6.709335638348039588e+00 3.642320485619434223e+00 7.553952465350191936e+00
7.741168310737732483e+00 5.258490456416001102e+00 3.321216294226623233e+00
7.838096581072582225e+00 3.703550873854696945e+00 8.075544327558045410e+00
8.133558172729184577e+00 3.531859667862692120e+00 6.028328481626855861e+00
7.588631757937983835e+00 3.824634979621116315e+00 8.604669360148047730e+00
8.687371675637834301e+00 3.575006965981592622e+00 8.152643667081251877e+00
9.154820922337659539e+00 3.529931532667585081e+00 6.216879675395240668e+00
1.497025522688355093e+00 3.482051446096877889e+00 4.934420001778124565e+00
5.796494264595151158e+00 -7.895056776847411140e-01 2.382691589603868465e+01
2.454196322950104037e+00 3.609302561531092746e+00 5.112390885096295357e+00
5.116186787490109467e+00 3.523107350051030373e+00 2.427662555299772151e+00
4.514684836919967914e+00 1.542891138549110419e+00 3.581889735248359852e+00
7.910250887342430204e+00 3.832875609082091461e+00 8.421223950803106817e+00
1.088653486035108742e+01 2.926116968193756218e+00 6.721202635287712113e+00
6.767553904278715837e-01 3.681325521521421784e+00 5.131116219946169288e+00
1.081708126019276905e+00 3.632348672081422869e+00 2.183643496519991789e+00
1.776688179335327522e+00 3.658988216337061505e+00 5.679089583846160139e+00
2.143078724101204813e+00 3.662682364505817745e+00 5.800783423220892132e+00
4.448388981103982509e+00 3.725216353227379429e+00 4.671793207926260294e+00
5.386043466872791008e+00 3.742602565004180981e+00 6.184761009666351228e+00
5.659184770243594009e+00 3.858226860034521977e+00 4.797353179198418083e+00
6.943270123632389712e+00 3.736897633266714536e+00 7.163503112329392408e+00
5.485912202914170699e+00 1.945637597899694260e+00 2.672688268724972893e+00
9.196038197274241099e+00 8.572440701007693065e+00 6.928079372390611113e+00
6.891097593967757007e+00 3.594868878222214459e+00 6.987903418229042707e+00
7.351837712714853978e+00 3.964181920467834352e+00 8.423756743527512469e+00
7.457426995031321226e+00 3.954439411160774132e+00 8.277595906803476566e+00
7.696183152707639863e+00 3.605041591172839954e+00 7.702594724786600011e+00
5.602135236723772671e+00 3.823656683029323489e+00 6.766648644782302213e+00
5.657573134830992778e+00 3.715731940633070440e+00 3.343218353778973473e+00
6.554153474093322274e+00 3.897625056229024665e+00 6.587688505512591775e+00
7.921555795615857321e+00 3.708391512820707447e+00 5.435456108512710216e+00
6.493360994660485330e-01 3.732914690674395963e+00 5.237454719895353605e+00
5.975799698179355968e-01 3.774199600957881984e+00 3.674249576853621857e+00
2.167213222977434128e+00 3.863653657668236541e+00 6.654043959690524090e+00
4.570346432258513225e+00 3.795331317443766395e+00 4.249170473442360318e+00
4.940593180617914193e+00 3.710316758511409851e+00 2.624809468631085885e+00
6.760692428300934864e+00 4.049260005838102749e+00 3.067701033614320671e+00
6.977388997548180427e+00 5.925761149518862680e+00 4.201303180367995438e+00
4.595800277299463055e+00 -1.024186374359303819e+00 6.991319103557826153e+00
7.074464752274200130e+00 4.114810044335011519e+00 9.007435062897830136e+00
7.028309410570009241e+00 3.984678617266198764e+00 9.468052662140467035e-01
7.569272520442261509e+00 3.931670910479907910e+00 1.577093022568432534e+00
7.573240180405839794e+00 3.825899621282204954e+00 7.085565630184095021e+00
8.060966271975285480e+00 4.825113532970986441e+00 4.885936766027556999e+00
9.207557839234157271e+00 3.667204396218019191e+00 5.127018536619199374e+00
1.083583117011738484e+00 3.865952508117945996e+00 6.647648305627452459e+00
1.687522964315682383e+00 2.353110392906294202e+00 5.827638718271273000e+00
7.545158379321664555e+00 3.725428512465022379e+00 7.050471200617940859e+00
5.578574459823220977e+00 6.802393968953979630e+00 6.453260619404264986e+00
7.430437840995884002e+00 2.666031883155365989e+00 9.464079874721209151e+00
6.179054533148554462e+00 5.233538502603430231e+00 7.683793678617471201e+00
7.890038969748372821e+00 3.987092873242600977e+00 7.899223657320332492e+00
7.248069703563193578e-01 5.467680770685413805e+00 8.160762927254651800e+00
1.938459139329018033e+00 3.930848189424210659e+00 2.637398887378730183e+00
3.612909160159271771e+00 3.776728698288947861e+00 4.239001492889460820e+00
4.696345424538401758e+00 4.560371564427443403e+00 6.451736282815730306e+00
5.690312428522039667e+00 3.972358238419022136e+00 4.861094726140070321e+00
6.472312320280646958e+00 4.069655589994049194e+00 6.667656823549108047e+00
9.090243782984398280e+00 1.053427969295499089e+00 9.090432473427611626e+00
7.813706672032211920e+00 3.919060825358679168e+00 8.017712523321561591e+00
7.341484656694420963e+00 3.926568514428271151e+00 7.220474594685125425e+00
7.962384558806295587e+00 3.949008535640718520e+00 8.083483178400530988e+00
7.802910547406273212e-01 4.042623662931221773e+00 7.400290186869898257e+00
4.112623603628611235e+00 4.126428735878625353e+00 6.090710661133956094e+00
5.593644314477028701e+00 3.641876524949945626e+00 4.583124271843486142e+00
6.777043241690945408e+00 4.128542642612981872e+00 7.356282530857590984e+00
7.084192723516519408e+00 4.449413170651593141e+00 8.802188256539452027e+00
9.355205881516095445e+00 2.928689567018971651e+00 1.096341376459735706e+01
7.900645750040347082e+00 4.093515341702653743e+00 8.380906348052203469e+00
5.513104208325305677e+00 4.154994542018481951e+00 1.377360100019866529e+00
8.862885388155168798e+00 6.648541693338112957e+00 7.646031339810887673e+00
7.160211392120968021e+00 4.254464914495189376e+00 5.717735092735962699e-01
6.978802998857927875e+00 4.426528559147532071e+00 1.025064432443359230e+01
7.627375510426952943e+00 3.993019795670103456e+00 6.281006965529854824e+00
7.451677790301452831e+00 4.259498392607452111e+00 2.560354895427241484e+00
7.786146286907767333e+00 4.136260199420509487e+00 8.353444802288910509e+00
8.049455627210527098e+00 4.241986930570990744e+00 4.270315793349001021e-01
7.912804589482794526e+00 4.071259975173449952e+00 7.847227341798815203e+00
7.980888528641576940e+00 3.927004171062291604e+00 8.115937360113399279e+00
8.529544901140852176e+00 4.216280102476327230e+00 8.515531689825113659e+00
3.215697312268287700e+00 4.328380942118647212e+00 7.954980187575978690e+00
4.771266948661131657e+00 4.108284654014458859e+00 3.355189286382919800e+00
5.232979886588042362e+00 4.205182269371784187e+00 5.795595128114150896e+00
5.177570056220498707e+00 4.452823759970767625e+00 4.375544829522794110e+00
6.157598705393477978e+00 4.187035515507176342e+00 4.677835212147885002e+00
7.292430435367732500e+00 3.313789155248898943e+00 7.379810412069947034e+00
6.651050090334182485e+00 4.889582334111079120e+00 6.156173719390806376e+00
7.043065568759615758e+00 4.320352132292884839e+00 1.057054010893135665e+00
6.876116914370629551e+00 4.041994223449135504e+00 1.017862246003769400e+01
7.545508963080832743e+00 4.193160285727826064e+00 8.363699509439257440e+00
8.457499718969597069e+00 4.280823212555602275e+00 9.185852701253214292e+00
8.826045787051192804e+00 4.220744651158532257e+00 9.300793094613295509e+00
8.842044569425922873e+00 4.166859882384065017e+00 8.732584755078519834e+00
6.171387112476854675e+00 3.941798488944476375e+00 5.927163630769296532e+00
6.603083007615147437e+00 4.216688181844628680e+00 3.355496253387039385e+00
7.607375022964909306e+00 4.477999441943286030e+00 7.608408879123006230e+00
5.620901648420089103e+00 1.726185094125654462e+00 8.297634911231533295e+00
7.676503867575503293e+00 4.362019585870624105e+00 2.192734370935114363e+00
8.527871416554106077e+00 4.207462949029850741e+00 8.528063779172621039e+00
4.577086699528287284e+00 4.250263567469080073e+00 4.432520397402056389e+00
4.672261467338676866e+00 4.360294179275016724e+00 5.686449722303717813e+00
5.175187717510265628e+00 4.317353050216404142e+00 4.590984281778915488e+00
5.160873899902730599e+00 4.098619915601625863e+00 3.699683987638052063e+00
7.110227776692863877e+00 4.253272306909387623e+00 7.388675718395514735e+00
7.152162742811368545e+00 4.431166519574675888e+00 7.509947287123299731e+00
7.474234273164899633e+00 4.411822686206531507e+00 2.227159285585461390e+00
8.170053039529358685e+00 4.198400323340573337e+00 7.802572306161430049e+00
7.050153350804269081e-01 4.425589562267203902e+00 8.222794343097934444e+00
1.323181594222711865e+00 4.396060213481050916e+00 7.420083557879667779e+00
5.069605733575922812e+00 5.116115471185167074e+00 8.610715177868893733e+00
5.796973740307826972e+00 4.528859511970380503e+00 6.366965828018593676e+00
4.024110511589029215e+00 5.526333326759442777e+00 7.608591371548818039e+00
8.218677013062251291e+00 3.446891484854540444e+00 6.225262252030950627e+00
7.748387926153233352e+00 4.245095929486105035e+00 8.231182584215547493e+00
8.935045478306006927e+00 4.481763928250470208e+00 -1.774592516278796772e-01
5.336843929097874195e+00 5.907323045257862226e+00 1.059536199307427395e+01
8.625552617295900504e+00 4.248647918591945682e+00 8.434199002198583983e+00
4.321086953925307839e+00 8.320551977854879766e+00 6.807418197728564380e+00
5.001325035327776725e+00 4.528274089944090086e+00 1.056239982527152232e+00
6.714670801284230883e+00 4.073163397788471585e+00 6.829036982875063444e+00
6.115575005033415223e+00 4.523841030573461097e+00 7.241531811334109392e+00
5.947424965950616205e+00 4.429342117807728130e+00 4.385251221560920065e+00
6.556642351861264650e+00 4.456242872319823078e+00 7.015307272548069406e+00
8.128083744422484713e+00 4.368645144190764107e+00 8.471832270812933885e+00
7.691501814894563083e+00 4.505767311457785418e+00 1.375391672472271676e+00
1.179673072722864191e+01 2.968560449387320332e+00 2.878954288208059431e+00
8.985205760606314485e+00 4.193506889295797180e+00 7.001317835607533624e+00
9.345178323642082674e+00 4.424840242646783217e+00 7.296673535760499263e+00
1.242032898749532155e+00 4.597197936808515628e+00 5.141300892491612373e+00
7.124962686725901939e+00 4.406965718159487899e+00 7.444300410635522169e+00
7.214851067092162396e+00 3.510492467773776326e+00 1.207371724695289394e+01
7.946097789963445734e+00 4.612980390868066216e+00 1.485203426759546641e+00
8.414343310316962032e+00 4.433060572093772578e+00 9.349965525785782106e+00
5.481201291324786506e-01 9.746606019654282527e-01 7.279311703272008494e+00
3.911693629512593695e+00 4.532152652421962635e+00 3.952003457176898937e+00
4.167799455716641788e+00 4.684255011955371195e+00 6.345731747597985972e+00
7.027425798788920375e+00 4.378222185152581325e+00 7.464285286380331286e+00
7.590543608728459901e+00 4.481037132271732837e+00 2.366145193706261640e+00
9.028648276311148635e+00 4.563966454031034736e+00 6.623328055790953073e+00
3.003387008372031097e+00 4.807911646833115782e+00 7.993071119298432947e+00
6.264261404515341525e+00 4.882212104574686684e+00 9.078325050824368248e+00
7.062148649938710498e+00 4.980256651776230115e+00 8.376709614035362961e+00
7.554945707535512867e+00 4.655111872944013740e+00 8.302779038732653660e+00
7.589443706606328277e+00 4.663545318502333004e+00 3.149443978933355037e+00
7.886931206971650177e+00 5.469630013308873551e+00 6.003504298099892722e+00
7.961508063725448281e+00 4.598050419393366006e+00 5.513300773392570520e+00
8.998116850437781977e+00 4.719068355610560594e+00 6.666404609961597005e-01
8.955731531460209283e+00 4.890983328561178567e+00 6.676356671394363396e+00
9.100299962392615072e+00 4.575071468987244039e+00 7.700168383205895140e+00
5.639283717602182833e+00 4.729890182871583804e+00 6.243409541159770093e+00
7.110034182776703737e+00 4.741631354666896669e+00 8.275824053330884666e+00
7.034824404968528455e+00 4.924537834106557987e+00 1.117070855767868132e+00
7.106387000612120808e+00 4.939661709249032029e+00 1.295471833958366403e+00
7.063278319462169108e+00 4.754053866121554783e+00 6.625377927275041934e+00
7.357501528449592598e+00 4.624026753261275324e+00 8.017641634970964049e+00
7.765638689650222304e+00 4.794377675690465246e+00 4.082410755330000640e+00
8.147031869762695777e+00 4.455596075457780358e+00 8.382694577598616803e+00
8.118028349258469945e+00 4.544120885862860781e+00 7.821882396249580260e+00
2.266625049027818140e+00 4.937307855295341774e+00 8.199997454559825982e+00
5.363389042332027401e+00 4.833682373396603005e+00 5.107752951306274269e+00
5.682718599659414949e+00 5.197304464769067600e+00 5.382790707303081845e+00
6.415831058155321287e+00 4.973046925178114641e+00 9.156901284509771699e+00
7.303669996113758778e+00 4.824931110620203967e+00 8.325254344193345091e+00
6.709995071454717852e+00 4.971633429736754373e+00 2.081702053090833004e+00
7.428980332491764038e+00 4.639346601296359118e+00 8.064491343032441861e+00
7.380146210842574384e+00 4.608816987474565252e+00 8.296327751987380594e+00
8.148300064232300244e+00 4.533175060187591754e+00 8.313174875627417748e+00
8.846144861027731565e+00 5.141623574044849931e+00 7.025203402930397800e+00
6.700280437557298185e+00 5.098327997074022733e+00 7.445765068083074478e-01
6.746239735220946443e+00 4.732000400589713607e+00 8.095345992957060588e+00
8.501401353213902112e+00 4.260795140685872617e+00 6.244708169450980506e+00
1.736065189496080352e+00 4.943889347544125457e+00 4.069096743106860536e+00
2.796752016839842092e+00 5.101342350118245328e+00 8.840536729113591008e+00
4.662941728108703110e+00 4.928168522225207404e+00 5.538667130693621488e+00
5.507720433470149501e+00 5.031265086876926418e+00 4.598256932395212715e-01
5.981054687807173309e+00 4.971233909168219611e+00 7.619381515388041315e+00
2.274033113539059237e+00 -1.380485879602404653e+00 4.541265811892239768e+00
2.660249897891964643e+00 5.135363415109338803e+00 7.145821779467206980e+00
5.021399258785849362e+00 5.070133568960791592e+00 6.074716188903495073e+00
5.335155135072282562e+00 5.097250118616156733e+00 5.607805942590101900e+00
5.378250531802065915e+00 4.977255059610838472e+00 3.707186125724607706e+00
6.265739433235007816e+00 5.088226433166615159e+00 6.721993349713857313e+00
6.865132963293831381e+00 4.926043654658569082e+00 8.354445822773351793e+00
7.011647744107468938e+00 4.918840825010663664e+00 7.839915479169762058e+00
6.873567904497226877e+00 4.876265612004204719e+00 8.685487066226913910e+00
8.718877300327239510e+00 3.189068366831709689e+00 -2.786290668351958100e-02
7.515301575277962165e+00 4.984833690283233310e+00 6.519558834726735697e+00
4.949630679497366792e+00 5.423631367482383503e+00 9.397387376233382383e+00
5.711555148577986962e+00 4.766654472000138476e+00 5.266921632371388995e+00
5.935039516947476557e+00 5.280828928614837992e+00 9.431912037037387009e+00
7.059401061084177975e+00 5.119828951373322390e+00 1.782920699417338328e+00
6.618542873881322564e+00 5.234580874073715862e+00 9.024981273903998513e+00
7.590757810083447410e+00 5.186105795130977469e+00 4.779482311548735041e+00
7.535528733037295979e+00 5.297720428416726079e+00 5.403283377169163515e-01
7.919610430529587575e+00 4.943911770149354901e+00 7.904170150950754703e+00
5.290851526151740813e+00 5.105215805567432596e+00 5.498564388547610093e+00
1.123557774081666594e+01 -4.059875518859524135e+00 -2.970738662793723783e+00
1.980469637846907993e+00 1.449968676038390214e+01 1.776558439607043027e+01
6.767519375223796985e+00 5.116784226100978827e+00 8.379237719185409716e+00
6.966744529431943889e+00 5.006988883449160710e+00 7.765598790519516292e+00
7.136880572785343269e+00 5.115071810026913468e+00 6.431278352280166644e+00
4.816082974699004149e-02 7.864683120068438171e+00 4.491163004053192465e-01
7.151216148114948545e+00 4.901659423938084181e+00 8.297056769313060798e+00
6.400882830934080836e+00 7.306521976618191694e+00 1.248180124690906334e+00
5.043604170028445743e+00 5.502816426210872081e+00 7.917999804069151715e+00
5.127415575188640773e+00 5.627109822543561179e+00 8.100784919190038735e+00
5.805048012299836913e+00 5.325381116325097253e+00 4.277110342089414985e+00
7.154038871693773061e+00 4.838560337197248096e+00 8.274522880624544996e+00
5.000498435287325627e+00 5.451781337643301306e+00 9.368654319457586865e+00
5.273372279379275440e+00 5.280838012683531701e+00 5.956979014384345739e+00
6.392892229541866200e+00 5.372381339053996285e+00 6.960637408076651766e+00
6.843312733448501106e+00 4.770840466566349747e+00 9.528164119473792937e+00
7.162739773334102722e+00 5.428416484309886769e+00 5.741165654995874501e-01
1.436839490855144419e+01 2.825404231169598823e+00 2.251913889992882112e+00
7.033064731393098512e+00 5.219942863852432779e+00 7.313698726481193013e+00
7.264172916408766945e+00 5.141353457327612730e+00 6.569187560963236194e+00
7.731869385756450441e+00 5.123575512746787908e+00 7.522488507677472569e+00
8.215019285715795760e+00 5.163462439002620030e+00 7.198125168418428643e+00
8.634902313880303382e+00 5.236833791239202007e+00 9.075864921714126510e+00
1.033237476318990211e+00 5.431519354986832582e+00 5.768918883763905825e+00
2.891460789121206076e+00 5.437526638375610233e+00 7.305163136875926888e+00
5.240987938960366854e+00 5.654779664335731759e+00 8.215645203401416907e+00
5.596095203197659629e+00 5.411377604821195675e+00 4.442454596199205241e+00
7.002489123892492451e+00 5.169368207609618793e+00 7.291815297032186116e+00
7.225539638278826615e+00 5.462300270028319638e+00 9.453744782064512631e-01
7.712328028087254594e+00 5.352755548551180631e+00 5.098911818042562993e-01
1.122788578298682172e+00 5.564511634619149660e+00 6.630705177731158528e+00
5.183023494053231595e+00 5.476806369912332606e+00 3.047725519835804420e+00
5.140641286524800790e+00 5.796280725041757620e+00 8.952747741719978336e+00
5.075591169220677656e+00 5.681335539781098731e+00 8.059183818534400245e+00
3.644737406038130700e+01 -1.752330564857139095e+01 2.933002449015127056e+01
6.888765655421218881e+00 5.750795048740128479e+00 9.893708466359255382e+00
6.978264196691412735e+00 5.558561685529315177e+00 6.338108255241201583e-01
7.385188633420034066e+00 5.424141192996220440e+00 1.259768589269210537e+00
7.972664335675943903e+00 5.154298985177475423e+00 7.928027303226880207e+00
3.548851531224483491e+00 5.654776140893795322e+00 8.073151640639787630e+00
3.920420962125233721e+00 5.603201600849821773e+00 6.267575370881038666e+00
6.345603430745246243e+00 5.620406763120568527e+00 7.349882018229894953e+00
-2.303039310656037841e+01 2.899221314961168972e+01 -2.751602741165476473e+01
6.759049283919202011e+00 5.366350367849856084e+00 7.991598856699953402e+00
7.994918712934879323e+00 6.257508492649853871e+00 4.749941412140994856e+00
7.776914589982560244e+00 5.494930490202728279e+00 8.922675049232789979e-01
7.680528461512038163e+00 5.699326530001798119e+00 5.208119906925849918e+00
9.061650960978515634e-01 1.036417246795143576e+01 8.147806640117035926e+00
6.827925967987404476e+00 5.085865808462860294e+00 6.139551495381253332e+00
2.408994035514064436e+00 5.706351276336686595e+00 7.385037286638565845e+00
5.125873794538231110e+00 5.769451099627820767e+00 8.274296128132004213e+00
6.094863923875153411e+00 5.756980781120134338e+00 5.598831877306306382e+00
6.318997124781435382e+00 5.791458233914964282e+00 5.738082089709468647e+00
6.577064715433153630e+00 5.790583834580260714e+00 5.189767969902051803e+00
8.945193664304952108e+00 5.759619433528165189e+00 7.390431145275332403e-01
9.368790996539541283e+00 1.380783829328974477e+00 9.729395003494358818e+00
5.985134918462193809e+00 5.920033309568164981e+00 7.019347467424728038e-01
6.351118077073350854e+00 5.771146506170550694e+00 7.136869555445266577e+00
6.834450271075637851e+00 5.858093512188102814e+00 9.240367197475136685e-01
6.828076552304786162e+00 6.481502954529287486e+00 1.256840943034129188e+00
8.296156694403926224e+00 7.349629857637514085e+00 2.290474854047791498e-01
7.422084039288389334e+00 5.902479339689909565e+00 4.446327829508309293e+00
8.055309702129711980e+00 5.507806211255571682e+00 7.632756962855942184e+00
8.209469988964984921e+00 5.525648777093874919e+00 7.805711145018031871e+00
6.267120186555661387e-01 5.902484383635806964e+00 6.679497050736786790e+00
3.009062595181063671e+00 6.016206673967220198e+00 9.163901380010115005e+00
5.031661540140221156e+00 5.979143660438795749e+00 8.606581767731441346e+00
5.870480202011060911e+00 6.015724043879672855e+00 9.113878532705410151e+00
5.283916616568493652e+00 4.274725130445370169e+00 1.528242342780092855e+00
7.591211936269452565e+00 5.975762782597285216e+00 4.554166087698591880e+00
6.717594462467663341e+00 7.097424200384755189e+00 7.236480265677288415e+00
6.413232139559529976e+00 6.079552723617368315e+00 4.578987190527062268e+00
7.941823466865368886e+00 5.975338428773593336e+00 3.289853727342474610e+00
4.278802816366079398e+00 5.094913166033707697e+00 9.979759095646425493e+00
6.678747051916356980e+00 5.286417401397764948e+00 2.022517459248234228e+00
6.970170438040053540e+00 6.083020668738161163e+00 4.318980985538749096e+00
6.189040940723432804e+00 7.342688554119513711e+00 5.430525350904330750e+00
5.830878632078162482e+00 6.112578906161370895e+00 9.200885599436883666e+00
6.675650378995653611e+00 6.071863896503587377e+00 8.334753750019240570e+00
6.782813059332149841e+00 5.918444085972935476e+00 8.693384414634651725e-01
7.613270753566916405e+00 6.015809456588256943e+00 5.057312879416784313e+00
5.920726439916601525e-01 6.305123312911014466e+00 2.445194277584802622e-01
6.206095186595917745e+00 6.184568789019236235e+00 4.441135636336633219e+00
6.970966239678399567e+00 6.136826031257673009e+00 4.518572061789424055e+00
7.245307130888923197e+00 6.052830518394038961e+00 7.927673288471101642e+00
8.131959689669283620e+00 6.025051958036870658e+00 7.118462270793010305e+00
8.800508775104487924e+00 6.264684203390843642e+00 2.028138987203257138e+00
6.436238765659970440e+00 6.345041173425861381e+00 7.874481483997222142e-01
6.418188499677578207e+00 6.476930813903705619e+00 6.989627360427393299e+00
6.377422781831964649e+00 6.247249614290429243e+00 9.076362483215408616e+00
6.724128155819418140e+00 6.200676734360225595e+00 9.073968519371149455e+00
7.010279260540032809e+00 6.268324386543846494e+00 5.383516324126518704e+00
7.657385556011334415e+00 6.162827149368231616e+00 4.824663372045923104e+00
3.548881807953438106e+00 6.419711135952880454e+00 3.628557444447510494e-01
6.169409874665268134e+00 6.350047514039650842e+00 6.138841922815671204e+00
6.781709448354392933e+00 8.843027634404213799e+00 5.839838381109398568e+00
6.324972061724697392e-01 6.476629046042992499e+00 8.188785002838917748e+00
5.037603329494217519e+00 6.511005938917477032e+00 8.501294157404357676e+00
5.623697329191091221e+00 6.587217141713497703e+00 8.004583693360810770e+00
5.542625949301149824e+00 5.176131293728348126e+00 5.016241690819994048e+00
6.431182040905719433e+00 7.152136910100935552e+00 6.285771701885892071e+00
6.446163173565371274e+00 6.374878426601105375e+00 5.774771266378781576e+00
6.779369788480677173e+00 3.734667169022674926e+00 6.555073127971434488e+00
7.576694208183376134e+00 6.312508239134185573e+00 4.521120208195034351e+00
7.936880747416095616e+00 6.223492915246767510e+00 6.747109759106860949e+00
4.723590208262766765e+00 6.613999211268771106e+00 6.282177533552333770e+00
6.294091359560462173e+00 6.466037494375173722e+00 6.664282961557296048e+00
6.408066008131669378e+00 6.504040001611321564e+00 8.066431183300117880e+00
6.050064948599424675e+00 6.543570916361459489e+00 6.937603288470590712e+00
5.721377556278735454e+00 7.255509282590752562e+00 8.701689376664980102e+00
6.398350540516038798e+00 6.617563105226570208e+00 5.243589371480827932e-01
6.135492476844607523e+00 5.641133864789232177e+00 7.417680385576729485e+00
7.482459188551929152e+00 6.387134870671669518e+00 4.685853590958322101e+00
4.853314632240065762e+00 6.837178553691403593e+00 7.462774950108784111e+00
5.690760884275454679e+00 6.733933235370557213e+00 4.094641750111373546e-01
5.776137426558568322e+00 6.397342956968492089e+00 8.112326941791859980e+00
5.679962619465547036e+00 7.149764320179359700e+00 8.378558426432574535e+00
6.275827048949520481e+00 6.699301277916770658e+00 8.461563762860672133e-01
6.290176123861131785e+00 6.612787100754252023e+00 5.072676157116406515e+00
5.016420860478381094e+00 6.907430054478495229e+00 7.875258797090939566e+00
5.931379711910867769e+00 6.937254799604428257e+00 9.128272750098872512e-01
5.850499938885849183e+00 6.669865034225461287e+00 5.774863509495437697e+00
6.263307612154450865e+00 6.704386363063825627e+00 4.240407863337004812e+00
6.391762007471060159e+00 6.654968607842507211e+00 4.639405988976394113e+00
9.399852183207876521e+00 6.793370628003941647e+00 1.171010398877560421e+00
9.636968607534092124e-01 6.835962410153967106e+00 6.234176837502602098e+00
4.150551670008432836e+00 7.335678557699684355e+00 7.547823616241137401e+00
5.484710133687264566e+00 6.808596285112123780e+00 5.929323277250691859e+00
5.590017862684526939e+00 6.837518534663920455e+00 8.436662296041758324e+00
6.221310566217607807e+00 6.744599461054789025e+00 4.187469387083264216e+00
6.303937801359337456e+00 6.481497837082382141e+00 7.440005030983044776e+00
5.803883142920710725e+00 6.463062035968978769e+00 7.967271973742391822e+00
5.991826784861004285e+00 6.537741769577926298e+00 7.234565911541773531e+00
6.882034826524089155e+00 6.668680279339443295e+00 5.360063089104512457e+00
-2.052447787958424641e+01 3.020580747437909963e+01 3.124225743953470769e+01
1.363112743660022108e+00 6.957672242319081768e+00 7.620664999599631173e+00
1.679818895331383288e+00 7.039925948625584518e+00 9.046097119060625857e+00
4.463136942256348938e+00 6.986143407884279455e+00 6.621318797307353954e+00
6.960009123186081226e+00 7.039021486033941954e+00 9.400323896596463058e+00
7.292569802920808364e+00 6.838966150208498185e+00 3.774388018307864634e+00
3.506200422154842045e+01 -1.676309345498643921e+01 -1.546851271091722069e+01
4.296739101702575780e-01 7.062341929923530159e+00 9.085827143772487346e+00
4.654192244354102392e+00 7.089808330374185452e+00 8.385508639725962610e+00
5.489162212586633061e+00 7.058498706414493284e+00 6.978173693924118126e+00
3.956113125754134430e+00 7.173361998621286872e+00 7.855850086990367132e+00
5.614906682851306563e+00 6.949585155700781058e+00 5.463692887435490420e+00
6.960685474998513200e+00 6.714274505137972859e+00 9.298343342101912157e+00
5.631693322706425420e+00 6.980788052122615994e+00 9.147282605128973287e+00
6.148044970203552673e+00 6.681064768453348179e+00 8.058136633136648186e+00
6.475522431992657424e+00 6.763013720274178020e+00 5.314317485481035774e+00
6.335696239368450833e+00 6.838917103974577749e+00 6.660926096842209709e+00
9.194064100140664664e+00 7.005735611854352562e+00 2.059201263027664375e+00
4.154051984402404862e+00 7.313861617207062515e+00 7.553827827241683224e+00
4.836837405191364070e+00 7.036798124056119264e+00 4.126694277968034008e+00
4.819663149931106005e+00 7.610648348384829731e+00 1.214163628432288755e+00
5.758246941187305623e+00 6.929281876660001060e+00 8.701746472651210595e+00
6.266946485681577528e+00 6.948819074343518309e+00 8.947152353977679828e-01
6.493775150632561832e+00 6.879038303654358089e+00 6.622824351881419602e+00
6.401809724879207408e+00 6.687997855072203457e+00 8.318429244203205286e+00
1.697541511288507721e+00 7.157557399299058432e+00 8.898375930201895656e+00
3.726374732429622139e+00 6.893796149237727988e+00 7.545871106681312668e+00
4.530853143465864541e+00 7.239936499852211327e+00 1.393955751306717339e+00
4.851513397050606358e+00 7.191725862496875621e+00 4.606716676583272330e-01
5.034614492804582397e+00 7.449508317722008499e+00 7.199830120548302403e+00
6.355379187767766780e+00 6.568625648695100239e+00 7.788649218738440405e-01
5.898720302733162946e+00 7.041183821159165745e+00 7.473758044043103954e-01
5.744008188240619539e+00 9.216167354116256760e+00 9.339494039813274640e+00
6.808500055132496342e+00 6.889134329867570905e+00 5.027633371371884152e+00
6.518592302078492828e+00 6.777905120522769167e+00 6.849242770510362455e+00
4.221386163929885527e+00 7.287438350826609401e+00 7.506272215666728087e+00
4.132238431891595454e+00 7.123626270329591392e+00 7.596259894926298273e+00
4.941228363289273950e+00 7.317409953786318866e+00 7.914022137770103882e+00
5.745904827147749749e+00 7.195762548502099953e+00 4.959199394919385995e+00
5.554498482226013500e+00 7.228278260254569432e+00 7.476487516133085265e+00
5.883632111438560131e+00 5.045300666973681736e+00 8.914177233453788318e+00
5.332376821955909563e+00 2.233160121684329980e+00 8.681729805474471817e+00
3.361092424359309327e-01 7.440020689564857292e+00 3.630133789824135926e-01
2.014816430221047394e+00 7.360261272698116031e+00 8.659474096396177600e+00
4.276204648685650866e+00 7.273828978012775615e+00 7.429053783210838979e+00
4.978081053468728534e+00 7.408661909237643783e+00 8.349189904083406333e+00
7.729919291052411268e+00 1.246427839665324200e+01 -7.586887853999305875e+00
6.541549330960587660e+00 7.226811101990799457e+00 8.437028419492319520e-01
6.532588907809842915e+00 7.271423304340491889e+00 8.662006322356754495e-01
7.575162709860772559e+00 7.219538513504009991e+00 6.276942037680012021e+00
4.908142216442534789e+00 7.529443195106667375e+00 8.560749790551081873e+00
5.583688957896995042e+00 7.236462776645814721e+00 8.515300171020118825e+00
5.935412355737701873e+00 7.466013791721243464e+00 3.027337300027600264e+00
5.771747976545174019e+00 7.310956155600905504e+00 5.332678463780072597e+00
6.115288476548077057e+00 7.299721320329082275e+00 4.445238798593314833e+00
1.308063922551432778e+00 7.514853343174361378e+00 8.147814756366338784e+00
3.962705379044808573e+00 7.623058237136739024e+00 1.301633672667202424e+00
5.012602496043190747e+00 7.668340617852939189e+00 6.824576496993092434e+00
5.821133037487449258e+00 7.419940224570953369e+00 6.812076934732766098e+00
4.628667033807776221e+00 7.608805811275876074e+00 6.631629262515997603e+00
3.749709808378692166e+00 7.812692602289118327e+00 1.009852596291617566e+01
6.280025013461953520e+00 7.438526478486808813e+00 6.204962058196114683e+00
6.258830819447075200e+00 7.317867348742915112e+00 8.156809822184705183e+00
7.156859786813416946e+00 7.499368300302118762e+00 4.179924879503153612e+00
1.397393112458891906e+01 8.905025054379047234e+00 -9.568227265049650043e+00
5.069189079269578180e+00 7.757027099448354335e+00 7.160280528552204871e+00
2.228100083730381265e+00 8.738073968892514642e+00 9.992575435924626603e+00
4.982968779652779290e+00 7.801038495026316966e+00 7.152788318253282540e+00
8.541869599035761595e+00 7.388176497747257265e+00 2.099438628631896009e+00
5.097838517873530151e+00 7.604197071704607680e+00 8.539835251473656186e+00
5.148660619492194002e+00 7.757466814684977230e+00 3.810025767495941462e-01
5.241909828466587484e+00 7.808835825334682568e+00 1.737090236602282900e+00
5.560098727617551972e+00 7.579397998176489182e+00 5.349125601189882673e+00
5.344041589939752868e+00 7.646228725670805026e+00 8.254648622076530273e+00
6.304670845686393577e+00 7.527456903537020239e+00 6.229604114934477188e+00
6.344999446695198664e+00 7.623396889609942662e+00 9.155017504662490424e+00
7.020913515562956064e+00 8.964247342337866797e+00 7.835598419895161371e+00
4.233200736638881301e-01 7.938823715617719934e+00 2.222988593734261720e+00
6.302752860113901789e+00 6.621447034295870893e+00 6.074176336708115187e+00
4.960718220855611982e+00 7.874865709770349831e+00 6.676334424117555955e+00
5.078193730947400120e+00 7.672637822133108187e+00 8.682236193028920468e+00
1.661781172566805242e+00 8.164663525796694188e+00 1.014998541392749942e+01
5.264836416778672756e+00 7.688526726218445795e+00 8.569514411094429462e+00
5.150330387976279845e+00 7.661631645509649147e+00 8.664858557670909178e+00
5.967654565713741199e+00 7.618743542627722576e+00 9.078041522220200221e+00
7.555536924753853079e+00 7.553189636481507208e+00 6.425672167483691410e+00
3.460825316834879040e+00 5.781208107350893854e+00 1.056648044961557531e+01
-5.407349314930947948e+00 6.617903271005156185e+00 2.557409237568466764e+01
4.146068474005876858e+00 7.946552827870732472e+00 1.025141610732388298e+00
5.059432065281044721e+00 7.982818220982679236e+00 6.471647192208072497e+00
5.292373703265666585e+00 7.858377821226671500e+00 6.560964101085112965e+00
3.569890018444993984e+00 7.949786388681195248e+00 8.579381186874527998e+00
3.766051721985318235e+00 7.992003729915790444e+00 1.189085382848271255e+00
4.177599172198004140e+00 7.916598575270585414e+00 8.806616226660555213e+00
5.143133048669884744e+00 7.960235674073285139e+00 7.159947195950140397e+00
5.231972107379375458e+00 7.866252801960525787e+00 7.891432766145294764e+00
4.470246340661108064e+01 3.691964506476389829e+01 -5.867923096681161610e+01
6.318526393406733277e+00 6.338440444714953159e+00 8.408183524236507722e+00
3.740258399246567111e-01 8.088561603932252098e+00 6.496910478684448265e+00
8.048640650048790590e-01 8.056381554896164587e+00 6.568838015784974615e+00
1.267177602629637079e+00 8.016143798450343638e+00 6.669874296938989033e+00
1.479993658796891820e+00 8.061729761944452122e+00 6.321177054457522537e+00
5.248511226555579334e+00 7.910901661516566818e+00 6.460813967260111923e+00
5.590142276526524512e+00 7.864208856184829344e+00 8.772842018845445011e+00
6.059095226026695258e+00 8.168880506782295825e+00 1.964866079007068667e+00
-3.252413593427063176e+01 -2.077744530440443071e+01 7.162703696769989392e+01
6.050665894556226831e+00 7.764333519862237409e+00 6.385416730141520780e+00
6.572973469408786684e+00 8.059943004188969695e+00 3.424621334440867138e+00
6.642368127005712886e+00 8.128571068350467499e+00 2.452153958640708176e+00
9.356946571947590385e+00 7.978875268105165119e+00 7.439544983174267934e+00
7.579937535117167169e-01 1.025276565742704626e+01 8.950965527507742436e+00
2.893931159342779225e+00 8.150001780152713593e+00 3.085740156374654486e-01
3.099829504477354725e+00 8.092489989555559760e+00 9.270423931079880830e+00
4.886128224356307115e+00 7.697940013662870840e+00 7.120628948683719983e+00
5.710539476539199910e+00 8.144204139938214126e+00 2.346632863651316736e+00
6.057921315357120307e+00 8.136368279243736623e+00 9.597474861950333613e-01
6.538095431532134683e+00 7.916599883715795372e+00 9.024220638926239602e+00
4.286426128190941043e-01 8.203923916793755211e+00 6.802269976734667267e+00
2.441319916341722518e+00 8.223634737138343809e+00 2.191726493414551113e-01
4.936230310036150648e+00 7.937783648950180293e+00 6.777802533646723582e+00
5.050003683387998876e+00 7.995009621395142929e+00 7.831975823410669335e+00
5.437295647664045717e+00 7.988404008302104842e+00 6.588494074230274222e+00
5.320396211358332295e+00 7.944699752797555803e+00 6.969061061072386210e+00
9.606809934072026991e+00 8.222596419834509618e+00 3.023698740516286065e+00
5.009772364649280441e+00 7.888763270534308703e+00 6.364245122920586972e+00
9.028085328476963767e+00 8.199224378814900405e+00 7.086572788986590155e+00
1.030480907971736082e+00 8.365098037627253902e+00 8.834099422253693490e+00
5.245126235647521895e+00 8.226142052985112585e+00 5.284440437148448133e+00
4.101769441407235317e-01 8.561743048709294257e+00 2.881921061278358120e+00
4.286269875917095185e+00 8.295658999912232545e+00 9.227837759897560943e+00
4.542242852827652833e+00 8.283261105209305697e+00 6.193768099172715758e+00
5.760694471280476847e+00 9.236773608221625409e+00 8.056002221785819373e+00
5.361709074426849853e+00 8.166354098350058877e+00 8.790619968659367345e+00
7.052047829241379517e+00 1.041755153017592050e+01 2.469606995388550885e+00
4.630160506815098387e+00 8.395696550148169734e+00 8.330067136568237274e+00
5.172897080538606751e+00 8.316095121071732876e+00 7.020485254418499466e+00
5.235912749896866281e+00 8.176583492497899286e+00 6.202037492962956478e+00
4.932309842080837115e+00 7.288512978692827105e+00 8.453630154822295850e+00
7.554228778832557722e+00 8.740045226122742150e+00 2.462001252593289280e+00
4.321660624814692708e-01 8.657262140033758158e+00 2.521635657941359465e+00
3.934300891537037881e+00 8.595060154615509873e+00 2.403877535026477830e+00
4.095502188172542191e+00 8.610318739701238400e+00 3.918776681545088625e+00
4.954442001537610274e+00 8.251264262202898436e+00 7.242585619135681441e+00
4.427113600915839164e+00 8.257155853746780849e+00 7.078217189007858678e+00
7.687867377711781636e+00 8.513585895413774196e+00 4.019219244819455028e+00
7.688463482526533888e+00 8.682210879251631042e+00 1.824312109905207091e+00
8.121093333573991657e+00 8.578060833644155281e+00 3.758837574323670605e+00
2.637662918931625633e+00 8.593247043570624299e+00 6.153706157480379524e+00
6.240226569198788376e+00 8.869458020669775067e+00 1.491017924678272655e+00
4.624591205121141080e+00 8.392130531962198603e+00 8.335506853080877576e+00
5.661238463682909838e+00 8.769720749411632710e+00 1.700126577044729803e+00
6.154758235062418592e+00 8.656105804792703751e+00 2.674762003060023208e+00
6.545501363416529550e+00 8.554854871651633275e+00 3.380403097149590419e+00
5.959056776317815718e+00 6.833811189406375775e+00 1.122028489739598234e+00
6.059500076893192144e+00 -1.055468612220577107e+01 5.587295209243414718e+00
5.296259342613506504e+00 8.391877252018835165e+00 6.698975541769788933e+00
5.935186141727755604e+00 8.568512542780478469e+00 4.886020435469551337e+00
6.063633235461319160e+00 8.513185769027796113e+00 7.208448387589855955e+00
6.540695014852726530e+00 8.574622985845563150e+00 7.768826010944641425e+00
7.382360367781757304e+00 9.037274615445261006e+00 2.365922181216044251e+00
4.521117628003902489e+00 8.717097369395444773e+00 7.557854986772928996e+00
5.340733736735350234e+00 8.970851473425536682e+00 1.207740386419808631e+00
5.291937243798280122e+00 8.491625517573785586e+00 8.156894349723520676e+00
5.560588134882386235e+00 8.630741606112495745e+00 9.394386365747086742e+00
6.166404756422052102e+00 9.282852154101767894e+00 2.186023567695560388e+00
7.896196312507249182e+00 8.436427105743279142e+00 1.947480834105852932e+00
7.073618440151617115e+00 9.511486760797829731e+00 2.473778924367947774e+00
4.181318119798052568e-01 8.939724658975519489e+00 3.373724456914305225e+00
4.725765769111275327e-01 8.955993489192504597e+00 3.345130361066484870e+00
4.332073371217825652e+00 8.633212023626287035e+00 8.317006345041423998e+00
3.077464307692471479e+00 8.710968109885786959e+00 3.835043936890919491e-01
5.689051607661854248e+00 8.646957249844566817e+00 8.008431922974828865e+00
6.499008856329911765e+00 8.296921324389142427e+00 1.000670522986941702e+00
7.830336222907037680e+00 8.736433686488435768e+00 7.558944602339825458e+00
9.273054744623928869e+00 8.904816046267661989e+00 1.405810229962031865e+00
1.285133461169169244e+01 2.805947043624522408e+01 1.647785208719306116e+00
2.912364965021854601e+00 8.944468262286806137e+00 3.421637684573269667e+00
3.874245580853147963e+00 8.843988364483200471e+00 3.970366280602246611e+00
4.306004058654174571e+00 8.788211397555452109e+00 6.870438426432390777e+00
4.691151545520455102e+00 8.697963606555761729e+00 7.612468568314891826e+00
5.432169892149011581e+00 9.110601934576044059e+00 1.387938403313851321e+00
5.765074021567231810e+00 8.691087184803093280e+00 6.371467161777609078e+00
5.966489449976259962e+00 8.683043969123207972e+00 8.569084721922870074e+00
6.132866838024360057e+00 8.383503368437708048e+00 9.523666446972205435e+00
6.498549478511661093e+00 8.967701757651765249e+00 2.342757432758033609e+00
6.106318449467527998e+00 8.615004213085276419e+00 7.584551990508565211e+00
6.856554576266373324e+00 8.119448085818314453e+00 1.903215315586408884e+00
1.586318178664118506e+01 7.036051614323914905e+00 1.308350365524414904e+01
4.250581680961749598e+00 8.877115215685076777e+00 6.095964714932534001e+00
5.627676090580336243e+00 8.692364559342001584e+00 6.937383896840801256e+00
4.685615141437884823e+00 1.017589342846822476e+01 8.374067608233497495e+00
5.860790707849556469e+00 9.243934882846696510e+00 9.470929910707893029e+00
8.638654041487676238e+00 1.085232535253494568e+01 3.570923239783564185e+00
-9.125295083479767477e-01 1.096527719157556646e+01 -8.716271881525631926e+00
8.683948991498363412e+00 8.913758230462981658e+00 7.602962289047129119e+00
3.921392910597949477e+00 8.993885953504040742e+00 6.000654880333486929e+00
4.499675006735921912e+00 9.059733070359554219e+00 2.245956696165496425e+00
5.617593694456921583e+00 9.066054195282164940e+00 7.526327558937770945e-01
5.994935876014616305e+00 9.032007784028825981e+00 1.962830801758736143e+00
1.084214093485310926e+01 1.012271712714480287e+01 1.399803343222569385e+00
7.810694195062390932e-01 7.624510153259915768e+00 1.180456095896552071e+01
7.146367509330939782e+00 1.022264031662824024e+01 3.077119978089907448e+00
7.639964861701582954e+00 8.959787705221989640e+00 2.395688067929830467e+00
7.957919657311673944e+00 8.982737165805581014e+00 4.340105180084377068e+00
3.069675646832011884e-01 9.226811799906977640e+00 2.250424226082523571e+00
4.175452159562577314e+00 9.157302211539279924e+00 8.409863175578659034e-01
5.878788598003721333e+00 9.050818378355078409e+00 1.652230145014491614e+00
6.427400299315097598e+00 7.347849386933017257e+00 7.764994347938177555e+00
1.397981808806445159e+01 -7.824085845801223016e+00 1.339423241007368759e+01
6.222126467492911317e+00 9.052428295921950863e+00 4.264074706172852558e+00
6.556279837890411244e+00 9.038965700472253673e+00 7.509235507451389680e+00
4.682575760258423259e+00 5.014554037475463133e+00 5.441612554027692283e+00
9.554466054112571882e+00 9.143096385695733019e+00 6.358109287156371359e+00
1.072848841807978904e+00 9.669889065191984656e+00 3.144806568028590821e+00
3.379010653743206305e+00 9.209726687050945770e+00 9.476793539388189913e+00
3.645691485295862400e+00 9.198858193659235738e+00 4.849711422864868560e+00
4.064876553230976519e+00 9.101314460360335090e+00 7.417629703504358574e+00
1.737959334229718777e+01 9.983770943305717793e+00 1.593146736376737138e+01
5.345539490284940243e+00 9.065514967986793238e+00 1.100836911144335017e+00
-2.989985305044038366e+00 2.611450123502360654e+01 -2.037599521723986395e+00
6.257528848997679027e+00 9.155080487571360948e+00 2.144332177302869180e+00
4.511954350384173473e+00 7.112351536927590701e+00 5.822253114888003900e+00
9.368430598754198257e+00 1.300875913065141631e+01 -7.676737547784091564e-01
-8.936378209050197086e+00 8.299410835540095732e+00 -7.892955929619652755e-01
7.367449175731806577e+00 9.214489415484299784e+00 2.222922387376021547e+00
7.599004434436872124e+00 9.196292035888211203e+00 2.511720087490624032e+00
8.005626355786127135e+00 9.400517067042148511e+00 3.149871171331513064e+00
4.719055917067064954e+00 9.475717873200805386e+00 7.555447163103933050e+00
4.898031388887459592e+00 9.244231274816495869e+00 1.060766691086616476e+00
5.145339512183226383e+00 9.303872035550002195e+00 4.171888649617017109e+00
5.210357416353551763e+00 8.981526377702795827e+00 1.129883706496281892e+00
5.893158164702938961e+00 9.178857650929913348e+00 1.541026933216716799e+00
7.175787583710297568e+00 9.122905953157628645e+00 2.418131376576836633e+00
6.797508092831912041e-01 9.086574479331881449e+00 3.037256183217823313e+00
4.336426699763199721e+00 9.191942817118558651e+00 8.133275736674928424e+00
4.242844031695692131e+00 9.320549378452348321e+00 9.493935105085155257e+00
5.104809929252833278e+00 9.390627873121633939e+00 4.941865703406447707e+00
6.648487429438572960e+00 9.278125963587466885e+00 7.497435965335945696e+00
6.999819696920186907e+00 9.293374451185917096e+00 3.613584811029772581e+00
7.223246837186056091e+00 9.164037709859979230e+00 2.342378253939502830e+00
5.701182610576217336e+00 1.148125319343155581e+01 7.536048466441112037e-01
3.310837197335732451e+00 9.444671939119379189e+00 7.093808208705690177e+00
5.410177989576750335e+00 9.479013974912064100e+00 8.618547393681692981e+00
4.181346115836501731e+00 8.965025708363910439e+00 7.025765197238598603e+00
5.442245281524069611e+00 9.244116999727751249e+00 6.331124185871493282e+00
6.158734890470209500e+00 9.454114511970558965e+00 4.529590608621779091e-01
6.420243073933539435e+00 9.321804136949900510e+00 5.602235928739066395e+00
8.502975235525198627e+00 9.466560321443791892e+00 3.558901018025641072e+00
2.355865883005553163e-01 9.646790720660666452e+00 2.485415041101858069e+00
4.639343946719896472e+00 9.479485509530331200e+00 1.762254720925334972e+00
6.195561464826516485e+00 9.274142360929536366e+00 2.127722776927878368e+00
6.433002206976772719e+00 9.394172441260156603e+00 2.524137248702087888e+00
9.400777981056080534e+00 7.578332488866616146e+00 3.709521953323850152e+00
8.033468023877425424e+00 9.401309649734152174e+00 3.175274029287335154e+00
8.514622245989992066e+00 9.571765147109328353e+00 8.465743751552359697e+00
1.531966828126995583e+00 1.101965151846176916e+01 8.490703679414508542e+00
2.825154495908294816e+00 9.648591706300313930e+00 4.860546259581526307e+00
4.590262716943865229e+00 8.939417396292137497e+00 7.245093506514099779e+00
5.267680915489892257e+00 9.535452673460577344e+00 3.812775447898674841e+00
6.644475987132055117e+00 9.366646918646681641e+00 7.581334150390918403e+00
7.636357705037745802e+00 9.631804035683540377e+00 1.343543871467299367e+00
7.254140909999720499e+00 8.968002913287522304e+00 1.911231625585000593e+00
8.649284363875489490e+00 9.647208228174484645e+00 2.551248269743928709e+00
-7.055962084052500582e-01 8.524803361789771827e+00 4.388369801891159661e+00
2.107422276477153744e+00 9.769112236252675885e+00 9.381222285844334152e+00
3.790173082025103390e+00 9.562248279258772854e+00 7.218507772752998264e+00
4.375282644698401668e+00 9.518399201173403767e+00 6.679213313402439844e+00
4.450833675610891937e+00 9.593491608649284075e+00 5.093713854854059697e+00
4.923286404360479374e+00 9.583397204259824775e+00 4.684526288414923023e+00
5.226330155518602361e+00 9.527558799746621787e+00 5.187275351071128249e+00
5.289188808094150929e+00 9.470794641614993736e+00 7.338588596684667564e+00
5.864714548770439073e+00 9.432789525602277791e+00 8.214928866331085544e+00
7.932407966791620524e+00 9.626176295772140179e+00 1.956013019885986637e+00
1.533630630361258046e-02 1.132570379055980858e+01 5.758660654418248370e+00
