2.628182438390203490e+00 5.863481228107185750e-01 6.992594200268682947e+00
3.650687538043629665e+00 7.787191387565901568e-01 5.191614907232886544e+00
5.926322061166302113e+00 7.558400489790385590e-01 1.548708053111527150e+00
5.745975846181561764e+00 2.109114709712943458e+00 3.892164767622553700e+00
5.951754154717839640e+00 7.948326340399418655e-01 1.444419659687552482e+00
7.192305524731395394e+00 9.932811656432919412e-01 4.226205928433503622e+00
7.342974645347774221e+00 9.419285583539521722e-01 3.740524612293331774e+00
4.589320475483061657e+00 1.025695805750107992e+00 6.969612384257519722e+00
4.580337695858503366e+00 7.729356834182707914e-01 8.316935760890537210e+00
5.435643186826885298e+00 1.504956427816446674e+00 5.162886480376774223e+00
5.907562284637547734e+00 7.969191941190327810e-01 1.561017633433366747e+00
5.834133647604533124e+00 1.116563753290518379e+00 2.920434387276641175e+00
7.084518665483800604e+00 9.659161119701467069e-01 3.665490664502553564e+00
8.008464217994447409e+00 1.235581281289784616e+00 5.414348313763055032e+00
8.694959494508289310e+00 1.161332746348612499e+00 6.541574420910947651e+00
8.746594515037669382e+00 1.120788900548222333e+00 7.297491154369314614e+00
3.434474114061756289e+00 8.394743121318657408e-01 4.269904032234112634e+00
3.901735913524499999e+00 1.036271602384885027e+00 6.565097418822674058e+00
5.272280935162921622e+00 1.357112588104469220e+00 4.640099509451717452e+00
5.985308703413945608e+00 7.787089600526719835e-01 1.542213005687866456e+00
5.590804164876641558e+00 2.028437703545204140e+00 6.190455829175951052e+00
5.857967910365508679e+00 1.663945378117172247e+00 5.743379332626027178e+00
6.507219805474011132e+00 6.298336741740838685e-01 7.403135801255102955e-01
6.541159636225537533e+00 1.401007337684618159e+00 6.929231123678096793e+00
7.847828709139724523e+00 1.284723881622795050e+00 2.226972114976305317e+00
6.745616741693625684e+00 1.116493613933540408e+00 2.490895157295969220e+00
4.265213168319160530e+00 1.302737619057951379e+00 1.259252012000780185e+00
5.811623077946139304e+00 2.310105567771504886e-01 2.140511309857669797e+00
6.038874018907971930e+00 1.638752349181661128e+00 4.798193771638988636e+00
6.887941961612046526e+00 1.033320421253589583e+00 2.589559157381586374e+00
7.555873196413843473e+00 8.207626876427494000e-01 2.596238009041870853e+00
7.368920299695567167e+00 1.006281019056683323e+00 2.686376685332542369e+00
7.644169127293886312e+00 1.391600086425561322e+00 5.503994241055605308e+00
9.035604390834929944e+00 7.118848095800227593e-01 1.758631402955862733e+00
4.265042447369736145e+00 1.288645684653352497e+00 5.997947451763476323e+00
5.872485397669322538e+00 1.446217481177993980e+00 3.071087382954674982e+00
6.852853121974224138e+00 1.911090437820501808e+00 2.908519411479120631e+00
6.147745832218099338e+00 1.311647013306841636e+00 2.965324206340634206e+00
7.870948338517088416e+00 9.039349648010146510e-01 2.419216343421182636e+00
1.010249085540607616e+01 7.643377466741481108e-01 6.235794198312849090e+00
-6.907916722975224744e-01 2.791041604475000604e+00 4.425321160348548943e+00
5.771180108735961767e+00 2.224371830063600619e-01 2.362233034548914201e+00
5.922730315792218647e+00 1.164615050687948461e+00 8.961957214190279686e+00
6.940957577539632162e+00 1.080769220556623500e+00 2.652620938266872397e+00
6.893232218025026725e+00 1.854041316347255997e+00 5.011009386613966221e+00
2.069915362626173483e+00 -1.216076473644894573e+00 1.390452341994855345e+00
5.942733870129497831e+00 1.167063317667795364e+00 8.936793470276128915e+00
5.571585583811573983e+00 1.820723699285508257e+00 6.147301278095092414e+00
6.078148085844686577e+00 1.665672370362549781e+00 4.830010429407956885e+00
6.159120557745798585e+00 9.977748430337728403e-01 2.223631014877065049e+00
8.409412394923872824e+00 1.561817096335986532e+00 7.519732123101901422e+00
3.956193085041725066e+00 1.226367412309042670e+00 6.841735639090370746e+00
4.496795270318775906e+00 1.011337135413426624e+00 1.409175033867743121e+00
5.586143110034374359e+00 2.039632471812732994e+00 5.644608783111099370e+00
5.543595578627812159e+00 1.169671606241327044e+00 8.789834208784858660e+00
5.805400801296264568e+00 1.663249553934929681e+00 3.516399602247542777e+00
5.720834201204906044e+00 2.198367488581628226e+00 6.428513175704527960e+00
5.784047178589573512e+00 1.766019309784238711e+00 6.754786019836283018e+00
7.418416469987444195e+00 1.769698951747676663e+00 5.796959080627633654e+00
7.309531587877795999e+00 6.621236470415388098e-01 2.912280602834103949e+00
4.415714044226721313e+00 6.049781616200302636e-01 1.537750421299901360e+00
-3.951383570163748971e+00 8.485428484159347917e+00 1.470558693046240073e+01
6.018148272176392588e+00 1.801252344808856876e+00 4.721925035201400611e+00
8.623978994208858495e+00 1.467028056434554362e+00 6.738036443455305502e+00
9.299485823711892252e+00 1.142512024465509146e+00 2.940595303810410677e+00
1.573655016273594498e+01 -5.493194060508515442e+00 -4.717943375041910414e+00
9.464584239274589805e+00 -1.841131884925429618e-01 5.362528906176913246e-01
6.508355581103916876e+00 1.448653687460404127e+00 8.923948714780930658e+00
-2.863771154647081119e+01 -2.987215539178733081e+01 -7.424048940122585094e+00
8.571096638456118910e+00 1.369959049926507966e+00 3.659835317901327212e+00
1.724212612554110180e+00 1.420152014498973880e+00 5.838608999903369678e+00
6.068393666268441677e+00 2.616158017685778603e+00 2.636467699496935158e+00
5.628030454128096771e+00 1.936933734527563011e+00 5.668214706698996963e+00
5.672476164629899564e+00 1.889531538059850968e+00 6.317581188433249118e+00
4.345145053808018965e+00 2.184254911041684011e+00 5.592547984914387982e+00
5.799934329763098084e+00 2.061814078972219022e+00 5.128102311719071160e+00
5.850704632161713548e+00 2.034101563956411507e+00 5.179462447980569983e+00
3.061999079326252371e+00 2.861291039589413554e+00 6.031521509851991425e+00
6.504332381744919900e+00 1.417224934519307755e+00 8.916444494871843318e+00
8.929736065066034456e+00 1.645558858678805247e+00 7.107745123088123229e+00
5.634812920537318526e+00 1.946509049568700078e+00 5.451646186719737663e+00
6.111302213634047575e+00 1.660608800688884168e+00 5.495566056247210618e+00
5.659189382564211002e+00 2.022651031449285597e+00 6.323979703039340095e+00
6.156724725671170795e+00 1.615614397211492470e+00 4.525589392104640396e+00
4.488890891134112593e+01 3.257469426006147728e+01 2.225706304845514438e+01
8.004078074265912335e+00 1.424534023625754875e+00 3.526463651863294579e+00
6.457124044955925513e+00 2.407679094676415055e+00 4.869764765983836341e+00
8.739819415788440793e+00 1.702056883178311164e+00 5.020755904197248043e+00
5.496138422394329481e+00 2.022522235641958765e+00 5.868127211037880819e+00
5.489837095811020973e+00 1.816417570382614866e+00 5.718820555595550914e+00
7.666293517792199808e+00 3.028102932937782654e+00 -1.710899859089920483e-01
7.834747361213734607e+00 2.369926050322847644e+00 7.042602109135040145e+00
8.634215465800881617e+00 1.895769945782458166e+00 7.562490392133170758e+00
4.741803560806559403e+00 1.785604182810069718e+00 5.823709931209003265e+00
5.362439296932943300e+00 2.013847232051867664e+00 6.219839095226770809e+00
8.558630061158670088e+00 3.043414876198305974e-01 8.630976794866764834e+00
7.387217421973913289e+00 2.715516343611747097e+00 6.726267810123809809e+00
4.649018466542122141e+00 1.685137655655418953e+00 2.518615064174452023e+00
4.592986350614943980e+00 1.127748408484609222e+00 5.342099760487650784e+00
2.158540233009722975e+00 3.571669309465398179e+00 2.398627418669170730e+00
5.705485457461279886e+00 1.857510797279328330e+00 7.563410393622246097e+00
5.684283011965455046e+00 1.850721835976950835e+00 3.738561399916147998e+00
6.227062402852702405e+00 1.499327312080699581e+00 2.039839067530955230e+00
6.384198803476913042e+00 2.363657890796362793e+00 6.959058442307391346e+00
7.360107123661458139e+00 2.486499464543229898e+00 6.685739364678805252e+00
8.300155034889950656e+00 1.421835376013478536e+00 2.109879233452448766e+00
9.033579965255196242e+00 1.599082471158078445e+00 3.968016422097943252e+00
5.977282582436540537e+00 1.815137041165676424e+00 5.258280879058835566e+00
8.177755969300521954e+00 -4.608455361881753920e-02 1.997981261479764514e+00
2.166340224040079754e+00 1.670732004349224420e+00 8.962116716334762145e+00
5.461010673340009447e+00 1.748431385623324674e+00 5.856675748674454951e+00
5.970978689969136610e+00 2.080984114246687611e+00 5.655748379870238374e+00
1.065503946142115232e+01 1.249237024797837048e+00 5.379061591733831804e+00
8.765992741170290259e+00 2.011867525454784200e+00 7.544539888591032195e+00
5.942168498403262333e+00 1.878514423109498122e+00 5.217855716847160430e+00
8.150553537903828527e+00 1.586782259700040720e+00 8.294251367578322487e-01
6.598187667554640257e-01 1.864207458837831233e+00 4.075286933107423515e+00
3.844717581106062987e+00 4.422416244671669716e+00 8.412760127664828502e+00
6.213295586409348203e+00 1.727546668322302637e+00 1.506193184765084014e+00
6.244067260992344437e+00 2.540380323455108780e+00 6.226432287766559881e+00
6.623253213648185422e+00 2.513856517166328519e+00 6.093928032794121208e+00
3.815418770629628753e+00 1.224229396713117923e+00 8.955733465305073082e+00
9.628221496212066910e+00 2.611279059816503878e+00 -1.923273638676697317e+00
7.066466626178089072e+00 2.026187013247095603e+00 5.470035915683761907e+00
7.762687198429974345e+00 2.324373270570154748e+00 7.063341588080852773e+00
7.774883391948547384e+00 2.575644230742525131e+00 6.863354830034586129e+00
8.725633923802847747e+00 2.041224339099207086e+00 7.119943104470760176e+00
5.217674971845897680e+00 2.082045684531825369e+00 6.366644807383178062e+00
5.357753036957617176e+00 2.530591917924513545e+00 3.139860781026535097e+00
7.069413449927690607e+00 -5.042154292277067906e-01 -1.283349939760307423e+00
5.847518092764260267e+00 1.991581532115956676e+00 6.357439457097850521e+00
6.225196841996124775e+00 2.375692582502596295e+00 7.093294837190438074e+00
6.166545569815866656e+00 2.428042270203923714e+00 6.498330690001917986e+00
6.279133187958326090e+00 2.465645336575767566e+00 7.085539834366395340e+00
7.332458895294700518e+00 2.873814451143355875e+00 7.319661485027886272e+00
7.623084211717596759e+00 3.142591614077498985e+00 7.254684596235213334e+00
8.602135687400258135e+00 2.001434365196205434e+00 4.773867543252459988e+00
5.616334105663861820e+00 2.019087293940519778e+00 4.517058536064787688e+00
5.409720140776597574e+00 2.428804908990808809e+00 3.315961168750146015e+00
5.967566927129259291e+00 2.279512426485212906e+00 5.705741392303269599e+00
6.283826331380478081e+00 2.251509051706233500e+00 2.993380422134992891e+00
7.933267010797520058e+00 1.859507307676514731e+00 1.562261756567272286e+00
5.473162282214861563e+00 2.028360888014665075e+00 5.721135042279296812e+00
5.280348704336986110e+00 2.554192339856337313e+00 3.553195386559400148e+00
5.906741291478335043e+00 2.325461928179991311e+00 5.544986832100297747e+00
7.355427062074522127e+00 2.198997002379473820e+00 5.763017511893486322e+00
7.610688297069836850e+00 2.724359153623064245e+00 5.957225164644148308e+00
1.398685340296306201e+00 2.344148471032641012e+00 5.113889323671831022e+00
5.393651835894583968e+00 2.155365359432115380e+00 6.208341174336924340e+00
5.423062949444659608e+00 2.231629295073946029e+00 3.205113138932632388e+00
5.275100221902579101e+00 1.892718061675742192e+00 4.486966206508526511e+00
4.841721649633663915e+00 2.755656869430502809e+00 5.184446223325136494e+00
5.162839158019273178e+00 6.572056194547838182e+00 1.004214526185929657e+00
9.358643299942642102e+00 1.174440357833367798e+01 -8.455514979803131936e+00
6.411334376580992256e+00 2.752892532290435845e+00 6.297935847705385726e+00
8.422257548705857744e+00 2.610053339540549189e+00 5.549926671089741248e+00
1.870248229318438149e+01 7.614207608927969773e+00 -1.907444732242265317e+01
-3.689808130804114183e-01 -3.355336541297870401e+00 3.598294730591375412e+01
6.182482362562299549e+00 -2.676746501463555639e+00 5.334025071155481967e+00
1.519972059393162489e+00 -7.234112596541203644e+00 1.641905747479077604e+01
1.759699508511644694e+01 1.914880336082801193e+01 -1.837850245750373190e+01
8.610707329668507271e+00 2.509742679546357991e+00 7.682581988404864504e+00
8.716961787484567736e+00 2.407460884965214376e+00 5.334789731396738510e+00
4.896380632222426144e+00 2.746025499614822785e+00 5.785933802210002419e+00
1.557319691537033357e+01 -6.821409947654000661e+00 7.863074239609757043e+00
-5.138051003897079028e+00 1.138695739749525160e+01 -2.068593291635095976e+00
5.814948755288623872e+00 2.410773397074072566e+00 4.912214317412958664e+00
9.544066103378906263e+00 1.565006446069691748e+00 7.984414197490488974e+00
7.138979353975278386e+00 2.326757178358019651e+00 3.891995077079809739e+00
7.364563290550059094e+00 3.146256516030967454e+00 6.795713519684261072e+00
7.255331378676711296e+00 4.151799941059264754e+00 7.206746851992951619e+00
1.999744904101883325e+00 2.806496425483805179e+00 6.413116814868612181e+00
5.351295073240708078e+00 2.309769155444767907e+00 3.186127748791644176e+00
5.184688688356588138e+00 2.370453668242246792e+00 4.805108092545166798e+00
6.185352613214011086e+00 2.493246856274081935e+00 2.351627651001071406e+00
3.086582500067524215e+00 -5.964163832991761893e+00 6.252999762826978447e+00
3.531453019929695625e-01 -1.470863398160400948e+01 2.496075968002776335e+01
8.457405227188862229e-01 2.504647525786825923e+00 5.422518328635420382e+00
1.222316918378747452e+00 2.524727931817734028e+00 4.885260559644004630e+00
5.643430141044315285e+00 2.399416696563040574e+00 9.596427446709009379e-01
3.705133360656112984e+00 4.383213518790190832e+00 5.154178922681463604e+00
7.501056729369164344e+00 2.833656889423403769e+00 5.479296212573553149e+00
1.795543881574220624e+00 2.698025588728414359e+00 4.981221457324389590e+00
7.342184010741343414e+00 2.819717647952926676e+00 5.643317724598897023e+00
1.197935575184374457e+01 1.159363685762403762e+01 5.594180711361589786e+00
-9.408448164863160157e-01 -1.803406384738264645e+00 -2.428913593599537180e+00
5.636770016515673554e+00 2.823807549634165248e+00 7.112086155666844434e+00
5.797054749999288603e+00 2.824450762736556264e+00 5.850605448005876674e+00
5.196439950253168405e+00 2.153286052746948176e+00 3.190477515245862872e+00
5.563241737737779857e+00 2.707052523205114358e+00 5.719863755480313117e+00
6.901161696140764690e+00 3.471754652396998431e+00 7.080045840662492651e+00
6.438081513115012200e+00 2.930638570901513251e+00 6.257359266871487691e+00
7.289384133464825055e+00 4.236722075591599079e+00 7.385390435976986190e+00
7.395762003149338071e+00 2.858127752735142302e+00 5.588599306682771939e+00
7.190359405017964889e+00 5.009720182277094480e+00 7.901245112790059366e+00
8.324278491376901457e+00 2.787943018046600052e+00 5.107823339081981828e+00
8.334290727809905874e+00 2.835547098273218936e+00 5.586144362839107202e+00
9.071259285980015630e-01 2.857510960352872775e+00 6.662641007341594701e+00
5.729559734924992043e+00 1.331024434728577677e-01 4.159164826639383250e+00
6.723155054113979290e+00 2.728047461957197051e+00 1.796628981317805795e+00
7.583403512766466292e+00 2.845954297205281147e+00 5.901975050097435727e+00
-2.111906748256665356e+00 4.131927374069965353e+00 1.727299247458188081e+00
2.561607727464679130e+00 3.576188826391154763e+00 5.565419863572267367e+00
2.034311641743906218e+00 2.674215991981324425e+00 2.533942696082349677e+00
4.347052251575956205e+00 2.788882904603302570e+00 3.130813089431414120e+00
4.906553371617826897e+00 2.736691621883887926e+00 5.661732629334045974e+00
6.088982291040766270e+00 2.660571350646501187e+00 2.542383043347645533e+00
3.991462472852301602e+00 1.468833712428488703e+00 6.377858922038196710e+00
4.985034944067476381e+00 7.047815376907937690e+00 7.567836406787341375e+00
1.498779190204955869e+00 2.503319570089857393e+00 7.290016481430917850e+00
2.892993564300684994e+00 2.905596983089596463e+00 4.074113029193068947e+00
4.405046203737176924e+00 2.895924750227861111e+00 3.259920483385462475e+00
5.361657777387928370e+00 2.956148781840580053e+00 5.986675273530405406e+00
7.350392260169842373e+00 4.148058331149197642e+00 7.416292988985945023e+00
7.204957678181444614e+00 4.033760180159011277e+00 7.303720776736258635e+00
7.941880945549778303e+00 2.113713541206374558e+00 7.178951894477071605e+00
5.381846942188635907e+00 2.997637712596127102e+00 5.756077599530538436e+00
6.222539219457187798e+00 3.071966290716378722e+00 6.116016732438311010e+00
7.162145182204866956e+00 4.016701323046040883e+00 7.231760006597428792e+00
7.463319523402294209e+00 4.483042673740503581e+00 7.282087949558443185e+00
7.033832750983044946e+00 4.207204132046325817e+00 7.290126186415681886e+00
5.837944032100050862e+00 3.057103812556754008e+00 5.058828452960699273e+00
4.134617335308895747e+00 1.948576858810559198e+00 2.517508889557986240e+00
6.575277665273034700e+00 5.769865045737536668e+00 6.495260070354373028e+00
7.403130694604039164e+00 4.038113248824754642e+00 6.997009140949064232e+00
6.721961331695863961e+00 2.946774073719950593e+00 1.518049004942190416e+00
7.148859584904967868e+00 4.367754285130629910e+00 7.591579202458387243e+00
7.118238028239959547e+00 4.229505024358359400e+00 7.241749700308353965e+00
1.322099390806864339e+00 2.908132674326317613e+00 4.562978753810749688e-01
7.789373207587001247e+00 3.888781545936560669e+00 3.487752461853548702e+00
7.345908422138391458e+00 3.980416522472769003e+00 7.284625235883016359e+00
7.117469712949205274e+00 4.161648961139974290e+00 7.141778218361967134e+00
7.116207626035532030e+00 4.254487870568091523e+00 6.319082473381390841e+00
8.347240832383947762e+00 3.267546708915178399e+00 5.518360245609853720e+00
1.005029829721358681e+00 2.984787663978675454e+00 4.863536994351711940e+00
1.988598992870050264e+00 3.302797665431717711e+00 6.623623978361064424e+00
4.051559772213433774e+00 3.116674345121619005e+00 4.144960825805215521e+00
5.567313566334502362e+00 3.125653274951150973e+00 5.336497898925188110e+00
7.234978814478658649e+00 2.436812489893203537e+00 3.880328702480514202e+00
6.941544409199163823e+00 4.222912412902934065e+00 7.552955053109299044e+00
7.073330073165816856e+00 4.555128114549006568e+00 7.262026243638392664e+00
1.383740524040412812e+00 4.696351698350419213e+00 5.893265091381722165e+00
3.944550585193527859e+00 3.319717962924817911e+00 6.473583801031924878e+00
5.109718999050564037e+00 3.166470815975543474e+00 5.895094781964582253e+00
4.131449453704365560e+00 3.761969428380099068e+00 1.993451191599580952e+00
4.902221537056158596e+00 3.992197404819108453e+00 3.989098167594690381e+00
7.541113921622025984e+00 1.153313646030347250e+00 5.768124047073388994e+00
8.751744645405480583e+00 5.498667208969405529e+00 4.998646567026497678e+00
1.750059006890462676e+00 3.215946964023842725e+00 6.394841917186835367e+00
4.853595789207493461e+00 3.219974106775734146e+00 5.959443522678236960e+00
4.988323942302503866e+00 3.304997477102877834e+00 3.571432794748160777e+00
6.017260529784283385e+00 3.663474884255731645e+00 6.172827162511973498e+00
6.634968875111740161e+00 3.387171583452221579e+00 6.234343075549617197e+00
7.257077539235009311e+00 3.958092878093193434e+00 7.367446158743669926e+00
7.508343347810426671e+00 4.402589834124951196e+00 7.214622205795707899e+00
7.175515456988101448e+00 4.025174461992261143e+00 7.290414557746626834e+00
9.431343917648838726e+00 2.522948719701526343e+00 7.629236086104706160e+00
7.228168811405062399e+00 4.121922100809777056e+00 7.532301430824695387e+00
7.125503248198082673e+00 4.019335137034680372e+00 7.739362851451931036e+00
8.341558906308691235e+00 3.274015364525487914e+00 1.139865299959554212e+00
1.025738853647320425e+00 3.276121825362937834e+00 6.809666293541651427e+00
4.120789161412519164e+00 3.327530891610657626e+00 4.785168249220022929e+00
7.589725304072314493e+00 3.745076680860124796e+00 4.045494359400517936e+00
1.618053185471863831e+00 2.464405583766001939e+00 2.741021198118078761e+00
5.459180123267013407e+00 3.418533945626411885e+00 4.867242630507151446e+00
9.726653884544994355e+00 4.390520238163776234e+00 5.973012139132371168e+00
7.402976926167154303e+00 4.167787274066541592e+00 7.424839856612626576e+00
7.496869459235616873e+00 3.965921357840226591e+00 7.469681619663470329e+00
8.686743762507818545e+00 3.227895979134785875e+00 4.401079295239506806e+00
1.805541761425034508e+01 8.048662360360879120e+00 -7.609130823198964499e+00
-2.169033692210637632e-01 -1.671900455527625562e+00 1.824444436806859215e+01
1.027921304066764741e+00 3.312053073184745067e+00 6.792882576941202899e+00
2.123343600254401942e+00 3.381081168395714265e+00 6.271460656933356859e+00
2.990439074081997717e+00 3.467880727498992677e+00 6.281195872684286030e+00
5.306202931292169467e+00 3.606177826969271916e+00 4.517780279192836979e+00
7.478480261000279405e+00 4.098425080935729881e+00 7.459424478566769601e+00
7.429935117160582969e+00 4.463579574504318970e+00 7.191610677260527495e+00
7.085928774333238422e+00 4.271256137052657387e+00 7.569982565798884622e+00
7.002325925822875163e+00 4.511033138245962526e+00 7.570900273024854243e+00
7.187718935619678007e+00 3.658760332436968632e+00 8.087243919331008613e+00
6.420053251207722411e+00 3.697348126794874013e+00 7.876516099030399509e+00
7.840937472701561717e+00 3.709557845822580191e+00 7.536825374354862106e+00
2.487951070684569999e+00 2.235270289874894623e+00 4.312360920753690152e+00
5.462926023407048248e+00 3.382306068879724847e+00 1.885332556388824576e+00
5.969584709462241179e+00 3.486363601510640287e+00 6.202626237220419725e+00
8.300704064576686747e+00 3.202278652222394495e+00 5.645901068126239153e+00
6.409020788919674416e+00 3.528262995986827466e+00 3.241872703013554347e+00
7.489338995188806081e+00 4.070896620599318894e+00 7.374106857548998306e+00
7.551278526747292830e+00 4.314762425931396805e+00 7.691176461373252948e+00
7.480267945091936710e+00 3.810273606307576610e+00 6.725260755338220875e+00
7.210212784797263019e+00 4.288116150488714418e+00 7.527577242640630217e+00
7.192551037094853328e+00 4.179844872945695400e+00 7.497378642061431897e+00
7.058557067170644572e+00 4.277905381100548077e+00 7.480714596137143957e+00
7.041889182930075819e+00 3.711534194031907763e+00 7.145451463493296629e+00
-8.444963390690329419e+00 1.416886329767067032e+01 -4.383265506262855382e+01
5.270390009051556746e+00 3.651499760769138625e+00 4.426754952432137458e+00
7.317264799173923251e+00 4.229070192484911672e+00 7.253990603552164629e+00
7.401647937577306990e+00 3.998775636570872205e+00 7.270110087634684248e+00
7.204024573297621359e+00 3.753269119477621985e+00 7.017415256652240529e+00
7.097558430023758191e+00 4.109432079720443554e+00 7.224999970756110557e+00
1.019081447093201476e+01 2.288492043005149412e+00 -1.564951666124554830e+00
8.402365994615774270e+00 3.406911606418921767e+00 5.305861982558579548e+00
7.753501252117530385e+00 3.853538658407921424e+00 7.710396181612564348e+00
4.725214264242332263e+00 5.036281791871779490e+00 8.881196861662830955e+00
5.531114650845442959e+00 3.484365302187318214e+00 7.859393752365034125e+00
8.595158457732518187e+00 6.964092581090778999e+00 3.960833706605147775e+00
7.079514512915515922e+00 4.242170762354648517e+00 7.444476107644454999e+00
7.520924127984500274e+00 4.059009925912421046e+00 5.479244434429601185e+00
6.030211919225418882e+00 4.404628396656446121e+00 1.226361602770723636e+01
7.589242568645740761e+00 3.878287731057438847e+00 7.541553722158116813e+00
8.200604955992009337e+00 3.628522513700545460e+00 6.357392532284306341e+00
2.005105452566755542e+00 3.370081577086875058e+00 5.019668938513087930e+00
1.210265768508275386e+01 -7.070743944780788937e+00 5.259725985536553594e+01
2.831291162205411549e+00 3.667241793004583972e+00 5.267190178156178071e+00
5.381831544065372341e+00 3.533548944028312100e+00 3.074296157097066384e+00
2.572619630726751261e+00 -1.893210434538316278e+00 3.403950987186977084e+00
7.079687141750337531e+00 4.226201844288198117e+00 7.488060534869878992e+00
1.245528772926718375e+01 2.091025642743094881e+00 5.767522021749799777e+00
3.106979757026465006e+00 1.090563369731958332e+00 8.644775220533851723e+00
1.454035638933908414e+00 3.660216508409736669e+00 2.461112113151117331e+00
2.374309219659425541e+00 3.660293473700301892e+00 5.760426706432934196e+00
2.389932071518895640e+00 3.667140643038500514e+00 5.776658313404103851e+00
5.111046147789443772e+00 3.840319053029864094e+00 4.743468117455629240e+00
5.937697126746095400e+00 3.863375535804456362e+00 6.158941057381539963e+00
5.644639487031297698e+00 3.992948892951658557e+00 5.186321392093662830e+00
7.383114562951556437e+00 3.821349304913726819e+00 7.201667915592294023e+00
4.221829520180974349e+00 4.979401730277668303e-01 2.710433165431477498e+00
1.145769213657408869e+01 1.334264098240916496e+01 6.899021277898652826e+00
7.346149618513546642e+00 3.772934766411511820e+00 7.309495417171672393e+00
7.536783152939323216e+00 4.005842251434021506e+00 6.968089197213123143e+00
7.437045167083420338e+00 3.799286685715966172e+00 7.157599254612591722e+00
7.389623917581602086e+00 3.920976132503433575e+00 7.597239758347081207e+00
6.236211781988459713e+00 4.048861008074324808e+00 6.481968002359913328e+00
5.672972068025930348e+00 3.754657588446836503e+00 3.909380449879478192e+00
7.068619382935551698e+00 4.191044640934291188e+00 7.143306688971728491e+00
7.512681567653736181e+00 3.724392022951681369e+00 6.003575445265882493e+00
-6.214491973343030384e-01 6.337783485403149619e+00 1.846410007800781461e+00
1.042557178935735296e+00 3.772609843877061664e+00 3.897642722116431369e+00
2.560153234729882321e+00 3.897538565169067049e+00 6.487282662423682567e+00
5.152417987366995966e+00 3.828657680989144829e+00 4.650480757438391066e+00
5.252178353157913371e+00 3.610136113525828527e+00 3.055201414233037482e+00
9.238660150190703746e+00 4.338574654614260062e+00 2.595281631521727306e+00
8.840921513351084116e+00 9.541839251379563791e+00 5.172810887901114540e+00
2.462795026869767590e+00 -5.654797533844956980e+00 6.919710647147541138e+00
7.392313413401624622e+00 4.538211431912954730e+00 7.489700657114257254e+00
7.007071899811772475e+00 4.446397495849008230e+00 1.462626384127888812e+00
7.261030759340760810e+00 4.221335785792754258e+00 2.001285871285745976e+00
7.218603234533448543e+00 3.789845377226941814e+00 7.520589562932923577e+00
7.792939971822553602e+00 5.661034855828159351e+00 3.265091328709148755e+00
8.341330386274881548e+00 3.466619934765107658e+00 5.498615652185756097e+00
1.667121434315891548e+00 3.838267520540812328e+00 6.670979984345038361e+00
3.740733383478658691e+00 -2.806183633185780124e+00 1.738477644210950412e+00
7.248593320979198396e+00 3.663207074691725573e+00 7.128655613124020185e+00
3.993600527381307330e+00 9.316005563074419626e+00 5.701883283352938037e+00
6.900163356061717934e+00 2.036804605341376195e+00 1.080740481540827425e+01
4.525780404790618938e+00 6.696770171012802919e+00 5.072234324794729687e+00
7.108653992870914706e+00 4.351521727699106279e+00 7.547447964023005440e+00
-4.919936174923253969e-01 1.077974206847131278e+01 1.191244640441396996e+01
2.298413329652301940e+00 3.916387435453425603e+00 2.935691822368654780e+00
1.578759449067105081e+00 3.600638376113018069e+00 5.566113472470744838e+00
4.424656788306108979e+00 5.583918086075286169e+00 8.231553786751652169e+00
5.843130542323418553e+00 4.204569688062855803e+00 5.162652794229577680e+00
6.348925105409163550e+00 4.050924702281964329e+00 6.904983097933009795e+00
1.035012785590274120e+01 -1.256387462908257868e+00 1.024998554775600113e+01
7.146760214492478447e+00 4.131824748392833868e+00 7.421338000931376300e+00
6.938999646787905817e+00 3.630193032488924665e+00 7.273541333382651075e+00
7.219225456946483988e+00 4.198805614049835988e+00 6.980817244722672399e+00
1.367226026967818697e+00 4.075061209106809912e+00 7.128677732212259421e+00
4.852470601609166323e+00 4.218188252531105853e+00 6.033020743280451015e+00
6.805336652725566537e+00 2.988787060188287548e+00 3.097112411923545139e+00
7.496758060725884576e+00 4.042963614174717613e+00 7.441009236373572477e+00
7.128978608752003510e+00 4.603419775321937912e+00 7.200829901676888412e+00
1.091006408731714217e+01 1.807300611933059464e+00 1.205120197662978576e+01
7.294340924837099394e+00 4.098278756979972570e+00 7.295962806265741563e+00
5.653315627314425384e+00 4.226032586682913816e+00 1.901372288089255402e+00
1.040930075903984964e+01 9.015191788916943949e+00 6.915589782135471708e+00
7.039756869999428623e+00 4.457713660624293084e+00 1.359632060196056980e+00
6.850732374376734768e+00 4.587753400438782769e+00 1.082580928707350587e+01
7.634957401612673777e+00 4.036163397278979659e+00 4.937754205780608530e+00
7.216781778137862702e+00 4.538723132203243971e+00 2.580875715187598285e+00
7.238246843057195790e+00 3.955697173875282857e+00 7.209427818974813107e+00
7.803732019410801968e+00 4.479729239427633125e+00 9.771371429208253190e-01
7.108006967714471713e+00 4.295124804694609111e+00 7.433472275038026211e+00
7.064108555019368296e+00 4.239198231750526347e+00 7.473695657344157084e+00
7.347935240455971240e+00 4.278669722782195706e+00 7.614761002950384494e+00
3.635973991235375902e+00 4.599716150639149959e+00 7.602231624370171303e+00
5.264184031794019170e+00 3.965961918386478047e+00 3.933126672740708596e+00
5.622166604467057738e+00 4.294337823302210921e+00 5.781708024209814667e+00
4.775727937286123215e+00 4.639609915291487141e+00 3.840432214804742728e+00
5.831760405010492754e+00 4.233681720127110637e+00 5.069277411698813296e+00
7.938127754332782615e+00 3.103556102822337515e+00 8.252204601470154444e+00
6.533095056998053707e+00 5.745196287810644620e+00 6.019622403282437695e+00
7.004255401667919045e+00 4.454888657500011284e+00 1.476793079100930051e+00
6.126223434260942291e+00 3.742420102556721417e+00 1.214241310472018398e+01
1.524915020922171571e+01 2.639472136522314827e+00 1.037046420696167282e+01
7.891672545314268206e+00 4.164127687269504996e+00 8.195621455010847711e+00
7.825668513704165719e+00 4.273518777869274921e+00 8.258421684261397999e+00
7.412471373855403556e+00 4.182923265292362913e+00 7.726952191793827751e+00
6.946279575003228679e+00 3.778226784749531220e+00 7.179374319446298003e+00
6.453022298384711419e+00 4.171982726313001599e+00 3.729170682993320884e+00
8.300641870394045441e+00 4.975654727104467767e+00 4.068724317990708883e+00
4.225249457654243201e+00 -5.836652204936910726e-01 8.092264166395136016e+00
6.979344267595969598e+00 4.487156963089199202e+00 2.711344456497262634e+00
7.334032211100042886e+00 4.019537488655060997e+00 7.489239898840789778e+00
5.178196813192878167e+00 4.039291908929259378e+00 4.726873281923587911e+00
5.385649294546487553e+00 4.424114902570418728e+00 5.787920638459845613e+00
5.655536925943147608e+00 4.262504569382185693e+00 4.958539101436182150e+00
5.386649784804374619e+00 3.837544290080565190e+00 4.166727056823845032e+00
6.698832544687641111e+00 4.535098041020695803e+00 7.793298964047117749e+00
7.513872174954233429e+00 3.740964326728933642e+00 7.282588690607932236e+00
7.229790109888169169e+00 4.381079596363794515e+00 2.572587164676884974e+00
6.916722018651809023e+00 3.831947595747396740e+00 7.306781399447947578e+00
1.157447066347609299e+00 4.462238067320358326e+00 7.918651272799005270e+00
1.741891972340253503e+00 4.346998359017399061e+00 7.150912205830016077e+00
4.167561245138362125e+00 6.352519986259232532e+00 9.677450922375918196e+00
6.137729475621442887e+00 4.565594815222147496e+00 6.342765889033235460e+00
2.890883381328433366e+00 6.452517362726610806e+00 8.130062778618441399e+00
9.875010539072714977e+00 2.749975477910850508e+00 5.963805673309388489e+00
-2.529152538129862959e-01 5.237917357712927213e+00 3.604143069927418175e+00
1.010812077389818420e+01 4.512149313925388761e+00 -1.697254900440902547e+00
2.049061948775309894e+00 7.210522416132573831e+00 1.381493681042505273e+01
7.168732186110990057e+00 4.108979181247178758e+00 7.646010669521338343e+00
7.780163421562866333e+00 1.405249157766084167e+01 6.412249628167117521e+00
5.320128613346310154e+00 4.537315025111831268e+00 1.575095425040392794e+00
8.620728338311998584e+00 3.305380945838331641e+00 5.020099262261508599e+00
6.883309236191797353e+00 4.560331802905970733e+00 7.043736766853703202e+00
5.893384779180601107e+00 4.291516816314791427e+00 4.967439367741275369e+00
7.026834548412437265e+00 4.286354940776890388e+00 7.178650554485560775e+00
7.036228458857713974e+00 4.172293738007382125e+00 7.318989632043910731e+00
5.793256622135743328e+00 4.614569078922957424e+00 3.764799362304159125e+00
1.426618624376816413e+01 1.596397170128599274e+00 -5.909921507580914168e-01
7.918564274657423852e+00 3.267310534169965308e+00 7.424936209186176583e+00
8.139935896986385089e+00 4.292528116571781460e+00 7.223268727842249604e+00
1.723958410129252883e+00 4.555162058496184052e+00 5.229682066650706673e+00
7.445931673058166389e+00 4.007103555829152342e+00 7.684190974152892650e+00
6.126474733636614545e+00 1.098275188192821883e+00 1.829157693832506482e+01
7.419188140417203314e+00 4.671139113083913053e+00 1.820522406956019967e+00
7.838624622335590431e+00 4.369162036473257515e+00 8.110827999651037956e+00
-2.087186740535292628e+00 -4.779246820954936581e+00 7.522164913051430979e+00
4.490002004197395813e+00 4.389370979495340386e+00 4.314758808118783762e+00
4.834302751663042130e+00 4.675044378267112499e+00 6.225405851374766542e+00
7.313974015313869259e+00 3.849722914965516551e+00 7.286271231484914068e+00
7.336620439977821206e+00 4.433933728503416383e+00 2.720885667399870922e+00
7.911804146398504045e+00 4.369833448041265278e+00 7.059687299415905670e+00
3.480860513719365557e+00 4.898757381442262471e+00 7.648111589624415174e+00
6.669608949769335382e+00 5.027643221075543956e+00 7.951965390626568819e+00
7.477468707301475170e+00 4.550008256480493785e+00 7.738499653510238829e+00
7.136580913985678620e+00 4.101123970450922585e+00 7.509188473941112107e+00
7.167841334016474164e+00 4.636503738709867761e+00 3.443904109020231363e+00
8.140850195131271505e+00 7.491670799989717189e+00 -1.673553822685773129e+00
7.374013132682204485e+00 4.348662641658521899e+00 5.896107832898971779e+00
8.517362810520449301e+00 4.736755566834374598e+00 1.031097570970127997e+00
7.949777456382623342e+00 5.527040394560751579e+00 6.312408717508012579e+00
7.936519091155339822e+00 4.254939443321126724e+00 7.422505540375050614e+00
6.089311323039375168e+00 4.721960092663541886e+00 6.385055972521485934e+00
7.107289710607813227e+00 4.528649163596256244e+00 7.448216302120014731e+00
6.977983791255875090e+00 5.214023896892721943e+00 1.511306519375859914e+00
7.055865181332271696e+00 5.168945074798706685e+00 1.598625031830405163e+00
6.840609994312670139e+00 4.640894479019299190e+00 6.932949553640434637e+00
7.353893865084570436e+00 3.853372092293318119e+00 7.415384025341802854e+00
7.309018250112798043e+00 4.818810232830812446e+00 4.501163996477105300e+00
7.045257445753058789e+00 3.863131916628877782e+00 7.133981179868222000e+00
7.157757717099759276e+00 3.828578818251830107e+00 7.264254381464930965e+00
2.801373889103710102e+00 5.003762941780082407e+00 7.852616635690324642e+00
5.794693898952434807e+00 4.773544310480152042e+00 5.576796624118520285e+00
5.682805492130693636e+00 7.003539228785672144e+00 6.254559146076285714e+00
6.730400789059666877e+00 5.105491092649308449e+00 8.266136226951434907e+00
7.732271903933791712e+00 3.987099612685571337e+00 6.959843344245886243e+00
5.185263482001228219e+00 4.310856083166000552e+00 3.668756692794414853e+00
7.159763811749038531e+00 4.173586469719766434e+00 7.460065340649416399e+00
6.982098630042934850e+00 4.362283360945591326e+00 7.456367180146081353e+00
7.042397300702429419e+00 3.864670172755435118e+00 7.143095054433963753e+00
8.133162837306326054e+00 5.074611893937289508e+00 7.547528452844058933e+00
7.011119769189802398e+00 5.314309548319071652e+00 1.451883766918283802e+00
7.162512451407083702e+00 4.542414266452141192e+00 7.394628881400871379e+00
7.533062702501419849e+00 3.571144117189517964e+00 6.242538766781356330e+00
2.159434727080876470e+00 4.838029312366366241e+00 4.308304267354768236e+00
3.246481981180317611e+00 5.194810534392138912e+00 8.370905954560598161e+00
5.356239254100324310e+00 4.781388300268926805e+00 5.727080376939483131e+00
5.723501623622949452e+00 5.089791480659766165e+00 1.019737035640772893e+00
6.562409452779599306e+00 4.949112302918697637e+00 7.276713818740362605e+00
3.966859263128260871e+00 -9.484084134474787930e+00 3.886994679933684083e+00
3.229860023199653263e+00 5.201894059594467379e+00 7.076462247263654248e+00
5.700984159028030795e+00 4.914604418967709165e+00 5.894613114500415030e+00
5.877721517704090459e+00 4.929733313342633316e+00 6.090281842313053140e+00
5.628406659613646390e+00 4.796299025336081101e+00 4.232914668731036834e+00
6.609663128472671012e+00 4.965209397890096632e+00 6.957350458175612928e+00
6.841458070116784640e+00 4.654610473203153020e+00 6.775383142197307862e+00
7.234676929108207588e+00 4.282014827991137196e+00 7.716758296274019990e+00
6.600522372849802366e+00 4.691491072963386522e+00 8.111645741001472842e+00
9.895284338165502902e+00 8.225270280338881079e-01 -1.648597527417085540e-01
6.660632081179843844e+00 4.727798869870131426e+00 6.919642939225768785e+00
5.319309607757014113e+00 5.599258628097953938e+00 8.361326553910327419e+00
5.842783830656935073e+00 2.810655439300669300e+00 4.982225560871404113e+00
6.221262192365658805e+00 5.340933324945675409e+00 8.391891563168625723e+00
8.489729333519584031e+00 5.774571802086639671e+00 6.391292949900264642e-01
6.334577286035004917e+00 5.023352646966557700e+00 7.623607716222918995e+00
7.132711775368726137e+00 5.251252815553055342e+00 5.186038289670976908e+00
7.141631229005977133e+00 5.390078872645513997e+00 1.219800799024920890e+00
7.044021655876052890e+00 4.191499184868537675e+00 7.522856603157919153e+00
5.652408443642658042e+00 4.944205299755818572e+00 5.537887294637178215e+00
1.474243160917228934e+01 -1.123751381519935677e+01 -1.096324841877573952e+01
-1.610862740891007672e+00 2.161316811438282315e+01 2.569781901432514815e+01
7.108490330150873504e+00 4.123488096629591482e+00 6.830674318612997453e+00
7.209215379590981243e+00 4.278568210492332824e+00 7.592299787444944492e+00
6.839352731588735246e+00 4.603344631747654958e+00 6.950532047120576706e+00
-1.645969934355537134e+01 1.361168321524560554e+01 -1.476525524316121274e+00
7.261523800322232880e+00 4.051252575692443791e+00 7.362745643667210516e+00
4.886735326902260645e+00 9.706761804191046394e+00 2.518273530952281014e+00
5.685955089402262352e+00 6.034348972487951102e+00 7.902711562079441698e+00
5.640259417766808170e+00 6.306568264075432140e+00 7.832926997406406855e+00
6.033985593523137680e+00 5.172783830099900726e+00 4.892843800267964838e+00
7.260275729520426324e+00 4.133482314927554135e+00 7.357699186028165528e+00
5.472947078439593049e+00 5.727087093019465946e+00 8.656631773730087076e+00
5.753948444478689694e+00 5.065309028958775883e+00 5.972506605913369349e+00
6.567685954191480491e+00 5.174828422687939522e+00 7.060191089362055195e+00
6.917882983162332522e+00 4.162756897016903324e+00 8.799294933934305618e+00
7.364991946992168081e+00 5.480728250231356569e+00 1.401594416143769228e+00
3.063881556552206575e+01 -2.974378214148096333e+00 4.447629396093198295e+00
7.306123175650105495e+00 5.496724310479281783e+00 7.848567641890409341e+00
6.838965960932836374e+00 4.618360844444632463e+00 6.945486054417859378e+00
7.111256574935378438e+00 4.156791408597724669e+00 7.621043070338572534e+00
7.249795294994932249e+00 4.579980015990420483e+00 7.408982014911892122e+00
7.917436866434185205e+00 4.795379553728762012e+00 8.340982418686818889e+00
1.521101876815724729e+00 5.316360356116426544e+00 5.832795058887946027e+00
3.301599047115319152e+00 5.337273604565506702e+00 7.124849683973139669e+00
5.577572592003604335e+00 6.124560775162833259e+00 7.908442588859037059e+00
5.789798199573493065e+00 5.221373874985284047e+00 4.843260571800600545e+00
6.283663453592638781e+00 3.753986928154510849e+00 6.860025769431074671e+00
6.924539909566119533e+00 5.365937056507939396e+00 1.314941857650751666e+00
6.985245204001305552e+00 5.295966805600653693e+00 1.334179851193699307e+00
1.569404713505093252e+00 5.509566079778116077e+00 6.574208524935583497e+00
5.476482950575761954e+00 5.303081160517545634e+00 3.516333554367226277e+00
5.451869374851296968e+00 6.028057350300136008e+00 7.998981483037500340e+00
5.900239305406715928e+00 5.676905203344499995e+00 7.895451187781134195e+00
6.607516811980485727e+01 -4.057489344642085882e+01 5.765686568645168109e+01
6.896439196921091863e+00 6.087306191205827943e+00 9.878868986821478515e+00
6.850233024817681482e+00 5.296179502713912690e+00 1.612620354751265861e+00
6.864400065064399925e+00 5.233325001411404997e+00 1.348802507292830022e+00
7.104041393173048391e+00 4.049098013995004131e+00 7.467697888328556743e+00
4.106436301997927529e+00 5.715506256337424595e+00 7.701133505944408597e+00
4.557148883636646275e+00 5.528653722001671156e+00 6.335849567974895180e+00
6.318937717619720118e+00 5.497990851158821357e+00 7.127539297763865633e+00
-5.251287278783196655e+01 5.217289790362794122e+01 -5.569173299776223018e+01
6.966936303629481131e+00 4.582734278341938250e+00 7.500549791578187353e+00
7.708727314211587966e+00 6.536816555755899039e+00 4.349687160999728519e+00
7.048813121536426252e+00 5.269996545987210013e+00 1.217506457021653610e+00
6.942356916301568148e+00 5.754340276646566110e+00 5.331271890705577832e+00
-3.207178864917733296e+00 1.514190601323465124e+01 6.876327588562245907e+00
6.044565848386056928e+00 4.412482726299882252e+00 7.032307094652958668e+00
3.028779133097351917e+00 5.560789128620848842e+00 7.219856500591820492e+00
5.658852479679804759e+00 5.106191688128271622e+00 7.409274714940719875e+00
6.120939201197757917e+00 5.767572496281884398e+00 5.918236338834006460e+00
6.380723265730357419e+00 5.690158600160255986e+00 5.873810063859496111e+00
6.404397441751332742e+00 5.820443555797485402e+00 5.572471888074273849e+00
8.513740763187854554e+00 5.658705679285615631e+00 1.114339410074099312e+00
1.414144819894487526e+01 -3.250019625448047123e+00 9.972777263774252887e+00
6.297332652477731330e+00 6.019601162518478432e+00 1.237537891948665036e+00
6.507137251205022288e+00 5.384824961011817734e+00 7.063996250032924529e+00
6.714242455324485270e+00 5.695392095728824877e+00 1.403397938491580899e+00
6.759600610971926216e+00 7.116393547719616741e+00 8.797356026608929014e-01
9.636257971467266259e+00 8.801586623456390868e+00 -1.133839203064087586e-01
6.911396621853089783e+00 5.970049805873378190e+00 5.140531918524446908e+00
7.103949899268535262e+00 4.474057593198313754e+00 7.392150927337406863e+00
7.289595640137987331e+00 4.857687249677252517e+00 7.542830711384434395e+00
1.175085551060206068e+00 5.795270053236045271e+00 6.621536885424550434e+00
3.469336879952461317e+00 6.009831034857185728e+00 8.687189599493548187e+00
5.655340916433503118e+00 5.925032400052957726e+00 7.866857680888930560e+00
6.677417697262734819e+00 7.196136544521110956e+00 9.172199989336423442e+00
3.610360963447397431e+00 2.495219182305048022e+00 2.590426829128667396e+00
7.097104257392627957e+00 5.976180709011248204e+00 5.125787062847795283e+00
7.500479345054276159e+00 7.687703107145799741e+00 5.622066208190350523e+00
6.173867468717838314e+00 6.216523862684633528e+00 4.910694337855304070e+00
7.509556362730732459e+00 5.808302043949444382e+00 3.688228168349799940e+00
3.567565048482123302e+00 4.261645627598742436e+00 1.049653091516664105e+01
6.588696361740030483e+00 4.200848018113154225e+00 2.803662735243201087e+00
5.883654106831704311e+00 6.037524165518586727e+00 5.972378499559859222e+00
7.558633676851209238e+00 1.123234136382766124e+01 6.555681219750031374e+00
5.383139811506133299e+00 4.807616893079286413e+00 7.128184232865589109e+00
6.313101382745445633e+00 5.769337553108143446e+00 7.689424287921367451e+00
7.021140455703061001e+00 5.559536999420243042e+00 1.536909611177760926e+00
7.071546157118457465e+00 5.797824932160080103e+00 5.030949921247227508e+00
8.142315360465028906e-01 6.277492578113141874e+00 4.644964510552942460e-01
6.667484311648078865e+00 5.983410946356011451e+00 5.218068572283626416e+00
7.730050749107694408e+00 5.873616024736541874e+00 3.945878637451232684e+00
6.673117943180136180e+00 5.450171357231395675e+00 7.513703876096251122e+00
7.320657495412929094e+00 5.442948885011647420e+00 7.036553969664954167e+00
8.370124266669856539e+00 6.164360667020608808e+00 2.293577368631260605e+00
6.445482880928153691e+00 6.569513617426209429e+00 1.216040511863585971e+00
6.142247157388105450e+00 6.418335240621655835e+00 6.894074811817496595e+00
6.230948770291409922e+00 5.880638290180784544e+00 8.186633512737660823e+00
6.227732516117798767e+00 5.968357065614400270e+00 8.151404738877126022e+00
6.550504746610855022e+00 6.062550574372020940e+00 5.564319888409779757e+00
6.885362465902964857e+00 5.823550656746158793e+00 4.974439200038481168e+00
3.831651032551040892e+00 6.401967702483833733e+00 7.415610094741893477e-01
6.231410123970402282e+00 6.242503489970379071e+00 6.312401318732896449e+00
6.376534476641504412e+00 9.981625249035078085e+00 5.751517386595425663e+00
1.100647785361426934e+00 6.440151745426199170e+00 8.016966047650983640e+00
5.632097559788849850e+00 6.530702852984588525e+00 7.839681508538987487e+00
6.029167213907478562e+00 6.583347023596963332e+00 7.841325649681998300e+00
4.645134054400496204e+00 8.759892947031433508e-01 4.630095961289992346e+00
6.190759917385616262e+00 7.574631146191853404e+00 5.746914219511998212e+00
6.221330561292483630e+00 6.132602084511134422e+00 5.993701283953230430e+00
6.706969669708271908e+00 2.092454517720384821e+00 7.165983907066189929e+00
6.535299270859319165e+00 6.270361783234667641e+00 5.983352725192087718e+00
7.260001349398409687e+00 5.666302093394470774e+00 6.878336497987005416e+00
5.317588499639958499e+00 6.629986302839165901e+00 6.554598069019847983e+00
6.377240615841242466e+00 6.115787282327323382e+00 6.856764938265779818e+00
5.928940477486348115e+00 6.454932625653472478e+00 7.703186957728387796e+00
6.323271062833311085e+00 6.404041010799788047e+00 6.743001364535439635e+00
5.293836403091630061e+00 7.514113751288800103e+00 8.883133163077559402e+00
6.300670633433571588e+00 6.543363569758771980e+00 1.453691402791073228e+00
6.030145132291938381e+00 4.384338809317751995e+00 7.762704424834395489e+00
7.404496284653293792e+00 5.198986771387927419e+00 4.148631458957455109e+00
5.390823093919760112e+00 7.128285470321616302e+00 7.437081681581402037e+00
6.031840800967917637e+00 6.721453058652681278e+00 1.158333992308760552e+00
6.112154322039643262e+00 5.059012069496166220e+00 7.082870561950965538e+00
5.589445817870231537e+00 8.360022166363471285e+00 8.483617078531837663e+00
6.123395036729024632e+00 7.170153614685977672e+00 1.601395146979318174e+00
6.366239760144207338e+00 6.176676076134487658e+00 5.436712661552244086e+00
5.429272242996614928e+00 7.133565950173726300e+00 7.581008934615660166e+00
6.263517817629582041e+00 6.876132087398044490e+00 1.190826760180863531e+00
5.983451967419390449e+00 6.457938121545874210e+00 6.039705203595746141e+00
6.466764997231235768e+00 6.377268275521815966e+00 4.866599975131132183e+00
6.291488671023600432e+00 6.236578541137033582e+00 5.059330487512815111e+00
8.999273767802399959e+00 6.661610612416424715e+00 1.496916070541949084e+00
1.414081242289449758e+00 6.715680340713976015e+00 6.284010618574360052e+00
5.097744801520933677e+00 6.838357889246846177e+00 7.497822461108690106e+00
5.965659438489759658e+00 6.606568300976439545e+00 6.137898870335222412e+00
5.906063213046780724e+00 6.728205979551982630e+00 7.725430114222207933e+00
6.186703608063489845e+00 6.381625530071825203e+00 4.917543115058454539e+00
6.365615760242611998e+00 6.212381229146175521e+00 6.577822392845586563e+00
5.451483419543844633e+00 5.777367224252473399e+00 7.725024622402223429e+00
5.430701058597412256e+00 5.977186457334496161e+00 5.994231576603272771e+00
6.351871754001988890e+00 6.325394371318654230e+00 5.478540382856362356e+00
-5.501181385956093806e+01 5.891889448677576979e+01 5.989907629642266329e+01
1.821157562359814186e+00 6.860342553822666112e+00 7.533260238596538372e+00
2.750621869829714683e+00 7.052773592414136594e+00 8.562283621890259155e+00
5.219590689248646775e+00 7.034558629764767090e+00 6.873609483556490041e+00
6.974376240916139835e+00 6.898859178730022634e+00 9.742295656913279700e+00
6.946677494485574478e+00 6.539456842213478005e+00 4.243434146566736231e+00
6.903356475147364790e+01 -4.589909484102935266e+01 -4.434085639881592300e+01
8.432529480814406897e-01 6.974194947201027617e+00 8.848533159333339171e+00
5.505569932759834195e+00 7.212246588469107600e+00 7.643472862247191912e+00
5.967935867527499383e+00 6.933322964165215652e+00 6.875163785561346330e+00
2.946995143304792286e+00 7.264404709303029506e+00 6.440116215576527026e+00
6.015576991869445500e+00 6.684706313984738912e+00 5.872497328979106257e+00
8.530789151093610911e+00 6.225831772199810210e+00 9.217828258248697892e+00
5.772047264582774062e+00 6.843396454779075100e+00 7.958382343769850209e+00
5.855926356039819147e+00 6.062664865643961676e+00 7.843413775841622027e+00
6.433425961061622012e+00 6.255637542441202292e+00 5.443251509123960830e+00
5.947508472167227112e+00 6.312357069482318117e+00 6.444513503257650378e+00
8.753216596656965720e+00 6.835181998511507651e+00 2.292101695633639302e+00
5.238019492010294265e+00 7.531116734133784796e+00 7.304883785033929655e+00
5.248819349312936922e+00 6.798579376683631992e+00 4.509765727070582209e+00
4.147140410604480465e+00 8.042499015261226347e+00 1.750053616616541463e+00
5.585956695164531638e+00 6.681496029323698238e+00 7.772388330816452751e+00
6.390922919714821404e+00 6.000438994704552442e+00 7.384484194060252360e-01
5.750817233707216758e+00 6.214068334744608180e+00 6.852427786787012920e+00
5.856469397143710509e+00 6.197070340644560638e+00 7.389445068980640130e+00
1.541634407261269768e+00 7.059626053512499055e+00 8.663862497988700895e+00
3.799390775037369661e+00 6.302252344243251869e+00 7.378241278919375645e+00
4.847183091999498039e+00 7.252793077684678735e+00 1.667745668114532620e+00
5.158559827076711457e+00 7.156908168878151955e+00 9.839471731504498830e-01
5.178673454926551400e+00 7.816539054138026188e+00 7.101177419802668922e+00
7.363387334673875628e+00 5.852229914520126641e+00 9.627165469882797977e-01
6.374998232585160629e+00 6.733681586843362155e+00 1.453505822114824264e+00
5.503469883965382614e+00 1.066886433770764775e+01 8.991717248170669308e+00
6.260843461908724095e+00 6.133375306485043588e+00 5.502213012447958462e+00
6.127546631956630740e+00 6.377704277914597597e+00 7.013936486850767871e+00
5.361361697975858931e+00 7.488971124909949317e+00 7.255138175335490658e+00
5.167047481558851629e+00 6.974171016278631896e+00 7.432328595385223835e+00
5.482556464478100189e+00 7.183608627854148665e+00 7.707639302625162614e+00
5.992501200822883511e+00 6.805969145681818766e+00 5.574677304331194350e+00
5.396967016532673078e+00 6.990226099566214657e+00 7.303814885613689967e+00
6.086826436850465427e+00 2.947163968010904078e+00 7.888104208109933069e+00
4.545624750162168937e+00 -1.513309821981129843e+00 1.474685146853173379e+01
5.679032264677656983e-01 7.360706297023661193e+00 5.653584786195368084e-01
2.352348883887335429e+00 7.136559591472483532e+00 8.483561429457640912e+00
5.178067177422198242e+00 7.636643744550503321e+00 7.403311814082942810e+00
5.726535823632400657e+00 7.198625529164315751e+00 7.823997694158714822e+00
8.583976247401512438e+00 1.614220237800396163e+01 -1.333441637536133761e+01
6.389847169733445575e+00 6.293998084735303422e+00 1.155927304442084580e+00
6.013563847679381347e+00 7.377570195168881462e+00 1.547398823399890766e+00
6.953663916085013774e+00 6.838162623862571898e+00 6.327148898999517712e+00
5.789158014331924562e+00 7.165098677268503025e+00 7.901627227168438239e+00
8.460212182781582158e+00 6.050496316869598878e+00 5.153844999925608406e+00
6.071679470072098184e+00 7.319617994729661348e+00 3.318127229041892612e+00
5.791436042501490356e+00 6.834075562132413850e+00 5.676661963901866947e+00
6.167741043615526664e+00 6.753046029682222340e+00 4.897353801667491346e+00
1.773818379240969190e+00 7.307072756088655474e+00 8.003338241925527896e+00
4.353198472471659031e+00 7.743356713274424763e+00 1.436833860931032492e+00
4.197068100931050871e+00 6.694641841326498977e+00 5.564795647835303782e+00
5.544965689339145243e+00 7.044095507880830276e+00 6.828458189498696207e+00
5.567129894426047443e+00 7.740426619368977690e+00 6.916227707384650536e+00
1.198799984735628321e+00 8.546886012013569456e+00 1.182549892557109850e+01
5.801432100752640153e+00 6.499675186597270837e+00 6.430664085830237298e+00
5.797946860553610193e+00 6.646081821467006989e+00 7.796938445965940545e+00
6.813595523927050479e+00 7.067278718766050183e+00 4.441571363292625030e+00
2.415629918180950497e+01 9.933018525764184758e+00 -2.775125169039948858e+01
5.802928678366121140e+00 8.262776551767279543e+00 6.262015377764752699e+00
1.030853793774456850e+00 9.219696334754456046e+00 1.123672268173397804e+01
5.364734502840336816e+00 7.435682122407246908e+00 6.731178711601145892e+00
1.231246083913004163e+01 6.736979752211262884e+00 -1.827378182136679907e+00
5.345004941538483934e+00 7.194787639051622108e+00 7.344322670569166434e+00
5.324733412286473566e+00 7.548835016526463271e+00 9.616374498799656889e-01
5.524328063314372983e+00 7.712624517118646494e+00 1.986875392037931398e+00
5.880632710933291207e+00 6.964418839444951104e+00 5.785232074417484327e+00
5.235647294754500081e+00 7.109265257281621508e+00 8.062743091253206984e+00
6.039829008862419357e+00 7.298473773122859498e+00 6.514952353751271907e+00
5.883394480321009645e+00 7.276536809954693652e+00 8.293413551634101211e+00
7.069674363817084028e+00 1.068692539009784426e+01 7.027215854682221874e+00
7.026764959891712570e-01 7.918188273496078899e+00 2.433127665928876304e+00
7.825531190837493156e+00 5.386757471139011599e+00 4.434955664955554155e+00
5.314131963820670101e+00 7.479002192659707227e+00 7.177745065306860184e+00
5.326339325421892035e+00 6.968895398810071029e+00 7.265588275358696890e+00
-1.651118024365153314e+00 8.374088263166097335e+00 1.464596267894528836e+01
5.005092984265184342e+00 7.263774726274005111e+00 7.846825032543835121e+00
5.216706425848349760e+00 7.686741115987047124e+00 8.338423483790341706e+00
5.721176204244255992e+00 7.159774094497462826e+00 8.187364641538206200e+00
6.884364592680522144e+00 6.863678972851658955e+00 6.429607959014830953e+00
6.582400534085676824e+00 1.051261569482856650e+00 1.181170053703329970e+01
-1.514173714974718266e+01 5.306973723171848789e+00 4.351739849239804414e+01
4.333378084183221013e+00 7.709977505176379253e+00 1.501962048894574409e+00
5.232605612352080549e+00 6.783513334729631694e+00 7.589769928296892232e+00
5.084515758658683104e+00 7.463553568385329129e+00 6.867974072867439439e+00
4.267717982571371138e+00 7.683636118332168863e+00 8.199607650353346600e+00
4.347231260917773454e+00 7.704161092626465646e+00 1.568231801621227994e+00
4.799613188296737221e+00 7.602861808774006747e+00 8.139819260239313792e+00
5.548919416803691718e+00 7.503627768181990731e+00 6.881876218584542571e+00
5.301477303871557467e+00 7.416312535470511946e+00 7.431068420718140999e+00
7.084473599098032537e+01 5.641420480481262700e+01 -1.028176435697939866e+02
5.363712225430463221e+00 3.667565554808640549e+00 8.525076191910704537e+00
8.585589509041473555e-01 8.074097198490537863e+00 6.956062785686965455e+00
1.156537837896102427e+00 7.885046289686822973e+00 6.602946247723719964e+00
1.624963022443424610e+00 7.820524468552216391e+00 6.519797574458468858e+00
1.771478582581065053e+00 7.822578466922497142e+00 6.490030350838115858e+00
5.325911109508239427e+00 7.425946008437975365e+00 7.114166188324288598e+00
5.283049435131013993e+00 7.261184029499450077e+00 7.890920332870290821e+00
6.124252338786591920e+00 8.154217573848560718e+00 2.277295060142957794e+00
-5.867894432389074666e+01 -4.035494626580151589e+01 1.157319292811909293e+02
5.703829278256423052e+00 7.002731880522039987e+00 6.556817799005547620e+00
6.485680255236452751e+00 7.868693591276711530e+00 3.595844636159593044e+00
6.510024061160339492e+00 8.126619779545539046e+00 2.645074065617659897e+00
8.803147949891796387e+00 7.676715108341177540e+00 7.234051394075039276e+00
-1.735247979358111925e+00 1.470408369304897711e+01 6.982866354377071261e+00
3.066239485231544215e+00 8.025353830838461988e+00 6.129600778172488162e-01
3.544976745764166992e+00 7.873308021802865042e+00 8.799725607432838714e+00
5.067601744829579147e+00 7.044043090711550548e+00 7.115101765720918792e+00
6.006844984471591431e+00 8.030723054861550025e+00 2.463204486293735673e+00
6.051582251608158103e+00 7.930824553561034662e+00 1.535051881969250687e+00
5.933904566955851223e+00 7.256018315631706628e+00 8.391096482895578745e+00
1.030624149838987869e+00 7.797301541314746842e+00 6.263267017628409761e+00
2.792988776422010488e+00 8.074045575254437779e+00 5.212089044986912834e-01
6.771675911984297080e+00 8.599488321953574044e+00 8.290728938883948018e+00
5.282354621265337613e+00 7.193777639496181209e+00 7.648339674640567409e+00
5.230103882554272943e+00 7.374740987429463601e+00 7.168238420155912394e+00
5.044200218292845150e+00 7.384647272859899303e+00 6.635062204098655769e+00
9.146536232405443556e+00 8.035451862695580871e+00 3.202313223120608399e+00
5.393045271063525270e+00 7.456238610371233477e+00 7.122112902863883654e+00
8.569284574229479645e+00 7.804744276022072214e+00 7.019734830908777923e+00
1.423626227688881363e+00 8.126036805536314134e+00 8.631476442858062370e+00
5.503444057474087714e+00 7.680492307408812280e+00 5.716059390070992841e+00
6.952169557130754018e-01 8.564100981992583073e+00 2.887096336799257035e+00
4.671594319367966541e+00 7.816169159332451599e+00 8.466565473512556395e+00
5.224528084674882500e+00 7.698623724021901538e+00 6.695222519652014093e+00
6.642949699915011053e+00 1.019015071500228942e+01 7.378351556711139736e+00
5.391267353445389432e+00 7.220060441952984576e+00 7.901235925148350603e+00
7.974436757292966860e+00 1.367558583345624967e+01 4.093010848985157324e+00
5.665438557906636419e+00 9.345058320662410267e+00 7.398154560813006597e+00
5.514766181468318429e+00 7.326765462143900010e+00 6.734517445969597560e+00
5.312774942772690245e+00 7.342971715445019143e+00 7.055465212533848174e+00
4.596341748876493938e+00 5.191142826427544321e+00 8.219539631564853011e+00
7.023173487875684629e+00 9.088851698656664979e+00 2.558126561143526878e+00
6.890930385943693226e-01 8.548460925581061076e+00 2.884271744279896854e+00
4.311926762974465532e+00 8.354549767975957053e+00 2.593409452145315264e+00
3.603055836348845631e+00 8.372122570321451462e+00 4.036309063670652009e+00
5.571475089471017661e+00 7.279035544591206275e+00 7.385460852892556716e+00
4.390265968573577204e+00 7.539943367984060174e+00 6.899941252130810554e+00
7.411147069390858100e+00 8.199864300454100530e+00 4.060061576076025247e+00
7.189225905164932762e+00 8.646824133877689889e+00 2.539706962794640699e+00
7.628527412127169782e+00 8.309913064392212334e+00 3.874130913045102265e+00
3.125880563510908594e+00 8.268488756888181967e+00 6.233520375695085214e+00
1.196247205080770470e+01 8.970079433998037644e+00 3.933024070659046245e+00
4.418181986951391416e+00 6.233563556696346097e+00 8.120452455863366836e+00
6.021850864708156337e+00 8.678733385568015990e+00 2.087688903180964228e+00
6.365113910000241404e+00 8.406097727081389692e+00 2.652102229090537389e+00
6.514658868529614288e+00 8.142093423804601215e+00 3.441193425946526663e+00
4.893827984280877175e+00 3.286437050651180414e+00 1.496945904116647741e-01
-1.530286295960851639e+00 -5.221077575966187112e+01 9.883873973186553030e+00
5.319743529927896120e+00 7.315360219644887252e+00 7.111336242746121528e+00
5.917819552126258209e+00 8.032784710746028622e+00 5.151866080737888431e+00
5.592795578137929269e+00 7.813675434212457915e+00 7.210289338288761840e+00
5.944961006233571155e+00 8.019248945722720734e+00 7.427464626261420122e+00
6.925692662879431083e+00 8.867033444580519230e+00 2.469210428288455716e+00
5.005299824960116162e+00 7.846625877815741390e+00 7.313116438853727530e+00
5.497709085587855427e+00 8.765692677921396836e+00 1.585624313963523546e+00
5.067564356949818105e+00 7.714510214578355729e+00 7.539947170788394715e+00
5.654348696491815041e+00 8.065773090968550108e+00 8.606742897611708187e+00
5.705391173737062616e+00 1.059230132394477408e+01 4.614274061764768398e+00
8.174264932007492490e+00 7.348917784682040377e+00 1.638905172769829388e+00
6.005587540851474948e+00 1.007991685132324733e+01 3.126766287784480625e+00
-8.185524140907614044e-01 1.010985119300393187e+01 3.096810750142890090e+00
2.359995094335968879e+00 7.476800274848367067e+00 3.593063647282776163e+00
5.017277710535733348e+00 7.909036919585261671e+00 7.798655146595631749e+00
-2.230363684982916705e+00 8.261720899857259326e+00 -1.192250666553145599e+00
5.278666797372316921e+00 7.879015490827242729e+00 7.742496125917865513e+00
6.944586773363450760e+00 6.307613059474677542e+00 -3.732129573058655114e-01
7.372762029071884271e+00 8.231497190053886470e+00 7.382353575023604897e+00
8.905940653261160023e+00 8.682104803241028179e+00 1.693896458103361535e+00
1.988470659487870762e+01 6.944838259387292112e+01 -2.539188377597884738e+00
3.261200036523126400e+00 8.663975170619169219e+00 3.618297028363490320e+00
5.049190855174897408e+00 8.449126428217033080e+00 4.329785468646048407e+00
4.943597533089780782e+00 8.083246228227702446e+00 7.052871303823464721e+00
5.130425996151336321e+00 8.169166893006496011e+00 7.286806138233892227e+00
5.471724275821284955e+00 8.746456477126686835e+00 1.635960211225713667e+00
5.439264371278298427e+00 7.832223059711774127e+00 6.680355420147018108e+00
5.599503760221864468e+00 7.945012160371099696e+00 7.977873632320681807e+00
6.398707791826816482e+00 6.023627217215766549e+00 8.879563624963010326e+00
6.484234443256841729e+00 8.675505812604475508e+00 2.463155984319549852e+00
5.250432254332560333e+00 7.405260636159244569e+00 7.425808081042019282e+00
6.634703938314014060e+00 6.739390396778253134e+00 1.548319073396613010e+00
2.260144526298278578e+01 5.238393902482430420e+00 2.226972807278244204e+01
4.583655943481197426e+00 8.298518929527038068e+00 6.332462623489653275e+00
5.368101303154801052e+00 7.641027929123872298e+00 6.878882512519320258e+00
3.297453181145267642e+00 1.161393461136866989e+01 8.535531513712063756e+00
5.173003306587204975e+00 1.062734770630596692e+01 8.544417454613251195e+00
1.123966500022319082e+01 1.291994358724631375e+01 2.100996033432014798e+00
-8.185216855408278036e+00 1.248081965813978300e+01 -1.777937475065714068e+01
8.253175109470456405e+00 8.469822092159965621e+00 7.430117571331461335e+00
4.570570421206133105e+00 8.391152525906900195e+00 6.260540100480911363e+00
4.823992329166484794e+00 8.704640457814237564e+00 2.374959430928011983e+00
5.539000993213132773e+00 8.727457773604863078e+00 1.546653454469654854e+00
6.385382284464273361e+00 8.632926997178509865e+00 2.148403907928100764e+00
1.462850449589208424e+01 1.066578269482483776e+01 -2.720802795067383428e+00
-3.150940726436323835e+00 6.246477046277084000e+00 1.573510208561579660e+01
7.345791181667536307e+00 1.121030165159785952e+01 4.018681304306981339e+00
7.116881409694124194e+00 8.828597868371163671e+00 2.769595391688836727e+00
7.575593819319788480e+00 8.505961782209066513e+00 4.279703670072782629e+00
5.694546258108278414e-01 9.066634713637592213e+00 2.532849046792930547e+00
4.551442698952794963e+00 8.788862253682578896e+00 1.219340802386907896e+00
6.556076639322613531e+00 8.560750122195564416e+00 2.413489407204646220e+00
7.501733112251955049e+00 4.253449128201328477e+00 7.002053567923503863e+00
2.061076430231952017e+01 -2.148233455510602852e+01 1.953469200204039424e+01
6.195612856026905035e+00 8.498293290664046040e+00 4.437178536115762739e+00
6.360736867831342067e+00 8.877423032368618294e+00 7.308407306726323327e+00
2.390897162961931777e+00 2.659469016176687628e-01 8.872538880763729097e+00
9.155251395004912141e+00 8.781690050933613989e+00 6.340716131140545109e+00
4.284716347993913210e+00 1.389990609677181155e+01 4.091845577529021227e+00
3.704393381448875644e+00 8.793561510736232378e+00 9.073973531391967384e+00
4.032552061062960824e+00 8.789244712723069952e+00 5.025876881788071238e+00
4.759516239103589008e+00 8.463297838134177908e+00 7.306021817519456008e+00
2.944824799077295907e+01 1.045090837430905495e+01 2.337532132154655429e+01
5.583631398702154414e+00 8.838544724966638455e+00 2.032466451696332221e+00
-9.811710346365041246e+00 3.946111496021309506e+01 -8.155547662487869331e+00
5.991299734920757736e+00 8.590600799439524593e+00 2.384504564848204833e+00
1.827329490336264683e+00 4.160917699328134489e+00 7.513681066264013886e+00
1.199507124831711735e+01 1.702843009631775217e+01 -4.287299820142253637e+00
-2.069024906675725362e+01 7.250608748751595556e+00 -8.481983409601554058e+00
7.348893326454970065e+00 8.590216238456514830e+00 2.550519731687265867e+00
6.896447269866553320e+00 8.545781085332192717e+00 2.409003094827333769e+00
7.681603241196050647e+00 8.776041828234109943e+00 3.124388468765106008e+00
5.135695671682800167e+00 9.432044104777697058e+00 8.034932208690909405e+00
5.348645334865682166e+00 8.672070921430037771e+00 1.496209058592975261e+00
5.332154010898633167e+00 8.885649087290053316e+00 4.379443344730931997e+00
5.160158218550997766e+00 8.331251049761682737e+00 9.348612366695256970e-01
5.764019157035599861e+00 8.436479588888143866e+00 1.924249723991329653e+00
7.360895037109802530e+00 8.539827622006830765e+00 2.731684906787797740e+00
-2.160810521790941685e+00 4.310890236980533530e+00 2.287641604083558100e+00
4.807704407003473790e+00 8.359724022257601916e+00 7.657949549679269552e+00
4.443175107403544821e+00 8.805214384098370317e+00 8.992195429748006674e+00
5.220545351067578999e+00 8.830061980697919921e+00 5.195844406598787657e+00
6.533810817576414465e+00 8.435170663830081850e+00 7.307816402405837408e+00
6.865156481361146312e+00 8.742497972922668836e+00 3.603194168536083986e+00
7.135702702307354706e+00 8.582351513120844544e+00 2.517996089504308532e+00
2.913752676686137910e+00 1.407138969234845405e+01 -8.849273065011100670e-01
3.908946984623489218e+00 8.908449438352393557e+00 7.063280463620660754e+00
7.297738318116097744e+00 9.437272779386130850e+00 1.060522604343986863e+01
2.680916165666794804e+00 7.397033283124951453e+00 4.410652941322533493e+00
5.437538666085698580e+00 8.312545643240234483e+00 6.498031890758110052e+00
6.069412942967614022e+00 9.029144454308394074e+00 9.907153563145598696e-01
6.210950422077047506e+00 8.623586951138509704e+00 5.706486626298637788e+00
8.019666577519814155e+00 9.033489139686773584e+00 3.541175792137372547e+00
5.244213027689356155e-01 9.312537872974834485e+00 2.613526846058168207e+00
4.970060657270752635e+00 8.964734841211349448e+00 1.953923578343530476e+00
6.569706587540837361e+00 8.432819291532874573e+00 2.278378335290385248e+00
6.501775641435814101e+00 8.636185033404306211e+00 2.322947778923243334e+00
1.180581652529593839e+01 4.509803209817990322e+00 6.369866272744298286e+00
7.609102072015520690e+00 9.057974297766879346e+00 3.221496304212602801e+00
8.193421740990286750e+00 9.156312259435996026e+00 8.219669713972486136e+00
3.749680637161010299e+00 1.294168935254082164e+01 1.203151865192877423e+01
3.188933748613310915e+00 9.250407354759632383e+00 4.975505708179652764e+00
4.702668137922255909e+00 7.111195701638180822e+00 6.773034886689704770e+00
5.387174268992920290e+00 8.945459414348066574e+00 4.105745947325618594e+00
6.199666178730672605e+00 8.423565059531659571e+00 7.490838490476849465e+00
7.375812254662582390e+00 9.166276369425833792e+00 1.900753015676347912e+00
6.596520169011317769e+00 7.880834338454246080e+00 2.203442962346007672e+00
8.173459211347688935e+00 9.218386865019134291e+00 2.743549965887438269e+00
-2.359723840157848862e+00 6.133906118519451667e+00 8.030939546536763896e-01
2.388881146300069425e+00 9.448021435379866162e+00 9.150272430096467957e+00
4.240464138493007518e+00 8.792533964427468263e+00 7.139817126284848214e+00
4.675809403599469505e+00 8.667943835441716871e+00 6.809556936835760688e+00
4.797441521945052578e+00 8.988444069295603356e+00 5.220883158467706231e+00
5.191536973579949255e+00 8.891207697543851651e+00 5.020232598288786541e+00
5.196741986250677847e+00 8.915417194677278445e+00 5.096987511948204208e+00
5.221613661748715884e+00 8.490408486690039780e+00 7.273695138677217287e+00
5.670910529548080170e+00 8.530706917680095813e+00 7.781591943674548872e+00
7.405535737461420354e+00 9.023401207302040206e+00 2.340054517755734587e+00
-1.144384371697473313e+00 1.927162788843832431e+01 6.645757014274378704e+00
