2.127100495685299908e+00 3.965498932621249611e-02 7.228691661202987895e+00
3.077801322640583592e+00 3.458294220174021327e-02 5.114994543163626339e+00
5.838692276638977496e+00 5.816930434753687928e-02 7.939513458356388664e-01
5.813579906715942158e+00 9.649405425382555357e-02 2.189163095971801365e+00
5.930342242832292499e+00 1.007186193941219110e-01 3.997960318972659799e-01
7.533182028656618456e+00 5.626383594866263271e-02 4.152103233167253826e+00
7.729716009423486689e+00 1.048131486919003652e-01 3.579085450036951332e+00
4.138178236281671474e+00 1.614730790497851953e-01 7.443817287264112181e+00
4.211567367118565386e+00 1.553326604793085486e-01 8.825184320359781509e+00
5.097183228889720752e+00 1.492798324550835276e-01 4.966614005793354103e+00
6.093699105793215054e+00 1.689260722309570140e-01 1.115537191256704030e+00
6.239993984089865720e+00 1.535614046840772517e-01 2.029037654112299194e+00
7.464119129266174824e+00 1.459853415633393936e-01 3.284201347854506459e+00
8.541190486482541644e+00 1.521371075885879498e-01 5.216867658885512071e+00
9.304984567867130352e+00 1.514126720763802891e-01 6.593746566805171128e+00
9.320939934307121533e+00 1.624932264233134305e-01 7.637792365296348862e+00
2.890086453370797059e+00 2.032883946392905483e-01 4.031323496730106370e+00
3.272126841945330433e+00 2.351712550637629628e-01 6.790745416645425081e+00
4.781880694537431253e+00 2.456892781792694991e-01 4.309649661369681084e+00
5.402971935082211630e+00 2.246971246976981473e-01 9.825071326322425413e-01
5.371910129064105810e+00 2.327786733849275258e-01 6.593888147867399852e+00
5.966348044757405766e+00 2.278667359811235027e-01 5.795400482698125799e+00
6.654107994785714020e+00 1.838734567973077105e-01 3.540894091043492869e-02
6.686081885535265279e+00 2.283099956482718684e-01 7.413576789863220995e+00
7.893283815434067208e+00 2.277198482827089698e-01 2.335700021551270655e+00
8.125046272479291787e+00 2.086988373637811423e-01 2.141956658354446041e+00
3.834118649821331992e+00 3.181199288553814286e-01 9.430154925508640318e-01
5.876337632762876240e+00 2.567151550929773762e-01 2.140907904276869278e+00
6.292046334942218877e+00 3.498731769010866577e-01 4.456162180428199449e+00
7.095259478742372394e+00 3.342133560616126209e-01 2.235632833628820038e+00
7.849268640818051423e+00 3.004571843772617656e-01 2.110506681696933562e+00
7.994355246420683514e+00 2.933329990051408709e-01 1.948074727338333645e+00
7.955066918598293846e+00 3.149800239516721279e-01 5.306979262632975924e+00
9.532416763111861258e+00 2.890970504338601366e-01 1.333598245287762385e+00
3.552200062359291977e+00 3.962652263881353276e-01 6.085373252796763666e+00
5.603053339758238494e+00 3.692444538789333430e-01 2.917573087907414209e+00
5.772797765903325384e+00 3.607091911494567649e-01 2.335464932791082138e+00
6.470376055356178213e+00 3.854087958239771350e-01 2.672927538241959944e+00
7.640654921688632584e+00 3.698877979074347566e-01 2.327375613107682817e+00
9.024908329754444125e+00 4.208471564678989418e-01 5.573573470228325277e+00
6.695021136669471185e-02 4.166854006022627788e-01 2.666669396039334394e+00
5.602326271626145271e+00 4.235663420244155652e-01 2.523392887127252404e+00
5.932445667581806248e+00 4.369118629583890190e-01 9.395831721954843729e+00
7.041624086891304479e+00 4.914408466038977519e-01 1.712649724996570644e+00
9.387562504575734934e+00 4.688056747046356332e-01 5.605955189485000822e+00
4.903024207824994152e-01 5.124851427726817565e-01 2.713582075114806980e+00
5.645084224018043884e+00 5.140743464370133298e-01 9.821553690904817557e+00
5.878153709643887836e+00 5.416821324431063678e-01 6.884747057890775679e+00
6.173682470344235895e+00 5.744301747121151047e-01 4.060661089265491519e+00
6.253327168880765008e+00 4.973245402158769091e-01 1.505741102531686915e+00
8.823899381759641614e+00 5.571425168696277908e-01 8.118765219099623565e+00
3.327979774242888045e+00 6.504348586894148632e-01 7.321923950622191590e+00
4.385400089621397157e+00 6.353931136589912043e-01 7.373127553533483924e-01
4.710376673717291851e+00 6.784672776921255588e-01 5.271647998361563836e+00
5.153349570317836026e+00 5.737243176751872786e-01 9.361907223691646962e+00
5.247444383653761868e+00 6.453107931871613356e-01 3.148535103435741167e+00
5.368581500885922786e+00 6.265159724446957012e-01 6.678142786786362528e+00
5.466212485759482043e+00 6.002737652508842725e-01 7.620533765406491966e+00
7.815024403575622891e+00 6.091240835816074117e-01 5.800720916604756638e+00
8.138865073434038422e+00 5.970737661411416042e-01 1.852129524445063957e+00
3.851173020464603081e+00 6.710622370648675616e-01 8.294265642516929216e-01
4.908117791040719879e+00 1.283341930056735469e+00 5.813953404046239726e+00
6.222246243818575273e+00 6.780563288086332019e-01 4.560580580867257261e+00
9.317287752883039786e+00 6.667873482551897046e-01 6.851126932112423518e+00
9.932557383581150035e+00 7.176935899755571002e-01 2.574121311614759655e+00
6.439376142975732797e+00 1.928335687444397428e-01 4.307437461383545774e+00
6.329727362531127888e+00 7.614446728191195390e-01 2.856809964351048059e+00
6.830066927474179650e+00 7.547715013118250216e-01 9.593055499741911518e+00
7.776167136810206770e+00 4.238231018799485383e-01 7.510313912491744404e+00
9.197785683456601191e+00 7.740687410452551376e-01 3.307678508417362107e+00
1.172669948040995891e+00 8.816096606189075535e-01 5.908814889239517143e+00
4.591879400215226781e+00 8.813718236770022862e-01 3.696767762550881020e+00
4.634097648808546133e+00 9.126864202501238088e-01 6.268739305663572736e+00
4.868237634397641678e+00 8.782616567908960725e-01 5.726852061031357799e+00
4.899927978510771887e+00 8.735275113801356239e-01 5.773177422927696867e+00
6.076348434484150296e+00 8.442196211577276399e-01 4.859991834370478436e+00
6.161107317020665164e+00 8.562199521296207649e-01 5.161631347632979150e+00
6.298646993032415153e+00 7.892100415642634426e-01 2.888838068625744882e+00
6.353240361449051576e+00 8.621319939771979746e-01 9.735577265487332710e+00
9.882921129302932428e+00 8.698087925565756162e-01 7.316032811691393967e+00
4.693656515005440788e+00 9.265259709764172014e-01 5.759148698329679128e+00
5.579118757277491625e+00 9.298083793768061600e-01 6.766300828631611530e+00
5.795177524758880594e+00 9.161388406176487198e-01 7.006737899811326997e+00
6.673751121831606348e+00 9.053899861528417192e-01 4.038499398317581424e+00
8.843398155314533327e+00 1.330487251500942936e+00 7.941332377305318602e+00
8.517285598562640558e+00 9.295025094911901764e-01 3.158155482499336308e+00
9.131360636859874091e+00 9.509466924281417821e-01 4.802343143668499792e+00
9.738953599696033692e+00 9.515523471727741489e-01 4.717316017514114890e+00
4.474352753746929423e+00 9.853198922654731184e-01 6.023423629788884348e+00
4.794267125305646360e+00 1.033491020215251854e+00 6.399347396863921844e+00
8.172600473878732785e+00 9.791498016961589501e-01 3.406513555896676371e-01
8.250036733972491376e+00 9.956812005745159233e-01 7.365442196320741708e+00
9.288176154796477846e+00 1.049432476436779282e+00 8.159360862572103912e+00
3.741363667370444457e+00 1.060019154103579941e+00 5.909405969873469111e+00
4.555119784513427028e+00 1.122124221372654107e+00 6.943128687855837811e+00
4.852675098799844378e+00 1.107266479650384827e+00 5.259912121282629194e+00
7.474961122179996309e+00 1.094140909480910473e+00 5.908180587191930400e+00
4.061212403345027866e+00 1.145657941691800907e+00 1.897327538381199830e+00
4.774123091412350028e+00 1.143677434621074518e+00 3.579306010432557805e+00
4.784652243699516028e+00 1.133222372242292053e+00 5.171760539534348666e+00
5.491280198963438330e+00 1.167190090006767544e+00 6.827165095392232708e+00
5.485583380311165769e+00 1.143245747724290773e+00 3.403383032881839299e+00
6.300388911144548132e+00 1.178811346820883177e+00 1.283653525366766246e+00
6.283729970581733326e+00 1.186159446384392080e+00 7.694056760241933191e+00
7.570933879586731585e+00 1.198555780020863049e+00 7.015106659036201897e+00
8.883169710760569160e+00 1.122100021304520245e+00 1.613684048718267761e+00
9.829496857428356549e+00 1.144337256223018517e+00 3.612222206477982756e+00
5.661216353745135876e+00 1.253938794262236422e+00 5.064685761678951792e+00
8.072197429389676770e+00 1.247408255904035812e+00 1.731836910985957712e-01
1.759321685875553376e+00 1.342069860792766578e+00 9.361359076475118002e+00
5.110179407707921229e+00 1.307926378926188127e+00 5.236479910818122363e+00
6.261723150342421107e+00 1.318492151764920184e+00 5.418643835522488850e+00
9.247675050650640216e+00 1.292145526042041581e+00 4.924886333053477117e+00
9.800382456298784462e+00 1.354758277648263398e+00 8.006177295276355466e+00
5.842973261821573061e+00 1.359875888918248510e+00 4.646966451405448062e+00
8.682479272080545485e+00 1.350892232087431699e+00 1.871593618137149528e-01
7.812728265584650833e-02 1.496652621179493714e+00 3.874220286386485412e+00
4.535071966059598836e+00 1.764472223913840621e+00 3.602770373069712928e+00
6.218735547696164545e+00 1.440676717366471404e+00 6.175925620135922500e-01
6.203506275688082106e+00 1.503652293377743643e+00 6.333843893589991225e+00
6.905346011819402108e+00 1.511283248215494979e+00 5.940939649858789195e+00
7.007648017699821708e+00 1.468637601272328341e+00 3.200348776781031912e+00
7.134102112529705053e+00 1.463358065041830081e+00 3.031230272648262947e+00
7.616489156922876091e+00 1.455002263601524959e+00 6.102387708689019696e+00
8.413389539953225693e+00 1.498591923373255863e+00 7.247746151126570169e+00
8.798421613351051107e+00 1.504211603693844213e+00 7.173714791228690046e+00
9.734704299013573703e+00 1.493626917930576337e+00 7.232300442744923785e+00
4.264513501010651630e+00 1.574605854228621649e+00 7.127608503413330965e+00
4.641864169106173499e+00 1.581532027341020052e+00 2.555287338325898272e+00
4.897958216301036671e+00 1.265396301865889139e+00 2.615524846545202564e+00
5.340828895778117591e+00 1.532145404153756996e+00 7.163031035583870221e+00
5.667363180813229206e+00 1.596198574617217814e+00 8.050229318184136673e+00
6.070054873983565358e+00 1.537972514623723308e+00 7.046482819773778772e+00
6.335432249359111978e+00 1.526700865834163201e+00 7.985049470407769689e+00
7.471768338020750910e+00 1.587883196657874141e+00 8.217331802629928461e+00
8.171460812253506845e+00 1.551623520405379431e+00 6.553873893765286951e+00
9.349711297114160047e+00 1.536609845359712345e+00 4.241414117443514264e+00
4.692812703502536209e+00 1.656247745743823385e+00 4.494055883388753614e+00
5.105551265255611426e+00 1.642909182874628282e+00 2.911123325183936572e+00
5.747690115747944084e+00 1.647165169688436404e+00 5.801246139079627717e+00
5.900044725091554199e+00 1.627458238526038325e+00 3.456464327999678510e+00
8.356876581107636426e+00 1.636666704570959752e+00 1.014138514251425871e+00
4.703300750868958602e+00 1.703115381037950016e+00 5.705458523938053972e+00
5.190558093383690341e+00 1.742364918413974229e+00 2.448452649465428621e+00
6.229327715942368116e+00 1.663616718390657612e+00 5.409801626830253340e+00
8.374702204673670991e+00 1.675848153118712602e+00 6.434610306107173550e+00
8.469549499766236167e+00 1.720905574684381767e+00 5.717469818211487365e+00
7.988908707383736152e-01 1.764218766851195275e+00 5.127615640791685081e+00
4.687086207373779345e+00 1.795463399378870673e+00 6.707797946636459230e+00
5.303150054189744722e+00 1.814345867447897831e+00 2.649244892780050264e+00
6.135952218678622394e+00 1.738045864621687198e+00 3.114096285390373531e+00
4.474652157307792422e+00 1.877334756411457306e+00 4.223492900065854094e+00
5.228794556903092250e+00 2.172709337909828342e+00 2.486779106067000811e+00
5.504037801597874591e+00 2.406574853208657938e+00 3.032000891346925187e+00
6.516968540901617146e+00 1.880546483858171580e+00 6.438159414680656667e+00
9.432937222455201720e+00 1.839176246295321615e+00 5.490096641692545631e+00
1.010344896273511672e+01 2.129295179594480114e+00 7.366701167168301367e+00
9.131064306907788364e+00 1.576983528807278656e+00 1.014691734908859644e+01
5.311345800188768784e+00 1.517102082803527097e+00 2.793455045931552139e+00
5.084261866640872540e+00 1.375842502640965304e+00 4.369067161204861272e+00
9.385423361061393521e+00 1.944308046362631437e+00 3.025817530163112057e+00
9.606086480649945969e+00 1.914015420598915496e+00 8.203620158040520138e+00
9.893766163303634897e+00 1.928998541792969590e+00 5.026275397808043444e+00
3.877199593283005896e+00 2.057652688008721142e+00 5.864235672973328484e+00
4.919334988723630175e+00 2.002865822360413883e+00 2.009290096260879732e+00
4.885511618358473918e+00 1.997879796711421019e+00 2.178668151224059102e+00
5.768444162853020529e+00 1.985468449949095326e+00 4.382041959285716715e+00
6.438737548444166237e+00 2.034621636148442825e+00 7.127849882604200715e+00
7.668727531351859028e+00 1.983105134940293279e+00 3.370211195795501880e+00
7.918845796909014467e+00 2.052475944162092780e+00 6.809195640567642371e+00
8.247550406939522460e+00 2.096667085531858543e+00 7.947380444747704331e+00
1.359303875004901574e+00 2.072501954732486329e+00 6.500326115786924319e+00
4.395678976732288135e+00 2.081157706284625153e+00 2.321734124199098748e+00
4.430376030850566416e+00 2.072300133688670165e+00 4.730299901042025468e+00
6.392253989954639337e+00 2.062539609093292370e+00 1.515373400983264229e+00
7.899116624728076630e+00 2.121552712400033514e+00 5.588506591573863425e+00
9.441828342628811654e+00 2.071146387627698537e+00 2.913904337094323171e+00
6.699423588031877541e-02 2.161077053482825860e+00 5.483744859124384696e+00
4.924312061169119348e-01 2.130915308207171233e+00 4.667347134900724726e+00
5.463720897637787566e+00 2.168671075948865656e+00 1.390256015477571438e-01
6.317726671688546958e+00 2.168750495398700462e+00 6.973012417177979927e+00
7.710972221850640906e+00 2.206820548360424183e+00 5.006384225891951090e+00
1.255319995474637906e+00 2.258636003216690558e+00 4.847947733850856977e+00
8.008023760787571277e+00 2.236528307506249647e+00 4.898919664003295260e+00
8.142204623734981439e+00 2.233987347214850594e+00 5.809294621597267394e+00
1.404984191798699600e+00 2.356152747549388415e+00 2.239262648509526166e+00
4.907769329761086929e+00 2.305667266942924343e+00 7.904961564714241717e+00
5.151365710108620988e+00 2.301551265249653255e+00 5.501744993729354327e+00
5.218643431415676659e+00 2.306349332138874164e+00 2.866225653039075727e+00
5.395196289729064176e+00 2.326173082506389544e+00 5.835745135155919527e+00
6.243413629119498154e+00 2.333712768850137564e+00 8.079416971778483614e+00
6.503581472585000967e+00 2.306892608452512317e+00 5.970297582784997559e+00
7.629526693526626602e+00 2.359020880200890513e+00 7.684649091093157303e+00
7.881683675540573475e+00 2.286374000263624140e+00 4.667401955143681391e+00
8.246259083071889151e+00 2.406183786395451829e+00 7.781653141439297094e+00
9.140948942700976687e+00 2.351282466300985696e+00 4.421154123259565694e+00
9.375448367250308834e+00 2.343117051938181206e+00 5.475916542575857804e+00
1.453207116182244074e-01 2.386965601466080056e+00 6.854837115524382796e+00
6.455346488863916932e+00 2.440531775512443602e+00 4.860195379017225648e+00
7.042467096221127321e+00 2.420787310038477358e+00 1.097575229429577970e+00
8.541536632701188125e+00 2.369329722083521883e+00 5.517067359323803544e+00
3.831250438048645623e-01 2.518017596457079232e+00 3.783434957281560429e+00
1.534839965589692268e+00 2.500886342129122752e+00 6.739789066643614213e+00
1.635104087744516654e+00 2.496483734824275214e+00 1.891858809541160813e+00
3.598824328700833242e+00 2.464645547229953770e+00 2.294418457497344299e+00
3.900260999479089108e+00 2.448245955679821506e+00 5.559693347694360632e+00
6.116368441233571929e+00 2.469004291504731441e+00 1.648610975106602261e+00
2.877039647446386073e-01 2.568503481154704282e+00 3.717512301371802330e+00
1.473981523740949040e+00 2.485632908048547307e+00 2.319252380980366013e+00
1.578420101936645947e+00 2.545657576802063282e+00 6.644470694147743828e+00
2.243079823435275344e+00 2.587362067034718827e+00 3.705666442941857319e+00
3.612586422061582425e+00 2.525560715879157314e+00 2.849797092575285795e+00
4.790683602766867999e+00 2.543208474976146771e+00 6.187988269634313809e+00
7.213710725794515000e+00 2.616034228322972499e+00 6.717960247043055055e+00
7.558638392468885137e+00 2.573856613251062520e+00 6.798093784102964499e+00
8.146804771328321593e+00 2.545001327082397680e+00 7.674197230203619213e+00
4.489409503041263960e+00 2.636575099641373043e+00 5.881287843192989584e+00
5.982406617008400929e+00 2.642879826413599531e+00 5.927766223321384587e+00
7.125078383617005073e+00 2.643327224791242713e+00 6.495125186831498532e+00
7.317995206796314989e+00 2.706551880882640759e+00 8.520057313273715849e+00
8.541632814543442365e+00 2.667440289610088833e+00 8.154482808842686836e+00
5.789691891880332619e+00 2.736557178896331877e+00 4.456350420291170344e+00
5.985525221412773433e+00 2.715151938411560106e+00 2.290603931380787106e+00
6.276910618423675814e+00 2.705901701871635368e+00 4.738338688688655154e+00
6.475091173269474254e+00 2.704933544334368278e+00 7.885616055004035729e+00
6.835491166478744773e+00 2.739918280163676556e+00 6.086867907513859866e-01
7.026460329380339154e+00 2.758512077488038283e+00 6.858780398992315952e+00
8.791020040019631665e+00 2.760151651846052268e+00 8.309507707455829006e+00
9.751088380592133342e-01 2.795176880482030057e+00 6.904000378458023668e-02
6.120391922312270694e+00 2.773191798039083444e+00 2.525527887495557344e+00
6.612633593092272832e+00 2.833047970015680761e+00 7.060698777548662264e+00
8.082154256318245800e+00 2.784455400564620486e+00 7.925727898780902336e+00
8.464797832827333224e+00 2.843724045279569790e+00 8.332424094802771464e+00
9.590079644795908465e+00 2.786863308388772609e+00 5.334202193567804784e+00
1.701240067576899051e-01 2.829270415003855454e+00 4.691136653055600902e+00
1.161888686787075464e+00 2.890196431242863184e+00 7.067274988842043193e+00
3.259480783527931802e+00 2.858087692278750147e+00 3.731958801722071062e+00
5.045932213742941208e+00 2.827609336002397722e+00 5.057653636712817757e+00
5.574480021975917410e+00 2.912898720489115245e+00 1.910643580758595306e+00
7.574514430499238671e+00 2.892397674523033757e+00 7.954691144288592142e+00
8.734554762309805653e+00 2.888934786946089073e+00 7.840165699491879359e+00
1.233375294307520686e+00 2.991082688676458545e+00 4.809750532360687281e+00
3.187547515214356864e+00 2.954262527165083974e+00 6.876402706579730406e+00
4.283901124937720795e+00 2.965494116100351185e+00 6.339250338952076902e+00
5.558210802958705621e+00 2.920092613002099213e+00 1.901872947097875244e+00
7.501871540587830012e+00 2.942300649974114446e+00 5.050291885157355054e+00
8.926981980452337595e+00 2.917803779469068104e+00 4.820530241939639637e+00
9.020985856414320381e+00 2.912987066024760985e+00 5.100708257427777781e+00
1.065354513634598543e+00 3.026054270496732812e+00 6.649057893766468830e+00
3.802226131759358196e+00 2.993968871706855328e+00 6.157551174180033726e+00
4.520662682388229214e+00 3.052051412649647855e+00 2.850335328583716521e+00
5.469830263043239604e+00 2.998520042750066672e+00 6.223007196527174045e+00
6.700351074935925411e+00 3.032641077449024447e+00 5.655059003477147073e+00
6.979009033698956088e+00 3.062084912054084285e+00 7.550518903180213570e+00
7.091230858785643854e+00 3.095411509921086157e+00 9.048167067192775193e+00
7.242323594687906763e+00 2.990421773458296517e+00 6.819106275868990430e+00
7.634421991152908760e+00 3.045827725295305655e+00 5.315370061102980159e+00
7.716956365630862180e+00 3.014827000201082186e+00 7.105509613762965415e+00
8.520126078295163552e+00 3.061877493071112344e+00 8.433836755669844365e+00
8.841360639139939082e+00 3.048146115733854966e+00 5.620174220647107255e-01
9.272964291814671245e-02 3.058446215926597489e+00 6.826622796261627713e+00
3.280681425402690810e+00 3.090686992678274514e+00 4.548710368544307769e+00
3.855259594567508330e+00 3.057834349828839393e+00 2.803293137998016160e+00
4.020983287901094272e+00 3.066049141262030098e+00 2.858581401693708113e+00
5.088578548342145957e+00 3.066788214822111946e+00 4.439633871585842328e+00
6.313646575532213312e+00 3.114093581706057101e+00 7.699692459742716544e+00
8.488768704007268795e+00 3.129734055994720876e+00 9.280490689979300711e+00
9.292697936780303536e+00 3.132580884129435361e+00 8.696373392176848682e+00
9.574091525725231477e+00 3.111744213498539580e+00 3.790261907850847045e+00
9.712338293457952076e+00 3.059320309825147355e+00 5.311930458323558923e+00
9.739088349762669239e+00 3.054574568723218864e+00 5.253993510873444350e+00
2.889996664911428370e-01 3.143826182400551339e+00 7.323292445361042624e+00
1.518627585207379393e+00 3.212736734482074752e+00 6.306889126892041730e+00
2.440818652106906406e+00 3.153530497003943722e+00 6.482084215269305005e+00
4.599680561265376610e+00 3.173759939810528063e+00 4.139951442119470748e+00
6.569917971950547830e+00 3.179069999125685886e+00 7.151254493320993610e+00
6.785849324133315541e+00 3.210251849443513272e+00 8.493358149119224265e+00
7.759214082987675454e+00 3.191761884762697399e+00 7.939364664121114856e+00
8.061402500286366291e+00 3.270357385046216869e+00 8.515067110254122440e+00
8.444833110219221339e+00 3.196197838479845288e+00 6.100553694989258702e+00
8.769486876951877008e+00 3.226913399508753777e+00 7.115565027440003298e+00
9.733770203062636739e+00 3.195924110153582021e+00 7.930894168399900579e+00
1.323121834861510804e+00 3.221243012714843701e+00 4.861458641878863673e+00
5.159732036338306571e+00 3.210944785826694847e+00 9.670012706075847841e-01
5.407330612637665013e+00 3.260417595984394623e+00 6.419595988373075102e+00
8.911317980318058218e+00 3.222408251015513425e+00 4.612873532973390311e+00
6.718861733628187949e+00 3.351386183082777581e+00 2.434685384371837902e+00
6.983660057537784738e+00 3.350092844253802937e+00 7.026109130761057031e+00
7.208451410388432734e+00 3.330268380324846511e+00 7.535212792391250858e+00
7.433781114240309407e+00 3.388666029673264024e+00 7.670066073752366265e+00
7.960808075299055098e+00 3.351320110541207598e+00 7.044640691105675145e+00
8.236193430624844325e+00 3.337275069808876893e+00 7.222586858928985443e+00
8.276818255713150663e+00 3.350917511377826230e+00 8.394035593934018991e+00
8.661412561977254398e+00 3.316314633889794639e+00 6.557597153415219537e+00
1.512746143554104528e+00 3.450074814541854717e+00 4.191747932200570403e+00
4.725539599195084151e+00 3.408832309652733095e+00 3.706023838130454884e+00
6.706190252476520897e+00 3.435067690438626808e+00 8.783553218189158684e+00
7.580543923481593893e+00 3.442419013935711813e+00 8.084959973803719890e+00
7.674139349402897992e+00 3.432440321701154318e+00 5.995256800908418171e+00
8.468032255823509047e+00 3.384698830097353284e+00 7.194907245223587822e+00
8.833824094227622936e+00 3.419649905346306085e+00 5.214759945532712493e+00
9.552031793092005785e+00 3.430200549309531777e+00 4.719025191380013418e+00
9.554575438399540488e+00 3.370682812607939560e+00 8.176551553728881316e+00
9.838259666919697111e+00 3.459863835325347026e+00 7.319972601462508166e+00
6.383915027800692421e+00 3.505889766912191341e+00 7.883033583911166708e+00
6.703116498322362560e+00 3.541163457392062064e+00 2.856073900737633231e+00
7.987995956265736552e+00 3.473109137017685200e+00 8.622221980673664632e+00
8.366356045597008517e+00 3.458749451488725590e+00 6.187088378976348224e+00
8.841749088529221368e+00 3.433821649961462441e+00 5.097730559810850437e+00
9.165987681027374379e+00 3.500379264319052552e+00 8.390863681181572886e+00
9.590714275700609193e+00 3.485225948690734654e+00 6.165937426452224202e+00
1.211941726986160983e+00 3.562272276891282452e+00 4.954466414927630957e+00
1.405330256601828864e+00 3.556738532030457201e+00 4.090505704747323890e+00
2.274354001303167561e+00 3.580676180231255668e+00 5.038491584494964037e+00
5.011076305266611186e+00 3.519306678165015967e+00 2.133390149487030207e+00
5.728707057496293054e+00 3.611453382402847634e+00 3.645055087176387598e+00
8.154005300574574733e+00 3.572792991252634831e+00 9.057885488279794117e+00
9.694842977774531079e+00 3.557449298971555596e+00 7.385762137063570876e+00
4.046255571931652861e-01 3.642569604859819066e+00 4.988479593570322557e+00
8.940049335852788825e-01 3.622953126806454982e+00 2.042171715076703808e+00
1.520321704736493640e+00 3.652951375482101692e+00 5.661086089173236857e+00
1.996848991929023986e+00 3.641241254146781792e+00 5.800073726532513518e+00
4.141914716790126683e+00 3.674586211247989453e+00 4.621971462449430135e+00
5.128364613593487498e+00 3.666952168596217199e+00 6.221235540475007042e+00
5.550212906114803779e+00 3.670986439835342452e+00 4.619327063349250473e+00
6.675159494417533423e+00 3.646614046194001091e+00 7.352053242938238142e+00
6.729629047415945031e+00 3.578032760759846553e+00 2.860356138965972406e+00
6.779217045571455991e+00 3.725583709383154751e+00 6.956182804925472141e+00
7.095839292573277390e+00 3.655299619404650091e+00 6.809512265228168992e+00
7.225376664635858148e+00 3.688821884943927820e+00 8.985241100937166436e+00
7.416569259364921507e+00 3.693867587373565353e+00 8.659473476163878303e+00
7.730257391682339829e+00 3.659026683129105617e+00 7.977815426312051983e+00
5.310529747566389069e+00 3.708332089784138752e+00 6.928885389582971399e+00
5.653492120064911752e+00 3.697298654295134046e+00 3.057576647089252475e+00
6.339613742111062322e+00 3.742064148532225687e+00 6.415120537289094926e+00
8.121947622845061332e+00 3.738709635895136607e+00 5.211652729224852010e+00
3.389230838421791736e-01 3.771879602685085153e+00 5.326248261079264523e+00
3.708158871515876420e-01 3.781871900152140142e+00 3.558886378083346624e+00
1.979185701942459907e+00 3.830137535390774062e+00 6.727996673734342181e+00
4.285196078760914240e+00 3.781845177494801646e+00 4.083082660328777536e+00
4.741779267941393705e+00 3.781521680682828013e+00 2.379253551738480965e+00
5.109737765667997422e+00 3.819156956035395289e+00 3.388781593641008172e+00
5.823880978269954767e+00 3.750486975645961341e+00 3.761717278759786343e+00
6.779562254823063405e+00 3.733613119419622706e+00 6.949464389428335664e+00
6.855264712464843591e+00 3.820511253430308507e+00 9.580151492217531484e+00
7.051742935389131439e+00 3.796153107997033871e+00 6.778839165802803546e-01
7.722016216162581159e+00 3.797174204225471250e+00 1.371918832866993565e+00
7.804330937560088444e+00 3.805110224030705979e+00 6.731679051038541139e+00
8.009948601328279238e+00 4.032020084597430554e+00 6.763637901938702512e+00
9.586165895516783664e+00 3.790515777697045507e+00 5.016932339406309005e+00
7.813681277200670294e-01 3.872266793333394297e+00 6.611016544698482988e+00
8.915350582157464121e-01 3.857768872256041703e+00 7.195651545412979466e+00
7.518419037131698346e+00 3.907754958172223070e+00 7.489658317825017342e+00
7.328506677646085876e+00 4.192722389207866662e+00 7.436989801375240461e+00
7.907604979481069662e+00 3.568318194057083836e+00 7.695373147384966472e+00
7.941733388161565266e+00 3.925883654558158131e+00 9.890963929535038446e+00
8.143584250811123582e+00 3.890139719879371238e+00 8.082238105165899356e+00
1.094223758053356921e+00 3.916622819384131926e+00 7.010577624091661519e+00
1.762837326691180984e+00 3.941233702716051113e+00 2.487538149936417309e+00
4.990886962295784990e+00 3.945643959289123259e+00 3.447116338425238791e+00
4.971595594071743562e+00 3.977150961779085225e+00 5.359056842608813653e+00
5.752777569348346276e+00 3.958009029195697082e+00 4.679737805726142952e+00
6.856213208941225545e+00 3.991771073679087678e+00 6.573928672634594683e+00
7.670153462156146240e+00 3.612608275212380260e+00 7.709846289420074328e+00
7.876927898722741794e+00 3.912795829951527082e+00 8.357696533981537002e+00
7.962500290635553313e+00 3.927759221229085718e+00 7.011031291254731457e+00
8.311012557782197163e+00 3.923386361839074965e+00 8.193596158389500062e+00
4.798939023775325996e-01 4.030906969883334412e+00 7.546474803350064597e+00
3.797754848910497749e+00 4.065730828230880611e+00 6.126265400557070251e+00
4.808324987920640226e+00 4.050514144320392695e+00 5.497351980307938035e+00
6.474920234664763186e+00 4.070770063917888315e+00 7.544615233936090348e+00
7.291121575110400599e+00 4.052342489500094125e+00 9.503760069451953285e+00
7.865474143181550026e+00 3.984236149509471581e+00 9.839001765391900634e+00
8.339122524013770743e+00 3.998948593411959962e+00 8.863207994983003601e+00
5.425584758071607894e+00 4.134072467073865553e+00 1.125643094341753692e+00
7.087758958533184384e+00 4.143620713418003199e+00 8.229773880012707821e+00
7.208045084944507686e+00 4.150036855900969712e+00 2.140493613772955217e-01
7.114734989137691201e+00 4.241092697231878539e+00 9.162905570397791521e+00
7.386112674981202275e+00 4.002817566718309905e+00 7.993867521315479507e+00
7.603293728734401569e+00 4.136232685755470762e+00 2.493022704957209346e+00
7.981450581359046836e+00 4.114254506471699990e+00 8.931053121690373686e+00
8.157061957008703956e+00 4.101164301581145644e+00 1.440819833444775544e-01
8.508636943790973461e+00 4.056879740606341933e+00 8.067972422179121139e+00
8.677812177926560011e+00 4.094339194138904681e+00 8.108717776235792485e+00
9.001764511495782273e+00 4.111368600958456909e+00 9.035490220681431595e+00
3.018289604011564986e+00 4.198243604429793052e+00 8.133638329932717070e+00
4.518994636726559655e+00 4.187767209619598141e+00 3.088454738082866857e+00
5.047338880959699736e+00 4.185071330114427113e+00 5.848866543956134478e+00
5.662509271891063456e+00 4.162182585252455880e+00 5.100957355880770372e+00
6.304754974293484970e+00 4.162981102693061430e+00 4.496816418185611397e+00
6.713937757121911432e+00 4.164168568684893934e+00 6.457327497990414500e+00
6.844276291939827672e+00 4.162228195910040895e+00 6.476501849086921503e+00
7.063975037930820378e+00 4.219849876172918179e+00 8.437811672915049854e-01
7.183876763800994603e+00 4.171655424280119817e+00 9.379018857791457719e+00
7.592889782363288376e+00 4.170651865588226315e+00 8.841327018082637323e+00
8.744468187884187671e+00 4.209438849495843904e+00 9.651204413793067260e+00
9.235385134040370758e+00 4.199466416511890010e+00 9.732887136298346675e+00
9.417090467593702385e+00 4.160370195846590846e+00 9.091381505039098698e+00
5.590695557210209721e+00 4.204598741387989058e+00 5.015070242171725923e+00
6.678574106726291149e+00 4.247999889460321477e+00 3.177977858025674340e+00
7.070413960063852699e+00 4.237590642720496348e+00 9.466789668872666041e+00
7.110530799369774613e+00 4.185488516107954915e+00 8.228920111707928697e+00
7.999945378655510808e+00 4.244156765711877277e+00 1.992688861252199573e+00
8.925575188478724442e+00 4.265933355907663760e+00 8.741756051988305742e+00
4.288565438040356170e+00 4.338888813373795728e+00 4.294629796296614899e+00
4.325267651577247463e+00 4.346087642803484918e+00 5.654411503734050548e+00
4.965904415790934223e+00 4.354966175219608715e+00 4.410218965427006310e+00
5.034415706900436049e+00 4.290645569758870792e+00 3.497862909089184402e+00
7.119144538476525064e+00 4.328522358738688069e+00 7.386203853991679225e+00
7.257951340755921521e+00 4.318054955636364767e+00 7.601605808905468109e+00
7.564132181617448936e+00 4.361069802202327317e+00 2.142078383407794995e+00
8.709441382203392479e+00 4.321127503125337554e+00 7.718478529437957647e+00
4.807046305200186609e-01 4.408352746954415480e+00 8.379102345304147548e+00
1.109189331838100312e+00 4.426646421865974013e+00 7.565749297311425536e+00
5.636990796193073194e+00 4.415383000560754390e+00 7.892496233233436520e+00
5.648265028611980654e+00 4.457962548908672495e+00 6.336604069556130092e+00
5.479728797829713116e+00 4.619233933985090523e+00 6.991820822898417553e+00
6.236223679911918616e+00 4.241447876671454509e+00 6.700469055381897299e+00
8.051852191414006654e+00 4.389093553761874489e+00 8.494802834178662110e+00
8.492364456750772561e+00 4.427977505693220017e+00 5.000971177828656966e-01
8.630039499246318968e+00 4.592429010476004159e+00 7.020472046019661683e+00
9.262822859991510782e+00 4.388321909371166285e+00 8.591335328371146218e+00
2.165352054885770539e+00 4.536503318136465346e+00 7.043797673979943497e+00
4.843915670713664134e+00 4.524945249927379898e+00 8.114633891843509028e-01
5.534852708515347608e+00 4.499113221040229149e+00 8.069317302429553251e+00
5.825374437258341587e+00 4.470713218372889486e+00 7.362391270799658827e+00
5.971843426777383890e+00 4.484476473975654187e+00 4.143831952382524442e+00
6.397533944309773624e+00 4.516884303953814239e+00 7.006013085621491499e+00
8.471001679666224859e+00 4.463462071423561106e+00 9.020435909277287223e+00
8.581222952354028877e+00 4.470427794257518350e+00 2.580772489128810854e-01
9.123839577592558925e+00 4.365050049450236891e+00 6.424111276547820104e+00
9.462980710417317809e+00 4.517508583468389460e+00 6.778356766336054662e+00
9.872943571276826091e+00 4.481176867783299933e+00 7.354068502239645255e+00
1.004026870974666696e+00 4.579028764340573154e+00 5.114904394586485381e+00
6.793413143203278715e+00 4.593187582153801962e+00 7.545013320097556431e+00
7.677133701109701391e+00 4.532048203812466092e+00 9.554186506487015507e+00
8.194780014849696315e+00 4.577011550254629135e+00 1.321353945299314159e+00
8.672572079079749585e+00 4.567616676800565045e+00 9.869845666503104908e+00
2.233452132716294170e+00 4.673165623447366634e+00 7.166917831368452063e+00
3.634234477678055519e+00 4.600852282985386843e+00 3.782947942077932613e+00
3.864609730324433556e+00 4.682761548961965836e+00 6.409130518856901659e+00
7.126506571659959377e+00 4.652067796506629271e+00 7.469444256060254972e+00
7.745760996271506826e+00 4.602014810735387762e+00 2.133228937473468978e+00
9.550348542893445369e+00 4.660486611346105867e+00 6.408105927013581393e+00
2.781733461414568787e+00 4.760062229809619794e+00 8.165206059134884953e+00
6.014449316295678472e+00 4.736143182636550542e+00 9.422274097700960027e+00
6.626213958510677848e+00 4.712155384455083862e+00 8.395058180676191029e+00
7.721148073808768331e+00 4.739692784926505809e+00 8.632768029655915498e+00
7.797299134260404330e+00 4.684869115385074778e+00 3.012774939158040954e+00
7.847656909033413619e+00 4.694651657784000953e+00 9.632300548844510146e+00
8.245577612560689218e+00 4.686653045022850073e+00 5.337999032922736475e+00
9.252246992821824279e+00 4.711917003070479559e+00 4.882839986961736711e-01
9.435741053842342296e+00 4.718336814174010740e+00 6.957779488437188853e+00
9.593150737471599854e+00 4.716771064434904126e+00 7.832074139666717727e+00
5.424069746752952170e+00 4.792590270871945890e+00 6.227392338258190385e+00
6.768911509756107669e+00 4.813550315108141575e+00 8.482090010013310533e+00
6.994533865566960884e+00 4.817900126461027277e+00 8.225398246067167074e-01
7.206504287843615408e+00 4.813722542807491678e+00 1.171492594608162019e+00
7.207313765357419300e+00 4.814243317233381170e+00 6.475676649578958610e+00
7.521487885028673048e+00 4.767019057149968653e+00 8.015055878748324147e+00
7.994222081077134945e+00 4.791003282695668553e+00 3.891008029761488629e+00
8.541511422858292235e+00 4.755862463393428996e+00 8.801516362507943114e+00
8.580463677158096658e+00 4.766664287881895667e+00 7.851021760551030404e+00
2.010321085424636944e+00 4.906226473723866555e+00 8.376833946199882419e+00
5.137366106932043763e+00 4.884925644583021587e+00 4.885374433173916842e+00
5.744053978601321830e+00 4.896693444015284946e+00 5.238272676695554964e+00
6.296834144802526012e+00 4.908728256441825089e+00 9.666940485009732242e+00
6.825880427303133935e+00 4.874343081527507948e+00 9.065618703310290627e+00
6.895748283341048612e+00 4.925699163185753626e+00 1.722479139938122294e+00
7.516758715087530796e+00 4.831810372895726680e+00 8.620948397220901782e+00
7.871139648700402169e+00 4.854675594470954536e+00 8.401037884697018399e+00
8.655871508808013814e+00 4.834986537564148534e+00 8.472020589061777684e+00
9.035620869822132306e+00 4.913131730068755587e+00 6.500460617553525111e+00
6.582801746422488165e+00 4.996474083026864577e+00 4.156735232919032130e-01
6.790997059067089836e+00 4.898290671273997532e+00 8.547231554691574473e+00
9.028706418718465798e+00 4.895271777267820035e+00 6.485466511359646802e+00
1.532013586656364668e+00 4.999589910412369775e+00 3.947295514093349666e+00
2.580879954872170146e+00 5.052375475979194341e+00 9.071430131982602063e+00
4.317637395927033772e+00 4.999561609241232496e+00 5.430524130964954566e+00
5.389614965770473276e+00 5.004512041839479508e+00 1.827420337147753759e-01
5.743672861572591160e+00 5.000874322132450089e+00 7.781525301756372137e+00
9.135098922829057999e-01 5.109768894674166617e+00 5.091406118899628908e+00
2.405515900688147468e+00 5.148962790898181652e+00 7.190567680523729521e+00
4.700533431533842510e+00 5.090677135650462759e+00 6.130601163057794345e+00
5.169963647399402618e+00 5.123886356964779232e+00 5.357163652106353702e+00
5.251778323757158695e+00 5.066360596278400408e+00 3.464641699185525781e+00
6.129742092316738500e+00 5.133569897609063126e+00 6.622460739700127164e+00
6.948252543097828138e+00 5.054352849095790745e+00 8.848528787500052672e+00
7.148887155493083512e+00 5.113229652350712584e+00 7.961592300578948844e+00
7.169083373735913867e+00 5.080814131721388627e+00 9.050624687307609051e+00
7.591619307948385575e+00 5.188800501645408403e+00 2.016919089666104614e-01
7.874575840979349373e+00 5.087422372836760687e+00 6.359365852112391693e+00
4.616116478170353865e+00 5.214697736936597217e+00 9.742138599911662311e+00
5.625701170453951683e+00 5.172795713678206120e+00 5.109192992967617641e+00
5.795260974226181361e+00 5.234217406849456466e+00 9.915029807743438894e+00
6.858608580223562790e+00 5.149310621854248815e+00 1.948762648824018617e+00
6.867296073688981650e+00 5.185111964947283880e+00 9.866509651111654122e+00
7.811592194975595760e+00 5.163642984874039499e+00 4.586871852537605321e+00
7.897992374807223825e+00 5.204405133773272851e+00 3.777256783032250098e-01
8.288727699824418593e+00 5.168290810106845434e+00 8.003709779003617797e+00
4.970906687197160778e+00 5.262129903159818767e+00 5.536841528782161959e+00
7.680400722234367983e+00 3.177674353822646403e+00 5.079763336868186485e+00
5.584854710259187449e+00 7.350099430417912139e+00 9.780315103767341256e+00
6.760702084541691192e+00 5.304309610760117977e+00 9.672087082754204701e+00
6.837123854439735027e+00 5.231752939786908030e+00 7.844947903195563121e+00
7.278808055931833998e+00 5.234573999320909721e+00 6.201560233949816592e+00
7.417353748180341100e+00 5.297383123893945722e+00 1.295214490818950681e+00
7.484145763917543270e+00 5.225751436106665260e+00 8.712649455764500672e+00
7.684133860148585349e+00 5.230241709575701670e+00 2.681240156003515396e-01
4.625544415014737787e+00 5.386736747784496515e+00 7.925894356734926482e+00
4.939479224636082577e+00 5.392371327283484561e+00 8.103895382042813011e+00
5.791100139270296765e+00 5.381113788745423676e+00 4.013148784053454321e+00
7.242667880761144872e+00 5.310945565842698279e+00 8.469146373520093363e+00
4.907756231540417069e+00 5.403815956168759094e+00 9.859110044565468911e+00
5.077090430217147343e+00 5.413026668256071261e+00 5.978552067827464178e+00
6.293754807052033939e+00 5.441623820401648715e+00 6.924669230214256288e+00
6.822605018438382629e+00 5.406890346288358629e+00 9.740556523247040133e+00
7.226045076462471073e+00 5.403479448055680479e+00 1.083560946688033044e-01
7.198110499410192098e+00 5.423422630701816516e+00 1.256798286340387927e+00
7.243149827427167509e+00 5.394510920582852975e+00 7.424517224301248497e+00
7.531964402355668220e+00 5.380176892482200657e+00 6.518251081525693991e+00
8.018014546143607646e+00 5.375354583461279034e+00 7.498594892428542380e+00
8.620270304688192553e+00 5.382741702680190699e+00 7.150834825395339323e+00
8.963763552418871683e+00 5.436654783553193759e+00 9.401229393641054699e+00
7.900297813326471186e-01 5.496322922575842540e+00 5.748734384597987912e+00
2.692054040822186245e+00 5.484018065820251309e+00 7.394524310357932784e+00
4.871042919820605555e+00 5.530809572953187647e+00 8.398643577297713492e+00
5.402690396555193786e+00 5.523856391003928223e+00 4.242883029048837074e+00
7.129056107283198607e+00 5.480780329112091565e+00 7.133259382824042483e+00
7.367807575410859400e+00 5.507837939854968390e+00 7.181074539242977561e-01
8.001367441850071316e+00 5.496503977375872374e+00 9.932158000748805837e-02
8.994277763679533466e-01 5.596207936756517398e+00 6.661040760999966892e+00
5.035607471275350910e+00 5.560239771357600169e+00 2.822823372524317698e+00
5.069085218218464917e+00 5.608292494335163525e+00 9.400938873927419337e+00
5.121675577481976660e+00 5.623312432046194687e+00 8.383066655364650899e+00
6.804946465414674073e+00 5.535517900015154424e+00 9.996937467699338331e-01
6.837935572322038524e+00 5.504634616754403353e+00 9.587799535279282637e+00
6.910202246718364805e+00 5.576499610621726610e+00 2.017747577871559783e-01
7.692931113669391863e+00 5.560933306261102160e+00 1.160239043495240985e+00
8.347505422896434268e+00 5.508931918321239074e+00 8.212434044194779403e+00
3.286842476940733615e+00 5.631409858395710621e+00 8.239279108165137089e+00
3.619218707064730367e+00 5.644258896240510026e+00 6.236837788422372242e+00
6.217914128322062695e+00 5.689807126169220908e+00 7.515971913018013595e+00
6.457197641839417912e+00 5.807261925291897775e+00 6.675831092182368254e-01
6.722620939183222788e+00 5.603839975609320234e+00 8.213963023275418607e+00
7.749182805882650626e+00 5.813384107211812868e+00 5.265651979012490713e+00
8.081908373712227700e+00 5.615984257554439196e+00 7.228676985686323109e-01
8.077897389634038916e+00 5.695975361822426919e+00 5.088233144172320976e+00
4.864989699142614477e+00 5.796941082330542727e+00 9.275455186575847222e+00
7.568278905596340422e+00 5.647759517829373799e+00 5.454913064624353325e+00
2.118309116177816698e+00 5.776422271071863790e+00 7.466700889579856337e+00
4.730130983751786644e+00 5.832698484643884740e+00 8.489065601470962008e+00
5.992057955270337466e+00 5.785868507762582880e+00 5.471653433072711792e+00
6.397379228626269843e+00 5.820262437265890654e+00 5.661690976572307576e+00
6.666742199273776315e+00 5.794661936921933432e+00 5.015436852502162424e+00
9.164893488757517304e+00 5.813079102432848089e+00 5.546302111766644449e-01
4.843760079482689385e+00 5.861405969380393266e+00 9.310062841168194936e+00
5.819286523048537774e+00 5.886420139698238074e+00 4.363342353475744284e-01
6.354267372306085626e+00 5.881379363395186743e+00 7.143322713723198270e+00
6.664131622817735412e+00 5.854021182426376591e+00 5.556580653395779557e-01
6.729845447614998477e+00 5.917699291894648717e+00 1.607755032424401653e+00
6.910825738934607720e+00 5.908182361517936521e+00 7.401878304480064008e-01
7.578771039251117614e+00 5.876518773678254703e+00 4.173592464141650638e+00
8.392239266390916441e+00 5.827559049531140900e+00 7.665539877930918955e+00
8.693786226470903600e+00 5.838889739528471345e+00 7.999898832493272494e+00
3.555387437376958948e-01 5.956307201747094382e+00 6.710370018683239124e+00
2.785198081966108852e+00 6.013649988920432676e+00 9.396675244055716192e+00
4.674449607265937168e+00 5.965094947248092083e+00 8.903701673310230547e+00
5.827520930458021553e+00 5.951285998938813826e+00 9.514174463400646431e+00
6.970815823440855041e+00 5.948459825501929643e+00 7.050099804484096788e-01
7.947698400573006694e+00 5.992876864559439021e+00 4.338230749505056494e+00
5.618278299744745574e+00 6.227413190363303208e+00 8.710039143416443252e+00
6.458210617358425942e+00 6.082716180495760128e+00 4.373039565285663954e+00
8.169471572267630322e+00 6.046381800814607743e+00 3.112895880142194205e+00
5.224185039665394825e+00 5.945200941880013801e+00 9.128227346158201527e+00
6.799059071140856503e+00 6.069170604254390256e+00 1.533969863309840420e+00
7.065385127474781868e+00 6.124168484977561278e+00 3.971670831488761877e+00
5.744156914722009510e+00 6.199475131381115389e+00 5.021765159781564236e+00
5.749968088980464742e+00 6.220153740028591116e+00 9.768849686961736722e+00
6.847037484064308899e+00 6.204437766834637991e+00 8.647741040217232111e+00
6.877875390603779060e+00 6.192193007582443620e+00 4.769561114194867946e-01
7.856269495519279111e+00 6.213088241422954461e+00 5.028406589458930043e+00
4.746284602202242020e-01 6.315279795572422472e+00 1.337782468959052007e-01
6.090017569772487427e+00 6.246329179388771635e+00 4.159791941673371518e+00
7.093244243670219440e+00 6.244661263395212103e+00 4.372304045683019780e+00
7.533437193070644966e+00 6.293645210822560898e+00 8.110481384363772861e+00
8.511077680961001590e+00 6.288130798600382931e+00 7.156298153952672436e+00
9.016230219080176411e+00 6.315485098107914474e+00 1.899700088990326385e+00
6.365873436297992072e+00 6.350675398881782563e+00 5.163809788239857035e-01
6.341574154864689561e+00 6.365474600705307573e+00 7.020738452619346148e+00
6.456609082561405977e+00 6.368301350637920244e+00 9.517233127678274229e+00
6.957177464976219028e+00 6.373911126616139455e+00 9.488610064325570193e+00
7.222383261256572595e+00 6.386779900575349167e+00 5.305331118878039653e+00
8.071919964864072483e+00 6.357384683819098825e+00 4.697682557581127405e+00
3.406441435666794249e+00 6.428425770148479046e+00 1.753922161828402881e-01
6.113693820024803216e+00 6.420036831694884150e+00 6.053440799228821056e+00
6.989897418772693882e+00 7.361773738467809025e+00 5.980333010387038684e+00
3.992409856304351967e-01 6.493422542827509858e+00 8.277845662499126789e+00
4.742562283930936928e+00 6.516480494964029369e+00 8.788395718978707194e+00
5.424210593259879865e+00 6.528548930979479969e+00 8.041870743953538181e+00
5.674511159166683250e+00 6.471649898505631882e+00 5.051757280735150957e+00
6.429677395532021222e+00 6.557785630160486434e+00 6.907534239645187313e+00
6.557801944311811404e+00 6.509344783414812596e+00 5.677060159831958330e+00
6.941388533166053421e+00 5.577899085602704865e+00 6.205950163661068331e+00
7.884909812137902207e+00 6.507298671566607240e+00 4.230750387421084113e+00
8.258200827856228443e+00 6.467763985239969315e+00 6.693421976481316094e+00
4.451377678446061026e+00 6.618351132756156829e+00 6.163324929746291758e+00
6.305373859433587747e+00 6.550795441298056687e+00 6.502661121561574831e+00
6.649459870038903375e+00 6.560651345804056511e+00 8.209026693035834654e+00
5.881276197862372435e+00 6.643349791808238258e+00 6.951976066077774519e+00
6.050215674674102928e+00 6.762885171037734011e+00 8.050311555334932478e+00
6.439479566367828589e+00 6.701958644274802701e+00 9.507480085872736797e-02
6.488885003694115028e+00 6.660634620643378412e+00 6.932690387519184760e+00
7.687287128034019368e+00 6.669270579421567646e+00 4.578649181114760935e+00
4.591406734392343481e+00 6.751654356695921066e+00 7.474929799951333109e+00
5.554504040656895292e+00 6.737270689323768380e+00 5.590776156979634232e-02
5.563246573078219015e+00 6.770889245348483243e+00 8.556220648531933648e+00
5.744839375563499217e+00 6.790334739799025243e+00 8.398772129025887878e+00
6.310234414065736708e+00 6.735108092756929565e+00 6.678886247681087296e-01
6.278451955220317515e+00 6.751391374251671351e+00 4.908889489879015855e+00
4.784010773805449368e+00 6.861264963419528407e+00 8.000310531888016996e+00
5.744892894971306063e+00 6.824119798483376798e+00 7.261159065617061037e-01
5.784139372419210723e+00 6.795094530681339506e+00 5.677541775499202359e+00
6.379544369437439855e+00 6.818175851540301480e+00 3.968632566193548872e+00
6.461569400702911636e+00 6.839308527550837624e+00 4.445098780411353090e+00
9.600232734861020134e+00 6.862855922220811422e+00 1.009793299576037695e+00
7.406816280587428247e-01 6.897128579245642932e+00 6.210429894354211555e+00
3.756562940858413135e+00 6.932433037903234840e+00 7.520601868486611608e+00
5.263965116802101996e+00 6.883024659291816505e+00 5.839141374501009452e+00
5.375916081891365828e+00 6.888191372549992586e+00 8.738283809276042646e+00
6.044324389977956180e+00 6.915834168243804037e+00 3.877200280411361000e+00
6.076939474990926016e+00 6.860111617067171430e+00 8.059246572919425589e+00
6.194436564933653244e+00 6.895437755050013884e+00 8.279508702153478339e+00
6.659203521242107016e+00 6.932303150536784919e+00 8.497933192179271344e+00
7.141035163070164060e+00 6.912006200441246584e+00 5.301647905715265452e+00
7.576468099978454163e+00 6.909780180293484619e+00 8.003023053728282932e+00
1.135359097811700302e+00 7.005777280573933119e+00 7.666098744267547005e+00
1.472409388741891423e+00 6.997435887615782057e+00 9.293685883525498070e+00
4.118652380501219845e+00 6.989720332537682879e+00 6.521241831219438900e+00
6.716456054951720489e+00 6.955124336813561570e+00 8.649633502460874368e+00
7.466235619474137941e+00 6.973310449547983403e+00 3.563009788341310546e+00
7.446732542187582737e+00 6.935228381603674386e+00 7.973430096900898434e+00
2.192134027349121883e-01 7.101975809514884830e+00 9.208239153669619981e+00
4.277239071939418658e+00 7.062303138870075436e+00 8.682586796605647805e+00
5.163236487805885844e+00 7.125664190078790483e+00 7.041914310437340063e+00
5.283071861754738308e+00 7.034160735568976364e+00 8.989344269737193471e+00
5.411980157107675105e+00 7.075892284317211178e+00 5.283900592310370570e+00
5.318957990474142861e+00 7.045004469255638391e+00 9.043863698067958978e+00
5.514606366764127188e+00 7.044023829973568240e+00 9.699786390849238771e+00
5.986168733078371496e+00 7.005807984715515246e+00 8.161842797879767630e+00
6.568453122179216841e+00 7.017143373356003799e+00 5.222478005489238129e+00
6.551830440844105041e+00 7.031109132459252287e+00 6.794435899737176321e+00
9.412576380308287582e+00 7.090350635537169488e+00 1.942854349352221011e+00
3.588275801304572354e+00 7.187526148905599932e+00 7.723078103551058504e+00
4.633044333911172430e+00 7.146477234087337038e+00 3.949193153092635633e+00
5.497131405745284027e+00 7.163251746574829326e+00 8.631147599522543956e-01
5.886504858547537467e+00 7.101009460459708933e+00 9.063095849616695787e+00
6.261753435904065412e+00 7.104885624296880309e+00 7.792001756396328416e-01
6.850052762710596710e+00 7.148864144577617097e+00 6.499661384916903373e+00
6.827739644638084471e+00 7.101108750632568523e+00 8.677857043810025317e+00
1.447568449039903893e+00 7.242332960554684007e+00 8.991661591520097474e+00
3.889426480209284609e+00 7.213482690360743632e+00 7.551305673208961622e+00
4.372913149373141017e+00 7.245773653520453550e+00 1.254774562574783925e+00
4.693026096678831749e+00 7.213116406453979224e+00 2.033964460006278396e-01
5.063691348801846459e+00 7.241451422244301384e+00 7.073525187582497153e+00
5.378914806684544914e+00 7.218225280035712288e+00 8.645221051885229047e-01
5.823188492559691731e+00 7.204906681506894728e+00 3.840009175101919414e-01
5.887820732795810308e+00 7.318187631530140180e+00 9.584631695419027153e+00
7.008636937514333809e+00 7.175832135606740714e+00 4.858233803362221437e+00
6.706222212459224785e+00 7.220333482631835054e+00 6.911694362551195958e+00
3.387469196108877867e+00 7.334374998401968604e+00 7.738178790744028035e+00
3.742775115889963367e+00 7.315639459437045744e+00 7.694896822641922540e+00
4.738054912903094440e+00 7.401149033792586707e+00 8.026083305053433037e+00
5.611855701035426414e+00 7.366367834358141131e+00 4.706556062429655185e+00
5.605796862447479434e+00 7.381908927774741613e+00 7.559515472628119070e+00
5.890699174495360069e+00 7.247514610313959160e+00 9.576816725556792420e+00
6.235148671044830948e+00 6.086672579391948723e+00 2.456885311076000278e+00
2.180912119017358042e-01 7.481141689742445422e+00 2.608189903032253065e-01
1.841334688378839957e+00 7.458037304351593733e+00 8.755941050762466205e+00
4.003055242071205555e+00 7.428180917431709496e+00 7.277862967338484701e+00
4.777225461667950590e+00 7.478931982654163590e+00 8.525156144311338835e+00
6.868795834779549025e+00 8.758800245426385800e+00 -1.789245481606407617e+00
6.567667271314499011e+00 7.404621228720914772e+00 6.189458320494823917e-01
6.816315007375576052e+00 7.446899502097084955e+00 6.767513028902605310e-01
7.889601487755011355e+00 7.421125468396435387e+00 6.236113575732103342e+00
4.527689270578852287e+00 7.570525471639552251e+00 8.909228281125688653e+00
4.490782507559281989e+00 7.554441494292327697e+00 9.873404040268628279e+00
5.864767205588679033e+00 7.535760091504679181e+00 2.883340565563316638e+00
5.801142995753555631e+00 7.535067840412150275e+00 5.197542006473061527e+00
6.099688156792709037e+00 7.537680383161633912e+00 4.245735343642398796e+00
1.075987299959229038e+00 7.615509649486273069e+00 8.220191964164881071e+00
3.770735203325144447e+00 7.623669809797291919e+00 1.185117046698602516e+00
4.837749744791586259e+00 7.632578003289076207e+00 6.723018582849739744e+00
5.933419857722961765e+00 7.613207000392018919e+00 6.824103727991599477e+00
4.195912495822357258e+00 7.662343238832527881e+00 6.476447453940830989e+00
4.457186302075378137e+00 7.678623131868642204e+00 9.636070499519769683e+00
6.350716738751959412e+00 7.694530279696254027e+00 6.203521195983826786e+00
6.432856808044558505e+00 7.630197836894520691e+00 8.335287311436072599e+00
7.331822592247423387e+00 7.693848748141008720e+00 4.064862946157641765e+00
4.053125419495875015e+00 7.871305732196381300e+00 8.149810079769714832e+00
5.182177662591658240e+00 7.793183147965640600e+00 7.295404450007209718e+00
3.585277823191519886e+00 8.114448900528543618e+00 8.589636581182963582e+00
4.571178380558730936e+00 7.859720238682564641e+00 7.288132524939467061e+00
4.892298578105684470e+00 7.892383003887698756e+00 5.857599889179397223e+00
4.936191396104385731e+00 7.837195463749715429e+00 8.907568848325231770e+00
5.056829801670966518e+00 7.858813773780782164e+00 9.443092124660948383e-02
5.097931143689535816e+00 7.860473207434047538e+00 1.612226516566150458e+00
5.402284635251186629e+00 7.812748346106516806e+00 5.132535828519420917e+00
5.426844139914289045e+00 7.830473725946567320e+00 8.409638397884684480e+00
6.581807561383460126e+00 7.776504119351482558e+00 5.993730190582554407e+00
6.575674416171152892e+00 7.804148362422839824e+00 9.562932126934841293e+00
6.968829879831066165e+00 7.854139689012652248e+00 8.338087798381376814e+00
2.800433437353213595e-01 7.949071653555720651e+00 2.118408717084915516e+00
4.524264885846875472e+00 7.633213955326093370e+00 7.692507216784122193e+00
4.605377867227688604e+00 7.936710674070726945e+00 6.499640981797575989e+00
4.734764039216918796e+00 7.891827157364971868e+00 9.080988516935793342e+00
4.898305293158575324e+00 7.896795011426581468e+00 5.864450184342803851e+00
5.281888705870752432e+00 7.883657011489304089e+00 8.862806712745767257e+00
5.272512829634238507e+00 7.892835964976610441e+00 9.171670574844680957e+00
6.096494575058382104e+00 7.857265457853541690e+00 9.476612933663396632e+00
7.840156494286856237e+00 7.862238476475626570e+00 6.451220739751260425e+00
2.008684368734240167e+00 8.023673875694823820e+00 9.948348312102485380e+00
4.051614326932095445e+00 7.905096744372462680e+00 8.115640593734177344e+00
4.018135526807911084e+00 8.025576545215125535e+00 8.087625899985443345e-01
4.982854652815151830e+00 8.002464572775917162e+00 6.128245746413112371e+00
5.535620132794542236e+00 8.015008709691169742e+00 6.520700645850813437e+00
3.223768997356323496e+00 8.061140892938482239e+00 8.749300110225334492e+00
3.531391760883293873e+00 8.106838133352763265e+00 1.054730742701166513e+00
3.889837851806211333e+00 8.060633685803182402e+00 9.115815374342037813e+00
4.995234698500297554e+00 8.024371647192452883e+00 7.232436901919822247e+00
5.299825635030746440e+00 8.093254056858411261e+00 7.993327243106135072e+00
1.855906602002215067e+01 1.742412849989774415e+01 -1.453897772798970678e+01
6.965873619509387993e+00 8.036126173941504192e+00 8.223982706668033771e+00
9.814246374379455296e-02 8.157190988052114733e+00 6.437109578040962177e+00
6.101138165782644673e-01 8.143180968710469259e+00 6.550309596407004165e+00
1.099971734578925719e+00 8.114334421914978890e+00 6.736007503595690338e+00
1.313586246169849092e+00 8.175843722144065850e+00 6.250139666623833357e+00
4.963485530047790029e+00 8.160388357315998320e+00 6.401858454471874182e+00
5.745594096589446309e+00 8.153313053093008023e+00 9.113399629756084863e+00
6.013925957744866935e+00 8.175608329008197117e+00 1.817304323183277504e+00
-6.368170129362130005e+00 -1.199203097407759433e+00 2.752014247087216248e+01
6.245872823791311035e+00 8.134780886069473027e+00 6.330889519630107820e+00
6.618657328285170394e+00 8.156185279460711257e+00 3.335425419384352885e+00
6.704579144164065418e+00 8.130180989251318380e+00 2.344146538495333942e+00
9.625810593431515017e+00 8.125206703428968780e+00 7.534452457825163485e+00
1.844498199451102938e+00 8.194381557818067208e+00 9.953066275981436561e+00
2.795833222247038563e+00 8.215550182616901509e+00 1.512622526056651151e-01
2.878269955835532024e+00 8.198227872889230383e+00 9.506455140371750545e+00
4.795921169262216566e+00 8.176455657376644481e+00 7.145850980724745227e+00
5.567062181046162905e+00 8.211821452800009524e+00 2.275121886539233085e+00
6.063452920908789068e+00 8.238616399525962919e+00 6.774598009191846737e-01
6.791669182945334171e+00 8.204979305713722582e+00 9.312420726940422000e+00
1.915142580430496677e-01 8.332050449686047244e+00 6.902658180797288878e+00
2.270692940310113705e+00 8.299907236889637829e+00 7.042716117776476326e-02
4.564075459507207277e+00 8.257149247045131091e+00 6.701589924032961498e+00
4.868354023231768579e+00 8.264723367219200867e+00 7.977342845466617760e+00
5.483595735218303346e+00 8.302234330483724278e+00 6.425705867654365022e+00
5.484208997862888069e+00 8.256331966118732879e+00 7.041512020626235824e+00
9.838314208743698330e+00 8.303574162384592228e+00 2.926912658492375918e+00
4.998235583675083582e+00 8.376354664313058862e+00 6.217306225527315711e+00
9.256928579568770132e+00 8.389900205453628246e+00 7.111553884753078592e+00
8.316868242670572009e-01 8.485254436151334900e+00 8.935632737389372693e+00
5.114406183248737747e+00 8.479155813283318466e+00 5.084266648429440316e+00
2.469366352155843436e-01 8.559432907697436477e+00 2.847702502773899358e+00
4.106586587089078755e+00 8.525623702979030938e+00 9.587004566836053954e+00
4.233804011092199282e+00 8.516026956360153832e+00 6.000636685803434567e+00
5.234288316620832049e+00 8.516866663428427131e+00 8.557218535963516004e+00
5.329050108295986021e+00 8.527676206606294329e+00 9.195166564613199256e+00
6.532464188979009378e+00 8.553673523247045551e+00 1.584334023901258437e+00
4.327414769810118855e+00 8.594417075582565957e+00 8.712467174914015899e+00
4.743701053836510972e+00 8.618414752590357608e+00 7.116599778518672537e+00
5.220681889530829345e+00 8.572042880810590404e+00 5.919601395250998266e+00
5.253386899653776254e+00 8.616972521074439229e+00 8.389059829967752790e+00
7.784652064565365848e+00 8.650231998813644907e+00 2.520017672866321057e+00
3.018376824814024140e-01 8.709808248553073895e+00 2.380096524476269959e+00
3.747577604136645757e+00 8.711658129842522413e+00 2.306738422117100562e+00
3.965175974490441568e+00 8.710485199137092849e+00 3.789423723428440471e+00
4.539218307023905830e+00 8.686903712129076638e+00 6.964716433007390961e+00
4.689354728621698776e+00 8.690075441757677766e+00 7.300512837144527367e+00
7.836076029729601267e+00 8.670296329755286635e+00 4.000990090372308572e+00
7.918426006724479826e+00 8.696916382630952569e+00 1.495979218021180390e+00
8.360031504897403209e+00 8.702969079748196890e+00 3.713004348559159506e+00
2.402250946549887800e+00 8.747695589934625815e+00 6.113245167720541495e+00
4.413042804042130562e+00 8.767641085276210333e+00 6.878202676228530876e-01
4.547730667770776058e+00 8.772644444792931040e+00 8.508556170623419845e+00
5.522301425832926824e+00 8.807857918716827328e+00 1.611938481919516608e+00
6.038111392397452093e+00 8.787463745834207529e+00 2.665373142703151732e+00
6.558360439063146252e+00 8.752898161304758062e+00 3.356345602711348963e+00
6.664546407104921855e+00 8.741725651326941460e+00 1.624116391347968369e+00
9.756776285511676861e+00 8.787169136168296646e+00 3.567235931173797781e+00
5.290398029831104409e+00 8.841751581827425710e+00 6.629841173566067170e+00
5.934049820151312993e+00 8.818603143352934381e+00 4.766341777427776982e+00
6.261053293037964096e+00 8.796294100183835951e+00 7.206662298117153753e+00
6.824972236299386097e+00 8.833412048928108717e+00 7.933193585830743189e+00
7.782643810468766077e+00 8.887164207690537054e+00 2.170049314460123391e+00
4.169690667100733883e+00 8.948895659976853878e+00 7.645319344053227439e+00
5.167243958658803038e+00 8.927540622555717675e+00 9.243647778658652392e-01
5.451607974215850305e+00 8.869528044996476623e+00 8.458182699660879322e+00
5.507307276436992360e+00 8.903287622168845061e+00 9.767051669659826629e+00
6.425681837474137126e+00 8.937560586872599799e+00 1.376196875068040670e+00
7.517948756000628840e+00 8.941866856086972959e+00 2.138316834897305174e+00
7.873420706864691532e+00 8.971579896509904728e+00 1.966414580859195738e+00
1.112379414433023184e-01 9.010606426956845993e+00 3.426510510789336106e+00
4.370078809208847170e-01 9.023392928581024819e+00 3.304930316896533160e+00
4.013089654114672555e+00 8.968337170002216752e+00 8.546973193842369199e+00
4.564662747160975087e+00 8.991739508168826944e+00 7.423802437622850636e-01
5.930881967995093262e+00 8.951093183657802044e+00 8.089300809905484613e+00
6.300180651157210932e+00 8.995482343118407442e+00 1.153546546856782928e+00
8.049614267119183708e+00 8.981766906624745417e+00 7.641826963529815053e+00
9.461099735849833436e+00 9.012219185286795664e+00 1.259902743621807097e+00
9.595712333668673821e+00 8.965484165291332630e+00 3.593242439174341385e+00
2.738310936094699777e+00 9.082096351432982217e+00 3.324201869280502208e+00
3.665980170600985133e+00 9.052968434811857534e+00 3.868872139605620930e+00
4.007226863177516307e+00 9.088718372815188573e+00 6.794284381322960975e+00
4.597075609460166135e+00 9.045545636925746535e+00 7.756492166091394580e+00
5.364854421889423186e+00 9.123498795643280701e+00 1.120567120832751229e+00
5.901144142719374486e+00 9.053234224412713971e+00 6.243095159153618567e+00
6.148061674662850251e+00 9.024312895674267310e+00 8.843789300872568759e+00
6.233186534947557256e+00 9.050458596296305558e+00 9.879548884797797470e+00
6.414242263103098196e+00 9.083936733833796850e+00 2.320221655577665132e+00
6.442339704979156423e+00 9.091930149414499951e+00 7.584409107761256763e+00
6.969920579706729846e+00 9.148432230254757158e+00 2.336938752721239965e+00
9.051867785790957299e+00 8.808037222068282546e+00 3.861593091357351071e+00
4.077749615469915767e+00 9.169878904786742169e+00 5.978429030343707318e+00
5.733253171457605823e+00 9.105030863269801600e+00 7.002814730205143334e+00
5.678940260726558442e+00 9.157844450248024515e+00 8.239550205864622612e+00
5.988576497887718730e+00 9.155359095352602949e+00 9.752695224025712761e+00
6.625862854968404214e+00 9.195724513729333083e+00 4.676639229335119552e+00
6.377949251043876444e+00 9.428446078589708179e+00 3.921332201071811019e-01
8.897988764027166653e+00 9.129175727769759163e+00 7.684922627122830363e+00
3.624637616954757835e+00 9.255636830767453915e+00 5.897410392740617624e+00
4.340371021940899965e+00 9.234735909513817731e+00 2.178435284519661508e+00
5.628166125611331339e+00 9.225733742453646968e+00 3.989505055704350989e-01
5.835591758438295251e+00 9.216698943444791681e+00 1.898145617924310358e+00
6.929725724710996460e+00 9.457438281731082697e+00 5.567756950481576261e+00
4.821559954581017493e+00 8.938776095064877580e+00 7.728049399625456672e+00
6.926759770989658449e+00 9.237725713259742122e+00 2.229947831595048058e+00
7.633039503603371578e+00 9.176250255197265560e+00 2.075727382811741073e+00
8.149004226868104439e+00 9.211564103801332948e+00 4.370520387593002098e+00
1.701453551414432996e-01 9.312572250056836864e+00 2.111004546954261318e+00
3.977188674498830956e+00 9.344211184947331716e+00 6.553620717771669879e-01
5.461496309653236736e+00 9.286012992975468450e+00 1.312061367701357062e+00
5.528267863038960783e+00 9.284363890770080729e+00 8.247500676610140857e+00
7.300409199529872772e+00 5.880768556379424084e+00 7.214132075023858448e+00
6.219392618281887053e+00 9.332085470074710898e+00 4.168470902476128614e+00
6.578324325510202186e+00 9.260732985643350901e+00 7.664159530051566804e+00
7.017375954104084101e+00 9.317358648392165321e+00 2.472654147164170979e+00
9.752037381307578912e+00 9.320803452815718870e+00 6.370856773891728331e+00
7.438262115362272997e-01 9.429532678181349326e+00 3.149283394766712707e+00
3.214776625056486203e+00 9.417557561401856958e+00 9.678654665958109860e+00
3.455841441098878697e+00 9.397306697633487360e+00 4.762952299926445754e+00
3.717319213400169353e+00 9.356032961005730897e+00 7.429646421926479505e+00
5.272388972620516867e+00 9.487057908105622772e+00 8.446970892667881259e+00
5.254558014250504172e+00 9.364521328770550213e+00 7.402866808186405745e-01
3.840975993026768620e+00 1.274419609759753058e+01 4.087883951426871221e+00
6.244141344941255944e+00 9.395572801213006642e+00 2.018300512753463227e+00
6.734662555732188416e+00 9.314089361960515845e+00 4.640580551679316379e+00
6.923047281521546026e+00 9.327774149573219375e+00 2.470496986249842930e+00
2.870033108631218965e+00 9.330538116053650910e+00 6.919828374722453823e+00
7.298864704666351955e+00 9.468287400518397234e+00 1.859848476759119240e+00
7.900083498513098768e+00 9.474410440829311497e+00 2.565476495997315531e+00
8.197250386635602126e+00 9.503472056803662582e+00 3.074046316998046091e+00
4.526996801853517383e+00 9.550220887895642718e+00 7.302236941260478176e+00
4.721385487855743968e+00 9.530237324391070075e+00 8.687609421015004552e-01
5.048619177236550293e+00 9.509090790149384631e+00 4.062200787141744485e+00
5.384605427709865388e+00 9.473300238268517859e+00 1.388922644491369152e+00
5.939356784945852397e+00 9.530381185478120187e+00 1.305141873431438171e+00
7.206467352486033207e+00 9.500333256898771950e+00 2.323060317569566546e+00
8.460795359267483384e-01 9.627453104871039002e+00 2.918279761596463295e+00
4.113065063592918236e+00 9.585007073853066828e+00 8.367001247188884605e+00
4.145928726776307194e+00 9.578893145599892023e+00 9.742508334946114346e+00
5.038808546449444314e+00 9.612335409061401492e+00 4.844865508759054862e+00
6.899547082634070350e+00 9.620396624045859824e+00 7.444012272940783603e+00
7.070882760872973627e+00 9.574225142199162875e+00 3.617468129782942299e+00
7.423813040913761263e+00 9.588462090987171393e+00 2.540120768420207842e+00
7.716600754002874929e+00 9.610585416899589006e+00 1.869880843746665855e+00
3.023954253907988221e+00 9.700069218393272408e+00 7.106497115271396936e+00
4.604318755633368454e+00 9.664219889698657084e+00 7.982705901061530440e+00
4.866916980592422171e+00 9.699390534297457123e+00 8.050075986045458265e+00
5.437664445678729308e+00 9.681636925313839015e+00 6.271232528202153489e+00
6.202429445013472709e+00 9.669355333935975239e+00 1.888434619700046779e-01
6.535806409973851316e+00 9.666105918988947110e+00 5.570203034006524945e+00
8.740449164787722935e+00 9.682351575008679490e+00 3.566907582686269507e+00
8.624090231239664450e-02 9.804026940582817318e+00 2.415635656657598940e+00
4.480126228809813149e+00 9.731097546585427693e+00 1.669528600742825386e+00
6.076655863249506240e+00 9.739683088511148057e+00 2.026244962095204105e+00
6.366403659290994277e+00 9.775347334714847847e+00 2.548415041192074959e+00
7.554851739737529215e+00 9.729926646993838801e+00 1.825019312709243113e+00
8.216388389676030357e+00 9.788939073934770363e+00 3.258539814783461885e+00
8.674518190210774193e+00 9.776714033051092656e+00 8.585649771153931908e+00
2.132522761477570472e-01 9.853356972936621716e+00 6.364091756658472043e+00
2.643863434959877967e+00 9.845495078353435403e+00 4.803250030061547271e+00
4.579540238975724264e+00 9.787334255370216951e+00 7.454402511492587813e+00
5.204589293530654359e+00 9.828260672973767598e+00 3.679166826812673818e+00
6.809033818411896810e+00 9.821683150752297919e+00 7.758978443993865604e+00
7.766374859656625773e+00 9.858493789223437886e+00 1.057667434042547816e+00
7.705576289828354852e+00 9.816587686313981820e+00 1.962513389960574894e+00
8.891288337593890034e+00 9.859057125249947262e+00 2.459901518832062983e+00
3.024544089054903573e-01 9.954172948436607271e+00 6.532505035991381881e+00
1.961172961177957585e+00 9.930810071697090180e+00 9.497893011866786139e+00
3.570256062447206169e+00 9.939500817004743638e+00 7.247630451477800051e+00
4.234911725523081927e+00 9.917481447279973494e+00 6.613774457373165383e+00
4.286669920103874709e+00 9.887889195645705342e+00 5.029813783883748890e+00
4.800031783862308110e+00 9.919356292829707655e+00 4.555154945685315759e+00
5.222431942002855543e+00 9.897560879037666126e+00 5.164854231557797881e+00
5.331741251510086599e+00 9.933456951525712952e+00 7.368234992357027835e+00
5.960602502459852126e+00 9.869080178774652268e+00 8.396489529309327793e+00
8.215894354034547931e+00 9.921721557293420091e+00 1.765972096409033298e+00
1.008137381200688854e+00 5.014114666344861249e+00 5.032678687084384705e+00
