2.374088061048171827e+00 3.081694324873676671e-01 7.111397359629855863e+00
3.360121069282136830e+00 3.983877235180138809e-01 5.152193702175805079e+00
5.913163413256399714e+00 4.348634872025828324e-01 1.119605406692145255e+00
5.838265224470575276e+00 1.310011547900424178e+00 3.130354346480376915e+00
5.934331421735757672e+00 3.816432824417325120e-01 8.985385030063197664e-01
7.367016092316948317e+00 5.177775728798273969e-01 4.185993590019031707e+00
7.423056619466943395e+00 5.292163038248184348e-01 3.604788935004895389e+00
4.357461746034566374e+00 5.797680888977443381e-01 7.210239941559397181e+00
4.390029087637595140e+00 4.563048312798430595e-01 8.577482291278332838e+00
5.250472246953505007e+00 8.038082304109288589e-01 5.053035897517216490e+00
6.020739093253723695e+00 5.011014851503179379e-01 1.394250570232522968e+00
6.015864670486219978e+00 6.430811096701720686e-01 2.405855062103959163e+00
7.388003334906894537e+00 5.397811030279739963e-01 3.518096197441005657e+00
8.289045676689674735e+00 6.737109866637112088e-01 5.310264088255133075e+00
9.010647214572596653e+00 6.412159469108342780e-01 6.563413654191190716e+00
9.043260511355507347e+00 6.264689863718921892e-01 7.472692411767551945e+00
3.158742592491586620e+00 5.163680752493648995e-01 4.146803253700191760e+00
3.577462871859250271e+00 6.225516891265949759e-01 6.674860731832774619e+00
5.022235387569075726e+00 7.828133547886957366e-01 4.462562253327257977e+00
5.644809706049469966e+00 5.009464052396697120e-01 1.275262328190716055e+00
5.519860040309926497e+00 1.056309051304193058e+00 6.479652336740846508e+00
5.917591818306822127e+00 8.940193844472887896e-01 5.760292553091758805e+00
6.583229837815976815e+00 4.050501466160612019e-01 3.840597012661665088e-01
6.613978850718528868e+00 7.944794832149273400e-01 7.183345470308346137e+00
7.979091827079948018e+00 8.593741531617713481e-01 2.148467249269305324e+00
7.246044703405891241e+00 6.732764405311058020e-01 2.470024642189992292e+00
4.058090745345776185e+00 8.015588871402710147e-01 1.105376795059654471e+00
5.794660395106562945e+00 1.006187972026559851e-01 2.105166572557870541e+00
6.123995117774420294e+00 1.086723171526752463e+00 4.615094696264668173e+00
7.028927530164754245e+00 7.647238692806701543e-01 2.386284764500330446e+00
7.660917309166084266e+00 6.030304750391368707e-01 2.317383352859294199e+00
7.620680675883658495e+00 5.924606531399121412e-01 2.327686494197122702e+00
7.803465769874745384e+00 8.306376393818285520e-01 5.400203038243318154e+00
9.288321711694443650e+00 4.984268421028553719e-01 1.546317090563600338e+00
3.899428752878474569e+00 8.297798473573595457e-01 6.041422601680276117e+00
5.724934673126146123e+00 9.095742204907566464e-01 2.965339024562928305e+00
6.060604749769320065e+00 7.566116288621368424e-01 2.554011531249742450e+00
6.315708575397394497e+00 8.695741745505983777e-01 2.834656207411681450e+00
7.939857658926454675e+00 5.570282533995656316e-01 2.381360043189742370e+00
9.164934246991011335e+00 7.684568716954138790e-01 5.716686822809354140e+00
3.834491471286418096e-01 5.980400235479548243e-01 2.782838641226728527e+00
5.990619962617225625e+00 6.404013663076217888e-01 2.520833022395771561e+00
5.956593004722787299e+00 8.135430870846539486e-01 9.165238741579839754e+00
6.945760127463514344e+00 7.432974474562143996e-01 2.135371069379010667e+00
8.556022838819517418e+00 9.709943569836573252e-01 5.480486020209430542e+00
5.811828880899845284e-01 6.553011707944866870e-01 2.813412636448739956e+00
5.765927404121942601e+00 8.064129158444689471e-01 9.411804405012638597e+00
5.692756681573191813e+00 1.349473559926080757e+00 6.641156161045817186e+00
6.178490240148926560e+00 1.074050400663191240e+00 4.378133196262102622e+00
6.203552113684751568e+00 7.365388144915773205e-01 1.864352331759826731e+00
8.618708309410195056e+00 1.041820149107529625e+00 7.823328390441162128e+00
3.633196674190383835e+00 9.317303465305744048e-01 7.088526906764630375e+00
4.454674063445970944e+00 8.265351105481983929e-01 1.070620971744560723e+00
5.143774723298202289e+00 1.388586111998673100e+00 5.508540605280245472e+00
5.339421489325369308e+00 8.620848952175047542e-01 9.080714904535168941e+00
5.536614923504985519e+00 1.134563729687646960e+00 3.321817976418302454e+00
5.647957630713819732e+00 1.290716240400464621e+00 6.552299994414851447e+00
5.626817391340071417e+00 1.135832585331044253e+00 7.207941777252539595e+00
7.622702278160418565e+00 1.169779132751848749e+00 5.793455793991071801e+00
7.738966968308078620e+00 5.499645212918515824e-01 2.457965880616072685e+00
4.105018987439082778e+00 6.384868358222985929e-01 1.174183565147726371e+00
-8.839494213958815072e-01 5.931068309257863547e+00 1.161814966713864372e+01
6.112532046707850775e+00 1.093259371820170855e+00 4.693045032661664173e+00
8.977296140816278580e+00 1.057370771566686241e+00 6.793889013954302669e+00
9.619589005715889485e+00 9.287241251291350475e-01 2.757460255431965379e+00
1.247807490047893353e+01 -3.524934050308722533e+00 -1.554936715462396979e+00
8.370494480542067350e+00 8.217606995679621606e-02 1.277519075356614575e+00
6.708469082247436432e+00 1.103054652097664734e+00 9.261278424631512962e+00
-1.579156608778387216e+01 -1.918970634060717373e+01 -2.154163825134327581e+00
8.891184841858553511e+00 1.071031692469061269e+00 3.479393248583052323e+00
1.442023520338081788e+00 1.146943369382069644e+00 5.873896898999456440e+00
5.222138070328941950e+00 1.641619082597631785e+00 3.430741674145189268e+00
4.997502512981243150e+00 1.390241597482734903e+00 5.898530706531660783e+00
5.366653850791188951e+00 1.332180091165670044e+00 6.134877977099434609e+00
4.362605202514472147e+00 1.609213553022835086e+00 5.588638174372784206e+00
5.944992258032148591e+00 1.432714368110784342e+00 4.967040883282165531e+00
6.046035624250366780e+00 1.341943329210426139e+00 5.098727504277687395e+00
4.118970265901689132e+00 2.004060966704401370e+00 4.858035838031153020e+00
6.401248625269749581e+00 1.121872988164986040e+00 9.338951296405319624e+00
9.425493912586198064e+00 1.245633855192880723e+00 7.213513410865297182e+00
5.344732503055255712e+00 1.362297634845963668e+00 5.518420145807238164e+00
5.893410910907867617e+00 1.311110133384065124e+00 6.128891224564687157e+00
5.582237974272590719e+00 1.407332491168908462e+00 6.528075839414396953e+00
6.440913640528694195e+00 1.250523496976277293e+00 4.236454131265292133e+00
3.217743923036204734e+01 2.155071003970061128e+01 1.720955000598839035e+01
8.266407865539498800e+00 1.175291714157876255e+00 3.337919157818617144e+00
8.608549496514910970e+00 1.547783473146021604e+00 4.952808044958777245e+00
9.247722063781376178e+00 1.311365414521670214e+00 4.851376691968715349e+00
5.103534739507139761e+00 1.460679556646454769e+00 6.065372280705715546e+00
5.072422170901274896e+00 1.387601275211188590e+00 5.971610561075358703e+00
7.929030739531478744e+00 1.852194808623354838e+00 1.937689515041949861e-01
8.070720473943071127e+00 1.604703622553050879e+00 7.234938889329186829e+00
8.974292534500371232e+00 1.455780584524402066e+00 7.859097201790904208e+00
4.221445648344559487e+00 1.393438673496097513e+00 5.876181689676077902e+00
4.920995155057695136e+00 1.541225361736780153e+00 6.589942933086705423e+00
7.184297396353924725e+00 4.587062038453700863e-01 7.377190217629530089e+00
7.352849872321941760e+00 1.710113243486183876e+00 5.991638165744500810e+00
4.353294238675294636e+00 1.413127290540223679e+00 2.200623020400056973e+00
4.807109541621007232e+00 1.234305516711361683e+00 4.160207590175533099e+00
3.077020457214179494e+00 2.590878750312401557e+00 3.414100352372502201e+00
5.610442404622099311e+00 1.433424675592271491e+00 7.247556939215175298e+00
5.569322776433180522e+00 1.480159368170481216e+00 3.573436321345968558e+00
6.261869299357300633e+00 1.341122511025429898e+00 1.658607263251222985e+00
6.295939456024049363e+00 1.782186136264344523e+00 7.374050201476430644e+00
7.475238336091350355e+00 1.809949141864864997e+00 6.848865569783066043e+00
8.598496669688586280e+00 1.270508548748631616e+00 1.860208383974669033e+00
9.437100852057291434e+00 1.370932439001976366e+00 3.786291945244478985e+00
5.792755985034187205e+00 1.580383355436924431e+00 5.142312680859973284e+00
8.118199187281982532e+00 7.479558285427481135e-01 9.691813867666729809e-01
1.958713885232274299e+00 1.504313182940546278e+00 9.164334044611962327e+00
5.177239489740443901e+00 1.489349671864234503e+00 5.413507944862177013e+00
6.140951640529497269e+00 1.785144780013613097e+00 5.544573840827196953e+00
9.158617961835284760e+00 1.398142835795313843e+00 5.027045112096077517e+00
9.311729684493045056e+00 1.688082371315962948e+00 7.788473131100881020e+00
5.856245491559670668e+00 1.616677297479178321e+00 4.959233404844149540e+00
8.412037981014606203e+00 1.459752466730980691e+00 5.051494108317393650e-01
3.664477009282587350e-01 1.684496998911222843e+00 3.972293757894342470e+00
3.925046469950009609e+00 3.448694950622374300e+00 6.744725368647230823e+00
6.215674587893071035e+00 1.585738464651176738e+00 1.055905102543203578e+00
6.223745698165033424e+00 2.011602048277120858e+00 6.278429130079695497e+00
6.776130636624143833e+00 1.994963103541123051e+00 6.005144016529582629e+00
5.236905387218797614e+00 1.233161745683681199e+00 6.413203758590480419e+00
8.498486757482204723e+00 2.106519028976613139e+00 2.864569027419792135e-01
7.421431450117225381e+00 1.897089863799038323e+00 6.104132614253264144e+00
8.213340166147482080e+00 1.927156857119229905e+00 7.098327618756178126e+00
8.198559918341628006e+00 1.987417725377492728e+00 7.047471252402894848e+00
9.245447840071792101e+00 1.760071887416204461e+00 7.175666178534315875e+00
4.700745685026725518e+00 1.821801458172228827e+00 6.773057697176845693e+00
5.123778050732785694e+00 1.990029962390775120e+00 2.902991773189018243e+00
6.279377592203898573e+00 7.732156878657986399e-02 -2.655117483460992661e-02
5.630747601430946325e+00 1.775862466772133441e+00 6.785221329910275045e+00
5.921326455860858928e+00 1.969383788633950028e+00 7.598868560253993820e+00
6.121420239409312458e+00 1.978392028515489676e+00 6.784421776347693722e+00
6.363495592548998658e+00 1.949344494572469833e+00 7.503624553081630566e+00
7.407927764360022316e+00 2.184348557709702376e+00 7.791649632596847397e+00
7.980444680749043229e+00 2.344255063741918388e+00 6.876376585514172746e+00
8.985712213787737213e+00 1.765007046238641131e+00 4.493764832961377742e+00
4.908295309197278300e+00 2.039850959908323880e+00 4.607705708648996534e+00
5.291595554077984431e+00 2.087267633095689856e+00 2.917732412761700367e+00
5.858577160973648112e+00 1.971868107878498311e+00 5.764041124875986633e+00
5.862044324561916042e+00 1.861580565786366659e+00 3.557594927186901401e+00
8.148327622234932122e+00 1.742166272158394147e+00 1.284387790755283643e+00
5.061341597291205474e+00 1.885256269329802503e+00 5.695632918673695144e+00
5.184468033187726199e+00 2.253884136946090244e+00 3.179660339920108214e+00
6.086617353113110696e+00 1.895021137664742339e+00 5.438504983603671405e+00
7.838565176032668447e+00 1.882647602229007511e+00 6.118728705898953457e+00
8.059811527467607206e+00 2.204836634576807342e+00 5.835646533236447553e+00
1.091817564590308542e+00 2.049256526978396664e+00 5.120115810513812704e+00
5.020327830072492503e+00 1.989000052311269862e+00 6.464053383038299572e+00
5.062685978125966102e+00 2.063108792143940828e+00 2.869987785834492655e+00
5.936566434412653415e+00 1.891394536326436171e+00 3.452042267343422566e+00
4.870097018510691100e+00 2.084898925709626205e+00 4.521222544444751357e+00
5.115576796440682195e+00 5.033545038740537159e+00 1.430902963052550270e+00
8.003247118179515951e+00 8.456197216763992941e+00 -4.469341931351850761e+00
6.467293656357799847e+00 2.306154836902649663e+00 6.386873957643519617e+00
8.947037793687481866e+00 2.207169500068687285e+00 5.510862632140868911e+00
1.569117563449444042e+01 5.675763179999350427e+00 -9.761910330811485181e+00
2.983536603339393523e+00 -1.621239901409055939e+00 2.688142837346112302e+01
5.865551907539734877e+00 -1.330032245836800575e+00 4.415365427543919807e+00
2.759846108587024283e+00 -4.249276967262321847e+00 1.218983268851490465e+01
1.417956487773846597e+01 1.201719407207886015e+01 -9.483755271547419596e+00
9.127366519207967599e+00 2.210424557434813586e+00 7.972055468082476892e+00
9.324834242801014028e+00 2.160216394994407096e+00 5.171153669311380874e+00
4.366487292964706057e+00 2.368527363126728069e+00 5.778020352053711228e+00
1.119571141753321619e+01 -3.214984986851777471e+00 5.499874155808567977e+00
-1.009021062049269890e+00 7.510466595167051729e+00 -3.487775061114723463e-01
5.788477086325750420e+00 2.198401517598535637e+00 4.615524607427071047e+00
8.111823217505637729e+00 1.752873799905743990e+00 7.611792442557044680e+00
7.407803886002318094e+00 2.138608150503886307e+00 3.624151883653524031e+00
7.650728234732840249e+00 2.551890043161970212e+00 6.771311299948729712e+00
7.908365042049608107e+00 2.952581839551781773e+00 7.479204323364315954e+00
1.683214945686569486e+00 2.442666777615739360e+00 6.459654286322743744e+00
4.833409624555912387e+00 2.205509525854800312e+00 2.703324779211459639e+00
4.824727976731007395e+00 2.230482918326383235e+00 4.790905184464838484e+00
6.287308446838741460e+00 2.273124259195137498e+00 1.921186970828621998e+00
6.442492471720584035e+00 -1.231834063146639430e-01 5.913484262059093943e+00
4.110581563813292760e+00 -7.759923193610857695e+00 1.582300751878461931e+01
4.472434000416594113e-01 2.331984152103874663e+00 5.452257912321436528e+00
8.470300128998302647e-01 2.330946188650538264e+00 4.762724810868931513e+00
5.552324368312583580e+00 2.283173422135445385e+00 5.444447456575797206e-01
4.888359588676928880e+00 3.342665625712575750e+00 6.029727812165782908e+00
7.750281710131380564e+00 2.509860143867650883e+00 5.117317383770341621e+00
1.512529475722387939e+00 2.485663522020215677e+00 4.911790584252129221e+00
7.541134133814662022e+00 2.528143572899478997e+00 5.263053806180365335e+00
9.127005646804569494e+00 5.154236106928812511e+00 5.708678333913889347e+00
1.933264953064108005e-02 -8.750565446618921439e-02 -5.220091876742026793e-01
5.254049811552147453e+00 2.553246307983888741e+00 7.522403015047757435e+00
5.439166145275370567e+00 2.521603328099113916e+00 5.681120598344070238e+00
5.313334254894913400e+00 2.207593849158170141e+00 3.037428161952932637e+00
5.517003550044755400e+00 2.550400114559189024e+00 5.751446782439678884e+00
6.529435327852606719e+00 2.832253870799477546e+00 7.585333728667857045e+00
6.477600984370903703e+00 2.611916966414313368e+00 6.103897338551321994e+00
7.617569971137688967e+00 3.134983405756665231e+00 7.446808634804191307e+00
7.646902097823351951e+00 2.570967518404772001e+00 5.199099137054133735e+00
7.606329105531624890e+00 4.098508179757555325e+00 7.997043594035820213e+00
8.746347597466176182e+00 2.566993635649214234e+00 4.746698533827906630e+00
8.875053034172855959e+00 2.593729051356396198e+00 5.518294159708188928e+00
5.154064439750332127e-01 2.616494091625729101e+00 6.756601914236798123e+00
6.133576427215260196e+00 1.979238462948352151e+00 4.713892363696007948e+00
6.880761018201638990e+00 2.570581428086287978e+00 1.444759547831957480e+00
8.076359376321462946e+00 2.608888935919244201e+00 5.696565730440489972e+00
-1.224419008337432224e+00 3.513012576007764398e+00 2.482227665155837038e+00
2.122447192121398984e+00 3.106282274463818993e+00 5.980989561589203696e+00
1.814638659141878829e+00 2.578074910945430620e+00 2.230039595387591334e+00
3.966823459875162605e+00 2.618710984620112647e+00 2.695617060016181732e+00
4.375251038633228617e+00 2.606689464478969320e+00 5.647200030207113919e+00
6.092211694070618577e+00 2.576908763280995274e+00 2.102186773762803718e+00
2.510121363156273766e+00 1.812975164737507416e+00 5.351387156702385184e+00
3.431135478810023898e+00 5.168929192500705483e+00 5.368774453512520139e+00
1.442304018933584286e+00 2.439473592362258358e+00 7.129851237671198660e+00
2.557312727100555350e+00 2.748027022157907950e+00 3.884863896165884789e+00
4.014215247952684251e+00 2.728802623300055963e+00 3.056508610527688852e+00
5.061711447653572726e+00 2.768504663742504146e+00 5.973586861203658671e+00
7.240447044314185732e+00 3.272491486888494894e+00 6.965172835165943432e+00
7.065349931261020622e+00 3.258520708632928198e+00 6.794021793141298282e+00
8.132133933001641779e+00 2.179298352870007172e+00 7.501016453373949844e+00
4.925510963862045344e+00 2.788386446541194275e+00 5.928704844867141333e+00
6.093501906925844480e+00 2.847407416532398372e+00 6.009446021245135938e+00
7.054359482861602970e+00 3.267576147366451522e+00 6.929044376890039381e+00
7.412437154834496056e+00 3.411323813197039811e+00 7.867302065255094234e+00
7.890215707580145121e+00 3.285599619909477909e+00 7.710436160708391995e+00
5.831189163994604741e+00 2.887588066640213391e+00 4.727663645149321248e+00
5.156364903282929291e+00 2.408921734582774921e+00 2.447290336715034709e+00
6.369707000021548993e+00 3.533063870293495334e+00 5.354428692367612541e+00
6.757139253624078634e+00 3.250820140484593779e+00 7.429886858377798831e+00
6.779205716252196368e+00 2.847078841048537257e+00 1.053437058600217524e+00
7.040260154204832865e+00 3.277498377229126181e+00 7.019297937543219845e+00
7.805946391437089460e+00 3.580981976428176949e+00 7.832954535345745484e+00
1.147881965586789565e+00 2.850975896955412203e+00 2.624027756898620889e-01
6.831003046057102068e+00 3.255972439994930134e+00 2.904007104263679473e+00
7.055509852094596468e+00 3.492095079302965033e+00 7.021442907083919494e+00
7.679322360381293677e+00 3.395569806572279692e+00 7.491565950889158998e+00
8.011741112709781731e+00 3.352712104413680283e+00 7.695022504393717711e+00
9.015372918619677378e+00 3.051223174021186146e+00 5.414036358107411573e+00
5.831733018614005948e-01 2.910941344723841695e+00 4.767979159981702963e+00
1.482082627388331630e+00 3.081870892753778790e+00 6.731036089121421817e+00
3.646925346883797214e+00 2.985933134172022996e+00 3.925790729055468109e+00
5.300497766463997174e+00 2.973953293327789016e+00 5.181133035261799691e+00
6.717525738672254221e+00 2.545630410535781873e+00 3.047821006692683632e+00
7.656668484161777144e+00 3.700763586777712000e+00 7.680646964324711945e+00
7.888454221798625099e+00 3.477541349604047927e+00 7.968144727752096479e+00
1.312958022437931138e+00 3.922636753143627253e+00 5.374476332066071116e+00
3.540956719349066972e+00 3.131865443093677648e+00 6.672846723595901253e+00
4.676113087708005267e+00 3.071873763810460289e+00 6.117660718689309718e+00
4.548850513224194536e+00 3.435133798608666744e+00 1.812769445384911027e+00
6.533481523304677907e+00 3.391323576938969797e+00 4.805841307290769748e+00
8.314740411343548132e+00 2.169270427432778092e+00 5.337193582461365438e+00
8.844751897011612130e+00 4.102224229029135749e+00 4.996236728537624572e+00
1.489396897343387760e+00 3.134783599837780876e+00 6.644741778755332895e+00
4.300982328838883539e+00 3.108046588135882526e+00 6.065038336153751430e+00
4.729042521356902284e+00 3.175204947143777101e+00 3.201382230763593295e+00
5.707946232884991922e+00 3.354279899384729369e+00 6.240739367598077791e+00
6.668450621854296045e+00 3.190992623598658984e+00 5.916569728160189001e+00
7.255903277421756670e+00 3.686879292972907507e+00 7.188036336054699049e+00
7.221821310218818901e+00 3.673690022373839348e+00 8.214709144436266541e+00
7.244085782918199712e+00 3.175287981055363584e+00 6.837603821050429964e+00
8.263595368263469965e+00 2.824923520613805472e+00 6.187573229564302224e+00
7.405919990596379066e+00 3.549292523406961664e+00 7.218608485845072309e+00
8.016100787699695474e+00 3.270620184317635459e+00 7.780347731771302122e+00
8.592058380219715019e+00 3.163469969063279930e+00 8.482278033850847443e-01
5.394249977243940064e-01 3.150735029369410967e+00 6.797522435021695841e+00
3.685723661189057143e+00 3.206648046299691579e+00 4.658827934560822115e+00
6.104994194931859575e+00 3.440581003299159946e+00 3.480297390390444168e+00
2.526309297764781192e+00 2.686864581122232032e+00 2.738000006744707893e+00
5.273680404501788210e+00 3.231984304024481780e+00 4.634708767917183891e+00
6.860829877608588312e+00 3.528541022697085694e+00 7.340248256399264370e+00
8.070180661377458264e+00 3.566048735633876809e+00 8.485423187054108141e+00
8.571217722110318959e+00 3.489209150486527911e+00 8.126848491292864907e+00
9.141015295820055897e+00 3.164032956605236535e+00 4.088443572366625034e+00
1.506807997050797532e+01 6.240574258732311641e+00 -2.958439593480986396e+00
3.378708306061948718e+00 -6.363361438183549879e-03 1.360678951181177432e+01
6.646256114262732995e-01 3.255196427878269461e+00 7.082635704256778908e+00
1.811682202951948373e+00 3.302287021219695973e+00 6.295364927083054951e+00
2.708313205635502818e+00 3.310205425200305918e+00 6.386852650444780011e+00
4.951511062009863906e+00 3.366229242258365506e+00 4.316632717336898573e+00
7.026745289333262257e+00 3.495269567675515443e+00 7.013546312631649293e+00
7.186555669996329776e+00 3.712433480262097518e+00 8.019113673497066941e+00
7.551003172346606007e+00 3.832657467980821409e+00 7.730327925061949657e+00
7.715112667657249901e+00 3.593070342197056455e+00 7.854178768826962198e+00
7.891014255625741214e+00 3.291725166267434943e+00 7.079881008159215838e+00
7.817606944555421933e+00 3.567734038374711147e+00 7.219337201205093812e+00
8.816020143654970553e+00 3.471005382354717561e+00 7.841377846144764518e+00
1.873759541672409989e+00 2.686110391797976504e+00 4.569768065989679329e+00
5.316032497340325236e+00 3.290151699220316139e+00 1.421007720875315128e+00
5.701959828504572059e+00 3.330923388742640157e+00 6.244738122437851757e+00
8.606637555605656686e+00 3.180248453975340173e+00 5.144643463911361181e+00
6.550168811436812177e+00 3.452225962902692569e+00 2.840374978887559632e+00
7.093150000873805539e+00 3.756087036682651537e+00 7.098051807674007563e+00
7.335605217320567917e+00 3.971240505095605222e+00 7.742348656286903719e+00
7.462152590352802761e+00 3.433466954200878885e+00 7.096813751629234446e+00
7.636032366880386668e+00 3.531814599323328530e+00 7.296343056195158994e+00
7.562384492883062137e+00 3.651603795310945699e+00 7.303869539104373310e+00
7.771604288836204688e+00 3.976965687664147708e+00 7.876575454199917559e+00
7.932862031429095850e+00 3.493447995908744108e+00 6.701223657606460549e+00
-4.276436021556916600e+00 9.695527828415611893e+00 -2.369725418323947963e+01
4.997176531698030999e+00 3.531198907359652139e+00 4.016502492479673947e+00
7.105794848034843625e+00 3.767981473158630745e+00 8.023942237801435340e+00
7.672305734378943143e+00 3.678188059900983742e+00 7.614962571886509934e+00
7.453437487754753121e+00 3.546208465827707990e+00 6.370445664246839002e+00
7.725544237805783254e+00 3.624837904687017609e+00 7.236683340319901347e+00
9.743052244642466775e+00 2.703738669040536280e+00 9.371724735840816223e-01
8.979295076917129137e+00 3.434347432399061706e+00 5.068048905804885429e+00
8.850814597820571450e+00 3.510155973563812815e+00 7.873138486079698239e+00
6.750292612819690063e+00 4.427227230735150343e+00 8.321083543272612459e+00
6.891886155985386786e+00 3.699579999084655846e+00 7.381905722555972993e+00
8.025844027532533786e+00 5.765546051489590873e+00 3.490959751242412423e+00
7.675147936361527812e+00 3.988515390022560503e+00 7.833512354997330007e+00
8.003600575825512209e+00 3.688640405685588597e+00 5.835104640434572332e+00
7.132584896571456667e+00 3.983417684671247017e+00 9.730646593163420732e+00
8.433222458899596319e+00 3.613884209074298859e+00 8.034319009231742470e+00
8.936194283511905923e+00 3.553104186236579309e+00 6.245876898955136980e+00
1.620487950367226482e+00 3.443651311265722548e+00 4.946410358538140706e+00
7.651356631332686398e+00 -2.637291641398144648e+00 3.229007344211609620e+01
2.543894955094295529e+00 3.622515923633109036e+00 5.150106954208829357e+00
5.160986636124659910e+00 3.532600046160259133e+00 2.570271093328399203e+00
3.928013591368955559e+00 5.088935291613838618e-01 3.519134024806420680e+00
7.758600492879702770e+00 3.986862960052405480e+00 8.027141164179624866e+00
1.137431747959366746e+01 2.673593585635154479e+00 6.441824490680318149e+00
7.893717870920415880e-01 3.730016961028332467e+00 5.211185345631197841e+00
1.171352277913054296e+00 3.638619667315147410e+00 2.250658299731326029e+00
1.904865619354159545e+00 3.659299888046795513e+00 5.691028871417783463e+00
2.211592899988334082e+00 3.669444700454745245e+00 5.800748101018918135e+00
4.599189577973297638e+00 3.751091514911205849e+00 4.694157328931183315e+00
5.514631510580838558e+00 3.775568535532935144e+00 6.171598435941231031e+00
5.646087721311439545e+00 3.944831696351322137e+00 4.930182901258659989e+00
7.038605968337629193e+00 3.703362051907469699e+00 7.072731696059380013e+00
5.098815535932700094e+00 1.488961993979939002e+00 2.657284925848149015e+00
9.875240393316396137e+00 9.990827647932420064e+00 6.923071448654527060e+00
6.890454966459452990e+00 3.506133980489297475e+00 7.107601785467079658e+00
7.498123421377144382e+00 4.091344386443140024e+00 8.087295421253330119e+00
7.483538030799961049e+00 4.093498001929557262e+00 8.092865891658338029e+00
7.617077456423588799e+00 3.706635840340539279e+00 7.570925067769843864e+00
5.746614322960806653e+00 3.876107877295986270e+00 6.688801712251514431e+00
5.660382835724351303e+00 3.724915583860644919e+00 3.476558309874971719e+00
6.665731241099587479e+00 3.982871754853740676e+00 6.689951881783121834e+00
7.817214580683282676e+00 3.697915641393075603e+00 5.554240232317079418e+00
8.191375099633625423e-01 3.681298406964994108e+00 5.187184537042108801e+00
7.050053412950723075e-01 3.772379466442693285e+00 3.728545094326793485e+00
2.259190103668655247e+00 3.873887038179623765e+00 6.616156860523878080e+00
4.706759426323485762e+00 3.803264651710177802e+00 4.334375216095946115e+00
5.039056053240815736e+00 3.673863431211813690e+00 2.736687766829086321e+00
7.515613219929564437e+00 4.125190130104557262e+00 2.914517040635729472e+00
7.552883931042028820e+00 7.015716091441412061e+00 4.472454923741308264e+00
3.963313405285839863e+00 -2.402106765505148900e+00 6.973602571212895285e+00
7.171439275643051836e+00 4.251559890000137010e+00 8.709763932992906632e+00
7.018832842547145567e+00 4.081561489858283487e+00 1.076939842602598674e+00
7.496025736207322154e+00 3.999249485058700593e+00 1.676569828357421521e+00
7.408919214383267615e+00 3.767081761313286314e+00 7.270009849846361227e+00
8.016919796896598172e+00 5.073399726078994476e+00 4.385871860113493170e+00
9.016405273110796870e+00 3.604565727133603126e+00 5.174335281296326805e+00
1.226454025216572319e+00 3.859832711893253610e+00 6.659926734739284981e+00
2.273835890342537080e+00 8.153176975759894862e-01 4.619058855653256579e+00
7.549212291362108473e+00 3.667411621519684140e+00 6.965692586293747546e+00
5.085074437053989982e+00 7.559325738877954670e+00 6.187905892742636027e+00
7.279307302884445718e+00 2.461929734170140271e+00 9.894216374214005683e+00
5.654787803405095126e+00 5.664252803607897846e+00 6.906986363821351560e+00
7.699175546801402703e+00 4.002346273258281073e+00 7.867380863809287916e+00
3.489502020266855853e-01 7.033324945613195212e+00 9.276602593392389906e+00
2.024363876627989889e+00 3.927213190464374115e+00 2.709299165156395350e+00
2.986427913185974781e+00 3.724809930179936224e+00 4.612785555808008198e+00
4.579211140848588713e+00 4.853670444596765776e+00 6.991051242441743696e+00
5.718726360010862209e+00 3.971741681833136361e+00 4.892716086973639023e+00
6.376729643563090022e+00 4.058230121490124631e+00 6.718627119881751319e+00
9.472332246805503786e+00 3.588184646246236342e-01 9.444658931916041666e+00
7.821566494336738451e+00 3.921365529041031195e+00 7.829607549626222962e+00
7.119432319416631572e+00 3.850075583791199740e+00 7.300334920473417810e+00
7.708439629855570630e+00 3.879531591504400190e+00 8.066895149562846257e+00
9.226809867297002254e-01 4.049836999602264953e+00 7.333215930931030080e+00
4.279517415322395379e+00 4.152838935687625188e+00 6.074495276761290086e+00
5.955546890144534089e+00 3.437770122187948196e+00 4.119944532372876722e+00
6.948262112120779932e+00 4.153054497109343934e+00 7.277425456158473693e+00
7.059511892112009690e+00 4.573834808562454946e+00 8.467120830932255870e+00
9.824175137933163882e+00 2.592840526741449381e+00 1.129970804960156450e+01
7.660830625539500005e+00 4.144029850624152189e+00 8.004960936139998040e+00
5.547252676013583184e+00 4.171969558314087223e+00 1.504169522664683178e+00
9.348607030226398606e+00 7.359753659813084603e+00 7.439603868270054932e+00
7.135564134523982638e+00 4.302748202424872659e+00 7.490176041289986486e-01
6.946523283203468679e+00 4.474639971054011234e+00 1.046191244085625094e+01
7.652639510483496110e+00 4.014261554775449881e+00 5.842832539789426960e+00
7.387963156476347493e+00 4.327432166213683651e+00 2.582847861682960211e+00
7.624837112976392106e+00 4.115471931505607195e+00 8.091273018238185344e+00
7.995783210948314235e+00 4.303771677355105574e+00 5.584398956274037040e-01
7.598339880526861378e+00 3.978530451274845170e+00 7.838911946082163240e+00
7.672683110857004607e+00 3.957842559567463780e+00 7.894796704340958371e+00
8.296209592262680843e+00 4.214016066773773161e+00 8.346415915400307028e+00
3.313649098945815386e+00 4.392075952176185183e+00 7.870072376199502173e+00
4.889594647727110832e+00 4.072619382019754930e+00 3.486973782281442613e+00
5.323382253911784545e+00 4.222338830947931498e+00 5.783273845843927674e+00
5.033941377084494739e+00 4.522111223582532702e+00 4.188094950090206048e+00
6.085104063369841221e+00 4.200820434674215065e+00 4.768493561937056313e+00
7.488807117556170567e+00 3.144890000710304001e+00 7.704084200915488623e+00
6.624617408430708565e+00 5.151504760652779069e+00 6.086491195550961741e+00
7.033956446232629389e+00 4.362647425002758261e+00 1.159100848846847054e+00
6.654483942700262666e+00 3.945177266503121061e+00 1.079253882925394592e+01
7.571494866243204669e+00 4.169418702693853618e+00 8.078945445712225393e+00
8.313938957548835162e+00 4.321814535400295476e+00 8.963693941044642344e+00
8.614812481688012724e+00 4.232879709039807814e+00 9.079622213074019399e+00
8.537815921394354746e+00 4.172389333106165665e+00 8.536356975378275536e+00
6.363740242036272754e+00 3.871050816205267253e+00 6.252517483191398995e+00
6.566745262159125573e+00 4.204321848026801867e+00 3.440987755977330753e+00
7.857683461644883849e+00 4.643015915946143934e+00 6.539208926086695683e+00
5.199173714011475766e+00 1.018456241822673913e+00 8.257347242575647783e+00
7.489116795103365476e+00 4.429101324840840626e+00 2.312913141383275750e+00
8.351429648663767580e+00 4.164640635971925242e+00 8.260279308820839717e+00
4.719276962846084444e+00 4.205451628794500962e+00 4.501659379199429267e+00
4.840972703251720688e+00 4.373156151798723634e+00 5.708078613518217104e+00
5.291212920342360349e+00 4.311267282842278448e+00 4.671538731293679803e+00
5.218899197086646069e+00 4.026858384027862670e+00 3.804258225895976953e+00
7.061638180548205135e+00 4.301014007192604183e+00 7.386139133164341786e+00
7.058986641437583032e+00 4.374716694082096069e+00 7.436932036404405366e+00
7.392895537682070639e+00 4.355575112797283488e+00 2.263035189241676903e+00
7.846623924394602767e+00 4.104715279273477790e+00 7.864562004379513027e+00
8.133888175573773527e-01 4.434446120692408400e+00 8.148709066754964425e+00
1.422999739555807164e+00 4.383141793319009771e+00 7.353381938267787632e+00
4.769058056800052015e+00 5.472996068398564340e+00 8.964153430761001573e+00
5.866118029314982607e+00 4.568541707376790661e+00 6.370654458736765058e+00
3.654843666407548319e+00 5.803863404304315132e+00 7.773834213535512738e+00
8.758799963719869908e+00 3.226036581357513811e+00 6.139986274767230690e+00
7.658944478132985623e+00 4.109263086506253160e+00 8.091050799733919163e+00
9.291734521071694175e+00 4.489810491944122184e+00 -6.424523593066522320e-01
4.363049506616455631e+00 6.293769351551708802e+00 1.156497694957361588e+01
8.226013369855420976e+00 4.237723676768238690e+00 8.392493557231516021e+00
5.338228945024971139e+00 1.004097404356228296e+01 6.690488024510770515e+00
5.078604285327485535e+00 4.528858405630528772e+00 1.179822265732597852e+00
7.297057536357331564e+00 3.838986666200272069e+00 6.258665318387535592e+00
6.272008760697948659e+00 4.544512981279520858e+00 7.187723160328179262e+00
5.935468716765185171e+00 4.403758470657841428e+00 4.510501214495742595e+00
6.647060721717230614e+00 4.417961901003609526e+00 7.029188227619364682e+00
7.842800475066294297e+00 4.410992849800874360e+00 8.190758084228152214e+00
7.133209366849355249e+00 4.537297781544359587e+00 2.054991631961391896e+00
1.253598730576461051e+01 2.561487643705853579e+00 1.851753813553980166e+00
8.759349743657237397e+00 3.901428926137189279e+00 7.115941581882498923e+00
9.078262281066651340e+00 4.397071895429578881e+00 7.272639697613488607e+00
1.357396827726832900e+00 4.591837667231703612e+00 5.158543095304898074e+00
7.234343306204844559e+00 4.223870139971325877e+00 7.487358279925699023e+00
6.895854701891449778e+00 2.797702409715166816e+00 1.391552189334238854e+01
7.820665027314662510e+00 4.626010722350399895e+00 1.563151803676329887e+00
8.294338200156495589e+00 4.355158749679040042e+00 9.067531907164839922e+00
-2.366808865713561638e-01 -7.264387550070268151e-01 7.353698311680932242e+00
4.047175884030525417e+00 4.497651578160087205e+00 4.036701072492764553e+00
4.322474464870390776e+00 4.683732145950339820e+00 6.315399652781270134e+00
7.131250322848185164e+00 4.330757419864526447e+00 7.437885315212383830e+00
7.579135278707409995e+00 4.485537798279019661e+00 2.475444431752008345e+00
8.773085837536797271e+00 4.524526032420669530e+00 6.729819495623436509e+00
3.114010745561006210e+00 4.830523384519485930e+00 7.911081173578322634e+00
6.421586092766652598e+00 4.972198313495685973e+00 8.907851121420449658e+00
7.236998854086276189e+00 4.964420014513699186e+00 8.304684026052797208e+00
7.461708907238238098e+00 4.540066594818963353e+00 8.073046963326740766e+00
7.484936800903225773e+00 4.658822148350584058e+00 3.219418167787503560e+00
7.989477301202755122e+00 6.076004500474282644e+00 3.725228991968556613e+00
7.821304240522700013e+00 4.537154592697619115e+00 5.592272882456066796e+00
8.879671130052841477e+00 4.722065388323790636e+00 7.525328233283598012e-01
8.714728065002059765e+00 5.103578739007341269e+00 6.554626609335783449e+00
8.848656549953869188e+00 4.504478598424943137e+00 7.636260211141392418e+00
5.749182018157474872e+00 4.695993721664098786e+00 6.255803521996397443e+00
7.158341626795126977e+00 4.822437269251540926e+00 8.105319057077435829e+00
7.061554607900568215e+00 4.979323880909761080e+00 1.299022058451643868e+00
7.051025809787945242e+00 4.986322177892564156e+00 1.311895560417104534e+00
6.998648817216260198e+00 4.726911143338825561e+00 6.699392967001217336e+00
7.387408206585954318e+00 4.569685105115694590e+00 8.016009770072674456e+00
7.654402502016443677e+00 4.797815237937730792e+00 4.178263111185923862e+00
7.954806212594361270e+00 4.270579959258068214e+00 8.174234424063705262e+00
7.868111968492081942e+00 4.408585169576164198e+00 7.822324060451127714e+00
2.392028107737492970e+00 4.952663684600419280e+00 8.116554932417374246e+00
5.476366130015520639e+00 4.815328096313641559e+00 5.215735980617209222e+00
5.650449544386967560e+00 5.736613757300104588e+00 5.614925379712147446e+00
6.439475109522222240e+00 4.980786812851705214e+00 8.889645362015759389e+00
7.537852314082496896e+00 4.675755714856446588e+00 7.885567337726874015e+00
6.252442587638861404e+00 4.780452141547006484e+00 2.523862151359919537e+00
7.255337293868534765e+00 4.536928986558643295e+00 7.895273266206787710e+00
7.156551624092943875e+00 4.558464965413548953e+00 8.183896510022005799e+00
7.953953487765721420e+00 4.263581038101630583e+00 8.181463906380638917e+00
8.703740916318192689e+00 5.157310240015311464e+00 7.184055665919560241e+00
6.758568854048307983e+00 5.144615762999304565e+00 9.029850049102803311e-01
6.854464668877138678e+00 4.706768925233593137e+00 7.939111719573579862e+00
8.271733802398321345e+00 4.059575357791094241e+00 6.213703333286405339e+00
1.836714319677396956e+00 4.917770115611501680e+00 4.126397254380811397e+00
2.902381809286998404e+00 5.124245386572405359e+00 8.729100701376214744e+00
4.821600687504294491e+00 4.893347000949565206e+00 5.577892120990073366e+00
5.563334141182080472e+00 5.043162714576684635e+00 5.946438065421648655e-01
6.110368643734705785e+00 4.967512952373699164e+00 7.537600628407019165e+00
2.767879461624069393e+00 -3.774830090239560398e+00 4.347385937553552182e+00
2.791167412783878810e+00 5.141453785620077710e+00 7.126044542298991757e+00
5.184351173342052199e+00 5.061404510750540098e+00 6.043718347000058166e+00
5.497467744067476403e+00 5.042625645908944243e+00 5.737285390012497821e+00
5.439419465615119798e+00 4.934931842804926916e+00 3.829450679614693875e+00
6.338814856055386748e+00 5.068275930595057766e+00 6.771905989713989271e+00
6.781655306457709642e+00 4.909967426845254224e+00 7.954751766457770046e+00
7.005011392535234194e+00 4.871599011992010730e+00 7.752644637069441735e+00
6.774015586645516507e+00 4.830069887599431233e+00 8.602441662158847535e+00
9.078712861085197261e+00 2.485966552144661890e+00 -8.640420211379744309e-02
7.322960981078677101e+00 4.933300622806260805e+00 6.605282399568876528e+00
5.062675266373537930e+00 5.478141690945535380e+00 9.108274497417319537e+00
5.748116732190401201e+00 4.182797051421048629e+00 5.185003914460185825e+00
6.004933525249523285e+00 5.300683895555380332e+00 9.191411128928125507e+00
7.513285205705289904e+00 5.318913886912857159e+00 1.437556196828193356e+00
6.519077247956298393e+00 5.203071146176938555e+00 8.660396462140232288e+00
7.483030169002024223e+00 5.198143438536218852e+00 4.874520556061991527e+00
7.423561370980420904e+00 5.347334695451559483e+00 6.464028643106185523e-01
7.728420892627987371e+00 4.835322515346448746e+00 7.851805467030587238e+00
5.364250471734226977e+00 5.075247745560576007e+00 5.475379810332764663e+00
1.226842217932205870e+01 -6.173473159755726414e+00 -5.323942566085898775e+00
9.234533671494662421e-01 1.659364426221731037e+01 2.010076640641323564e+01
6.803912663334596544e+00 4.889102366667424704e+00 7.855732710060282287e+00
6.993569635893734926e+00 4.819764597825193064e+00 7.795561792116616040e+00
7.103482995601406280e+00 5.035147961505469283e+00 6.576708367855870208e+00
-4.812029935304003025e+00 9.556954362869642949e+00 -1.197721464630938926e-01
7.096795779198642684e+00 4.707553857564607647e+00 8.200717202857022770e+00
5.942208030756863657e+00 8.021296298229668054e+00 1.609364848449079011e+00
5.250442275109798551e+00 5.602310780710974214e+00 7.947546919057093540e+00
5.207143367088523433e+00 5.799687058096530734e+00 8.086374391302145526e+00
5.804609118749224805e+00 5.301378011742754026e+00 4.418333924797384071e+00
7.104679863061658551e+00 4.537409267128240664e+00 8.139119381946610332e+00
5.088641663066066023e+00 5.513500219759808196e+00 9.254204449025369428e+00
5.368709904229470808e+00 5.209401871062235401e+00 5.944135234202149398e+00
6.439240913514412412e+00 5.338483014357922940e+00 6.981685414695085967e+00
6.864583779765984772e+00 4.586909400838981909e+00 9.387498648083724362e+00
7.115627339188682399e+00 5.451011454418097202e+00 8.031485569583354245e-01
1.915851521647658018e+01 1.118334067511443486e+00 2.896861224348625363e+00
7.141560126356242932e+00 5.364117529130314921e+00 7.485750055272466064e+00
7.105955798780871469e+00 5.017206019974079112e+00 6.569480792367055955e+00
7.589877912164192608e+00 4.981073679936448784e+00 7.543818910248987208e+00
8.008116776857763242e+00 5.052231751279448346e+00 7.230286112779516827e+00
8.470744265103348880e+00 5.136453681752157330e+00 8.911240251881642038e+00
1.149813009154737831e+00 5.403164672141102187e+00 5.782890966412216116e+00
2.990086408121324979e+00 5.416024035568536732e+00 7.262490254909157450e+00
5.297417610786900433e+00 5.772336149680312722e+00 8.123975485265303220e+00
5.696920136431131709e+00 5.352744915101748546e+00 4.536953336911208723e+00
6.748656614377135377e+00 4.768695047425588029e+00 7.155304449134770373e+00
7.162306863336029394e+00 5.437296218138921056e+00 1.047159195613135863e+00
7.545731379195562027e+00 5.290873846416228155e+00 7.116842431641320355e-01
1.229803762298967484e+00 5.550478752806000671e+00 6.617245372712591944e+00
5.253540817972152333e+00 5.436180968531597379e+00 3.158056112516663738e+00
5.196956116047401153e+00 5.861010642265009452e+00 8.742171620025526835e+00
5.190822333848950976e+00 5.659206108496828591e+00 7.949968824264969314e+00
4.516163784604390230e+01 -2.430333845693170858e+01 3.766161820471562294e+01
6.901542942940119829e+00 5.859352143389447320e+00 9.937199003194004732e+00
7.023625139865551148e+00 5.533839971979069183e+00 8.341078018804488625e-01
7.248233440006817574e+00 5.362658257316933685e+00 1.300723960747749874e+00
7.769612195624416628e+00 4.947619447923563563e+00 7.788571636138859944e+00
3.680257265267910416e+00 5.665891803998321485e+00 7.989413352799443757e+00
4.070253191979963603e+00 5.583383324367693135e+00 6.283233093250178314e+00
6.383366465744341411e+00 5.597296648897012616e+00 7.259633578802304754e+00
-3.170186582226667227e+01 3.581018833574782434e+01 -3.580316892448014698e+01
6.784954259095965057e+00 5.225378221012084268e+00 7.885759382892526759e+00
7.957066059812897052e+00 6.364313254055004698e+00 4.613311465059124927e+00
7.627412728459546543e+00 5.437309187273116962e+00 9.719691548299501660e-01
7.500025385912739040e+00 5.706668266244722787e+00 5.251141260153570300e+00
-3.127063184561199582e-01 1.177812084498839518e+01 7.774551453149753044e+00
6.578835252069273665e+00 4.894538924641200772e+00 6.380256626944259324e+00
2.552752474513986236e+00 5.672884284100449648e+00 7.346177712750009192e+00
5.315952804288579969e+00 5.630264565428770851e+00 8.086915575300469783e+00
6.156493159533694914e+00 5.744958700318965938e+00 5.671804676224436292e+00
6.270403274567660112e+00 5.775719556355467077e+00 5.767883808754309172e+00
6.532663771756257454e+00 5.790036120891373983e+00 5.276368323466838817e+00
8.841512798915015736e+00 5.734506133666055661e+00 8.284638737595581004e-01
1.078311457079779245e+01 9.150217199629592790e-03 9.809347533302860356e+00
6.061715654266297548e+00 5.940915017882700155e+00 8.307767329956319280e-01
6.341724242826956903e+00 5.702640055767805194e+00 7.155459233452948986e+00
6.810630335280161596e+00 5.880591716058227725e+00 1.020762611286676336e+00
6.837395656019280565e+00 6.684594540040905919e+00 1.128625082022277182e+00
8.702822516378564188e+00 7.785559292714165913e+00 1.098417357084970070e-01
7.362445542939449084e+00 5.935090439663049722e+00 4.602892865202566242e+00
7.898533316434486196e+00 5.339720731583410540e+00 7.635922110494070658e+00
7.949164914615959532e+00 5.359493087186653959e+00 7.691158171548327260e+00
7.575203547153268602e-01 5.876830142138253166e+00 6.665641286966557999e+00
3.117816135128975930e+00 6.016222803725330692e+00 9.051528583341733381e+00
5.198574134298708849e+00 5.979321709271184559e+00 8.445534829618203787e+00
5.960856266945011583e+00 6.186123349522772763e+00 9.029992975262398858e+00
4.777805057617177553e+00 3.749089355417126512e+00 1.820428327173984062e+00
7.398827293764361102e+00 5.974646798854368335e+00 4.657942845037037927e+00
6.981284254009930912e+00 7.314186195411864766e+00 6.765025717767196412e+00
6.387461232060711147e+00 6.084584971051175017e+00 4.674678996631000061e+00
7.831819209029802664e+00 5.937659611990435238e+00 3.378737215992923648e+00
4.053241376766898441e+00 4.844794213170482422e+00 1.016071664241003703e+01
6.648629367234445198e+00 4.975353528613897680e+00 2.227594460373758967e+00
6.930989279678994919e+00 6.066742944596869691e+00 4.517459058710215913e+00
6.611532910946849917e+00 8.519511103425937648e+00 5.756416819877903990e+00
5.814993112379415408e+00 5.911314074035162847e+00 8.802747244122748782e+00
6.589087277057169345e+00 6.003889792412386406e+00 8.183313119326596663e+00
6.829203321883100308e+00 5.787114750093649285e+00 1.081567187164070187e+00
7.501654386595920876e+00 5.932452126446388085e+00 5.050797957244506975e+00
6.462514362532143508e-01 6.297868095969031188e+00 2.978081325113404176e-01
6.275543658891673537e+00 6.152548461677861624e+00 4.588691682501926827e+00
6.919938876024281704e+00 6.075917195385340364e+00 4.560712473374161746e+00
7.104951276621660483e+00 5.921199572230454677e+00 7.836984772974858515e+00
7.944252831998616315e+00 5.893697381973375116e+00 7.099762639797248198e+00
8.697283086093930748e+00 6.240553305503124371e+00 2.090984111266688927e+00
6.457444902837634615e+00 6.376371166026992832e+00 9.082310591823015145e-01
6.408536080110728506e+00 6.505952184423278162e+00 6.976011957041661660e+00
6.343013366002430153e+00 6.185512062571620895e+00 8.859221903615328131e+00
6.605739189271776723e+00 6.121118579790003622e+00 8.869663447798451728e+00
6.900170888190176655e+00 6.214945441314559282e+00 5.418628825384945280e+00
7.463551033392647582e+00 6.064630282978839659e+00 4.878811524042649062e+00
3.617007960967248970e+00 6.415837449688032379e+00 4.537225790317723217e-01
6.193024742780668390e+00 6.324345834434434543e+00 6.180493549763476757e+00
6.678483159162091454e+00 9.217999536135570438e+00 5.810538105740473469e+00
7.448604298014661618e-01 6.467792821954112981e+00 8.147090863781636827e+00
5.179570118210691021e+00 6.513083794560727391e+00 8.351999360194882982e+00
5.738343485298025293e+00 6.598213349934128225e+00 7.981886029042909669e+00
5.247778619568884473e+00 3.902294063865403118e+00 4.880867432076474444e+00
6.395720046236801792e+00 7.313009064961173422e+00 6.101222709165565306e+00
6.389339382184330951e+00 6.316561578310663450e+00 5.826595978224027306e+00
6.729706781529358750e+00 3.199173509275587968e+00 6.720148812957459583e+00
7.402659251515176564e+00 6.218343588222227325e+00 4.713933465270486067e+00
7.778975781480278684e+00 6.099749573171585837e+00 6.777004566638440863e+00
4.859851999997234273e+00 6.614735636347338854e+00 6.342842603713828353e+00
6.278286379601852651e+00 6.445008272264352911e+00 6.743541880979535108e+00
6.274359747903480056e+00 6.481192164764581598e+00 7.997568067331934927e+00
6.129875592026226450e+00 6.494834458428356605e+00 6.930434094097819298e+00
5.590688963577415294e+00 7.347593177370974615e+00 8.829841750972178716e+00
6.373024931246443536e+00 6.579016826155711151e+00 7.569498285434816953e-01
6.058952546428955088e+00 5.277836999460426171e+00 7.550815212212779848e+00
7.409333627292643776e+00 6.211080362983071979e+00 4.700552109855566485e+00
4.982637616624638000e+00 6.883862885397165954e+00 7.458357932340003771e+00
5.762608613832612470e+00 6.732605582663230948e+00 5.853345788341128841e-01
5.861961332063641450e+00 5.998838623962381433e+00 7.827083516545934927e+00
5.684436957231454812e+00 7.546396124807138506e+00 8.448314482909564660e+00
6.242469320443938763e+00 6.668514881736296473e+00 9.127698478639781898e-01
6.302809357881827168e+00 6.547832697321453566e+00 5.159890057739220381e+00
5.126939903591055447e+00 6.936241640329583014e+00 7.811923860514047746e+00
6.046465519676065270e+00 6.987466090754173464e+00 9.755804040004431021e-01
5.885154051811203324e+00 6.614185299343652957e+00 5.829457457467823289e+00
6.321462718790685997e+00 6.664210657440792218e+00 4.333483910707212061e+00
6.360328405699450016e+00 6.561567870147186454e+00 4.736237567917775948e+00
9.303326129842130143e+00 6.760664249683298266e+00 1.249195904935101575e+00
1.071169869943974451e+00 6.807056368315296702e+00 6.246004475154512292e+00
4.402006030202276321e+00 7.190078914746284688e+00 7.490077621934885244e+00
5.598154384674967510e+00 6.769635693920200481e+00 5.977989580373424872e+00
5.697305661737508409e+00 6.822468558842005315e+00 8.270314983693735300e+00
6.197313797912589628e+00 6.635613852408247304e+00 4.394976684626324293e+00
6.364008171672512759e+00 6.384069628766781967e+00 7.214717039666643572e+00
5.682104227008181851e+00 6.265387647931109250e+00 7.895731456122476288e+00
5.792683717225607154e+00 6.369288664185893900e+00 6.867801669867828807e+00
6.750691082950229571e+00 6.549324088186412318e+00 5.386185048285568655e+00
-3.066798770821774411e+01 3.865099445445197546e+01 3.967089680240115968e+01
1.472721164216935996e+00 6.934547900397366682e+00 7.599579553130206833e+00
1.792151623679584027e+00 7.086784337650567700e+00 8.891560708163588345e+00
4.635577172374335753e+00 6.987130843914064471e+00 6.673658554449658276e+00
6.982472894602880231e+00 7.018007527265750056e+00 9.542943913350393714e+00
7.208192801203188615e+00 6.770638666513314696e+00 3.881285617200606275e+00
4.505385371860417365e+01 -2.533267179794673041e+01 -2.396054012997704064e+01
5.307909060066960949e-01 7.042360326942494808e+00 9.027212283973835127e+00
4.853768069297776044e+00 7.110401799366269593e+00 8.231825450986388404e+00
5.637916820458313438e+00 7.021527427237550967e+00 6.952545101347844536e+00
3.611039740561186484e+00 7.212924836135680806e+00 7.445652150787189782e+00
5.716845345746905060e+00 6.888940705281855870e+00 5.556023579941783197e+00
7.449402467570353181e+00 6.589291404192587187e+00 9.310945473621245583e+00
5.677491601203314531e+00 6.946403777632708554e+00 8.873378366363441572e+00
6.170872300381289755e+00 6.584890794036441619e+00 7.985211605689860548e+00
6.429717236337272546e+00 6.635509319933881933e+00 5.355705510241952183e+00
6.211230211132745538e+00 6.706176423362424366e+00 6.551909532319695195e+00
9.088143348549657219e+00 6.965190816755950642e+00 2.115059097755593420e+00
4.430593993111362927e+00 7.401055999697722321e+00 7.434874284742644335e+00
4.935638624772391125e+00 6.981634567776859868e+00 4.215094982816961711e+00
4.613641148287806359e+00 7.752569008356745783e+00 1.363365738765520030e+00
5.702022814684093888e+00 6.863235457166901199e+00 8.496043231352912173e+00
6.258466551226392838e+00 6.857351210328763713e+00 9.528546674787315984e-01
6.276607371190758400e+00 6.728427976451248682e+00 6.694858248878874818e+00
6.208545883496725537e+00 6.503303886035515013e+00 8.099457661192836611e+00
1.806599429436691828e+00 7.090128434527471768e+00 8.886146701436201667e+00
3.702469368492697921e+00 6.719749187794452183e+00 7.506037659919476468e+00
4.608589311944164102e+00 7.240767607044977794e+00 1.459408741688557054e+00
4.926306482169268364e+00 7.182579807983714204e+00 5.859783469665234001e-01
5.028664384744748972e+00 7.581637182317139789e+00 7.228466879505500486e+00
6.680592535435820878e+00 6.367540191307412556e+00 7.904476104464267516e-01
5.965012620908153984e+00 6.942617567956036240e+00 9.481472502819521253e-01
5.707056897053878863e+00 9.710240080133131002e+00 9.245587524987374906e+00
6.705890838694784861e+00 6.741019410399194278e+00 5.116529001175663893e+00
6.463864532516864436e+00 6.619720650024689235e+00 6.848399191153398569e+00
4.483074970952641181e+00 7.447123972620896204e+00 7.441486806963514056e+00
4.397083427745425155e+00 7.030212033809100092e+00 7.596457067689653897e+00
5.046360693476258596e+00 7.273848423319638101e+00 7.862347412489539167e+00
5.811278504555517976e+00 7.108449256305767072e+00 5.092324275145323043e+00
5.527984499077379432e+00 7.156397875687945387e+00 7.431200682838438709e+00
5.905706003416847594e+00 4.403473678055692453e+00 8.662030497444892063e+00
5.095324719373195421e+00 1.119338459150561960e+00 1.048388889114639966e+01
3.926920080191879658e-01 7.420932478571419466e+00 4.122646043413987771e-01
2.095719635913920964e+00 7.311229009478775964e+00 8.614656050118242092e+00
4.391477071382640318e+00 7.333473493417431932e+00 7.541933885681650018e+00
5.095921453001488466e+00 7.402600806424342039e+00 8.312793048939390417e+00
7.981529511096303153e+00 1.354788819200725669e+01 -9.280509242842837736e+00
6.534480405729975239e+00 6.976395452542114128e+00 8.846355803690705288e-01
6.383378153529965182e+00 7.333397956872452106e+00 1.048955854295490209e+00
7.420097630447366477e+00 7.123760105725190250e+00 6.299646977383840607e+00
5.176279994855267574e+00 7.511299028772983277e+00 8.364844429390164038e+00
6.472204325250815238e+00 6.920452236978220206e+00 7.537924909581228405e+00
5.968731809687161771e+00 7.431335216020407586e+00 3.097134408482924428e+00
5.762092181439741445e+00 7.197366092296377360e+00 5.403968095862217602e+00
6.124950986068640191e+00 7.177206345684110644e+00 4.547003169500739794e+00
1.419926582881450017e+00 7.465970810665864654e+00 8.113418843142229164e+00
4.055893986697546083e+00 7.626471071601192975e+00 1.355713333810199428e+00
5.101778196901524787e+00 7.731873639074411386e+00 6.879379743844282302e+00
5.760720393627350333e+00 7.322701478182696455e+00 6.808207978266907823e+00
4.858276863311219884e+00 7.592240811603130801e+00 6.719740020422118043e+00
2.988162032413494984e+00 8.036627731583813272e+00 1.062647270498912810e+01
6.144562712496313139e+00 7.185815067602023376e+00 6.255860578454354837e+00
6.159865061356386562e+00 7.162078300107046047e+00 8.063097706457199365e+00
7.072286453971885933e+00 7.400484737343741237e+00 4.237907292425062700e+00
1.696964668760624662e+01 9.207706558876479264e+00 -1.491782165374093339e+01
5.061917018504348498e+00 7.837579439900746792e+00 6.977622132305466351e+00
1.863795199183555518e+00 8.889931006381296186e+00 1.037238723909143978e+01
5.146467627478644502e+00 7.661506042533224203e+00 7.091014394105007668e+00
9.666812652913973736e+00 7.203601448551961717e+00 9.303758357622036179e-01
5.235747015683823946e+00 7.512433696072424283e+00 8.355364216572434444e+00
5.191737379849998391e+00 7.708032918583952231e+00 5.202449613578751242e-01
5.309977195954433071e+00 7.784150219602295806e+00 1.796183722882402911e+00
5.638383190189429683e+00 7.452807181000670411e+00 5.454213174905742534e+00
5.286141720492473439e+00 7.546457430655896026e+00 8.199584665642166925e+00
6.264972814918667865e+00 7.513022682531451224e+00 6.302615665333358486e+00
6.233488809701358768e+00 7.536875313202230586e+00 8.951996123673461980e+00
7.056451233125674349e+00 9.507190188799349073e+00 7.608184856440690425e+00
4.915987378337391966e-01 7.934432995538050370e+00 2.273570266448951216e+00
6.812290252307402483e+00 6.280189843518680703e+00 5.613696287363985959e+00
5.130726860174852355e+00 7.772032037070791155e+00 6.832553309757930293e+00
5.184668284718907394e+00 7.415977662513602908e+00 8.276852441576380670e+00
6.783270233138285477e-01 8.230868882643726181e+00 1.148274069883371951e+01
5.182457255055455292e+00 7.519033722581730750e+00 8.338942687329710779e+00
5.108788168686682063e+00 7.692942876802902674e+00 8.635635727166670605e+00
5.909741716075132878e+00 7.507338248897530875e+00 8.874917190287064273e+00
7.414350231000468305e+00 7.396415512620151844e+00 6.413032614618130012e+00
4.370386645218674815e+00 4.383247013194701225e+00 1.095944642355015830e+01
-8.271026407792518853e+00 6.232387297928886127e+00 3.085263164889216014e+01
4.204115548881321551e+00 7.903954522640127323e+00 1.132887990771177300e+00
5.081215979714111874e+00 7.925394140869693516e+00 6.724754999839476000e+00
5.129837229288960465e+00 7.702619608567502496e+00 6.584964992858792776e+00
3.732707516084259325e+00 7.891033922757424435e+00 8.494785702742301936e+00
3.884223191555518095e+00 7.933290504513621499e+00 1.254241371309754438e+00
4.320014553385918887e+00 7.846397554956761056e+00 8.655473395407408788e+00
5.307640377084721806e+00 7.917107680223006483e+00 7.135233887120280727e+00
5.187499116647588338e+00 7.758731493125806011e+00 7.831243958524840565e+00
5.239142169052828280e+01 4.265338317118670375e+01 -7.166120754362286505e+01
6.011916012684485722e+00 5.543644995293188771e+00 8.485866268520330991e+00
5.105845777682138653e-01 8.056988913627911586e+00 6.532653950345443050e+00
8.954692222459414985e-01 8.014767050200058307e+00 6.577871072669127628e+00
1.347871484124648855e+00 7.969039089473181292e+00 6.636601000438943743e+00
1.556738547375671411e+00 8.005687718577355838e+00 6.357956189156300120e+00
5.372513763118894836e+00 7.726339702444368740e+00 6.613220023949372361e+00
5.505804806818000330e+00 7.718733005601913888e+00 8.593173419871273921e+00
6.077770402780897641e+00 8.164199252676153762e+00 2.036940527161226200e+00
-4.021678215631388298e+01 -2.653557190884959027e+01 8.459915916528137814e+01
5.964190424160920045e+00 7.577604935946871123e+00 6.415085368725951476e+00
6.551170317561341605e+00 8.012361447770210532e+00 3.467155431625052131e+00
6.612185420231635469e+00 8.126040626026551195e+00 2.500893714158245906e+00
9.224642541588886857e+00 7.907817899324278699e+00 7.391812002012279059e+00
1.743375833973397071e-02 1.157027053185711019e+01 8.376548109504350137e+00
2.938758103570381586e+00 8.119847978895101903e+00 3.832495441746250897e-01
3.205256600592188754e+00 8.043105926484269474e+00 9.157304176166723764e+00
4.865617791622206312e+00 7.476802566293194729e+00 7.113815291062371315e+00
5.779805153026039477e+00 8.112852325997575775e+00 2.378230153827745053e+00
6.057087480130936896e+00 8.087764711313965904e+00 1.097097149275802597e+00
6.409431871501867661e+00 7.771204262707406940e+00 8.883196267765564258e+00
5.441624898180735803e-01 8.138070326180560699e+00 6.746779205355965203e+00
2.524631864824205429e+00 8.187847686493171295e+00 2.911876962190400597e-01
5.157228881969230905e+00 7.818321145497534985e+00 6.751272588812681441e+00
5.153956612485831812e+00 7.839122992549885538e+00 7.763658942565449195e+00
5.395723754449143428e+00 7.939498238166661892e+00 6.651404718895555845e+00
5.205055700122084517e+00 7.789750925932601433e+00 6.932926173141922277e+00
9.495493881403296754e+00 8.179448584089566765e+00 3.067854127959854793e+00
5.082722203601972133e+00 7.739321199111858007e+00 6.422101608851122911e+00
8.917030424052706294e+00 8.106424449958343104e+00 7.068379116777602889e+00
1.126158169453223001e+00 8.308007933342791418e+00 8.785568336316508464e+00
5.308554317472459871e+00 8.098453237014515693e+00 5.383227422834608866e+00
4.830046432689323876e-01 8.567790208099831162e+00 2.901354070386644057e+00
4.374597628028760177e+00 8.183725807980680500e+00 9.051434828900823959e+00
4.695939435924134209e+00 8.161771891192145745e+00 6.297508731669801740e+00
6.029401402924236208e+00 9.562933614558019713e+00 7.866616652339949667e+00
5.376514124464717881e+00 7.975325170342038916e+00 8.588754536842863274e+00
7.328257814357803213e+00 1.139755964956591328e+01 2.941778199114303050e+00
4.903496414250197333e+00 8.679623248408343983e+00 8.098637032546273318e+00
5.366955737349210942e+00 8.109671057567766184e+00 6.929744694566814189e+00
5.241802758875054202e+00 7.965951640616244944e+00 6.370600329896767278e+00
4.789941178476398775e+00 6.664647476758144506e+00 8.429339701304023436e+00
7.445428018662575198e+00 8.806915611321986859e+00 2.433637117908407532e+00
4.940827231245579210e-01 8.631449736017351881e+00 2.595778234404040763e+00
4.024384162676934551e+00 8.538028124344677394e+00 2.449888822117466169e+00
4.153188922686563700e+00 8.565759451820117221e+00 3.982577404519244357e+00
5.141403867774234193e+00 8.024212399877669100e+00 7.331647213090583648e+00
4.345526247165458322e+00 8.073451248284662540e+00 7.022274334690431274e+00
7.618841894873185971e+00 8.437557780337764157e+00 4.028341052727588689e+00
7.578837388634796390e+00 8.668811009557479963e+00 1.987470411423756023e+00
8.004516041643736202e+00 8.515784450017147122e+00 3.782959373851877860e+00
2.752119578368309227e+00 8.517274529388139115e+00 6.173326636627961328e+00
7.948586889232303498e+00 8.916657086631907703e+00 2.189081633416972039e+00
4.539586467390665625e+00 7.823401600532427835e+00 8.296498035719372055e+00
5.732556985965230112e+00 8.759861637341003870e+00 1.739982251909791167e+00
6.206720319060366364e+00 8.593543370675687854e+00 2.675694827675124454e+00
6.538404905290303937e+00 8.456855983772607388e+00 3.393267265853415982e+00
5.625898529880984711e+00 5.789169012312587626e+00 8.081736444916221007e-01
3.827112903389324750e+00 -2.280778921046118768e+01 6.851055957585231226e+00
5.290131848844310980e+00 8.142973895682485974e+00 6.745192376949194824e+00
5.932686442680409122e+00 8.441789738305594426e+00 4.947038972602414653e+00
5.964643113612170922e+00 8.366988924855661480e+00 7.212410186646076582e+00
6.402551039444206893e+00 8.448746885833111619e+00 7.687729190936895662e+00
7.209004586121032787e+00 9.075461915946155145e+00 2.453345501802339790e+00
4.728530246738606557e+00 8.556678065785648712e+00 7.525507448443280012e+00
5.386208862995326641e+00 8.990322203467471240e+00 1.271439788793293113e+00
5.211234321179434303e+00 8.321289596225879492e+00 8.013016844708497288e+00
5.591148662965946592e+00 8.500419802663619961e+00 9.210655182530976148e+00
6.023555042081408573e+00 9.702887971858451976e+00 2.896878765256220234e+00
8.000570900189067913e+00 8.123398053468941171e+00 1.836143782778969502e+00
6.761390344159093679e+00 9.717993202666985297e+00 2.659759854338583196e+00
1.215583488291051562e-01 9.249328399059036698e+00 3.290460913954072364e+00
9.312899702562991155e-01 8.575706240431824057e+00 3.415391521398957853e+00
4.494931063917642078e+00 8.464420805358395583e+00 8.202909866690539786e+00
1.506383590659850391e+00 8.585782015189725058e+00 -9.094223078842324226e-02
5.582024064225089788e+00 8.481838168294581592e+00 7.961906267351324118e+00
6.639449120451084596e+00 7.726042745509438703e+00 5.619628020976694671e-01
7.722474736424633335e+00 8.616586385170737827e+00 7.518310610632938484e+00
9.183894036958369256e+00 8.852344789058356866e+00 1.475448498972473210e+00
1.492016156878463740e+01 4.023341043397905992e+01 4.162194065945290511e-01
2.995828352364029001e+00 8.877637470487181659e+00 3.468480420148965848e+00
3.979766691554370794e+00 8.737941204017838359e+00 4.018806271567032518e+00
4.452901980891978084e+00 8.637197687958368064e+00 6.912088475042200919e+00
4.698591874834942672e+00 8.560036871236848199e+00 7.515972915082906880e+00
5.438265813298895246e+00 9.078604415446742237e+00 1.472468275653791014e+00
5.696294763058286748e+00 8.502860771130420048e+00 6.436172444432205708e+00
5.879370926745140835e+00 8.514833820419568156e+00 8.433857825131845232e+00
6.242779308941703853e+00 7.708358214891266158e+00 9.392382664764161504e+00
6.514215210407845902e+00 8.915596824216391880e+00 2.350566745112473654e+00
5.885884217189190082e+00 8.315232941671977684e+00 7.565517319803975127e+00
6.805110427521291250e+00 7.721568464867704762e+00 1.782390697925816170e+00
1.784812201055623149e+01 6.507703595791483053e+00 1.578798078154905404e+01
4.332498511402235408e+00 8.735687228480227162e+00 6.155640912825583122e+00
5.572370527753395031e+00 8.475661821901235626e+00 6.917433352595100615e+00
4.269141497770912785e+00 1.062494563251074453e+01 8.431959141801554480e+00
5.622327751744641944e+00 9.646774685184448472e+00 9.238802371347629716e+00
9.413131929691822108e+00 1.147449653307661599e+01 3.134696624827003397e+00
-3.052750845615636699e+00 1.141183725125634751e+01 -1.138407552653518451e+01
8.580885078725900783e+00 8.808225206483832892e+00 7.562369392452367833e+00
4.069303825854136747e+00 8.861934378503910636e+00 6.055522266135955789e+00
4.576632420760867959e+00 8.974744530580812452e+00 2.277516115705813249e+00
5.608404753381719843e+00 8.985742924408397059e+00 9.321361809509036700e-01
6.076001827403344713e+00 8.951954338413960599e+00 1.993349677458672087e+00
1.196331061918557026e+01 1.028802708002162447e+01 1.821036577090726083e-01
-3.822668520812327331e-01 7.220895217185461235e+00 1.296898209438774785e+01
7.211877109400580466e+00 1.054066252406721915e+01 3.350652231213581800e+00
7.555648108321551426e+00 8.942305462160456742e+00 2.561513988532084340e+00
7.866174894616865032e+00 8.870936121500694327e+00 4.325448909060257918e+00
3.720955560171206322e-01 9.186068863769845549e+00 2.318873723271481335e+00
4.267617448464968710e+00 9.067710539120762192e+00 9.305851446643053082e-01
6.111562945934256419e+00 8.916720244309370713e+00 1.809604141951783207e+00
6.782386825867039448e+00 6.487352575958741596e+00 7.542048797370272339e+00
1.593110867553879118e+01 -1.184291708627673145e+01 1.520121418424948345e+01
6.218023659855216323e+00 8.918358095392763474e+00 4.306038361941318726e+00
6.607330172565147208e+00 9.019155660182359924e+00 7.457845656051370398e+00
3.988078105195929979e+00 3.598523389421612428e+00 6.462873550139121903e+00
9.458803873443342169e+00 9.056596231365885430e+00 6.353502787739446767e+00
2.009000701091936847e+00 1.092901237985202911e+01 3.418843393453398161e+00
3.456792134061435817e+00 9.109002803845822172e+00 9.379999827278506785e+00
3.737557152913256964e+00 9.102137465722703880e+00 4.891320851570122308e+00
4.232892792961663098e+00 8.962217780141831014e+00 7.396078883642852375e+00
2.093112007509235539e+01 1.012182478581631173e+01 1.812239834058507526e+01
5.385709457350378315e+00 8.929333120279235203e+00 1.366950940352391841e+00
-4.996865478206135691e+00 3.004109530249673909e+01 -3.837412342838128598e+00
6.205801506543717316e+00 9.007661115834558530e+00 2.207539147137571600e+00
3.685574053731574651e+00 6.248819425176632691e+00 6.313428396704073187e+00
1.014349021682894048e+01 1.419615378900257951e+01 -1.806811786892145388e+00
-1.239565825642776176e+01 7.991274686684803896e+00 -3.052910738042425187e+00
7.352984826645389660e+00 9.047005344369734914e+00 2.425389337954777069e+00
7.435646062043885784e+00 9.038641039699689017e+00 2.469743050783924865e+00
7.969593586360359083e+00 9.212696873718364543e+00 3.157014982194567221e+00
4.831342004614766594e+00 9.514354965686033339e+00 7.712528376548945630e+00
4.994291695001094489e+00 9.104575485121266354e+00 1.158758747112009768e+00
5.190651990860181364e+00 9.204276492325709214e+00 4.223407918641319370e+00
5.173449283350561423e+00 8.792371569163972111e+00 1.030503354078121436e+00
5.867073894208076013e+00 8.984873381766178113e+00 1.676105117709578707e+00
7.282390175187792636e+00 9.023155274807264092e+00 2.392587226505554110e+00
-1.738249491433978555e-01 7.683748900045969776e+00 2.813318916089427191e+00
4.445782496322486566e+00 8.998229312873434083e+00 8.021927241585011359e+00
4.290135381351988464e+00 9.196065545293262034e+00 9.373883550753442151e+00
5.135641828949698784e+00 9.287558669298675795e+00 4.992019298423098661e+00
6.579900559844389818e+00 9.128960703134080035e+00 7.467055955811423118e+00
6.967117064082240852e+00 9.160360298995273709e+00 3.611038486827660599e+00
7.147775617629993583e+00 8.956705239012062947e+00 2.312852128055653989e+00
4.879076759443955247e+00 1.225438222420882894e+01 2.639154244657748727e-01
3.451035761471389574e+00 9.319728063766577364e+00 7.087630930516633398e+00
5.977030551122870961e+00 9.490341325552158480e+00 9.223246394734823994e+00
3.705663667255889138e+00 8.524151040782076194e+00 6.246618576335240647e+00
5.441915356616757293e+00 9.029349135245592350e+00 6.365291266826343275e+00
6.137249270838169402e+00 9.351908918711508534e+00 5.814114519285698002e-01
6.366437664700917765e+00 9.154339612145513172e+00 5.622142646949505718e+00
8.387711616032614614e+00 9.364090679523949134e+00 3.554853018693626687e+00
3.069134207496098110e-01 9.568731642719951580e+00 2.518502678605857970e+00
4.716793221010287418e+00 9.357135583977026272e+00 1.806879906988839934e+00
6.261913518699570247e+00 9.055534953095142114e+00 2.184202054956057015e+00
6.456803405104539983e+00 9.210690255239608604e+00 2.504729841355516129e+00
1.013632897628900409e+01 6.683718577481686296e+00 4.486739367517307286e+00
7.890921048611430066e+00 9.356011939472018923e+00 3.170331361767725120e+00
8.437720166582879600e+00 9.472321619544253224e+00 8.407474064999551189e+00
2.178087104985814815e+00 1.159745181993564422e+01 9.539654827349146160e+00
2.912092550762838794e+00 9.553524675718302106e+00 4.887973393600629102e+00
4.573765519845652605e+00 8.442926591475549358e+00 7.102416455308255827e+00
5.296793818644893292e+00 9.393863383693306091e+00 3.879368084070299538e+00
6.510418612470671995e+00 9.094540069545645977e+00 7.548842371027032705e+00
7.573782599241569713e+00 9.522144064843530487e+00 1.477505628588920095e+00
7.070613502688348539e+00 8.646439372985541993e+00 1.963971305911714094e+00
8.534434872595836552e+00 9.545431726078998480e+00 2.596572398696820549e+00
-1.207016397075457270e+00 7.825370207146660206e+00 3.329657751742521654e+00
2.175857658938387118e+00 9.690832714196593756e+00 9.325031655233178896e+00
3.897159659605772930e+00 9.378590462524039495e+00 7.202461319963903819e+00
4.444221469056621743e+00 9.319872714632408517e+00 6.711625545954478689e+00
4.531066634866212972e+00 9.450297301054696675e+00 5.124059208516377417e+00
4.984101966534335126e+00 9.419254427048709744e+00 4.751613686016765037e+00
5.222631965507226859e+00 9.347116450732251280e+00 5.187295868756961248e+00
5.269270087114128032e+00 9.242901218232237426e+00 7.324491359538619406e+00
5.816235037934769814e+00 9.216786100184396702e+00 8.116746342697457095e+00
7.803963705675910134e+00 9.484727855837764565e+00 2.046456904721690506e+00
-3.309443746123567620e-01 1.367030824044208437e+01 6.019745339870326006e+00
