2.132420535775660486e+00 4.543214507082126569e-02 7.226129147462724056e+00
3.083900242461496077e+00 4.239247134607558587e-02 5.115751684344636452e+00
5.840466188306948858e+00 6.606699367114166055e-02 8.011246901329758252e-01
5.819076201487671796e+00 1.182365039174277238e-01 2.194020656905241839e+00
5.930632740713178919e+00 1.061671823452856600e-01 4.100721731020554595e-01
7.529622405573459076e+00 6.628592565586570451e-02 4.152957865995662523e+00
7.723597538271232743e+00 1.140061085838371402e-01 3.580453098168093984e+00
4.142806148279497336e+00 1.704211946875525685e-01 7.438845842137606468e+00
4.215390416872278223e+00 1.617732122276168139e-01 8.819894886095532627e+00
5.100554804625062388e+00 1.634609710691299345e-01 4.968266643968124008e+00
6.092349806308652305e+00 1.761342607520161585e-01 1.121972575083932444e+00
6.235435334212981573e+00 1.641352311008915654e-01 2.036409919664185608e+00
7.462029346199189561e+00 1.548820610780615448e-01 3.288416371070593591e+00
8.536142611251342771e+00 1.629155705825856559e-01 5.218870419417994455e+00
9.298735709393206150e+00 1.618815631397411414e-01 6.593166660344751406e+00
9.314908087906998091e+00 1.724985822336267960e-01 7.634334544165797709e+00
2.895909791614912798e+00 2.100350406089770972e-01 4.033718915515525083e+00
3.278580156497991283e+00 2.434336131834498040e-01 6.788153337034879442e+00
4.787035827978193936e+00 2.572440956046406213e-01 4.312887344828597591e+00
5.407587271936119322e+00 2.303847198570003196e-01 9.889320360313189617e-01
5.374689767326352730e+00 2.493729038963199418e-01 6.591307065701197843e+00
5.965399956412485771e+00 2.418097523201737653e-01 5.794087919664539399e+00
6.652583312276560967e+00 1.886184025343043413e-01 4.285282741466465289e-02
6.684677109485982704e+00 2.402802140819397247e-01 7.408852538066984295e+00
7.887124857002518752e+00 2.393832705596721233e-01 2.330133338159253054e+00
8.110100062173383861e+00 2.201530568572669933e-01 2.144157485434387667e+00
3.838847848746485880e+00 3.261717423315634301e-01 9.473505139381817042e-01
5.874260525718732140e+00 2.602342289753629689e-01 2.154862878238402946e+00
6.287535932612428269e+00 3.627514841761713127e-01 4.459611426430996062e+00
7.093749846350604571e+00 3.421535316697713602e-01 2.240278033683331671e+00
7.851944192575885495e+00 3.058586904698263886e-01 2.118319676885784375e+00
7.987737079681739516e+00 3.012582720418222060e-01 1.964718767656210563e+00
7.951809357722276594e+00 3.259707921145053033e-01 5.308981522039812440e+00
9.527222633460674217e+00 2.936913801417222469e-01 1.338154246294030347e+00
3.559557425366883798e+00 4.055357755862204483e-01 6.084342673976946614e+00
5.605326144237221087e+00 3.811732299618091346e-01 2.918304837230885962e+00
5.774634891450796559e+00 3.652077819620034305e-01 2.339432657294408191e+00
6.466564846231797503e+00 3.969069518871279900e-01 2.677201588173796942e+00
7.643095830325936646e+00 3.734214771470341088e-01 2.328017511838973874e+00
9.020672426071341121e+00 4.305294144518232446e-01 5.573979749830522579e+00
7.337209729151139559e-02 4.205135819878279557e-01 2.669112908600267176e+00
5.610556110458089663e+00 4.303508038989867224e-01 2.525904439501748033e+00
5.933084841955194477e+00 4.449319421493806992e-01 9.390731741098326424e+00
7.039087054470846816e+00 4.969668175910746388e-01 1.721239718392479912e+00
9.377183582810841855e+00 4.772102473094460562e-01 5.606098528417345683e+00
4.927192403656043274e-01 5.157588169184441629e-01 2.715815887528339356e+00
5.647554162949719014e+00 5.202128426673920947e-01 9.812989428342987708e+00
5.875541501260626021e+00 5.575744459083101789e-01 6.880443560378102674e+00
6.173708733996013720e+00 5.851201613878446173e-01 4.066934971625260964e+00
6.252242443283848594e+00 5.023606030205541861e-01 1.513484905054212737e+00
8.819096656638173215e+00 5.677681989340852553e-01 8.112061927564111485e+00
3.334452508537320892e+00 6.564647383752586496e-01 7.316929893448153699e+00
4.387143264846374180e+00 6.396569066271264870e-01 7.445146097489937498e-01
4.718802227747129763e+00 6.942991098573721986e-01 5.275651942067911548e+00
5.157258066784031314e+00 5.798522093961852031e-01 9.355859937806245696e+00
5.252524682975720616e+00 6.559028560033797195e-01 3.151977407553174348e+00
5.373855523469919682e+00 6.398848334737851085e-01 6.674740977217648030e+00
5.469649117320698473e+00 6.113037180736202725e-01 7.612229649590204872e+00
7.810959116973335448e+00 6.210342592558926178e-01 5.800473928916355604e+00
8.131363857648731042e+00 5.970189956272584642e-01 1.860927410393388381e+00
3.856431447628681841e+00 6.727166886608049179e-01 8.361560309068549746e-01
4.636949192688101462e+00 1.490773779828645784e+00 6.083392478983341789e+00
6.218986789328005749e+00 6.872481008521433843e-01 4.564577625624685275e+00
9.309917316391025821e+00 6.751535675311505225e-01 6.850059237188750316e+00
9.925847813500061179e+00 7.223146023523504544e-01 2.578139160108324113e+00
6.716545601835075097e+00 1.537352636857283739e-02 4.038361895486569431e+00
6.342114498025920533e+00 7.689234242387386065e-01 2.850599485979545378e+00
6.827755335557789351e+00 7.621454091511954410e-01 9.585918833749037304e+00
6.704022880984148003e+00 -4.719347564398459483e-01 7.071461671823843886e+00
9.191303562121426296e+00 7.805658189125261881e-01 3.311336825219684865e+00
1.178440644938548054e+00 8.872992948505512567e-01 5.908052945695992264e+00
4.600791037145926410e+00 8.934387253343267776e-01 3.698902524442072792e+00
4.643873373524900039e+00 9.270348090547791964e-01 6.262773267058602045e+00
4.893261844145230022e+00 8.867825295063693769e-01 5.760447291237841050e+00
4.869458380486215709e+00 8.932372382016701140e-01 5.737453852591222869e+00
6.074526904256219773e+00 8.534523753858721529e-01 4.864020532876096148e+00
6.156044241475473910e+00 8.680822886646510916e-01 5.158258844775546414e+00
6.282138269758759108e+00 7.932422917510922877e-01 2.902274073340274541e+00
6.354178319278444675e+00 8.675926569153910028e-01 9.727118797776569181e+00
9.873178879932872576e+00 8.778225326644384374e-01 7.313954730602634235e+00
4.712127767857087868e+00 9.340697859303125350e-01 5.758548599645016530e+00
5.580521089819697522e+00 9.420732838654151120e-01 6.765513444789468700e+00
5.792892253748199494e+00 9.265652774413521975e-01 6.997414797372375261e+00
6.668867374230374345e+00 9.127410232647622523e-01 4.042373065931395004e+00
9.908004975282151960e+00 2.249738334857397604e+00 8.365105630495536460e+00
8.511914354268338201e+00 9.348305712846680660e-01 3.162082218949720414e+00
9.126143344075856589e+00 9.611452655689272095e-01 4.806145861093636285e+00
9.728746409764847058e+00 9.591538474446538176e-01 4.720073507851809680e+00
4.489093342661483632e+00 9.926670173546550124e-01 6.021154035967556162e+00
4.796012407372332476e+00 1.039113719025765104e+00 6.390851616479857000e+00
8.169046059150934624e+00 9.863427292363750043e-01 3.456425911805397488e-01
8.246836726087037661e+00 1.007588909669964172e+00 7.365265954123002778e+00
9.281370257232556042e+00 1.058174629288564095e+00 8.152983183108162279e+00
3.751400158535669771e+00 1.066910933758004054e+00 5.908671384686674521e+00
4.562666770338121403e+00 1.130846946830196265e+00 6.935623161423215777e+00
4.851761190068357266e+00 1.119095549765328546e+00 5.253069987407791963e+00
7.472381370468461625e+00 1.106738860834942439e+00 5.909704834628323411e+00
4.067599979531802745e+00 1.151577906279158459e+00 1.904002458153780442e+00
4.779313071315862693e+00 1.151021016002010455e+00 3.582573449371203367e+00
4.802927994186346972e+00 1.137277919463961950e+00 5.188550645440075826e+00
5.497134197766087915e+00 1.170504347966656589e+00 6.822108409123376127e+00
5.486588851606946093e+00 1.152092125825192159e+00 3.406338395069348657e+00
6.299518696149521091e+00 1.182485247432546238e+00 1.291779736145681756e+00
6.283994840585986452e+00 1.198371661277906508e+00 7.687126579647408420e+00
7.569285876639967547e+00 1.211093051783907137e+00 7.011742354605751792e+00
8.877095350761830872e+00 1.125339536789065287e+00 1.618992284051043118e+00
9.821075714192833317e+00 1.149321552759859699e+00 3.615904710357817908e+00
5.663087864600120369e+00 1.259964316082162972e+00 5.066397641569439614e+00
8.071267446064412709e+00 1.248199950678952508e+00 1.820818447862065925e-01
1.763597529392813223e+00 1.345554994725980391e+00 9.357117006068030207e+00
5.110603179333741863e+00 1.310887231647410056e+00 5.239214114052311189e+00
6.258187846052290837e+00 1.329244995581719380e+00 5.418809818015843938e+00
9.239808033762182404e+00 1.297210855343121860e+00 4.926651529674868968e+00
9.790006564392331967e+00 1.362143250265138938e+00 8.001881235807296378e+00
5.842767215856788710e+00 1.365484794856792750e+00 4.652863843376032982e+00
8.676861297592331823e+00 1.353317921242764177e+00 1.939044202909511183e-01
8.436655066578904738e-02 1.500872610764341974e+00 3.876271060005530344e+00
4.495115547263417000e+00 1.838683505290742426e+00 3.740029896136032317e+00
6.218639799610871322e+00 1.443896839351263228e+00 6.270063728295565131e-01
6.204011870117446925e+00 1.514477974179493369e+00 6.332429506964345478e+00
6.902670841438013127e+00 1.521414527627830360e+00 5.942050823820029137e+00
7.007188400015856189e+00 1.473184361624778616e+00 3.199515336129817644e+00
7.125250743967292522e+00 1.467896036520239811e+00 3.042272190557344658e+00
7.612488844592130377e+00 1.464441359616111438e+00 6.102524793287167348e+00
8.408181604167079826e+00 1.507940897237455502e+00 7.244261911839354084e+00
8.787145765071011638e+00 1.512933459649548729e+00 7.171992651045650646e+00
9.724249920045194173e+00 1.499290837579924762e+00 7.231243678667258479e+00
4.273523574814222847e+00 1.579815883939363008e+00 7.120293931562720502e+00
4.652170946972476351e+00 1.589275969561217527e+00 2.563525765711146764e+00
4.956102979737940117e+00 1.206204611663317383e+00 2.485714129443327813e+00
5.346800252341847859e+00 1.537718191548401947e+00 7.155008015096084861e+00
5.672661827763700870e+00 1.604036736013274345e+00 8.040768842069880407e+00
6.071598230984264433e+00 1.547369591599734084e+00 7.040959530385297427e+00
6.336265696125483515e+00 1.535797475869310480e+00 7.975084478849941760e+00
7.470628677010963337e+00 1.599795507040808307e+00 8.208283554513251090e+00
8.168394162798946923e+00 1.564817932729485772e+00 6.551782055596088838e+00
9.342004883157683182e+00 1.541639859042128524e+00 4.246625779608543816e+00
4.698550652263165262e+00 1.663714154816714030e+00 4.496604892567781064e+00
5.110551800608465811e+00 1.651077794924841857e+00 2.911374046387103398e+00
5.749984692040894352e+00 1.654060398642905216e+00 5.800173015690906375e+00
5.898187037615462813e+00 1.632846337913244295e+00 3.459090920392744017e+00
8.352478446619427288e+00 1.638897318295100547e+00 1.019953229984901455e+00
4.711084782868841359e+00 1.707036632262917575e+00 5.704695889172270995e+00
5.195278979415397735e+00 1.753788614623601694e+00 2.467622780352016321e+00
6.227480914106491738e+00 1.667350255444541629e+00 5.412302723289712958e+00
8.362838412880662986e+00 1.683294380776099608e+00 6.436777223025198502e+00
8.461253165799986320e+00 1.730906723965899952e+00 5.719931423833058304e+00
8.050751291405285892e-01 1.770310637824404454e+00 5.127460488517748161e+00
4.694162351229779873e+00 1.799743024857397344e+00 6.702644932339980599e+00
5.281543589416704876e+00 1.831914220608790611e+00 2.652504466496334423e+00
6.131679927500830907e+00 1.741417950866861020e+00 3.120784303709401186e+00
4.483847403456772795e+00 1.881503884007004856e+00 4.228893150414266167e+00
5.219482148983890291e+00 2.302527888092801511e+00 2.430210931897986981e+00
5.616931545898006917e+00 2.681493313808167134e+00 2.682284388896547078e+00
6.515980969637409359e+00 1.889620957821785296e+00 6.437120660441555842e+00
9.422673662528076477e+00 1.847093365316759161e+00 5.490451744482964358e+00
1.036430206340710747e+01 2.288955102373212203e+00 6.586000997829099646e+00
8.852451854508370133e+00 1.429726336983207613e+00 1.091129983777180712e+01
5.335784854104216102e+00 1.376577632480901592e+00 2.863722340430099766e+00
4.976422353943362964e+00 1.108289496759240045e+00 4.724595221065917450e+00
9.381193968817632012e+00 1.953385269379548372e+00 3.025569333024445751e+00
9.596280086155076106e+00 1.920017037103317614e+00 8.199761672050309258e+00
9.881691021177875456e+00 1.934112769391127085e+00 5.029377274473630699e+00
3.887434500308947882e+00 2.063960924977607192e+00 5.862424201847281857e+00
4.922046873853862081e+00 2.005615752620248937e+00 2.030969467564522457e+00
4.893412510239886437e+00 1.999854402711044088e+00 2.182415469471712832e+00
5.768583180667286925e+00 1.989820341169581397e+00 4.386244008872184352e+00
6.437638157199129907e+00 2.047550535976389696e+00 7.118863635930885891e+00
7.662918569840790894e+00 1.986332937846126523e+00 3.375572649139987114e+00
7.913225816334461982e+00 2.062649472673813378e+00 6.808160622829957376e+00
8.241121045982120918e+00 2.113554923143654118e+00 7.938157242739565689e+00
1.366402454437670499e+00 2.080493916722667702e+00 6.499382170131330128e+00
4.405493311414481639e+00 2.083522332566855706e+00 2.329727843209294935e+00
4.439240481348046607e+00 2.075693485451461484e+00 4.731883203673238114e+00
6.389870341674811272e+00 2.066980225807288463e+00 1.524003524745117577e+00
7.896744717169156047e+00 2.130093426511005639e+00 5.592852357254783691e+00
9.431799475674333522e+00 2.067085030973820459e+00 2.924941561129619227e+00
7.508095168163197997e-02 2.164774801235880730e+00 5.483031852551273566e+00
4.998390525012561536e-01 2.135326146147085158e+00 4.669184730894823332e+00
5.465588768467271485e+00 2.171152334865682931e+00 1.477552197678782819e-01
6.324436964548826978e+00 2.174209971974077060e+00 6.972316376520284464e+00
7.711323738519407556e+00 2.214358187215833773e+00 5.009976272479809367e+00
1.260512389602836070e+00 2.263761296136033163e+00 4.849415746910757719e+00
7.997313047793682017e+00 2.243348777357295099e+00 4.902972577931129727e+00
8.134692682811868636e+00 2.239727224623516477e+00 5.809299428130151099e+00
1.415514337457997263e+00 2.367101140699273465e+00 2.246822131428429792e+00
4.914938444282497265e+00 2.310905560993649743e+00 7.896870653761897785e+00
5.157046206903256547e+00 2.305972167763792768e+00 5.504691488588790982e+00
5.221575768288246877e+00 2.304041560738416816e+00 2.870120048926577905e+00
5.398388469064839157e+00 2.331128844140584189e+00 5.834202756968457138e+00
6.249265075112093726e+00 2.343823461599416902e+00 8.068788593070140180e+00
6.503105952236882814e+00 2.313310485335589473e+00 5.972942622448853101e+00
7.629215962527590378e+00 2.373886305579135492e+00 7.679124544194455559e+00
7.878096349959065492e+00 2.290474696507394547e+00 4.680414975014876688e+00
8.234327527641019273e+00 2.423361865295558193e+00 7.775399698530654824e+00
9.132644945165321104e+00 2.355944662435982551e+00 4.428108589125301364e+00
9.365142020070129192e+00 2.349013488713674214e+00 5.476556384384741349e+00
1.531449442887070078e-01 2.391863759807854262e+00 6.852676820710309258e+00
6.451362068391576443e+00 2.447197195649257750e+00 4.864009578559119973e+00
7.038924766093071383e+00 2.424020712969924496e+00 1.105067774129418368e+00
8.532256551866190364e+00 2.374640067183451553e+00 5.520614736555483404e+00
3.795655815913370201e-01 2.526141030895369344e+00 3.779978275072367389e+00
1.545457445848856137e+00 2.512070489097576242e+00 6.723328409434102149e+00
1.638624621935985015e+00 2.498111532613803032e+00 1.899983430967375320e+00
3.606885453690181542e+00 2.467726269727468669e+00 2.302948052417566061e+00
3.910213135915327598e+00 2.451579266993573647e+00 5.561529755153428844e+00
6.115518408988432242e+00 2.471331934119976204e+00 1.658273524499585427e+00
3.051398468701170263e-01 2.565199680907107371e+00 3.728199479908145264e+00
1.476091616633340209e+00 2.480539446478591259e+00 2.317459231886403792e+00
1.577429699121740247e+00 2.544744288030544865e+00 6.654902320282952033e+00
2.249711836557706235e+00 2.590868939684573213e+00 3.709458420935257017e+00
3.621617492920759851e+00 2.529930485597341239e+00 2.854274590555014868e+00
4.796954164709553048e+00 2.547998176383967195e+00 6.183582188572549043e+00
7.209367426997586037e+00 2.631403870556606517e+00 6.718136360471501867e+00
7.549809593766789284e+00 2.585951322578218914e+00 6.799034828610971637e+00
8.142189367616184725e+00 2.553485443819952572e+00 7.677862601624033445e+00
4.498173818350869269e+00 2.639899794043586212e+00 5.881909208246485221e+00
5.984673985292419118e+00 2.647178812020460903e+00 5.929283157721286557e+00
7.125806066238993708e+00 2.652255208757059002e+00 6.506730790747339732e+00
7.319070051708099101e+00 2.720099712458341479e+00 8.506907075668616258e+00
8.531092095589661639e+00 2.684077236680687761e+00 8.149823119659306059e+00
5.790567254151065768e+00 2.739602127020699385e+00 4.461638636243498546e+00
5.985454128205068614e+00 2.718327771512487612e+00 2.300776493093004138e+00
6.275978985938554189e+00 2.706855636581479985e+00 4.743926625568462896e+00
6.480197600903657928e+00 2.715595037394912481e+00 7.876134079031347213e+00
6.834275331421613586e+00 2.742332187755713413e+00 6.181686782253754675e-01
7.031761442202898671e+00 2.768929064780169202e+00 6.856080808999566401e+00
8.772143507713742849e+00 2.770964225259087144e+00 8.298902308082560353e+00
9.788656057068195748e-01 2.796383953802645372e+00 7.326176700437021794e-02
6.116053177884030134e+00 2.774538879234532907e+00 2.527989467552381520e+00
6.619564299198383850e+00 2.845010563567702988e+00 7.058769291337343432e+00
8.076660119294595930e+00 2.794103700506384680e+00 7.918211717300758679e+00
8.459816120061805833e+00 2.856531719993978147e+00 8.319541643660688379e+00
9.579368000851461673e+00 2.795501644341491065e+00 5.335338675464329938e+00
1.790067411510765094e-01 2.831112371931093108e+00 4.692513476599261324e+00
1.168697985726965261e+00 2.894129694142238307e+00 7.060591926223824366e+00
3.267716317481852872e+00 2.860810704545420968e+00 3.735920934863632414e+00
5.051412716815588233e+00 2.830666500361097793e+00 5.060018111432214027e+00
5.615484370004994119e+00 2.898697707775664600e+00 1.939488476632015956e+00
7.575834462532304414e+00 2.907824648733376982e+00 7.945670958437291986e+00
8.718938194617518178e+00 2.895988098325129823e+00 7.839909604854113034e+00
1.241962643557914081e+00 2.999607453304696136e+00 4.812646851151872518e+00
3.194937092512668997e+00 2.958174500453336186e+00 6.871928620232536034e+00
4.292172804296182420e+00 2.968044182316838864e+00 6.334527793269636220e+00
5.521918154260021971e+00 2.935388384605332135e+00 1.892755712818732672e+00
7.500248087572620292e+00 2.945809856053910547e+00 5.060011357927203690e+00
8.920558972799502939e+00 2.923406886995365994e+00 4.830100268601047020e+00
9.011317784335368231e+00 2.917771587322786964e+00 5.101538730237390240e+00
1.074266729680910970e+00 3.028683787180718845e+00 6.648349199512767704e+00
3.812760100005301744e+00 2.996602330278880455e+00 6.155769391561271675e+00
4.524913667190610056e+00 3.053370923365136935e+00 2.857033778231140797e+00
5.474502630817135618e+00 3.005016499374038474e+00 6.223396694523358974e+00
6.699607066705759451e+00 3.035868305821808999e+00 5.660290583764236771e+00
6.983576292225267323e+00 3.075318936650374368e+00 7.542971232893593836e+00
7.093461900707736412e+00 3.107112548214163716e+00 9.032008512766100949e+00
7.237721196972255910e+00 2.994473686779127508e+00 6.822882641590859443e+00
7.629018882888678021e+00 3.047477785150054963e+00 5.318484734537607395e+00
7.710644743672869339e+00 3.025521174715819051e+00 7.106154054625397620e+00
8.506009110351836711e+00 3.066326592693175979e+00 8.419329115375941086e+00
8.835960375301613823e+00 3.050651029846159101e+00 5.681961920907274699e-01
1.021797698972018859e-01 3.060472355401707034e+00 6.825835433999095869e+00
3.289155597911908924e+00 3.093202355368330103e+00 4.550957602690813175e+00
3.872120166105655237e+00 3.058099080407504111e+00 2.812731037082024432e+00
4.020923782237277422e+00 3.066204734719256031e+00 2.861848842520214209e+00
5.092650669055532653e+00 3.070122460345992899e+00 4.443504434251831725e+00
6.324159436158619307e+00 3.122443322285223921e+00 7.692125773515930298e+00
8.480518713975611078e+00 3.138596649189818955e+00 9.264799272388453133e+00
9.278578960951229249e+00 3.139254488620776051e+00 8.685009841568497535e+00
9.564963478192778368e+00 3.112662154633793143e+00 3.796777493445160800e+00
9.737468049288841243e+00 3.070573631161799710e+00 5.246962905205290184e+00
9.683531875337520134e+00 3.041227574733644357e+00 5.324040416331103032e+00
2.970529654910272210e-01 3.146411250279224525e+00 7.318285444315620225e+00
1.524856462294192472e+00 3.215058933054129930e+00 6.306591129200947776e+00
2.446616883044252511e+00 3.157010514317409644e+00 6.480029970615998280e+00
4.607344104760061398e+00 3.177567488238291826e+00 4.143459207933974930e+00
6.579688961580093753e+00 3.186131436428864649e+00 7.148824680370579721e+00
6.792176610116904989e+00 3.221074233153177424e+00 8.482998938567817504e+00
7.752271702774940820e+00 3.202893811294206472e+00 7.933331812463038091e+00
8.058010691462808239e+00 3.286506730730417658e+00 8.501440661487411177e+00
8.434352241917832060e+00 3.203792624620216856e+00 6.106665253800313664e+00
8.751487572859662833e+00 3.233935877140648785e+00 7.116749686868153013e+00
9.717015944392109361e+00 3.202003206832109150e+00 7.928560398551869781e+00
1.326953869376930273e+00 3.221153361222882872e+00 4.862431897516513502e+00
5.163206029378674344e+00 3.212514738467938002e+00 9.765994660609218503e-01
5.413869750613626408e+00 3.263169669695313857e+00 6.415391722037407263e+00
8.904169898580144960e+00 3.221199648971337925e+00 4.624056238220402903e+00
6.715429825653378870e+00 3.354425346773059591e+00 2.444409218382293414e+00
6.983821937113422251e+00 3.358651127708289330e+00 7.027020179855114179e+00
7.212436289056874728e+00 3.338331390519611475e+00 7.532400817428543505e+00
7.431061303876466795e+00 3.397477829643614111e+00 7.664881194033160483e+00
7.953838536291883976e+00 3.357930011618107891e+00 7.050635008501895840e+00
8.226868102151112083e+00 3.345432072155408498e+00 7.221216349690782188e+00
8.262958573584070265e+00 3.355731926178659563e+00 8.386479528030212904e+00
8.647400892519542026e+00 3.320223839319860648e+00 6.560594272278533978e+00
1.513475089101570248e+00 3.455796621155714288e+00 4.191892672634940809e+00
4.731706277108573389e+00 3.411323530347029731e+00 3.712115320668709195e+00
6.715228599042518454e+00 3.441803304511706241e+00 8.768911424162684654e+00
7.582998923749014963e+00 3.451922683019275961e+00 8.071995155807766054e+00
7.669365784211342074e+00 3.434395169052359087e+00 6.002029079306684167e+00
8.449830301484627881e+00 3.386530677188769989e+00 7.195668948491352523e+00
8.826460466705086105e+00 3.420069861238731690e+00 5.203898896425855014e+00
9.539979598454280563e+00 3.429673192115552549e+00 4.726831606226933324e+00
9.538920696110418262e+00 3.372840968042592813e+00 8.170078888830776265e+00
9.816599796409541057e+00 3.466862354221399656e+00 7.322673088732674529e+00
6.393681838105835347e+00 3.510721287195585738e+00 7.872595801260456660e+00
6.746880285007666345e+00 3.610541310679333371e+00 2.872036925578699496e+00
7.984934811202748506e+00 3.477640381087192090e+00 8.604799212620886095e+00
8.358049203831441787e+00 3.456382444138686338e+00 6.192179671718095690e+00
8.833406740416895886e+00 3.429387332989693782e+00 5.116649872878435090e+00
9.151650662458393981e+00 3.502734975392787220e+00 8.383401126252723046e+00
9.577041265926332869e+00 3.486515348584207530e+00 6.167355194362952986e+00
1.219889771831437653e+00 3.559721325634535916e+00 4.955329292001551700e+00
1.416811671600013867e+00 3.551785145205337280e+00 4.100053514537032484e+00
2.280044566890595537e+00 3.581657754093502621e+00 5.040716216025947993e+00
5.014438136219117936e+00 3.519564537516724378e+00 2.143040586043142959e+00
5.731198853374203317e+00 3.618394412164527285e+00 3.654594732519213185e+00
8.146615915005305908e+00 3.580578585972939099e+00 9.039287041130567246e+00
9.686026526319960084e+00 3.554893097863226270e+00 7.382334102002298337e+00
4.134644681387943388e-01 3.643554562582007605e+00 4.992192957717482393e+00
9.000151145279327025e-01 3.623165614961632919e+00 2.046722133388326537e+00
1.528358590123607197e+00 3.653298645474560846e+00 5.661537432721884144e+00
2.001604904275885666e+00 3.642086833709525351e+00 5.800061126800105882e+00
4.151496861778572800e+00 3.676169212347609516e+00 4.623618136377816157e+00
5.136429857323455472e+00 3.669493191253610398e+00 6.220088664991658689e+00
5.553645964963766168e+00 3.676058995208339120e+00 4.624436669639410802e+00
6.683168580288723959e+00 3.650818646384527355e+00 7.345027227488067467e+00
6.679259274550175540e+00 3.510972990604259714e+00 2.854033940570593231e+00
6.871998490126604686e+00 3.906797443500530154e+00 6.951802684800098220e+00
7.089236284502156593e+00 3.658670099995565916e+00 6.817054593395705631e+00
7.228626593209153128e+00 3.697967639557263375e+00 8.967992584172346682e+00
7.416821808556372631e+00 3.703172367333127379e+00 8.646840732785406658e+00
7.723378907160533657e+00 3.661081441021961869e+00 7.971499821479623549e+00
5.319865349661909271e+00 3.712333780922404181e+00 6.923664762736915890e+00
5.653646824783211677e+00 3.697459459843979612e+00 3.066684973476968779e+00
6.345672531016891327e+00 3.746677247331156480e+00 6.420369346413918876e+00
8.115959517282229641e+00 3.737554409968585567e+00 5.218461799545462299e+00
3.486215146387724451e-01 3.771100993866530970e+00 5.324115060786390075e+00
3.781514709866052870e-01 3.781595632611812086e+00 3.562644267758970695e+00
1.985219049811182579e+00 3.831479867134881978e+00 6.725583875767449982e+00
4.294237049449876942e+00 3.782210617334186509e+00 4.088345170342780222e+00
4.747952753850287699e+00 3.779450569118708358e+00 2.387294120568491884e+00
5.107871910932734849e+00 3.825577204788959129e+00 3.399072895046939990e+00
5.819277942793227965e+00 3.746702238676150376e+00 3.763717341584208231e+00
6.698825520654327015e+00 3.556205869562053756e+00 6.956111037815350784e+00
6.861876772027586391e+00 3.828895380435842988e+00 9.562429680607717586e+00
7.050959841596758260e+00 3.802016252801229790e+00 6.864632039435865085e-01
7.717078112780171750e+00 3.801440714899475104e+00 1.378466685910962664e+00
7.799133693509688214e+00 3.805785798554460975e+00 6.742531891398901855e+00
8.021199337552840092e+00 4.078821495987250856e+00 6.646674882385795513e+00
9.574001455207833189e+00 3.786373204639719603e+00 5.020697064978494772e+00
7.909142047987256507e-01 3.872164509262955967e+00 6.611901548361814207e+00
9.016549822103550049e-01 3.860072534032264358e+00 7.189233493729331848e+00
7.518383120209675141e+00 3.912427390711318509e+00 7.462477150921725588e+00
7.228023751838994926e+00 4.351120264737716958e+00 7.373656692699146475e+00
7.885765530085315334e+00 3.508578401538425595e+00 7.810263631527844197e+00
7.925197258148368284e+00 3.939268071950407180e+00 9.865672646580817329e+00
8.137808865394571711e+00 3.891893372232595905e+00 8.083111637492830681e+00
1.097568097892959393e+00 3.916112562827629429e+00 7.010082105621748383e+00
1.768427732301551369e+00 3.940880745256026607e+00 2.492335524650670653e+00
5.001417720678113632e+00 3.941501737397755001e+00 3.451596921135550833e+00
4.974332636242756678e+00 3.981854172961651894e+00 5.365622112914731900e+00
5.751084140496072195e+00 3.959060580739794943e+00 4.686062890703400541e+00
6.853330904968006010e+00 3.999428068193683572e+00 6.577705854465290436e+00
7.759831784889999362e+00 3.449814865659030172e+00 7.797923407408674734e+00
7.872315930575598308e+00 3.913785385169521902e+00 8.347044104474230508e+00
7.936945015638134038e+00 3.934432844195789869e+00 7.021316782225946795e+00
8.295807106926984531e+00 3.926049870911723083e+00 8.181377785167136096e+00
4.894239638545289095e-01 4.031276798051743882e+00 7.541819748705065329e+00
3.807556961642683646e+00 4.067681106599130736e+00 6.125113025969916691e+00
4.821311475024167237e+00 4.051241217097286018e+00 5.496546324848285536e+00
6.483989756448293562e+00 4.072678223630782135e+00 7.538357711918912685e+00
7.285251275051512820e+00 4.062884420443256595e+00 9.480327050571155212e+00
7.871890564293875237e+00 3.979861107108384921e+00 9.827933780715570222e+00
8.326401129445542892e+00 4.002001453657330288e+00 8.849344265942523435e+00
5.428382065443797089e+00 4.134759554190644337e+00 1.133577915863932528e+00
7.126200717982191790e+00 4.195822447545944023e+00 8.217791309484450579e+00
7.206525128617072617e+00 4.153501846375526441e+00 2.253362327010121069e-01
7.096867436275225316e+00 4.261392012897775139e+00 9.241154290296078599e+00
7.406702448738913702e+00 3.987382873747908896e+00 7.892795808225463006e+00
7.598177117988347717e+00 4.139785361425505350e+00 2.495393129007049016e+00
7.974586505574556838e+00 4.115171447870427990e+00 8.914002562046055900e+00
8.153374280844165156e+00 4.105384566140597435e+00 1.534717609297624741e-01
8.498273886309499758e+00 4.055227550015943372e+00 8.069083865012732559e+00
8.652052053537628851e+00 4.092099217838137015e+00 8.101865524484491488e+00
8.988571094477361356e+00 4.114349602928204064e+00 9.021384331049482341e+00
3.024528168310859133e+00 4.202420512589519319e+00 8.127910230175151796e+00
4.527039508005340274e+00 4.185258168673407830e+00 3.096788026480029377e+00
5.053487196844168139e+00 4.185667792926359709e+00 5.847290129989811902e+00
5.654805220299087942e+00 4.168269499667438538e+00 5.092996804830677071e+00
6.300188625084323313e+00 4.163582827134874265e+00 4.502478122974681085e+00
6.729394183654397565e+00 4.160448974629118446e+00 6.467837985874123063e+00
6.830851603938258521e+00 4.153942995866255927e+00 6.486263698977452030e+00
7.063306955710194401e+00 4.223320922461321736e+00 8.506424857928698291e-01
7.181531079864375222e+00 4.174680700533230038e+00 9.370763374934661272e+00
7.589735065398190983e+00 4.171302846374327800e+00 8.826174912239036274e+00
8.735460383039814758e+00 4.211570199646307522e+00 9.636615810354484779e+00
9.222825732377398111e+00 4.200097126788841173e+00 9.719546061638395074e+00
9.399715531114555489e+00 4.160476742442554610e+00 9.080659815071971508e+00
5.601725115856562631e+00 4.199410744764747072e+00 5.027996828417162334e+00
6.676002480761324520e+00 4.246745596578700876e+00 3.183549704910233036e+00
7.082682285814932754e+00 4.233773653424419692e+00 9.442939747181261723e+00
7.085581945237645840e+00 4.135971910227886461e+00 8.226275383977228017e+00
7.990345491975643810e+00 4.247501045082700877e+00 1.998482726854970526e+00
8.911980816988613441e+00 4.264171417167498923e+00 8.734069955434273780e+00
4.297596127158746171e+00 4.336212113932990775e+00 4.298963563394009313e+00
4.336012227997073865e+00 4.346509327307892967e+00 5.655322701524764462e+00
4.971884081333783456e+00 4.353652765945430048e+00 4.415799179129798802e+00
5.038314951870553671e+00 4.284236688882995026e+00 3.504187967453374686e+00
7.121663491128882306e+00 4.327670585646544055e+00 7.392063887877057482e+00
7.254132328148518383e+00 4.314237422548437451e+00 7.594815158741575090e+00
7.563269271932105298e+00 4.364094395541600058e+00 2.148002334279579983e+00
8.693732456977430800e+00 4.317952400481999575e+00 7.720170402441798529e+00
4.878385816618664439e-01 4.408930930216307331e+00 8.374093532638134718e+00
1.116115864024625814e+00 4.425780079695388558e+00 7.561106051722765287e+00
5.643826864577697222e+00 4.422217543224507885e+00 7.889493618112815021e+00
5.653314189029066128e+00 4.460069830152137094e+00 6.338629689266066514e+00
5.385728650859896049e+00 4.671393203209784240e+00 7.030406041350819812e+00
6.346396021567875856e+00 4.191532150029063430e+00 6.661118664259528366e+00
8.041852039680655650e+00 4.385260630750376976e+00 8.486437419106943381e+00
8.486878482890348963e+00 4.430687512354572810e+00 5.019824025084416164e-01
8.442605161921054702e+00 4.673178732065745855e+00 7.236570418495532842e+00
9.244121631054950328e+00 4.384354396731843906e+00 8.585879688344276062e+00
2.175245326964513115e+00 4.542857198493419624e+00 7.046841136319649479e+00
4.848923755460602614e+00 4.525126536507653618e+00 8.192023133344753516e-01
5.547267917708846419e+00 4.501030133018920409e+00 8.055555366825007724e+00
5.834324423460909514e+00 4.472541464075604267e+00 7.357422764153305650e+00
5.971053615823069372e+00 4.482585249423710394e+00 4.151284813408813612e+00
6.401279393902258086e+00 4.514945535746109684e+00 7.006048250466744065e+00
8.460474888434616147e+00 4.460272114676850030e+00 9.004634601005426120e+00
8.572607009208571327e+00 4.470996162312556699e+00 2.704144127983448831e-01
9.290746304964365265e+00 4.283321086359481278e+00 6.212744056194655862e+00
9.446487618194053582e+00 4.520080640882881085e+00 6.780551427482452098e+00
9.856465592659420238e+00 4.479399207418519602e+00 7.352103374086309984e+00
1.011320947741169984e+00 4.580434043802600108e+00 5.116168828433298899e+00
6.800540665388502326e+00 4.590693979912702893e+00 7.541498870025854728e+00
7.675210212163094070e+00 4.532332098900728745e+00 9.537931337950480426e+00
8.186802223942516221e+00 4.578283666002856300e+00 1.326559029057088335e+00
8.664307355523305887e+00 4.563655135394446560e+00 9.854055117733542701e+00
2.238475462967620455e+00 4.669722361544768496e+00 7.159504192417913693e+00
3.642956192376310298e+00 4.598708420284039811e+00 3.788254673646737292e+00
3.874045437278421211e+00 4.682873449703859769e+00 6.407098615562336619e+00
7.122750766072076800e+00 4.643193916683821421e+00 7.470496778435649077e+00
7.738120104182826253e+00 4.597499554746026895e+00 2.137390691049816827e+00
9.533732021448425797e+00 4.657366167492070552e+00 6.414475289754532739e+00
2.788705806311674529e+00 4.761671026567920961e+00 8.159690914911852389e+00
6.022108749449007092e+00 4.740982001298596593e+00 9.410931944924321613e+00
6.642466983006479531e+00 4.718420846395353863e+00 8.390956233690850752e+00
7.709976270332052906e+00 4.737424438675079230e+00 8.618215189203526805e+00
7.791051466056273966e+00 4.684162113652986292e+00 3.016986344708809664e+00
7.837746470603492277e+00 4.687108676557691034e+00 9.613722418279929016e+00
8.236753626906031300e+00 4.685169529616657336e+00 5.343572780847456016e+00
9.244098990588501152e+00 4.712229744418613642e+00 4.939432737068508716e-01
9.420711674919520107e+00 4.710708396188724834e+00 6.953583723989951615e+00
9.577886540639607205e+00 4.712349208040353510e+00 7.827818145953237661e+00
5.430931431726508052e+00 4.790634965126059797e+00 6.228011618180601339e+00
6.770462944418798479e+00 4.823170921708655356e+00 8.480306726336559464e+00
6.995645847705747045e+00 4.821596715824695956e+00 8.314703521204370729e-01
7.203403589699774123e+00 4.818030787483488453e+00 1.175902220353438832e+00
7.202968686694406486e+00 4.812206915993800571e+00 6.480556163957381877e+00
7.514814831401638529e+00 4.761796252390905870e+00 8.012581303679482403e+00
7.987006271776657229e+00 4.791150627453695243e+00 3.897045256332024366e+00
8.529521705348926730e+00 4.747059976766847100e+00 8.789129037660107002e+00
8.566690061487204133e+00 4.760114728310131049e+00 7.849654971040696871e+00
2.018436717635873290e+00 4.907255584967448847e+00 8.371146831476851347e+00
5.144360846373075447e+00 4.883275637721557594e+00 4.892269485714860977e+00
5.742945525968339737e+00 4.898214832700538146e+00 5.241080514596580642e+00
6.300614121920393274e+00 4.911224850256815877e+00 9.651201738829495724e+00
6.831759530694500704e+00 4.876541337681716826e+00 9.048378080927554024e+00
6.896094157639079292e+00 4.929271242342395887e+00 1.727953807537295550e+00
7.517278511565019805e+00 4.826111165923651747e+00 8.610286881446272744e+00
7.859263127864495324e+00 4.845389641218309507e+00 8.396738031528681034e+00
8.640621144429031730e+00 4.826703569021775664e+00 8.466288518729630397e+00
9.036602891051845887e+00 4.937826291061778505e+00 6.533376339898419261e+00
6.586612884984962335e+00 5.000224959023693572e+00 4.262867177970012245e-01
6.794085462199481285e+00 4.881853315144368821e+00 8.529161875448277641e+00
9.004902128811581363e+00 4.856010398339084766e+00 6.462355851747441093e+00
1.538448156402246747e+00 4.997788423845824113e+00 3.951276651995993205e+00
2.587733397172340410e+00 5.053989277086169629e+00 9.064070236811076597e+00
4.328315959193170137e+00 4.997414084904321818e+00 5.433934497772453298e+00
5.393443021879061661e+00 5.005489271930306572e+00 1.915723548390448894e-01
5.751058016372533999e+00 5.000072326246842280e+00 7.776401492034140439e+00
9.287473159628721886e-01 5.099579180198153594e+00 5.089002235658785622e+00
2.413259737078923273e+00 5.148148042824903570e+00 7.189526059344821363e+00
4.710490231691175644e+00 5.090063089078304515e+00 6.128953045102007557e+00
5.174712268605585308e+00 5.122897891661701841e+00 5.362056436959368177e+00
5.255676043989695678e+00 5.063560036728638636e+00 3.472182091961355077e+00
6.133570521486210403e+00 5.131864801372391760e+00 6.625728364612548660e+00
6.949980109059863409e+00 5.047238291573286517e+00 8.837230668266313316e+00
7.144222738815033225e+00 5.106972233470125744e+00 7.957442267012809545e+00
7.162725535422902468e+00 5.074816089721884360e+00 9.032749270668416486e+00
7.598924203839612979e+00 5.197824565546358855e+00 2.222750119665657109e-01
7.863892691875029151e+00 5.084314615646659874e+00 6.364143107807016975e+00
4.625846909580926258e+00 5.220233310081833444e+00 9.731031717005546255e+00
5.627923652188703052e+00 5.168040132923279906e+00 5.115953490082359778e+00
5.799481371858867362e+00 5.235874036168132406e+00 9.899907065413691143e+00
6.858847351950417170e+00 5.146613077654380142e+00 1.949179563168450313e+00
6.862689099715622021e+00 5.190621339034610315e+00 9.842685363703820300e+00
7.804656482228653047e+00 5.164365757624157283e+00 4.592956197410529739e+00
7.884150848994444516e+00 5.207564026204302365e+00 3.822116574186223970e-01
8.277852897449575309e+00 5.161280574578204217e+00 8.000524760760715282e+00
4.981331125054499154e+00 5.257537110430728688e+00 5.538709101100874221e+00
7.893625451936531867e+00 2.748876560276094061e+00 4.601805851171333117e+00
5.372054624035647485e+00 7.773301116818452705e+00 1.025549329200470616e+01
6.769125195735655964e+00 5.311869429374123541e+00 9.664034572449109461e+00
6.839779562525196255e+00 5.225783683281109759e+00 7.840943916207877784e+00
7.274571740371666984e+00 5.231389992961398505e+00 6.208350916201132108e+00
7.408360595546380267e+00 5.300082747934089511e+00 1.296542325991899114e+00
7.474911763899135586e+00 5.214351211431126565e+00 8.699600194347157256e+00
7.673420620392957581e+00 5.225586937473123861e+00 2.725952177780225916e-01
4.638208913963935309e+00 5.389991118787779811e+00 7.925038669829505444e+00
4.945495217312165792e+00 5.398055919583844897e+00 8.102784065149416293e+00
5.791502249284764758e+00 5.379535765505178091e+00 4.021318950644900525e+00
7.239125644062514908e+00 5.300150525095749465e+00 8.462531386827873092e+00
4.912141427713449637e+00 5.405991782146563729e+00 9.843539118523327858e+00
5.083314992264812204e+00 5.409142806689278160e+00 5.978010395097759222e+00
6.296328143117785103e+00 5.439121738278466012e+00 6.926054362414378218e+00
6.816740182572621265e+00 5.395164915666617489e+00 9.713342542425930759e+00
7.224416866093253731e+00 5.403804868388556670e+00 1.231988032131987598e-01
7.199283727091768448e+00 5.420254574001573289e+00 1.259756687205547676e+00
7.235638223287647719e+00 5.387572770655216559e+00 7.421992383082128164e+00
7.523736983079101215e+00 5.373419787706161799e+00 6.519977983033225399e+00
8.009092870052988644e+00 5.368074514439717504e+00 7.498864795977436160e+00
8.607839711437739183e+00 5.375797732840545962e+00 7.151925789351695428e+00
8.953495059431450187e+00 5.430457661082717102e+00 9.391124275929600529e+00
7.978442236058846948e-01 5.494073050178364781e+00 5.749159392673746538e+00
2.698398750064083806e+00 5.482558228683176438e+00 7.391798766296918011e+00
4.882831007436258197e+00 5.537492619658295645e+00 8.390096311841526600e+00
5.408581217579609302e+00 5.520467502519231573e+00 4.249267419407850355e+00
7.124693030774177593e+00 5.473418846216357991e+00 7.137231957642190316e+00
7.362492766865846860e+00 5.506641154652395009e+00 7.255523908967222990e-01
7.992360315100651036e+00 5.491951570092825641e+00 1.120626899185661607e-01
9.065815625687664303e-01 5.595179017426538337e+00 6.660023567290979329e+00
5.040290830171300307e+00 5.557664682092247510e+00 2.829867484077915663e+00
5.070477257031756224e+00 5.615132975913848412e+00 9.386958269402533972e+00
5.121613365093836023e+00 5.624260952248288703e+00 8.377095903606441851e+00
8.551838993371998043e+00 4.178330953113189139e+00 2.665569563477421688e+00
6.833364671342684105e+00 5.490954001906555249e+00 9.582710470140154868e+00
6.911867742748119881e+00 5.576443285369452774e+00 2.162244923731181379e-01
7.683095753067060940e+00 5.556713534803394694e+00 1.163354324015423824e+00
8.336417033808066535e+00 5.498503753806180505e+00 8.203810178395016806e+00
3.295121668151228089e+00 5.632209820581064896e+00 8.234030903858956307e+00
3.628702786375530565e+00 5.642994386050180111e+00 6.237777712343714143e+00
6.222438499360324116e+00 5.687131862588014286e+00 7.511215270328397864e+00
4.721902115182745163e+00 7.171583730743011920e+00 -9.920245441667511210e-01
6.723258965321393887e+00 5.597155591301730126e+00 8.206660697361851220e+00
7.774324543027784529e+00 5.840834159907584144e+00 5.234421984873893763e+00
8.072139009125773867e+00 5.612125828844797937e+00 7.283076419654467282e-01
8.064966717865228674e+00 5.694931106117426367e+00 5.092818497891270724e+00
4.868837537391816461e+00 5.818969386793474641e+00 9.276321993256676279e+00
7.529616598508402703e+00 5.616906360955113975e+00 5.490821569950126602e+00
2.127458388339799278e+00 5.774241378619688447e+00 7.464107757270850740e+00
4.742117463049721593e+00 5.831826641442420467e+00 8.483922514373837487e+00
5.995079427652757253e+00 5.784946470274579866e+00 5.475571295365762481e+00
6.395226364262696528e+00 5.819581825716607426e+00 5.664394701842867974e+00
6.664028220884913090e+00 5.794612996714501918e+00 5.020997184275126202e+00
9.157772533540899929e+00 5.811415403333661800e+00 5.604962263967557812e-01
4.859617822478893068e+00 5.839770050768973597e+00 9.284690285624767725e+00
5.824931862215802170e+00 5.887505236909785111e+00 4.448740577190092305e-01
6.354510187140719246e+00 5.878002822225562696e+00 7.142871434849468848e+00
6.670219885326122089e+00 5.852558857845230555e+00 5.709615377804582170e-01
6.733439546081987359e+00 5.921777333102830276e+00 1.606124467523147414e+00
6.921738136091994953e+00 5.914012880869960576e+00 7.338271027708448413e-01
7.573501574706623884e+00 5.877009947123255529e+00 4.181782628366374155e+00
8.381644738275493722e+00 5.817976503472898742e+00 7.663943964519581264e+00
8.679195465491806871e+00 5.829338701700438996e+00 7.994113020444876483e+00
3.641983658363000531e-01 5.954587915272528065e+00 6.709350835845093286e+00
2.792333236676339148e+00 6.013750674171133070e+00 9.389243796223320615e+00
4.686617956321373235e+00 5.965542602013167439e+00 8.895314239512515542e+00
5.828111436172694226e+00 5.952652406225191761e+00 9.501708418787806920e+00
6.945926835820856127e+00 5.932684961658029721e+00 7.208224267406543317e-01
7.936730644596245554e+00 5.992063997387830021e+00 4.344796972350785325e+00
5.686123997056186319e+00 6.275806441157960158e+00 8.630944366911402099e+00
6.456923688924859128e+00 6.082502908037090705e+00 4.379667558589988019e+00
8.162191454366167775e+00 6.044193960597413096e+00 3.118437534017319823e+00
5.160650386611427720e+00 5.899036524321342512e+00 9.188279216475322642e+00
6.794580889584489469e+00 6.058283440857405111e+00 1.539060347341133728e+00
7.062350246781315732e+00 6.122797764343061999e+00 3.982049740004282690e+00
5.747709333862844439e+00 6.201173711087241358e+00 5.028151820088629265e+00
5.751792581715641006e+00 6.217368216608795350e+00 9.751620715106668058e+00
6.841598032406098540e+00 6.200530499250889171e+00 8.637627530002516707e+00
6.873967361018755717e+00 6.183102733019707919e+00 4.902597222293015866e-01
7.847049839878457611e+00 6.207779477928000667e+00 5.029967129172328910e+00
4.784021940095605219e-01 6.314959625393880671e+00 1.373392278749044626e-01
6.093461418929575935e+00 6.244384451180449602e+00 4.168436487307194405e+00
7.089225119637130312e+00 6.241358709822570461e+00 4.377279112536511363e+00
7.524166428619107450e+00 6.286925194946361373e+00 8.104656155129315920e+00
8.499238506006957294e+00 6.279989528592558656e+00 7.155173111768668548e+00
9.009270655304058906e+00 6.313916310007310351e+00 1.903757304731449107e+00
6.368751396141133725e+00 6.349864355735502564e+00 5.254036082214228465e-01
6.343352431315617324e+00 6.368413549148043806e+00 7.015333487778587340e+00
6.454078204938594077e+00 6.364499060951374965e+00 9.503311307587281931e+00
6.949944670405395541e+00 6.368364537725772934e+00 9.475518762397513228e+00
7.215842976344077897e+00 6.382875866926238650e+00 5.308192248461156559e+00
8.058584763688205754e+00 6.351774622735137044e+00 4.701405879481451500e+00
3.411024554164540312e+00 6.428132513916375856e+00 1.813903495021296775e-01
6.115847954036844669e+00 6.417839205856085805e+00 6.056242644535980268e+00
6.984840961723335795e+00 7.457009130199821811e+00 5.969847899211480069e+00
4.066931888793023919e-01 6.492892878620828867e+00 8.274971998559701447e+00
4.752295191189395140e+00 6.515914377382313383e+00 8.779656900217227999e+00
5.429798933079022838e+00 6.530051119524858727e+00 8.040543629950882121e+00
5.680774303010555748e+00 6.465228424145195163e+00 5.057338721342279797e+00
6.431309280065244494e+00 6.562036333294219759e+00 6.912577423292148637e+00
6.554771130846840599e+00 6.505143072785308789e+00 5.680576405305810539e+00
6.932775602755089750e+00 5.472206391333206632e+00 6.221084359319641877e+00
7.875383017652287876e+00 6.501517771756617492e+00 4.239188158019290498e+00
8.247982956409483535e+00 6.460260678377009569e+00 6.694763725993654546e+00
4.459933098619192293e+00 6.618269211202850499e+00 6.166966333460477401e+00
6.305327319012577370e+00 6.547474897606017308e+00 6.507426903289724507e+00
6.642849266185287149e+00 6.558349062039391164e+00 8.205356125183413951e+00
5.886545581559064821e+00 6.640365083490718412e+00 6.951626930470670374e+00
6.054201392952371918e+00 6.780848789286009648e+00 8.051897716817808970e+00
6.438429212681161751e+00 6.699275488421217339e+00 1.085740765772494482e-01
6.476061397683126941e+00 6.643964451730319354e+00 6.925886797409749995e+00
7.680361555663158590e+00 6.661009841780666463e+00 4.582238687589635262e+00
4.599490921051962999e+00 6.754210754037529796e+00 7.474573512026065458e+00
5.558852857063892650e+00 6.737119593188907629e+00 6.708300625332824785e-02
5.567344140702763511e+00 6.772334203958831012e+00 8.547665076688385710e+00
5.743652050187908031e+00 6.788831513487041391e+00 8.393925969460513059e+00
6.310074444348166445e+00 6.733733853157220395e+00 6.738403891377905408e-01
6.278803689599234517e+00 6.747042356631492765e+00 4.914041125760325812e+00
4.791309510880572553e+00 6.862659622062111886e+00 7.996458606444500461e+00
5.748845011117714066e+00 6.825978885918431160e+00 7.318366557747092438e-01
5.786274609888917730e+00 6.791103264266391548e+00 5.680648143430971686e+00
6.376740898435299343e+00 6.814233733993864561e+00 3.977513271077277590e+00
6.459392502129466251e+00 6.833562458844717469e+00 4.451219269038952930e+00
9.593786008191973025e+00 6.860672540828741006e+00 1.014932584264619519e+00
7.478384997381916088e-01 6.895161915328771762e+00 6.211203615508861020e+00
3.768195606168379008e+00 6.940768226479050007e+00 7.521736617483210097e+00
5.270736988635767339e+00 6.880941856652349031e+00 5.841989408031784237e+00
5.381698037108004762e+00 6.886909667206192687e+00 8.731172346897041692e+00
6.049047269540019478e+00 6.910975773052279614e+00 3.886127997289736236e+00
6.067044179325902675e+00 6.844013012271209284e+00 8.065400560117433670e+00
6.184935787548516473e+00 6.890212349467096153e+00 8.266765124850564916e+00
6.627977444999997303e+00 6.917873680677543824e+00 8.423553636369693010e+00
7.132910078145338062e+00 6.904248065000740731e+00 5.303851050153285840e+00
7.553945938681987826e+00 6.903353593109233799e+00 7.995662648151741436e+00
1.142656617053694479e+00 7.004236113630216032e+00 7.664614547607220274e+00
1.478943469733728922e+00 6.998427249898353075e+00 9.286189437174783734e+00
4.129466200517817320e+00 6.989605838401542925e+00 6.524203252937641473e+00
6.737404182431964372e+00 6.963247745156039059e+00 8.707710293819632241e+00
7.460747078249197806e+00 6.969114807347508211e+00 3.569579690977373154e+00
7.448684182331072989e+00 6.924460017624361363e+00 7.972409190366956722e+00
2.259354114781815803e-01 7.100713370639873290e+00 9.204303462846240791e+00
4.288527996653475505e+00 7.063110869126007607e+00 8.673702343234250378e+00
5.160302649139438813e+00 7.133732395442779151e+00 7.045099703857120588e+00
5.308458668968773608e+00 7.035718828699724980e+00 9.003459060548260950e+00
5.418218917778232502e+00 7.071993614540721396e+00 5.289621065264167754e+00
5.304760297799797186e+00 7.035678453969537394e+00 9.000344834315516351e+00
5.518961084870435130e+00 7.042864842888366894e+00 9.682085035429635056e+00
5.990719413870013277e+00 6.989293641251698830e+00 8.155815314176226849e+00
6.565592973308919333e+00 7.009215484188632495e+00 5.225741324676571153e+00
6.549698527120730418e+00 7.023898738899249317e+00 6.795504726462058720e+00
9.405551185035704975e+00 7.087704228142004403e+00 1.946539614192320133e+00
3.605374934305457302e+00 7.194363370615652009e+00 7.716760869391553257e+00
4.639496218423683871e+00 7.143086610256144553e+00 3.954783555962852581e+00
5.490598741850266862e+00 7.165530627338249303e+00 8.669902198600389909e-01
5.882209464099153351e+00 7.096275022405286848e+00 9.052198546721934136e+00
6.262791605205629608e+00 7.100459785913489696e+00 7.828213797116637673e-01
6.840040980607271948e+00 7.140561194711041892e+00 6.502423058186934668e+00
6.812368862802749447e+00 7.086295479891028926e+00 8.663977289976404705e+00
1.455546314403640906e+00 7.239912999139066940e+00 8.988273453019010262e+00
3.893445190598092243e+00 7.214750158666069169e+00 7.553341388696557246e+00
4.377964840290574422e+00 7.245519156554308893e+00 1.259274992026524487e+00
4.698200770704120899e+00 7.212366010032676300e+00 2.115922922718587174e-01
5.074669435503020409e+00 7.234590148277149524e+00 7.071745279839097620e+00
5.396356001853256146e+00 7.210431283689183957e+00 8.696360463923015205e-01
5.825585993126945361e+00 7.200337234227783156e+00 3.952010322287932143e-01
5.880033683634667163e+00 7.435928585940065005e+00 9.582706138784672589e+00
7.002475973599960213e+00 7.166938436656207223e+00 4.863523080165764512e+00
6.696281270686681886e+00 7.207688414758633755e+00 6.906317660707164130e+00
3.408138240398197460e+00 7.328679162228049826e+00 7.734580456271869409e+00
3.751898576337481472e+00 7.305830695864880653e+00 7.688884498023508485e+00
4.743738039026298203e+00 7.399062521512679069e+00 8.022608945664341462e+00
5.615994236077226809e+00 7.361016161817022230e+00 4.714339235876325418e+00
5.604360588653016784e+00 7.377165467758745265e+00 7.557091044381225586e+00
5.891544980362933615e+00 7.119297320898232861e+00 9.547379998438188409e+00
6.181106679124404479e+00 5.860587523836003676e+00 2.819741484187015423e+00
2.218871274133373817e-01 7.479831079830814744e+00 2.641056319642496319e-01
1.846954392086340047e+00 7.454929588497211768e+00 8.752724122345931335e+00
4.012804201595809417e+00 7.423767195627962501e+00 7.282317874595167773e+00
4.783165729659484278e+00 7.476615083254387173e+00 8.518760891566859783e+00
6.919893840111855710e+00 8.978166034591655631e+00 -2.133153711627810090e+00
6.567985498879058248e+00 7.398680128866379491e+00 6.246685844557572365e-01
6.805698258764219410e+00 7.441566631705939905e+00 6.821059993607370142e-01
7.879580187778914002e+00 7.414570753074584353e+00 6.237348349336015119e+00
4.538359458162775084e+00 7.569029134262338587e+00 8.898172805017370735e+00
4.495812729518980255e+00 7.553799478611110452e+00 9.855414905590826891e+00
5.867023731667941888e+00 7.533512708079431519e+00 2.887780319698984854e+00
5.800228916437297322e+00 7.527917658520017596e+00 5.201981072335631673e+00
6.100039621179407234e+00 7.530191094921551809e+00 4.251877417547105686e+00
1.083399618658507091e+00 7.612291035747380086e+00 8.217847941068564310e+00
3.776873154810465927e+00 7.623508717323364436e+00 1.188919813696944106e+00
4.843311775749344683e+00 7.632936520790996937e+00 6.725665993135487852e+00
5.930106607872433599e+00 7.607403719658862862e+00 6.823511064796780268e+00
4.209167286247438966e+00 7.660310188675610199e+00 6.480862780393297662e+00
4.464491650048140414e+00 7.673148323149108663e+00 9.625794587216789822e+00
6.348062728540122990e+00 7.688625066561666443e+00 6.205436328431174431e+00
6.427638869297984670e+00 7.620433279969638818e+00 8.329713828665838093e+00
7.326333868484381284e+00 7.687775371366750043e+00 4.068499467814050696e+00
4.358997165337544111e+00 7.918161373475358644e+00 7.592366035670696789e+00
5.180066070866938155e+00 7.791435911756611432e+00 7.291984124455591854e+00
3.498900037302203003e+00 8.157684859741163308e+00 8.676923904898911744e+00
4.581931993179663820e+00 7.857293970900814273e+00 7.286004699682786523e+00
4.904977598418966522e+00 7.896380720562214073e+00 5.881197729793154139e+00
4.940322004026336700e+00 7.831602719908506316e+00 8.899810670886770581e+00
5.059893076204325268e+00 7.855553280724286047e+00 1.035701496896260787e-01
5.102614658717181229e+00 7.858750057475988982e+00 1.616230056494480483e+00
5.406389800737752438e+00 7.805373401856854798e+00 5.139078004347691575e+00
5.424408230804704800e+00 7.824580615628224045e+00 8.404439190624177769e+00
6.573049191836608074e+00 7.766699899998902978e+00 5.999570500315404509e+00
6.568365158291457284e+00 7.798239307884381688e+00 9.550151215563632334e+00
6.959096672927174154e+00 7.850224948878882891e+00 8.328693731443117088e+00
2.846637117449482002e-01 7.948724851110504197e+00 2.121746553615028397e+00
4.627777937222806059e+00 7.579497952345679579e+00 7.598265234999376005e+00
4.616543398030469980e+00 7.934343121376159935e+00 6.504452750793356941e+00
4.744212435770042369e+00 7.883269523485402885e+00 9.065302974309211947e+00
4.899926998329634742e+00 7.888557598881833499e+00 5.864244013010670997e+00
5.279809098017921087e+00 7.876688071700400862e+00 8.855721699792757917e+00
5.272747627848967333e+00 7.886072833683087424e+00 9.153926156709522033e+00
6.092791110023282108e+00 7.849013062220386416e+00 9.463737693627606973e+00
7.831171375287978798e+00 7.852568616820834180e+00 6.450477575745837910e+00
2.010354912847573949e+00 8.025208978955335581e+00 9.942001006287213727e+00
3.770744910479967515e+00 7.847595334110494036e+00 8.658891733858201434e+00
4.022348960395702555e+00 8.023126487012005370e+00 8.155930884747543130e-01
4.985018738838042474e+00 7.999168458491771716e+00 6.132134580772014232e+00
5.532267900053159160e+00 8.012459639280706369e+00 6.522432178949492787e+00
3.234823618049888161e+00 8.056762785506307978e+00 8.743003727941740522e+00
3.538713849154315749e+00 8.103252216042125866e+00 1.059022676133780649e+00
3.899292027645167913e+00 8.055962905622440218e+00 9.105569574296115576e+00
4.995298243189006726e+00 8.018253103653098179e+00 7.229132392278636132e+00
5.297685133158802628e+00 8.086109545457434322e+00 7.990052877816948396e+00
2.009700314817351341e+01 1.857100566522208496e+01 -1.713560802698762231e+01
6.957071491196460400e+00 8.021071805437625102e+00 8.222715925348014210e+00
1.068512546747054787e-01 8.154950783881105281e+00 6.438872384341635779e+00
6.164679816367513165e-01 8.140385071072460121e+00 6.550926560110191588e+00
1.105369363918880854e+00 8.111177950325192398e+00 6.733963766560574271e+00
1.319081875973770801e+00 8.172213004314219376e+00 6.252341309685975013e+00
4.967187384131775296e+00 8.153916495945185972e+00 6.401340711098965741e+00
5.740916533720666237e+00 8.144050499800272291e+00 9.102691057402026331e+00
6.015470994095363011e+00 8.175265698080798060e+00 1.821934998978382403e+00
-7.906850676667043665e+00 -2.350918959719602963e+00 3.011483106874134918e+01
6.238759153065034369e+00 8.123307037203767678e+00 6.332669732335355128e+00
6.617226724688444861e+00 8.153085869002371311e+00 3.338210485932965987e+00
6.702651291854791360e+00 8.130096462028987503e+00 2.347541766654257955e+00
9.617249468619066377e+00 8.120569512386879296e+00 7.531493462333449962e+00
1.854362331644390238e+00 8.186854720954672260e+00 9.947057776354045089e+00
2.799047975501940400e+00 8.213454186813159197e+00 1.563632156669115258e-01
2.885269974017020012e+00 8.194262116173877786e+00 9.499120239368194163e+00
4.803750195453039495e+00 8.167723903660393248e+00 7.145656367532415842e+00
5.571625780406822770e+00 8.209581015622539724e+00 2.277473886519503221e+00
6.063421353590895180e+00 8.235101358639589364e+00 6.863515723922374301e-01
6.783842568084446967e+00 8.195935697651970386e+00 9.303280554893104792e+00
1.990616963574082798e-01 8.328066058684328254e+00 6.899670688166237298e+00
2.276114889962975951e+00 8.297484221437755991e+00 7.519467097554172197e-02
4.575480715551123900e+00 8.248465702932598731e+00 6.704246833026682673e+00
4.873247527437088777e+00 8.256585239780953600e+00 7.972670816692232876e+00
5.479973079590005014e+00 8.290502556215574970e+00 6.429775556491422961e+00
5.479804287587407785e+00 8.247005640894489176e+00 7.039219136255336906e+00
9.830882180382607416e+00 8.301079046957912766e+00 2.930029508322903986e+00
5.002791066852547708e+00 8.361812634544314449e+00 6.224163141404466693e+00
9.249590758243945388e+00 8.383900659849693682e+00 7.110817087978420048e+00
8.380136107970073134e-01 8.481398012127213448e+00 8.932362238648735797e+00
5.118401455070502593e+00 8.471463792099433121e+00 5.090840386360391712e+00
2.522064588690637321e-01 8.559400631776957979e+00 2.848870694519507918e+00
4.112350976097594035e+00 8.518376142288561326e+00 9.575579483636644795e+00
4.243657573209765665e+00 8.508921350338102485e+00 6.006460100060396989e+00
5.236207274796335298e+00 8.511145125960425162e+00 8.542270090674188410e+00
5.330018493600524820e+00 8.516635879830001699e+00 9.182444015862344600e+00
6.533552091563057829e+00 8.558482825114271719e+00 1.591557996381355977e+00
4.335650225713921557e+00 8.587141999757047728e+00 8.701475945777170651e+00
4.742801676009604783e+00 8.609227867654105637e+00 7.120139374721816239e+00
5.221199697977085386e+00 8.560199119540685686e+00 5.927813464688245659e+00
5.254745193055315511e+00 8.605188875886119249e+00 8.389402625366383148e+00
7.777341662541378042e+00 8.652706429538916666e+00 2.518335330327081678e+00
3.060380227799509578e-01 8.708118336782959545e+00 2.384462215783425432e+00
3.753545316576718083e+00 8.707961644340247886e+00 2.309913485869616423e+00
3.969502301017469037e+00 8.707185301523800547e+00 3.793576496303224577e+00
4.551396970980019496e+00 8.674305246855976037e+00 6.970080374266126810e+00
4.695493636418203387e+00 8.677129603155993465e+00 7.291184001155130545e+00
7.831244901508088496e+00 8.665285621291440421e+00 4.001501125371683898e+00
7.911119674582695716e+00 8.696558466193131665e+00 1.506436226450935667e+00
8.352447214837301459e+00 8.699042053539372432e+00 3.714281829472432239e+00
2.409883034899981347e+00 8.742801805898967160e+00 6.114533507124867207e+00
4.420565578545434526e+00 8.768332060220846103e+00 6.956315234549121929e-01
4.551463504812120142e+00 8.761106760510759983e+00 8.501499599928630246e+00
5.526762019556041849e+00 8.806273808136662495e+00 1.614976576120687124e+00
6.041950973908917888e+00 8.783406239477669075e+00 2.665732607977536528e+00
6.557989314834153483e+00 8.746923595953143504e+00 3.357147431551950501e+00
6.657770019488710389e+00 8.736310559566806688e+00 1.629491525685818898e+00
9.745491904691565566e+00 8.787301529023656244e+00 3.568884346701009846e+00
5.291183795396072753e+00 8.828494506655742313e+00 6.631714545682244832e+00
5.933864256662860548e+00 8.811150783482467830e+00 4.770023118211573099e+00
6.254602641398392393e+00 8.787704753801968138e+00 7.206344469531332564e+00
6.816057122858719453e+00 8.825135601133800023e+00 7.927956396112545434e+00
7.770564971647642594e+00 8.895969030972890934e+00 2.169427163989575469e+00
4.180113246787494852e+00 8.942731364124894000e+00 7.642474953911856161e+00
5.172609148826747827e+00 8.927818931149360537e+00 9.331739212022356345e-01
5.449050728003884458e+00 8.856627812789588106e+00 8.448498872729894416e+00
5.508608821298563107e+00 8.894807096632602494e+00 9.755269894720013824e+00
6.423316018110121206e+00 8.932147439594064764e+00 1.382541012862280150e+00
7.521949943754035139e+00 8.947889195814644481e+00 2.142499207085049928e+00
7.856899558624228952e+00 8.971918067572190125e+00 1.981415653560240742e+00
1.198893912174091025e-01 9.008148446400843667e+00 3.425416996566843064e+00
4.393899629858031286e-01 9.021456712719796656e+00 3.305770793389875895e+00
4.022950874668163479e+00 8.958338562381170433e+00 8.539409230798884920e+00
4.568033579011736123e+00 8.984803187985651363e+00 7.486747336293433364e-01
5.923655151925689921e+00 8.942535718659188504e+00 8.086176015154180163e+00
6.301075380122693304e+00 8.989357229636219415e+00 1.167719649832846596e+00
8.042624570451595289e+00 8.974004325507994650e+00 7.639186909893848743e+00
9.454992179346129788e+00 9.008808179625713564e+00 1.264600140744439827e+00
9.592093933236272463e+00 8.956649708539700327e+00 3.593671311767745458e+00
2.743927048940060232e+00 9.077717060117651116e+00 3.327346655361831829e+00
3.672508893352221193e+00 9.046440210728464493e+00 3.872182241174058959e+00
4.016706332839742544e+00 9.079450902648600774e+00 6.796804122196571818e+00
4.600230492758267786e+00 9.034838732170554110e+00 7.751666023469402589e+00
5.368064201006482072e+00 9.121352545027219705e+00 1.128736944732569469e+00
5.896773081830103180e+00 9.042591452364680649e+00 6.247705317354668608e+00
6.142318264639836656e+00 9.013604167191147098e+00 8.835016341904800896e+00
6.226228823217813790e+00 9.043609689773283833e+00 9.867845831774202381e+00
6.417959825957835207e+00 9.080478215214446536e+00 2.321204254456347371e+00
6.439756019458050318e+00 9.085244155998870141e+00 7.583863363278574354e+00
6.967799612984600266e+00 9.160216978547092381e+00 2.336265737851779711e+00
9.457344558272449575e+00 8.706404384513756867e+00 4.404695371698631234e+00
4.083431180109817760e+00 9.160548543497750273e+00 5.982171430546906699e+00
5.729865510381720206e+00 9.092732890068210949e+00 6.999015725170012914e+00
5.671044065913490861e+00 9.147521243493780929e+00 8.234172541503932408e+00
5.988748998988038252e+00 9.144186202611203740e+00 9.744546075216879544e+00
6.628632146879311016e+00 9.194376953021583532e+00 4.675873457783405129e+00
5.948404952730658835e+00 9.520760857128706789e+00 -1.474620882887220930e-01
8.891109181873341427e+00 9.122347637582517876e+00 7.682330723751949364e+00
3.634102794971501016e+00 9.247432276800623185e+00 5.900665405927226104e+00
4.345448885597336997e+00 9.229172219780847897e+00 2.180688092725821647e+00
5.628011997027542179e+00 9.220662966483599732e+00 4.099618123483601551e-01
5.840587469507419804e+00 9.210697869185329623e+00 1.900313098137024870e+00
7.164775259116069606e+00 9.503737275266360029e+00 5.322741621096079179e+00
4.578417594612261610e+00 8.866555426781516758e+00 7.973911093468277755e+00
6.932334693819552029e+00 9.228132889472796307e+00 2.247711474563252487e+00
7.636250632432706631e+00 9.162239144420448511e+00 2.086334356794412592e+00
8.142906271792345052e+00 9.204113040700093507e+00 4.369498797943858648e+00
1.745538842576286886e-01 9.309798849711318880e+00 2.115395626304294563e+00
3.983493189776543097e+00 9.338306447378878161e+00 6.612972535245101868e-01
5.460967772948398746e+00 9.281400874077792906e+00 1.315672951390786549e+00
5.532923593974871324e+00 9.264772538754204589e+00 8.241913815218005368e+00
7.700009339171843159e+00 5.072554692749562832e+00 7.580537633088825444e+00
6.219625809147386164e+00 9.323191309965599416e+00 4.171746603343901683e+00
6.569233586456368457e+00 9.245619093104892272e+00 7.659033972904419230e+00
6.998987474472594172e+00 9.310840196720825190e+00 2.462427031211703365e+00
9.745684781154400511e+00 9.315179047943205504e+00 6.370474306040139645e+00
7.475257319056756167e-01 9.426697557027718943e+00 3.148359646847824767e+00
3.220095860980927149e+00 9.411111536818349776e+00 9.672162027369957116e+00
3.461955119557953431e+00 9.390984391054791658e+00 4.765794728063853292e+00
3.729145427954862591e+00 9.349132378931610532e+00 7.430688967491811070e+00
5.987055610890324786e+00 9.520516539456565397e+00 8.890997865657446653e+00
5.257438793555083478e+00 9.355537415774215049e+00 7.507481987777315791e-01
3.438514947321496429e+00 1.353262392559270921e+01 3.727079605738591539e+00
6.245249458270644816e+00 9.387307739728267819e+00 2.022822977824358492e+00
6.724228546389006134e+00 9.297970240509343398e+00 4.643709875334924853e+00
6.944680066909816318e+00 9.313156455739445505e+00 2.463926747573585541e+00
2.171696205577456240e+00 9.272236985084807870e+00 6.465739767691421669e+00
7.300809832677964906e+00 9.460247508520174264e+00 1.871538104635221966e+00
7.890733247359873026e+00 9.465780983276411931e+00 2.564194229143581083e+00
8.190260626600707639e+00 9.499071941644988470e+00 3.075003673285771288e+00
4.530644133078128633e+00 9.539531868676098370e+00 7.305604402603917080e+00
4.726804232574528974e+00 9.521264142270243980e+00 8.748112089622356313e-01
5.051754236624428351e+00 9.502579433180061486e+00 4.065852299084360411e+00
5.391503587764973737e+00 9.457204681673619717e+00 1.389701347016842004e+00
5.938371783571923856e+00 9.519593714762102366e+00 1.312580099196689609e+00
7.203458619923765127e+00 9.484656142715772731e+00 2.327323682023938911e+00
8.478235363174502215e-01 9.620718841503462571e+00 2.922867850607843820e+00
4.119987369469823690e+00 9.572603583700619367e+00 8.359020812749822227e+00
4.149032149668001601e+00 9.570735328459655022e+00 9.734491996103463052e+00
5.041034584939560581e+00 9.605096218447986445e+00 4.848146287249281983e+00
6.891623091115736344e+00 9.609209015274821297e+00 7.445005815746865707e+00
7.068479724444579837e+00 9.565165411033794030e+00 3.617243866961961984e+00
7.417853765742788319e+00 9.574907553726244913e+00 2.535039794004187552e+00
7.703364293682542829e+00 9.607234283826329602e+00 1.879716211712949780e+00
3.033285473834640644e+00 9.691855305668708453e+00 7.106114694956460198e+00
4.610667586111828697e+00 9.649900584997933350e+00 7.977211832450304740e+00
4.863492920006778242e+00 9.684128151753668590e+00 8.043087358868783454e+00
5.438108415095818771e+00 9.667421038026176916e+00 6.272890292078283636e+00
6.201197187765333574e+00 9.662415928994111169e+00 1.973807609813197361e-01
6.531882345637169962e+00 9.654939812483718242e+00 5.571378470268140148e+00
8.732791257194431722e+00 9.675164138996207086e+00 3.566409859736938692e+00
9.104147405205198496e-02 9.799084268935958519e+00 2.417859136528191843e+00
4.485196900539224707e+00 9.723115623370507166e+00 1.672555004493021524e+00
6.080264860633702639e+00 9.725761969284297592e+00 2.029636916447584039e+00
6.368767093228249188e+00 9.763070648317413003e+00 2.547874084032436315e+00
7.558579798725382659e+00 9.714509660432078419e+00 1.838588717005679829e+00
8.211080720354587470e+00 9.777509707521943483e+00 3.256846375846921937e+00
8.669373102423916677e+00 9.770175412902236900e+00 8.581799602909566005e+00
2.211949989628192448e-01 9.852462936453024511e+00 6.369386845143204745e+00
2.649742501844335241e+00 9.839199381079934525e+00 4.805104628263591415e+00
4.581489632852404625e+00 9.768707714184197144e+00 7.452398622897097091e+00
5.206644596374056633e+00 9.818939265730636023e+00 3.683417885327768815e+00
6.803711287280559183e+00 9.807908422921999048e+00 7.753830332552403171e+00
7.762257017155569372e+00 9.851134725312668650e+00 1.066913890176684143e+00
7.696599636666673128e+00 9.796315160453913151e+00 1.961783993108083379e+00
8.883406064036682537e+00 9.852275660720160033e+00 2.462698282116683401e+00
3.045373333378013081e-01 9.946634605165577625e+00 6.526679957777118624e+00
1.965901480527749268e+00 9.925713807661677990e+00 9.494134949991607897e+00
3.577469780663856902e+00 9.927276629127193885e+00 7.246831368328141565e+00
4.239439363880556755e+00 9.904784032011567874e+00 6.615919894549514346e+00
4.291948031993187307e+00 9.878493189558508192e+00 5.031977008522518169e+00
4.803948824470476886e+00 9.908687813554877266e+00 4.559269428061162976e+00
5.222807414098364909e+00 9.885729333387217821e+00 5.166247820552521297e+00
5.330384005983965778e+00 9.918812391152314945e+00 7.367050199657750653e+00
5.957572396582214047e+00 9.855343127908973599e+00 8.390624605335208486e+00
8.206603340669675006e+00 9.912191441690506366e+00 1.772132651030095651e+00
1.007691987294338176e+00 5.017802935838037826e+00 5.040044260854234182e+00
