2.104413057219038929e+00 1.497954552684004070e-02 7.239678101775665731e+00
3.051861812006991137e+00 1.301004731012567889e-03 5.111762202384119824e+00
5.831093533732121692e+00 2.455997299336967060e-02 7.634101849094350190e-01
5.792063957651478745e+00 9.962069476898840342e-03 2.168148027670904643e+00
5.929067817865895762e+00 7.758180357213434464e-02 3.562237277764583876e-01
7.548150222566144762e+00 1.367869699490691440e-02 4.148444163171840948e+00
7.755545800438087944e+00 6.578629689389486890e-02 3.573136439329367864e+00
4.118527385497401383e+00 1.233935785109560312e-01 7.464964911454678997e+00
4.195293200852713511e+00 1.278692367926546614e-01 8.847645468744829600e+00
5.082602602441518513e+00 8.884908641316274780e-02 4.959624623369314200e+00
6.099386140663474620e+00 1.382713092727386739e-01 1.087996497434398524e+00
6.258909653302367815e+00 1.086382470531463140e-01 1.997998513484157357e+00
7.473020172599609268e+00 1.081677181088082917e-01 3.266390366395038214e+00
8.562650353163984818e+00 1.063378850671750087e-01 5.208341954657795370e+00
9.331530442436132944e+00 1.069468322968774865e-01 6.596223861441981029e+00
9.346579203668992974e+00 1.199512237195436426e-01 7.652488921117031495e+00
2.865322523780261754e+00 1.745083261151107457e-01 4.021216784375138076e+00
3.244767651071068570e+00 1.999823922642097740e-01 6.801835066252463591e+00
4.759961382028231824e+00 1.965702429724959233e-01 4.295858200894468126e+00
5.383387736707023308e+00 2.004820424433487180e-01 9.551813779421132189e-01
5.360277236050595029e+00 1.624621539753223209e-01 6.604921251378849334e+00
5.970598934776208289e+00 1.685304455439355920e-01 5.801370797857639872e+00
6.660640917270879591e+00 1.636829167659453188e-01 3.733139208250035174e-03
6.692266549680844001e+00 1.774743435809279513e-01 7.433552379898278772e+00
7.919320389971726826e+00 1.792284926720023042e-01 2.356086508835166793e+00
8.185159348965139969e+00 1.616360405425184554e-01 2.131572176694073839e+00
3.814026572867635245e+00 2.841371246767354641e-01 9.245129501803126537e-01
5.882565703725958883e+00 2.378937732647041225e-01 2.083783353999707710e+00
6.306326050289371210e+00 2.814798878219637590e-01 4.444536136884453370e+00
7.101701771836047783e+00 3.004686992514561394e-01 2.215731148440832854e+00
7.840673044034215167e+00 2.767112035762117062e-01 2.077642879464898229e+00
8.021664644614791229e+00 2.589232212119437770e-01 1.881279077937722644e+00
7.968875257509199450e+00 2.683021307785926624e-01 5.298445376178213984e+00
9.554525046468253180e+00 2.695591572477776809e-01 1.314236936861357563e+00
3.521019690705665006e+00 3.568209132149365859e-01 6.089808997141309632e+00
5.593789032287682872e+00 3.183502334457074534e-01 2.914342719145782912e+00
5.765871083883032711e+00 3.403516579637173578e-01 2.317498703338041199e+00
6.486376789080461336e+00 3.363861124900819899e-01 2.655007174504516065e+00
7.632777085884658419e+00 3.541495496009621213e-01 2.323261351084816795e+00
9.043181901573236203e+00 3.797733877312284845e-01 5.571956952290552323e+00
3.969838745319503870e-02 4.003787595019733248e-01 2.656301279369653656e+00
5.567735711656748521e+00 3.943374165249365904e-01 2.511841242278344044e+00
5.929756815972062611e+00 4.027807391230664447e-01 9.417558694563831878e+00
7.052392105312443427e+00 4.680718856484097357e-01 1.676101975319654880e+00
9.431389310578063956e+00 4.331589577122068047e-01 5.605331616225430302e+00
4.798670656514189004e-01 4.984639444380328799e-01 2.704058444932024852e+00
5.634704534722365210e+00 4.880397954944647454e-01 9.857910469339660864e+00
5.889042718644624586e+00 4.746484982539723729e-01 6.903018108735951230e+00
6.174138176252361276e+00 5.282902670809322965e-01 4.034720257178393332e+00
6.257956871735685489e+00 4.761094317472157611e-01 1.472782026153005797e+00
8.844508503472678029e+00 5.119379697469941259e-01 8.147484016598864898e+00
3.300499151873969250e+00 6.247162600988307446e-01 7.343185674799907581e+00
4.377837414208249456e+00 6.172144819397702431e-01 7.066742763784309433e-01
4.674674871303517776e+00 6.121469797649362610e-01 5.255385705352992431e+00
5.136777924003917306e+00 5.476252578446697550e-01 9.387655107768702933e+00
5.225901821961614679e+00 6.002807458290362330e-01 3.133788976061229636e+00
5.346349713669384052e+00 5.698388186848130088e-01 6.692883603221180699e+00
5.451700491360855771e+00 5.535241197384073164e-01 7.655725675372289984e+00
7.832297349571555323e+00 5.585735597794798668e-01 5.801886844517980535e+00
8.170296441215535665e+00 5.967429852967287562e-01 1.815628106874381587e+00
3.828770702200178899e+00 6.637160186922965721e-01 8.008704513106286171e-01
5.701523840924075159e+00 6.515037695968763920e-01 5.019042702413150536e+00
6.236692153896544077e+00 6.369713034303154942e-01 4.542890867901863139e+00
9.348653515110751044e+00 6.313900083887357129e-01 6.855654765556103314e+00
9.961059972268360596e+00 6.980254555409385331e-01 2.557040251542812115e+00
5.619685072951068783e+00 7.058926767287827531e-01 5.095787553582375118e+00
6.381636562864344775e+00 7.061160912136499324e-01 2.799619993852296318e+00
6.839861811527089941e+00 7.233952352538646213e-01 9.623329207806211372e+00
8.289674368784108793e+00 7.521565885721817057e-01 7.785186489738240567e+00
9.225296374741866146e+00 7.464241039569174951e-01 3.292250838688519199e+00
1.148085822018206859e+00 8.573311650437084319e-01 5.912042137149555288e+00
4.554260249335099431e+00 8.303471196907277196e-01 3.687907164232191004e+00
4.593706552930885145e+00 8.525084056201094329e-01 6.294010703072629553e+00
4.847584538506098717e+00 8.195177263928927758e-01 5.669008199140624704e+00
4.935469707690553598e+00 8.178478049533052241e-01 5.840312690945062002e+00
6.086677702232642595e+00 8.053012520444723377e-01 4.841834361076897686e+00
6.184583274286314492e+00 8.061497490570106450e-01 5.175642077256759954e+00
6.264324341711915878e+00 7.955138166716987369e-01 2.915183118565816578e+00
6.349296781254327726e+00 8.388696780057872671e-01 9.771545574148660762e+00
9.924234102896946297e+00 8.359280403765314560e-01 7.324786908413998709e+00
4.624720275728399166e+00 8.935426544741352783e-01 5.761402314030278582e+00
5.573412456992320685e+00 8.788254552096375072e-01 6.770172536532208518e+00
5.804233081371378944e+00 8.717997247114082082e-01 7.045784243165901017e+00
6.694518602315493006e+00 8.738805366267748953e-01 4.022189436893821579e+00
8.361906356462450063e+00 9.008153852626593627e-01 7.730958051278159715e+00
8.540052239049025218e+00 9.068206041071200652e-01 3.141534591220982442e+00
9.153586426778435481e+00 9.078302314070341161e-01 4.786331730541562024e+00
9.782267398971500327e+00 9.193043314913683650e-01 4.705692398829491196e+00
4.413109275131898102e+00 9.546627227080439759e-01 6.033394700632411123e+00
4.785639624251567525e+00 1.009161813882823555e+00 6.433479273787920505e+00
8.187624308961796160e+00 9.489929278267238422e-01 3.191234525477176787e-01
8.263090216954052991e+00 9.451181062359754748e-01 7.364826343076599890e+00
9.316902501668419490e+00 1.012376549041364537e+00 8.186149496194200736e+00
3.698977833247359737e+00 1.030821203922310358e+00 5.912585420902051858e+00
4.522996036237347361e+00 1.085070261111118262e+00 6.974938576642022880e+00
4.847082200796217322e+00 1.061379828164842110e+00 5.276635969795449022e+00
7.485849756872969607e+00 1.040942513277113957e+00 5.901883944744753308e+00
4.034240595694781106e+00 1.120604686993978749e+00 1.868928847170572727e+00
4.751899056097813379e+00 1.111762796044807988e+00 3.566721008987991937e+00
4.717866895507635938e+00 1.112420465461367414e+00 5.115050209727202812e+00
5.466974984272245486e+00 1.151732381562203145e+00 6.848521500927097883e+00
5.481488919540076665e+00 1.105188318777211798e+00 3.390677208257226738e+00
6.304008624435454067e+00 1.163251754484206923e+00 1.249164621996516900e+00
6.282767848687862866e+00 1.134459063388621125e+00 7.723468832135964135e+00
7.577722770909640637e+00 1.145488484798761641e+00 7.029142321086653489e+00
8.909034841036110208e+00 1.108345652442737750e+00 1.591171967557694078e+00
9.865271269521805664e+00 1.123194624945709208e+00 3.596587085684662899e+00
5.652996859589517697e+00 1.230524778174133305e+00 5.057718061506207619e+00
8.076329296637249300e+00 1.243634720068921062e+00 1.355880110544006034e-01
1.741093034429997521e+00 1.327173680327237593e+00 9.379464441671476749e+00
5.106772023849655895e+00 1.294793635178458358e+00 5.226011540905096453e+00
6.276895789645395851e+00 1.273576190416214171e+00 5.418328824933724697e+00
9.281092249258838578e+00 1.270203344681009927e+00 4.917284589301699427e+00
9.844434343045453062e+00 1.323474713387660096e+00 8.023833347362391066e+00
5.844017667386534498e+00 1.336526862216116829e+00 4.621704227194105563e+00
8.706341098369570375e+00 1.340503025488213984e+00 1.584802582500264290e-01
5.153788976861134463e-02 1.478625253585635235e+00 3.865434623490929589e+00
4.694761890396472737e+00 1.452675022176927788e+00 3.043545472322679135e+00
6.219104742096696725e+00 1.427060590282285268e+00 5.776360650082823511e-01
6.201480514567392355e+00 1.457769420913592295e+00 6.339897830032784398e+00
6.916826662321787111e+00 1.468513045930752714e+00 5.936366557493677476e+00
7.011492824016272607e+00 1.449180835443224735e+00 3.201703119008193266e+00
7.169920656459742858e+00 1.444260519029253675e+00 2.986599290208513224e+00
7.633356439338069066e+00 1.415168941044996131e+00 6.101865850987329587e+00
8.435749848204348922e+00 1.459332694221614712e+00 7.262337193925226586e+00
8.846111360872216167e+00 1.467409323508057861e+00 7.180987683111208497e+00
9.779256091145219543e+00 1.469879100353313373e+00 7.236794492672961709e+00
4.226303391022420364e+00 1.552370568166749454e+00 7.158548683457322426e+00
4.599470302045641112e+00 1.547323950783452640e+00 2.519371841798162759e+00
4.657830451491665968e+00 1.516132439995364845e+00 3.146339255097779564e+00
5.315546090606850349e+00 1.508370537122119437e+00 7.197077745504566693e+00
5.644928414416449769e+00 1.562910121094214455e+00 8.090291409642887288e+00
6.063632813007245659e+00 1.498008306998210637e+00 7.069864506108228142e+00
6.331969770785791596e+00 1.488089670752722471e+00 8.027195162199271650e+00
7.476523241914585505e+00 1.537506086856586851e+00 8.255655045821821858e+00
8.185316570302049399e+00 1.496365114893055459e+00 6.562101410940677226e+00
9.382504847020255667e+00 1.515242547724434008e+00 4.219329022224878933e+00
4.668817893805924157e+00 1.624436148011201064e+00 4.483006315276874432e+00
5.088569777599284194e+00 1.606037111357159652e+00 2.906187088539634367e+00
5.737657179549141340e+00 1.617944394010326636e+00 5.805900619072279945e+00
5.908748330191054166e+00 1.604312559322734977e+00 3.445010283701546605e+00
8.375548979382751114e+00 1.627215401641847858e+00 9.894395355357699096e-01
4.670709830438532606e+00 1.685366542725719174e+00 5.708893802920060878e+00
5.170942420771988957e+00 1.692270733831438667e+00 2.367863127712759308e+00
6.237163348304537891e+00 1.647628645981299433e+00 5.399237808707184172e+00
8.424079729044393616e+00 1.643910547075815742e+00 6.426104817017827209e+00
8.504497170052472299e+00 1.678743389403801745e+00 5.707111537571098125e+00
7.725604330551879562e-01 1.738196332431213742e+00 5.128216177816950605e+00
4.657049563136753889e+00 1.777179912801600814e+00 6.729504288518512567e+00
5.387586485816987292e+00 1.722210946109340224e+00 2.641869955222535538e+00
6.154323569939916361e+00 1.723802915689340409e+00 3.085732338183776235e+00
4.435669596071921461e+00 1.859475713220390514e+00 4.200525321564399839e+00
5.309665389664490753e+00 1.868577849366430899e+00 2.588307311441369940e+00
5.260618522593571100e+00 1.823375948024817728e+00 3.740887367146892295e+00
6.521297080221621911e+00 1.842127643439118945e+00 6.442532402084218290e+00
9.476557150434970822e+00 1.805610253601453330e+00 5.488790812695778953e+00
9.615127075141829849e+00 1.808256738022022692e+00 8.858485463782180602e+00
9.693742508944865222e+00 1.843046156369542832e+00 8.728877898750194930e+00
5.170407283025203249e+00 1.886279028476958164e+00 2.627014440284500818e+00
5.304056828148221214e+00 1.928406086657309615e+00 3.636405320297336097e+00
9.404981530298313075e+00 1.909315340901856395e+00 3.023699284117471908e+00
9.648335129850323710e+00 1.889888424711548387e+00 8.218772827168601580e+00
9.944977687741147321e+00 1.907284815145386059e+00 5.013184440845781076e+00
3.833759935115495843e+00 2.030827326498688024e+00 5.871839404738804724e+00
4.907141161200730295e+00 1.990969192509374430e+00 1.923023652492693802e+00
4.853047535779468014e+00 1.990291577218316732e+00 2.157587003849100959e+00
5.767996621821154690e+00 1.967008486192736161e+00 4.364663125349316886e+00
6.442868404990923281e+00 1.981078354024433885e+00 7.164612396034289787e+00
7.693431501145662210e+00 1.969452873868508647e+00 3.347472608683048634e+00
7.942747727570473870e+00 2.009509796870956322e+00 6.813514528680501670e+00
8.274384899781098923e+00 2.025986552885225667e+00 7.986535452787087763e+00
1.329150616586535882e+00 2.038736075692981320e+00 6.504344719783365036e+00
4.354273288973869782e+00 2.071170303173210936e+00 2.287663316746648245e+00
4.392888663354891143e+00 2.057731752140287362e+00 4.723478232158567991e+00
6.402335616015349729e+00 2.043738854333011723e+00 1.478846519065033061e+00
7.909312564500988074e+00 2.085648091733752096e+00 5.570350823302679721e+00
9.482848992277057576e+00 2.084856011065777004e+00 2.870279695202647030e+00
3.255095297756181727e-02 2.145262282759906824e+00 5.486692550068505092e+00
4.608670720370439122e-01 2.112050624631809814e+00 4.659489956677493439e+00
5.455784392151419304e+00 2.158117223870785750e+00 1.019551919614647417e-01
6.290339277748270064e+00 2.144620899489668719e+00 6.977111647214615076e+00
7.710281165246831492e+00 2.175167467553507983e+00 4.990613047258094070e+00
1.233253553533766755e+00 2.236728515363231029e+00 4.841631046067433886e+00
8.052227852523069274e+00 2.207893524842933886e+00 4.881125828134870837e+00
8.173712964474495024e+00 2.209778316468979931e+00 5.809008482380983551e+00
1.362869830959503537e+00 2.314409409627478986e+00 2.209912305459400095e+00
4.877487494245891675e+00 2.283367393976852178e+00 7.939275988125707784e+00
5.127427965304534041e+00 2.282598190544431915e+00 5.489342067951548110e+00
5.207303162414339326e+00 2.317103904280498394e+00 2.849296978761803434e+00
5.381590400637094262e+00 2.304813682599305746e+00 5.842132289003728829e+00
6.218773065014328694e+00 2.290827437751018714e+00 8.124396048008554416e+00
6.505821901031817234e+00 2.279793874724515224e+00 5.959049782160347419e+00
7.631225855658627211e+00 2.296597931850865582e+00 7.708176229187677642e+00
7.897151413159775757e+00 2.269061784393248793e+00 4.613925756162052139e+00
8.295230002981901052e+00 2.336588140455948537e+00 7.806596560748960023e+00
9.176158501214256802e+00 2.331420887673730569e+00 4.391555258336323320e+00
9.419207129676768986e+00 2.318005220957674695e+00 5.473363019447091915e+00
1.120132404963795902e-01 2.366054468387973397e+00 6.864010359219809843e+00
6.472223113311505571e+00 2.412525579370330853e+00 4.843820561120047330e+00
7.057468917301621403e+00 2.407084447774381353e+00 1.065769774729836694e+00
8.580705558427215607e+00 2.346911473391708025e+00 5.502106425792950617e+00
3.880096680689595345e-01 2.488766128579874337e+00 3.790915116030644683e+00
1.496467840093200996e+00 2.460337398962414213e+00 6.795080522145078739e+00
1.619916736323324002e+00 2.489484182807906176e+00 1.857687834782754344e+00
3.564676453593524919e+00 2.451655920322464155e+00 2.258154405148547816e+00
3.858220877585899267e+00 2.434033255062741041e+00 5.551901395526949834e+00
6.119959221206171307e+00 2.459064339496754847e+00 1.607560252143950041e+00
2.237298297217996668e-01 2.577219996989517981e+00 3.679166913063033562e+00
1.462481732031493120e+00 2.502476507701821618e+00 2.323541178848864242e+00
1.575647504234537477e+00 2.542503226005257133e+00 6.614705114729488855e+00
2.214973764905640685e+00 2.572521682405192855e+00 3.689531352077318083e+00
3.574361292155685987e+00 2.507146990714965717e+00 2.830778763524037345e+00
4.764006954477436828e+00 2.522612535556315816e+00 6.206454462094113111e+00
7.231095996365869638e+00 2.551886382295592615e+00 6.716555789617960848e+00
7.595620247803299030e+00 2.523279228688873665e+00 6.794044023519131947e+00
8.167750341348350318e+00 2.507852065010270692e+00 7.660376652570525025e+00
4.452385364953510560e+00 2.622272311079565377e+00 5.878640630207641493e+00
5.973114601310758331e+00 2.624585248942823412e+00 5.921188469301128521e+00
7.123008669296480022e+00 2.606394737074606560e+00 6.448344584594775775e+00
7.313678309403089273e+00 2.649201182842932489e+00 8.575481074685511018e+00
8.586491593486185181e+00 2.598909252354815180e+00 8.174883773749801463e+00
5.786104443919619200e+00 2.723856731942859710e+00 4.434018614236898692e+00
5.986193101276953143e+00 2.701748457407699089e+00 2.248413516388202193e+00
6.281188820466491407e+00 2.701675600881526584e+00 4.714790785144527874e+00
6.453839981565316464e+00 2.659874017070759322e+00 7.925463879048287197e+00
6.840632452689982657e+00 2.729627416438114018e+00 5.685835165961254933e-01
7.005435830537526165e+00 2.714382594300337015e+00 6.869286845431155086e+00
8.868896185003059429e+00 2.715243901184056341e+00 8.353523629314207000e+00
9.590861363172574761e-01 2.790010752129644445e+00 5.099491985575514696e-02
6.138159572360819993e+00 2.767150426121034457e+00 2.514438860533824815e+00
6.583897520136853032e+00 2.782933371145708712e+00 7.068878552791300507e+00
8.105312443606061734e+00 2.743814751880803815e+00 7.957244275859249427e+00
8.486123251993625161e+00 2.789763168766417945e+00 8.386737684048529928e+00
9.636581797081968048e+00 2.752060587798841773e+00 5.328780040150105535e+00
1.322672015170940907e-01 2.821365209432537213e+00 4.685238341853263933e+00
1.132876208905749138e+00 2.873502602616643919e+00 7.095470284153939211e+00
3.224625768378284629e+00 2.846619780108116338e+00 3.715134855121575708e+00
5.022734175032959492e+00 2.814725453486218942e+00 5.047507455892263906e+00
5.614726676551560658e+00 2.888248838261340712e+00 1.896028497370951360e+00
7.569434878047413662e+00 2.828249838451299958e+00 7.992883933048819500e+00
8.799948831323650467e+00 2.858954117459249655e+00 7.841788144380640979e+00
1.197291422078923251e+00 2.956250472048828293e+00 4.797668925445409904e+00
3.156162959871331886e+00 2.937626233707750778e+00 6.895414860591365880e+00
4.248759185638212088e+00 2.954494533750644081e+00 6.359204746634416594e+00
5.497859737770979471e+00 2.939943910772014668e+00 1.833014155838729842e+00
7.510049067126670863e+00 2.928644299894145764e+00 5.009600014215450869e+00
8.954247849529911818e+00 2.894366501202513930e+00 4.780737859830653136e+00
9.061686519184661393e+00 2.893045523440987310e+00 5.096622824146143316e+00
1.027501777421005791e+00 3.014721525748147890e+00 6.652191291705617182e+00
3.757548717647503977e+00 2.982706944604853749e+00 6.164967723546444844e+00
4.502821027261735054e+00 3.046566867251711219e+00 2.821915266405055522e+00
5.450171026179376987e+00 2.971033722045946845e+00 6.221449456377186493e+00
6.703815461952189025e+00 3.019146546602059278e+00 5.632847820275735273e+00
6.960677370799405850e+00 3.007148323550488556e+00 7.582228203757905405e+00
7.081830856852289635e+00 3.045688193340435390e+00 9.116503123835475009e+00
7.261497052480166303e+00 2.972456521831601695e+00 6.802578667343893493e+00
7.657210164178488654e+00 3.040113022411754962e+00 5.300782784035343198e+00
7.743837039260705879e+00 2.969697070267567796e+00 7.103140783400158753e+00
8.579944273386768572e+00 3.041711463642669866e+00 8.494117655974772418e+00
8.864241617338354473e+00 3.037476488495369775e+00 5.358125357986531778e-01
5.248433303997801502e-02 3.049719663475626064e+00 6.830006032720545406e+00
3.244794062535085732e+00 3.079978667274244408e+00 4.539187918417239231e+00
3.788703120920660083e+00 3.057230175608790290e+00 2.764815770298926001e+00
4.016128317445994966e+00 3.065127094706710409e+00 2.843174652700637406e+00
5.071296793268472491e+00 3.052669924721701733e+00 4.423238209141654664e+00
6.269580275203037623e+00 3.078777020027247957e+00 7.731486554665283784e+00
8.523457635993052506e+00 3.092434401726094073e+00 9.346585440875825768e+00
9.352226142501070427e+00 3.104735866451298065e+00 8.744204350127741776e+00
9.612936842838065488e+00 3.107795217147536704e+00 3.762579921138298644e+00
9.750900296637530218e+00 3.073030949551231572e+00 5.362144073236981612e+00
9.828293395845241420e+00 3.048082698185072825e+00 5.182939188552607490e+00
2.546541291278016095e-01 3.132721330960943185e+00 7.344489997219502797e+00
1.492092340029789632e+00 3.202829370492578320e+00 6.308138554129705255e+00
2.416149608324880127e+00 3.138717822459172524e+00 6.490732724496325545e+00
4.567089707936425214e+00 3.157814320236222994e+00 4.125150211938438893e+00
6.529195018644908366e+00 3.149253911351395541e+00 7.161505859592010914e+00
6.759337967419438264e+00 3.164208489186218110e+00 8.536972446657539848e+00
7.788500375438193402e+00 3.147069701927873275e+00 7.963958887187503777e+00
8.076263802739120479e+00 3.203628069703293946e+00 8.572343538117934258e+00
8.488661386439872558e+00 3.164798775133871089e+00 6.075090961149188118e+00
8.845358458865156592e+00 3.197157474915830022e+00 7.110746363124515135e+00
9.804387477687519947e+00 3.170400530679641449e+00 7.940685427452436329e+00
1.306466355351310726e+00 3.220537349532258453e+00 4.857054136264643773e+00
5.144950395071521854e+00 3.204226688678589952e+00 9.261653895955721527e-01
5.379867370885660804e+00 3.248063674801804801e+00 6.437191526705460021e+00
8.941573646495877270e+00 3.227157652883412720e+00 4.565965383543192146e+00
6.733488753533695359e+00 3.338530112054156174e+00 2.393661271078508346e+00
6.983093195222323857e+00 3.314542101379842620e+00 7.022341722023288213e+00
7.192885322165711415e+00 3.296755333621678830e+00 7.548211048373952181e+00
7.447112725907699016e+00 3.352002734387200977e+00 7.692377227181875554e+00
7.990404465508023968e+00 3.322349999627220996e+00 7.018982700963070087e+00
8.276845918299013505e+00 3.301901468850924282e+00 7.228942257152813688e+00
8.333482164012076865e+00 3.330787157530180842e+00 8.426489292172311352e+00
8.720465536014124552e+00 3.299833109857376545e+00 6.544764523619834407e+00
1.506907608496488304e+00 3.428493963084772833e+00 4.188444382529155519e+00
4.699234700493150285e+00 3.398485841009201813e+00 3.680377739619001609e+00
6.667906002004565735e+00 3.405960281833573244e+00 8.845455734625240041e+00
7.571683929139476632e+00 3.403283677025669807e+00 8.137268303527498858e+00
7.694054343020667375e+00 3.424455990126978655e+00 5.966118906588992132e+00
8.543552837925084020e+00 3.376912631428373945e+00 7.192109150072457879e+00
8.866352046057535574e+00 3.419252513754410749e+00 5.244793590474316147e+00
9.603089172121482164e+00 3.432397154172362352e+00 4.686158630311765272e+00
9.620819056145444748e+00 3.361634220522058847e+00 8.203581033235256115e+00
9.926405474141301255e+00 3.432366191051332116e+00 7.310000441090020118e+00
6.343050277483142985e+00 3.485120875261072726e+00 7.926833052568562188e+00
6.674206504583906963e+00 3.479396040897252185e+00 2.832533817631825990e+00
8.002141118090209559e+00 3.452621591747384144e+00 8.694397318728075419e+00
8.401543443426810143e+00 3.468190166309899070e+00 6.165238461935077297e+00
8.875741605566863868e+00 3.450658652248500324e+00 5.033186909856070201e+00
9.226423046405404449e+00 3.490466306001331454e+00 8.422469656464793175e+00
9.648670256894444464e+00 3.479668021448731885e+00 6.159871801585953932e+00
1.178137171613345746e+00 3.572865158206716352e+00 4.950606086614535606e+00
1.359298197887752302e+00 3.575031246679533758e+00 4.052670279564051015e+00
2.250217742979024660e+00 3.576475877546525073e+00 5.029005982241868900e+00
4.996708673345599649e+00 3.518290465457724281e+00 2.092570261576828905e+00
5.719529375603658927e+00 3.584113579357595558e+00 3.606630681500580859e+00
8.185326312143011762e+00 3.540020344778760819e+00 9.136293552500578841e+00
9.735576973333266437e+00 3.566058296563233920e+00 7.398787184362497271e+00
3.668884145684169207e-01 3.638362950075760160e+00 4.972870314011538007e+00
8.683830218189863004e-01 3.621984942185363820e+00 2.022788145414389671e+00
1.486268726560518338e+00 3.651434748992107959e+00 5.659158867045315233e+00
1.976677966008332232e+00 3.637567244538816524e+00 5.800088033207519089e+00
4.101374083650056512e+00 3.667812396476595183e+00 4.614856297696945830e+00
5.094374735325575720e+00 3.655918129446613207e+00 6.225958271260314092e+00
5.535827928202796677e+00 3.649725104940081621e+00 4.597804864875583597e+00
6.642158694201111047e+00 3.628592493629673399e+00 7.381448602164033090e+00
6.786582723691451768e+00 3.629696112433875577e+00 2.842986417381367481e+00
6.734206203456824191e+00 3.640984454675760151e+00 6.984071733345896149e+00
7.122502910235521512e+00 3.640779062280790956e+00 6.778254337804095364e+00
7.211570423182720901e+00 3.649901400608396962e+00 9.059408097059908016e+00
7.416595499170512085e+00 3.651896500230020326e+00 8.713021954540828062e+00
7.759432082617660598e+00 3.647818907333461258e+00 8.001490422112073730e+00
5.270908603872478615e+00 3.691009431844554101e+00 6.951204919394751158e+00
5.652819696405338767e+00 3.696746811263919685e+00 3.019014247252146177e+00
6.314756176518720565e+00 3.722477794102972304e+00 6.393182387227232866e+00
8.146865538198296619e+00 3.743251567793624446e+00 5.182888338021689023e+00
2.976218891636350783e-01 3.774975691712327830e+00 5.334982864809379777e+00
3.395648933798015578e-01 3.782982955568793493e+00 3.542806965222036641e+00
1.953461400836045136e+00 3.824291151590457183e+00 6.738113708111699296e+00
4.246892860062254194e+00 3.780241659481614391e+00 4.060823877258188830e+00
4.715595842229835633e+00 3.790290696391007685e+00 2.345057636935029777e+00
5.114894140203103845e+00 3.795414325456270888e+00 3.346669918829309864e+00
5.841912582099173079e+00 3.764430150217254134e+00 3.751416937274246077e+00
6.775212974234869456e+00 3.801199617464309455e+00 6.912309595226687975e+00
6.827973827353821967e+00 3.785615731425918895e+00 9.654691870327770431e+00
7.055112936127319934e+00 3.771126308446224762e+00 6.414391233918166346e-01
7.743206119342389115e+00 3.778998509669776240e+00 1.344166968754660907e+00
7.828020274053548277e+00 3.804494487102624944e+00 6.685958444299756387e+00
7.992051792805164645e+00 3.778833910467140456e+00 7.290148008459500062e+00
9.637804856329891479e+00 3.807801460659778314e+00 5.001004705646113102e+00
7.407970253267233129e-01 3.872693429637621421e+00 6.607447243210362586e+00
8.491695574981095174e-01 3.848017435560091570e+00 7.222210033315351829e+00
7.509669211959954183e+00 3.888044397047455192e+00 7.653766171469363222e+00
7.580065862920845277e+00 3.849985236986218418e+00 7.483425027454391198e+00
7.992272332389610767e+00 3.842281464349788678e+00 7.188508193951150815e+00
7.998330182308895253e+00 3.879402491768017658e+00 9.988268678067695916e+00
8.170734860195185689e+00 3.882924167010239902e+00 8.080080150914007220e+00
1.079199359723468366e+00 3.918563833954508357e+00 7.013257804348164370e+00
1.739091304940016069e+00 3.942756120593137403e+00 2.467114168137800601e+00
4.948988076782456780e+00 3.960143883059727976e+00 3.426891682313665921e+00
4.958574405925482154e+00 3.957967474243754946e+00 5.332580244073604092e+00
5.759985494720188726e+00 3.953304122166609424e+00 4.653170603004612715e+00
6.866781415736946670e+00 3.963687590772299707e+00 6.554119406500059419e+00
7.470324970848115420e+00 3.973789535250035865e+00 7.518017314285922126e+00
7.897151303468890937e+00 3.907961624573023762e+00 8.401509316629544699e+00
8.043609938112993518e+00 3.935057508379921742e+00 6.956742086742448095e+00
8.373447106074928925e+00 3.911514163841873781e+00 8.244505696772694847e+00
4.392536987778067337e-01 4.029325495313104355e+00 7.566237219587651275e+00
3.756336421068824372e+00 4.057474610913799573e+00 6.131049436245824324e+00
4.754917997145762243e+00 4.046584564987434796e+00 5.499309399348184968e+00
6.437245403823954604e+00 4.061890007620937659e+00 7.571046573902185273e+00
7.312222157952495749e+00 4.011177467110113248e+00 9.599891066164907727e+00
7.851849982211448697e+00 3.992550123605426826e+00 9.895156301898152762e+00
8.392471491925199700e+00 3.985857477747180688e+00 8.921413975641709015e+00
5.413627052544534024e+00 4.131115721806205343e+00 1.091985015775706280e+00
7.021996771701500606e+00 4.073763689327408066e+00 8.260974343232675210e+00
7.214552774440771366e+00 4.135126150318164662e+00 1.661014699730797295e-01
7.251647253611672284e+00 4.103679527208719868e+00 8.599693862579519177e+00
7.233967766272723310e+00 4.117935493719299345e+00 8.667062504069811268e+00
7.625180411296890171e+00 4.121255917070477004e+00 2.482698225335412179e+00
8.010955189507896534e+00 4.110226383655937177e+00 9.003287604571093894e+00
8.172889330907466388e+00 4.083190729616853254e+00 1.042767102573320670e-01
8.555533048459681211e+00 4.064855262384008405e+00 8.063973632822971638e+00
8.781681774933870699e+00 4.102192660186397610e+00 8.137062182690925738e+00
9.057294449783007906e+00 4.098751009647489951e+00 9.094697019451512432e+00
2.991638286081391929e+00 4.180421495122409681e+00 8.157971774015054578e+00
4.484962244726136582e+00 4.198340859996572583e+00 3.053099828221867096e+00
5.021108020805856498e+00 4.182548852923009264e+00 5.855290259533253661e+00
5.686119609282054732e+00 4.141235259004050206e+00 5.123248539620203879e+00
6.324125386193695242e+00 4.160215951073679364e+00 4.472887709892821917e+00
6.662094709684565075e+00 4.177194734120068809e+00 6.416351098404859954e+00
6.890662880180844496e+00 4.194358035867294276e+00 6.434879481973324822e+00
7.066842336760808863e+00 4.204888368600948390e+00 8.146344851079274640e-01
7.189206341899871511e+00 4.161266567294784835e+00 9.415030228730739026e+00
7.608283154771227075e+00 4.168310469433064824e+00 8.908054646741089044e+00
8.782551670529063159e+00 4.200257922156551693e+00 9.713028779993905459e+00
9.288500902291488615e+00 4.196670250638830701e+00 9.789339034259599615e+00
9.490435774471645658e+00 4.159824748390695603e+00 9.136626085442816958e+00
5.553035503245758342e+00 4.220793595943361787e+00 4.971247593877878401e+00
6.689479385191569705e+00 4.253262756876268647e+00 3.154349136302447842e+00
7.025761923419599597e+00 4.249118869461018022e+00 9.561363748778754612e+00
7.122229502826881387e+00 4.240448188065513158e+00 8.248989287298297057e+00
8.040409199463319112e+00 4.230214210695421251e+00 1.968248446227287118e+00
8.983239081237464063e+00 4.273217465193586584e+00 8.774408436018196866e+00
4.250278164741679632e+00 4.350057365732645565e+00 4.276119479610654750e+00
4.279960801766794276e+00 4.344250018935196245e+00 5.650397220001516452e+00
4.940626882324851366e+00 4.360214233228926872e+00 4.386401965812526171e+00
5.018178390167390646e+00 4.317344830940028189e+00 3.470888187167207040e+00
7.112599402380937796e+00 4.330013232806592782e+00 7.363314932030640136e+00
7.274301367366456716e+00 4.332388764806259118e+00 7.626748179549279527e+00
7.568350162341038967e+00 4.348876199453752811e+00 2.116673080547956332e+00
8.775737297942496795e+00 4.334321095488515851e+00 7.711567575297518573e+00
4.502493703529810709e-01 4.405880104117843032e+00 8.400483767884047381e+00
1.079586142727953835e+00 4.430294790443499942e+00 7.585502039989764356e+00
5.606666254522542303e+00 4.386898578068374910e+00 7.907028546434463401e+00
5.626657098742127161e+00 4.448820876162620230e+00 6.326740284734637676e+00
5.780910764047705541e+00 4.446161502118481046e+00 6.866115374394333948e+00
5.868126049104874120e+00 4.403219516931823563e+00 6.830003875777602040e+00
8.094623294270292035e+00 4.405097099013788764e+00 8.530235994610753991e+00
8.516180462546072860e+00 4.416480782948815964e+00 4.909380071923924449e-01
8.962128381640546593e+00 4.446476702875583165e+00 6.652195407013825168e+00
9.341733662958469964e+00 4.404922380854587871e+00 8.614460115814990715e+00
2.124651540785560844e+00 4.512068838458078268e+00 7.032915985129553960e+00
4.822557052478575024e+00 4.524144151904338607e+00 7.785822065160831196e-01
5.483277447023636064e+00 4.489740157720069291e+00 8.125765943683042281e+00
5.786323650200479562e+00 4.462699315628061214e+00 7.384168756652531584e+00
5.975296391545550811e+00 4.492329772874091631e+00 4.112255062836063679e+00
6.382480581421266841e+00 4.523180099010193800e+00 7.004549905431559864e+00
8.515798342135576959e+00 4.476721707476811751e+00 9.086919031610060316e+00
8.617334653355815277e+00 4.467647493115774360e+00 2.068994855963577906e-01
8.878084143343848211e+00 4.514761399030928324e+00 6.773411503783134613e+00
9.533013536362984652e+00 4.507099730176820529e+00 6.769394269783344242e+00
9.942736481971428120e+00 4.488538558323456051e+00 7.362497164217945311e+00
9.728504288700333680e-01 4.573193815061583400e+00 5.109589412082501170e+00
6.764972353720650311e+00 4.600997216131490042e+00 7.560334492658208561e+00
7.685843530109188748e+00 4.531267744211553428e+00 9.623384649354369103e+00
8.228600059464854510e+00 4.571412699890539777e+00 1.299421179860679842e+00
8.707710342783972379e+00 4.584193913612697457e+00 9.936736722426251944e+00
2.210775729999756134e+00 4.684990766030487030e+00 7.196290121650048555e+00
3.597195230090005857e+00 4.610003991107741506e+00 3.760524937510944188e+00
3.824652675292657733e+00 4.682196672054575792e+00 6.417655282588492938e+00
7.143415328616418591e+00 4.686860013733107344e+00 7.465044896311043843e+00
7.777969422440438763e+00 4.620600869713782366e+00 2.115377565812737171e+00
9.620353750927364445e+00 4.673272006952498892e+00 6.381390104834411048e+00
2.751961002407742996e+00 4.753121217549544753e+00 8.188615607237149874e+00
5.982196493642003787e+00 4.715631670321818625e+00 9.470567541812371815e+00
6.559963296898037477e+00 4.688662113911496121e+00 8.415825986475397258e+00
7.767463053438602216e+00 4.750564143066023703e+00 8.694153196616232648e+00
7.823732640784806236e+00 4.687753424619868881e+00 2.994756622383782041e+00
7.888486261124953991e+00 4.725314344933841504e+00 9.710304134860644254e+00
8.282846630968302648e+00 4.692607545696273696e+00 5.314457356491212536e+00
9.286900219834571146e+00 4.710481164198765391e+00 4.642645206526770929e-01
9.499702306535599661e+00 4.749906280123143532e+00 6.974603879928092276e+00
9.657672499548972667e+00 4.735402199357133135e+00 7.850084026976109186e+00
5.394723496817633190e+00 4.800805385309333317e+00 6.224649577727753957e+00
6.766196302123382189e+00 4.785030630646716077e+00 8.500101363359577888e+00
6.990094829806963617e+00 4.802206222850219142e+00 7.847594242376726426e-01
7.219709630926453237e+00 4.795417401935232249e+00 1.152552308735608211e+00
7.225975039675658351e+00 4.822528973514249806e+00 6.454664265340091411e+00
7.550104151791986240e+00 4.788389613996765881e+00 8.025561405058532216e+00
8.024834744412860488e+00 4.790176916753449810e+00 3.865335749298083101e+00
8.592398844713180495e+00 4.792757688355392176e+00 8.853842038734875075e+00
8.638732388228053338e+00 4.794223866212862895e+00 7.856874622074779602e+00
1.975727534162419197e+00 4.901784356975778856e+00 8.401041345530936510e+00
5.107656873374015305e+00 4.891662378817957624e+00 4.856043515338532401e+00
5.748615041819208571e+00 4.890343291925705493e+00 5.226145660778303892e+00
6.280894962541832882e+00 4.898064378422266607e+00 9.733598284732728700e+00
6.802099676065462397e+00 4.864838627356730782e+00 9.138017305452637018e+00
6.894249265207069932e+00 4.910981336530871211e+00 1.699533525947593215e+00
7.516876642921459073e+00 4.854896113511506961e+00 8.665871880314140796e+00
7.920719002673007658e+00 4.893442858325286693e+00 8.420004014685659399e+00
8.720614404484509308e+00 4.869548393005375786e+00 8.496470202880828992e+00
9.067251853221922175e+00 4.901371527893648050e+00 6.392228516145824102e+00
6.566772247441548416e+00 4.980366490742889951e+00 3.704577501820088825e-01
6.772180538805429251e+00 4.952884746231818625e+00 8.611410578898087920e+00
9.094959271406279910e+00 4.968729376306057155e+00 6.552117522883497358e+00
1.504712866266000981e+00 5.007221636407676257e+00 3.930300374894311055e+00
2.551594137846130650e+00 5.045445371199995144e+00 9.102835171355298627e+00
4.272747454688723856e+00 5.008294177385683277e+00 5.415839855620113497e+00
5.373290528173850333e+00 5.000334345719926077e+00 1.451200161062730087e-01
5.711545048181642770e+00 5.003762055795199615e+00 7.803578642435678780e+00
8.543500170268144567e-01 5.146790599026571655e+00 5.098042664076956498e+00
2.372530016485161042e+00 5.152408085855110897e+00 7.194822912846216667e+00
4.658385292907449404e+00 5.093113839538295551e+00 6.137309152249225797e+00
5.149459074195156916e+00 5.128035053546221356e+00 5.336688510057041590e+00
5.235282304015288268e+00 5.078062291724709354e+00 3.432653327102362262e+00
6.113534087348564405e+00 5.140729080202251389e+00 6.607668570328549151e+00
6.941975801339671293e+00 5.083756089336368689e+00 8.897704713563124201e+00
7.169222191095347085e+00 5.139451644545374620e+00 7.979874886161481662e+00
7.195644999649235984e+00 5.105189635031281092e+00 9.125676734995623818e+00
7.573191896092086317e+00 5.154773010131634692e+00 1.226629813639686650e-01
7.919495041728025875e+00 5.100329461482166593e+00 6.339092510308923067e+00
4.575291331345334278e+00 5.191644841897008256e+00 9.789277851887167259e+00
5.616309228492290195e+00 5.192152613003025330e+00 5.080551840155299814e+00
5.777428807916185960e+00 5.227333546536133468e+00 9.979276933935844696e+00
6.857807220236471046e+00 5.160550734975857701e+00 1.946491177076197898e+00
6.885705032009962423e+00 5.164437695144350471e+00 9.964368702344872375e+00
7.840922619076382105e+00 5.160303870152263883e+00 4.561125435031833319e+00
7.955022410131610044e+00 5.190753754652556395e+00 3.574940818620172545e-01
8.334874067279676169e+00 5.197967554253216882e+00 8.017137877596262285e+00
4.926918292732278104e+00 5.281149505706796532e+00 5.528372624778352673e+00
6.609925063696027614e+00 5.309339877262448937e+00 7.471694056241140913e+00
6.644138528904764307e+00 5.245938408891212212e+00 7.395897697092527423e+00
6.731348979607652439e+00 5.282162434366494352e+00 9.711863048788847763e+00
6.827991557543574785e+00 5.256890258126047044e+00 7.866377294016245081e+00
7.296130007405003504e+00 5.248599816942434160e+00 6.172748811119607382e+00
7.454254292148201344e+00 5.286336170542174528e+00 1.289347933345044828e+00
7.523140614629075351e+00 5.273437051636723716e+00 8.767775570696501930e+00
7.719039615846567948e+00 5.246001975568222342e+00 2.419121411183048354e-01
4.572119040748574115e+00 5.373100110103118610e+00 7.929870581010551867e+00
4.913737160068446741e+00 5.368844089899292626e+00 8.109135158865159454e+00
5.789346484811888516e+00 5.387684034391098109e+00 3.978538187948625904e+00
7.258331346883879931e+00 5.356006195441115558e+00 8.497770231476383884e+00
4.888999839913792833e+00 5.394738820029783888e+00 9.925059278056483691e+00
5.050526096226404249e+00 5.429139359152129529e+00 5.980603213205886171e+00
6.281920615324473545e+00 5.452979930722442248e+00 6.916756391242323332e+00
6.843531965127690242e+00 5.449714935154764461e+00 9.847667746126742117e+00
7.233108078910523986e+00 5.402005643795391165e+00 4.559068602925181457e-02
7.194259062305126129e+00 5.435382745119424541e+00 1.244665599505495157e+00
7.277510961499869424e+00 5.424949902635278320e+00 7.434563935152955771e+00
7.566583580960156930e+00 5.408527060461532088e+00 6.510388917284242183e+00
8.055939393484631950e+00 5.406010111570589416e+00 7.497439747409595512e+00
8.672949506827782429e+00 5.412047421795163515e+00 7.146313969962825752e+00
9.007426276719158409e+00 5.462979315698194505e+00 9.443999315431065966e+00
7.567212325354013558e-01 5.505837544918085413e+00 5.746931431833026238e+00
2.664942892617206738e+00 5.490072677423450287e+00 7.405983891529749563e+00
4.822091030798820732e+00 5.502744360588104122e+00 8.434957174721626316e+00
5.377752027347494135e+00 5.538132619680135704e+00 4.215617289179617089e+00
7.149878502586287432e+00 5.513024469350057188e+00 7.115584671644662684e+00
7.390481144954909709e+00 5.512531522394435335e+00 6.866696729027843560e-01
8.039067654698168752e+00 5.515203064001817701e+00 4.568743874511664582e-02
8.688883638077272709e-01 5.600560860003817254e+00 6.665339253932188512e+00
5.015831347317241118e+00 5.571135882340617407e+00 2.792942524492748824e+00
5.062828189591749961e+00 5.581234393773405245e+00 9.459627861035958318e+00
5.120209643416318457e+00 5.618875571241259692e+00 8.408400646333827666e+00
6.562686074013034165e+00 5.624825231056540531e+00 7.466477690544164325e-01
6.856119342531574290e+00 5.556155987904807247e+00 9.614889432908041655e+00
6.903477217489569995e+00 5.576306422907625127e+00 1.405167478703965300e-01
7.734296089614868919e+00 5.578428152730994682e+00 1.147217745383288356e+00
8.394562216304363389e+00 5.552901261850410997e+00 8.248883070347808655e+00
3.251646347888855093e+00 5.627912404155545723e+00 8.261643200119637598e+00
3.578861568166451512e+00 5.649522268019719462e+00 6.232824101230987068e+00
6.196835609971326875e+00 5.702865445340211892e+00 7.536444031382934838e+00
6.649132633519281299e+00 5.687465138834817857e+00 8.942903584865603550e-01
6.720083873354393944e+00 5.632180658331208178e+00 8.246007353292608144e+00
7.645081634867942455e+00 5.697582909916779847e+00 5.390724765787183514e+00
8.123384925098164899e+00 5.632085580364256217e+00 6.996044609256385494e-01
8.132501398148828997e+00 5.700566089307905315e+00 5.068811475339920491e+00
4.835280184581180585e+00 5.744827187870924945e+00 9.292744730189841817e+00
7.730075532073218625e+00 5.777031577935580309e+00 5.309549759202369046e+00
2.079302726616792718e+00 5.785577914484550277e+00 7.477691702300511167e+00
4.679644351513864819e+00 5.836000615958226945e+00 8.510706317914145558e+00
5.979437061812437726e+00 5.789425773394988539e+00 5.454837909775303473e+00
6.406613828446954706e+00 5.822363871132878899e+00 5.650194927577603110e+00
6.678202420852058729e+00 5.794381027456299904e+00 4.991835805977499874e+00
9.195291851439002073e+00 5.820053169520335246e+00 5.296702389548054724e-01
4.792585980136894186e+00 5.911276235426167425e+00 9.396259361544258226e+00
5.795399475309334747e+00 5.881607466527064787e+00 4.000314101296381653e-01
6.352752677891023048e+00 5.897056442087627914e+00 7.144493694646510740e+00
6.640147922976150419e+00 5.860587405752640144e+00 4.912867217038927592e-01
6.715975880158397970e+00 5.904396975884480092e+00 1.613158847991912337e+00
6.894966543188485453e+00 5.905200155569816367e+00 7.484215982646170717e-01
7.601310450324515244e+00 5.874459594007202412e+00 4.138858029904570301e+00
8.437341198796637798e+00 5.868011339156803174e+00 7.672365675970433507e+00
8.755624888245870707e+00 5.879169536846002408e+00 8.024292844409075087e+00
3.185855026747625995e-01 5.963581342729815660e+00 6.714703114472474255e+00
2.754780391557007491e+00 6.013184345155472954e+00 9.428326558339003682e+00
4.623285559534880740e+00 5.962962316062665025e+00 8.939829403785143569e+00
5.825066465489578960e+00 5.945924034185710916e+00 9.567333712380932553e+00
7.044944609475413344e+00 5.993478270596952484e+00 6.552674336020735124e-01
7.994209883801882910e+00 5.996478123679833239e+00 4.310291362761770273e+00
5.368938291136470475e+00 6.053655536562573936e+00 9.005968332606309801e+00
6.463672558481172281e+00 6.083531991960397178e+00 4.344732330967685741e+00
8.200455011824201890e+00 6.055620781355523619e+00 3.089224654165706685e+00
5.454107478364633721e+00 6.109855931893594772e+00 8.914025657247403700e+00
6.816246145439535553e+00 6.111359094251195501e+00 1.514884645276356689e+00
7.078239533883794010e+00 6.130046123202605557e+00 3.927712133263361771e+00
5.728964595437395779e+00 6.193073220420656000e+00 4.994497009109050367e+00
5.742381320509279519e+00 6.232131797809344675e+00 9.841632903896748275e+00
6.869694230896302045e+00 6.221190305405932541e+00 8.691054267561108659e+00
6.894467986309996910e+00 6.228850572446892109e+00 4.210784410928005705e-01
7.895610157586928857e+00 6.235234711264513230e+00 5.021600546651683317e+00
4.585184140918711071e-01 6.316682810987590102e+00 1.185838053906024536e-01
6.075511023155132584e+00 6.254537861961479095e+00 4.123108516920694022e+00
7.110493971362276788e+00 6.258546295094500778e+00 4.350851209862232949e+00
7.572914984007132588e+00 6.322477709955741432e+00 8.135272337662392772e+00
8.561340157119506244e+00 6.322754818200106541e+00 7.161030996689865091e+00
9.045864429245609628e+00 6.322016161485691121e+00 1.882421066262336407e+00
6.353127986458769527e+00 6.353217447726577483e+00 4.779995618554000458e-01
6.334477515113094981e+00 6.356014324043210983e+00 7.043037062311402252e+00
6.467107478536623155e+00 6.384751787192805672e+00 9.576101422660933338e+00
6.987603066667203322e+00 6.397580387435301219e+00 9.544012897202005519e+00
7.250353101103652165e+00 6.403162275318575958e+00 5.292469656605384820e+00
8.128644826852806204e+00 6.381092414031989790e+00 4.681730463702897360e+00
3.386914148048451700e+00 6.429741489325294879e+00 1.498036277521432869e-01
6.103746039584413197e+00 6.429092481220600952e+00 6.041101142203239682e+00
6.998997908344925634e+00 6.572068255106897183e+00 6.074805305971670677e+00
3.673958174691779321e-01 6.495618655260797070e+00 8.290113441055778409e+00
4.701455093292208787e+00 6.519041336214569604e+00 8.825639924340164200e+00
5.400663172340313345e+00 6.522536098761347212e+00 8.048359552847184517e+00
5.648083197653666510e+00 6.497875505384222095e+00 5.027709266126823451e+00
6.429326116958186788e+00 6.551879895412872301e+00 6.888231468802606727e+00
6.569337813940218318e+00 6.527355314368232797e+00 5.660622457645748895e+00
6.993966096108611197e+00 6.408599629951756249e+00 6.095440607035111924e+00
7.925436563702920267e+00 6.531644069410711850e+00 4.195132034505549612e+00
8.301692282904227227e+00 6.499585036920056069e+00 6.687822631651965111e+00
4.414801854987556951e+00 6.618495094189334793e+00 6.147898338028067400e+00
6.305351462757157854e+00 6.565520536578228317e+00 6.483519210962443324e+00
6.677039164033246266e+00 6.570965305246317278e+00 8.225204776167547749e+00
5.858895572651840133e+00 6.655939531157229361e+00 6.953488180152492149e+00
6.038744362021482459e+00 6.711871202834252870e+00 8.049799066754712129e+00
6.443387880180980964e+00 6.711828727991723476e+00 3.716748086317991917e-02
6.536547421243081857e+00 6.717856836283297994e+00 6.959964703024023258e+00
7.717164346262456398e+00 6.704004648444843895e+00 4.563391645319486045e+00
4.557004158186979126e+00 6.741007975357060644e+00 7.476760599896124404e+00
5.535583481672738948e+00 6.737534532213931726e+00 8.211326721863030850e-03
5.547232129384310539e+00 6.764320429108405364e+00 8.592509217077164863e+00
5.749851981593110395e+00 6.796634070728153176e+00 8.420349437270898463e+00
6.310358606256445846e+00 6.739843015228345280e+00 6.432918102591455023e-01
6.276985205909394239e+00 6.769779639376402258e+00 4.886773854406500917e+00
4.753027262406544828e+00 6.855431133524645837e+00 8.016781084573855409e+00
5.727783491842146191e+00 6.815901228755253172e+00 7.020728269938817379e-01
5.774900716478467366e+00 6.812004832514032771e+00 5.664180472200241567e+00
6.391180883780055666e+00 6.834793577677306331e+00 3.930817285250901794e+00
6.470845775693247148e+00 6.863560422001102168e+00 4.419074515780273771e+00
9.627718342394096851e+00 6.872040054387820618e+00 9.879212336576410625e-01
7.101122253436414899e-01 6.905404332786814869e+00 6.207148420372114117e+00
3.707312332249090403e+00 6.898781909238292265e+00 7.516252787247138301e+00
5.235214925144002329e+00 6.891546422451325427e+00 5.826999182075208950e+00
5.352187264842897640e+00 6.894277313512387373e+00 8.769583278992461928e+00
6.024665108912787836e+00 6.936162526709323650e+00 3.839533961223235536e+00
6.112881617785719257e+00 6.909455505402571696e+00 8.034062864652410596e+00
6.230690485120817357e+00 6.917063487086651641e+00 8.330646409025323607e+00
6.720317413157822273e+00 6.946349533359003736e+00 8.692165716700376521e+00
7.175719879146070568e+00 6.945555887878122725e+00 5.292017254885973188e+00
7.661385192885500572e+00 6.939320443227549262e+00 8.032034123280533677e+00
1.104163707352188162e+00 7.012296535358170324e+00 7.672411835488549769e+00
1.444551769436132727e+00 6.993382682109241522e+00 9.325494626657015118e+00
4.072468394151504079e+00 6.990002088994138774e+00 6.508921400758548081e+00
6.701294345586653378e+00 6.971430759002931410e+00 8.526719396846138110e+00
7.489552579314133318e+00 6.990974400191737992e+00 3.535003743045939117e+00
7.449299916555622403e+00 6.978785902430073129e+00 7.980038026958622410e+00
1.905024933847201951e-01 7.107298781569090451e+00 9.225076493364746000e+00
4.229451168926003923e+00 7.058982569353022818e+00 8.720556515360634364e+00
5.170642306062086746e+00 7.097232528295174703e+00 7.030183866996820186e+00
5.216966478012583508e+00 7.045259835153133920e+00 9.004464460989224150e+00
5.385545335909289300e+00 7.091988844714336437e+00 5.259782980576789058e+00
5.339114435573932838e+00 7.066496108715123903e+00 9.153456486348478194e+00
5.497879803868237047e+00 7.050494361409416655e+00 9.774134362311921009e+00
5.969872104429499338e+00 7.070246662706466623e+00 8.186684450833443094e+00
6.580674715930883600e+00 7.050999472739554186e+00 5.208337549937661848e+00
6.562422876804548721e+00 7.062662969157654125e+00 6.789374450311343345e+00
9.442512970133268624e+00 7.101502017547571377e+00 1.927211679554322377e+00
3.518326987191819910e+00 7.160382994142346469e+00 7.748923886337623301e+00
4.605502906945730501e+00 7.160695190192052806e+00 3.925358326916437157e+00
5.513464847204096131e+00 7.158776947228053800e+00 8.474509822383380353e-01
5.904319728052117355e+00 7.120116196377013651e+00 9.110158795656674968e+00
6.255925579780319268e+00 7.122130008375483712e+00 7.657114998244262116e-01
6.892009649214310585e+00 7.184823101211780028e+00 6.488411429506964367e+00
6.889297148396266834e+00 7.159553621622351649e+00 8.734849672416672206e+00
1.413524066943288027e+00 7.252503841982338884e+00 9.006304759181661623e+00
3.870314556151187357e+00 7.208188093816934483e+00 7.544176879445387840e+00
4.351252620736098642e+00 7.246853539362906105e+00 1.235600246732002638e+00
4.670725372443035539e+00 7.216308970485320273e+00 1.684819179749558749e-01
5.021413984567709932e+00 7.264923333608601652e+00 7.080276722562404146e+00
5.315729177361392388e+00 7.245720979429018271e+00 8.424544595568236316e-01
5.811380371041303228e+00 7.223752758883129843e+00 3.365332020810938296e-01
5.915359485156192143e+00 7.216664863818023079e+00 9.639598898483598077e+00
7.034815886098712667e+00 7.213606081537681014e+00 4.835801038584316203e+00
6.748195831193833705e+00 7.272630987323625007e+00 6.933302220792000092e+00
3.303279000204399907e+00 7.356483116298410785e+00 7.753278462117767944e+00
3.702254291705201261e+00 7.354055813932749430e+00 7.718928799130761575e+00
4.713502776519990611e+00 7.410516479431263903e+00 8.039977316210769942e+00
5.594277772503191137e+00 7.388852020230159745e+00 4.673457663084993996e+00
5.611785831057175322e+00 7.401741542393397211e+00 7.570258670381534216e+00
5.888884782431226483e+00 7.391362832776864344e+00 9.654892153188512793e+00
6.554446108595982423e+00 7.415381088340779137e+00 3.125999485397814581e-01
2.018844411570043240e-01 7.486724618099428241e+00 2.467961868515112234e-01
1.817252335720956680e+00 7.471248585195441549e+00 8.769773070639725887e+00
3.961701575953046728e+00 7.446909001417798102e+00 7.259398241979686084e+00
4.752489519328528367e+00 7.489086960782145752e+00 8.552642574818204224e+00
6.566858278861170461e+00 7.463217339575114018e+00 2.513936257936259522e-01
6.568004662759560297e+00 7.430833917488506302e+00 6.048850529379593555e-01
6.862921580683065237e+00 7.469324917488381566e+00 6.566267878430978033e-01
7.932107403879318674e+00 7.449119783302934117e+00 6.230922950530795035e+00
4.483166185886176436e+00 7.577173813448247586e+00 8.956550542710846941e+00
4.469648236040639766e+00 7.557689030730075253e+00 9.948859790334324771e+00
5.855126287431744458e+00 7.545156077920472271e+00 2.864361269786975583e+00
5.805000028087717645e+00 7.564983566967638851e+00 5.178625626545710681e+00
6.098396432529016309e+00 7.569265893321350802e+00 4.219620817481422925e+00
1.044337805739456559e+00 7.629265239027223977e+00 8.230152376852723606e+00
3.744592444020373279e+00 7.624419701844868058e+00 1.168895441119960799e+00
4.813838707993936872e+00 7.631048496620804755e+00 6.712328313597874185e+00
5.947586644473972228e+00 7.636791602836018988e+00 6.827114854555046186e+00
4.139436933707500543e+00 7.670818565402059086e+00 6.457881259155336728e+00
4.426478732575304775e+00 7.701495419248917784e+00 9.680747251161323064e+00
6.363421946108692495e+00 7.718802178186415119e+00 6.195401757567365664e+00
6.455015162909335302e+00 7.671432960835380399e+00 8.359376230585873202e+00
7.355267028609478785e+00 7.719579556703840773e+00 4.049390983666609323e+00
4.006640028884262072e+00 7.789953660062240104e+00 8.278495897590875785e+00
5.189833004569821107e+00 7.801125546406380451e+00 7.310156112703527498e+00
4.059411584010387486e+00 7.872306803452061352e+00 8.120479944610602629e+00
4.526026704189433758e+00 7.869801392733240419e+00 7.298068964583602991e+00
4.782088975885725901e+00 7.870676422447229648e+00 5.793338197509351417e+00
4.918647198988148617e+00 7.861216721793816475e+00 8.941247258264629849e+00
5.043528318297568092e+00 7.872779119213224597e+00 5.544065880657070289e-02
5.077881776860678542e+00 7.867859491305575048e+00 1.595320640572997384e+00
5.384752548768668490e+00 7.843552585020534096e+00 5.104549188335111509e+00
5.437186387637209961e+00 7.855607445327035698e+00 8.432239201550483898e+00
6.619637803328663139e+00 7.817100994688274795e+00 5.969260771372346674e+00
6.606551098726982651e+00 7.829101959421521428e+00 9.617196345401817226e+00
7.010180994566221457e+00 7.873116614931471524e+00 8.376873777822325451e+00
2.603244783681614161e-01 7.950553632421002881e+00 2.104181309673310629e+00
3.983566981028290765e+00 7.919914466435114875e+00 8.185286522009150190e+00
4.557617794745643103e+00 7.946580143628943382e+00 6.479411039390399196e+00
4.696039309713429866e+00 7.927987194759097633e+00 9.146943285582416650e+00
4.948021113429103224e+00 7.937074065254947186e+00 5.831564620658399534e+00
5.290503394268998960e+00 7.913179074928927470e+00 8.893954787097372972e+00
5.271332542649513009e+00 7.921251900063408513e+00 9.246232694302198851e+00
6.112013110906739932e+00 7.891976079220558660e+00 9.531389504926380596e+00
7.878395722150561831e+00 7.903172273215096411e+00 6.454401732422434534e+00
2.000192715956913503e+00 8.018542728901278949e+00 9.975657474359529431e+00
3.983175872985558641e+00 8.032339042174481136e+00 8.054995150087897571e+00
4.000104129113194240e+00 8.036004583581741301e+00 7.797608161801895532e-01
4.972388243547478659e+00 8.015741413084946032e+00 6.111504950937248992e+00
5.548091309685308836e+00 8.025806006314901708e+00 6.513454052255597482e+00
3.178104160198598649e+00 8.080020108669714318e+00 8.775647971077976450e+00
3.500310216916870498e+00 8.122032787149684907e+00 1.036477120025974141e+00
3.849250851961535602e+00 8.080593666152267929e+00 9.159106217425815544e+00
4.993867698024345714e+00 8.050761976842423451e+00 7.246800935684760248e+00
5.308729984279828784e+00 8.123946414995879550e+00 8.007643610354708841e+00
6.252132695893869219e+00 8.244808246029158738e+00 6.237725834074659303e+00
7.003211071192309234e+00 8.097832047598874539e+00 8.230857114129245033e+00
6.099331828066892336e-02 8.166784962841408202e+00 6.429689684084722856e+00
5.828924578340157758e-01 8.155129689407766946e+00 6.547703705539946739e+00
1.076927295441298504e+00 8.127793048671343001e+00 6.744715699983984791e+00
1.290024690668016172e+00 8.191297130033547091e+00 6.240871785029875163e+00
4.947198021573069759e+00 8.188212732249894543e+00 6.403991333646771977e+00
5.765107186038662235e+00 8.192441096600994399e+00 9.158790141643653016e+00
6.007213316063742425e+00 8.177265701536830633e+00 1.797846679420460170e+00
5.944743114685836716e+00 8.015128610712723756e+00 6.756327375497841459e+00
6.280581361818541097e+00 8.182368058131556765e+00 6.320100890332782662e+00
6.624840287347520729e+00 8.169284043101495030e+00 3.323410937960101563e+00
6.712475965124386157e+00 8.130561244431991241e+00 2.329671158126504160e+00
9.662349773046203794e+00 8.144875294447480485e+00 7.546989112076604833e+00
1.803839730694485333e+00 8.225107571009489860e+00 9.978686387201461727e+00
2.782155337896054625e+00 8.224503415717848043e+00 1.294407689448889287e-01
2.848599084608212983e+00 8.215092353493041344e+00 9.537739698976681169e+00
4.762768086080024332e+00 8.212617874532488926e+00 7.147595575800673728e+00
5.547553824065051487e+00 8.221397272449447513e+00 2.264923421839755147e+00
6.063264365983842552e+00 8.254716900807125057e+00 6.400011144635263660e-01
6.824807633932742590e+00 8.243205550575700258e+00 9.351320710912093048e+00
1.592819560422116809e-01 8.349006770266910848e+00 6.915286740723178838e+00
2.247625705779226379e+00 8.310239005641818721e+00 5.006772342804742537e-02
4.515481961711487635e+00 8.293644563584305018e+00 6.690585579277201767e+00
4.848012195750030173e+00 8.299271442822053757e+00 7.997225252685678853e+00
5.497575678168301394e+00 8.350685705435370920e+00 6.408804482752513465e+00
5.501987696486592583e+00 8.295750745145383576e+00 7.052101683169039958e+00
9.869999269105031559e+00 8.314199989650223444e+00 2.913786646346302689e+00
4.977683149646122907e+00 8.436526860739007816e+00 6.188795009800153402e+00
9.288286509475957686e+00 8.415404412969014203e+00 7.114680328920094610e+00
8.046421419128644281e-01 8.501777797505310375e+00 8.949600902882988152e+00
5.096951969752733902e+00 8.511147372036633740e+00 5.055782242257961023e+00
2.244258950207603798e-01 8.559632456263338796e+00 2.842663892798225955e+00
4.082136625118031326e+00 8.556425764717962679e+00 9.635684011364190837e+00
4.191571564385475845e+00 8.545808910035681549e+00 5.976195138128796991e+00
5.226651097571011206e+00 8.543644559479950829e+00 8.617686307621562847e+00
5.324973668136461669e+00 8.574289033411595540e+00 9.248968124950749825e+00
6.528681457495380869e+00 8.535313543217082355e+00 1.553860848296632291e+00
4.292689515956782387e+00 8.625757854212285025e+00 8.759090751439218892e+00
4.746360068229455997e+00 8.659336219001986024e+00 7.104112772252724639e+00
5.217757545849745604e+00 8.620863234789387874e+00 5.884818391667511861e+00
5.247294756039831753e+00 8.665555125809349946e+00 8.390444119750306129e+00
7.815775317122252375e+00 8.639277273041521710e+00 2.527791372598535702e+00
2.839178143595815218e-01 8.717008799431031463e+00 2.361567690441180201e+00
3.722153546124515433e+00 8.727343803653511145e+00 2.293106430199757462e+00
3.946548330648259828e+00 8.724683921043165924e+00 3.771616784201804240e+00
4.488762714752758676e+00 8.739740515311382296e+00 6.944009207049758103e+00
4.664313832122080505e+00 8.743892338214141802e+00 7.337517087024561846e+00
7.857028936764280935e+00 8.691554386347741357e+00 3.998823738170122155e+00
7.949525563489424407e+00 8.698298852032039008e+00 1.450688979750356822e+00
8.393189104360754271e+00 8.719800976026736095e+00 3.707394189974007492e+00
2.369744191359890451e+00 8.768564812666546970e+00 6.107981006383959688e+00
4.381645957611609354e+00 8.765593883864461588e+00 6.547466130205026325e-01
4.532040634651568034e+00 8.821687609122101037e+00 8.538810061588010925e+00
5.503261378530005743e+00 8.814836296849232866e+00 1.598799903592362792e+00
6.021674234882347321e+00 8.804578206187942513e+00 2.663542614116594986e+00
6.559963575192385044e+00 8.778192433929772776e+00 3.352807670039620103e+00
6.691849532052708938e+00 8.763295791953090941e+00 1.600408468417093166e+00
9.803337333505528051e+00 8.787861046638690610e+00 3.560546544565196037e+00
5.285172491505843340e+00 8.897057886104756008e+00 6.623226146088564192e+00
5.935228507297391154e+00 8.849976648759206199e+00 4.749880201192612894e+00
6.289088900383244862e+00 8.832326437557515675e+00 7.209166566964292144e+00
6.862842402034933897e+00 8.868763017349786892e+00 7.955787772900158927e+00
7.834444941257517669e+00 8.843830448450406223e+00 2.171367796762027957e+00
4.126138103064241669e+00 8.973265163511589648e+00 7.657395596553906003e+00
5.144694497042742398e+00 8.926869871353648733e+00 8.869362340293687197e-01
5.461933127246267006e+00 8.924357477035615105e+00 8.499588827069709751e+00
5.501924440869985666e+00 8.939312110995773608e+00 9.817224285239410264e+00
6.435397806778665242e+00 8.961053496017520104e+00 1.348366690480147456e+00
7.498966050669635841e+00 8.913856114924501028e+00 2.119679783524874406e+00
7.945109790980027675e+00 8.965981100705754159e+00 1.900561751514001863e+00
7.467511691114930850e-02 9.021135711467154650e+00 3.430953660728975674e+00
4.264265509584090896e-01 9.031601096637171366e+00 3.301430448523289041e+00
3.971308256389963542e+00 9.010568786068811065e+00 8.579431639692938205e+00
4.549676723478532026e+00 9.020691790843528679e+00 7.153200654384568313e-01
5.960872055751259779e+00 8.987481853793235942e+00 8.103008474759555213e+00
6.297200330696565374e+00 9.021672354675150274e+00 1.093898684664836640e+00
8.079556914241008414e+00 9.014748072794141365e+00 7.653098730527514881e+00
9.487337488825511755e+00 9.026677207221432298e+00 1.239766668051506926e+00
9.611976911767053267e+00 9.001613875730644310e+00 3.591412848170564054e+00
2.714322259652638181e+00 9.100790850972240165e+00 3.310791390334898665e+00
3.638207899131031375e+00 9.080841532521853665e+00 3.854689774608436537e+00
3.966710684044034707e+00 9.127910606227912282e+00 6.783628714183211450e+00
4.587091416127748289e+00 9.089324309868500151e+00 7.777778910054726325e+00
5.351497085221860850e+00 9.133422666352350561e+00 1.086235558935426671e+00
5.921217895928258201e+00 9.096711039530605447e+00 6.220536676390509001e+00
6.172248515185778217e+00 9.069810487423158207e+00 8.881174606057268051e+00
6.262106721040722412e+00 9.079722933754894143e+00 9.928960402710890421e+00
6.398476133523837817e+00 9.098712886670318412e+00 2.315804327262169338e+00
6.454754906740422626e+00 9.121881781127759936e+00 7.588209951745254145e+00
6.975625651232832958e+00 9.109709750966258568e+00 2.336853886197835628e+00
7.775331858695770926e+00 9.128463977335435686e+00 2.062589997137153297e+00
4.052989325743336479e+00 9.209607587188010314e+00 5.962742210420036493e+00
5.743914245608245928e+00 9.156125533315853104e+00 7.024586272753472471e+00
5.709211597469892929e+00 9.204061174466851014e+00 8.262917456539787153e+00
5.988543824633696389e+00 9.202667076927719236e+00 9.787680209445253965e+00
6.618848027227033803e+00 9.206211767769127974e+00 4.678227157013537862e+00
7.774384024708790975e+00 9.152282647603438903e+00 2.190127703430928996e+00
8.927420825821977601e+00 9.158236917911466435e+00 7.695945814242669769e+00
3.584015112760792210e+00 9.290599909874629247e+00 5.883703814944684751e+00
4.318759332698093090e+00 9.258342265596644083e+00 2.168680486946086283e+00
5.629114476027687886e+00 9.247543748793079388e+00 3.521674703129079598e-01
5.814418935106471231e+00 9.242297085729566319e+00 1.888644182770366609e+00
5.850611487648404108e+00 9.248191724746806841e+00 6.678700283157890105e+00
5.938311187412733005e+00 9.266268685618353373e+00 6.608968613935848779e+00
6.906876271110331089e+00 9.275233985617241217e+00 2.166007979491076263e+00
7.605380179110562189e+00 9.239425046376608108e+00 2.022394362414991598e+00
8.175236628712927001e+00 9.243178745932656426e+00 4.374889917258037997e+00
1.513093027930761392e-01 9.324420729565437327e+00 2.092331002733462508e+00
3.950327543130956798e+00 9.369406786882278126e+00 6.299996841416305449e-01
5.462858286949069608e+00 9.307339674374311755e+00 1.296845304115416431e+00
5.510333680460391292e+00 9.365250681756045026e+00 8.271591136741619721e+00
5.595398307985395725e+00 9.311690394380955027e+00 5.659828946662644356e+00
6.218581784984408500e+00 9.370113190398464909e+00 4.154278100911078297e+00
6.615948375652925151e+00 9.323622123004909668e+00 7.686058089436277996e+00
7.066638676774893213e+00 9.344667422188663863e+00 2.511889718037488173e+00
9.779155607281305507e+00 9.344730188307041274e+00 6.372427841573917284e+00
7.281071307725539565e-01 9.442027265127766356e+00 3.152855391350771530e+00
3.192174476367354963e+00 9.444998025184816015e+00 9.706433583384381336e+00
3.429697516596619700e+00 9.424405156364537461e+00 4.750801525946514836e+00
3.662392553543243778e+00 9.389909294016600683e+00 7.427023053434194111e+00
3.972239132482981550e+00 9.449270271439047519e+00 7.659224768238658498e+00
5.242539196139260227e+00 9.402661564475472744e+00 6.959764278694844375e-01
5.551519861145476575e+00 9.405666526886580669e+00 5.610609702063774407e+00
6.239333293231937638e+00 9.430939728692454338e+00 1.998737866787857698e+00
6.775106350258604415e+00 9.378282281395556197e+00 4.628826744810001337e+00
6.860036184501943524e+00 9.384798207023536065e+00 2.493718283504682720e+00
4.099315805542429025e+00 9.473410975916506160e+00 7.746310487705534875e+00
7.290094103071394827e+00 9.502967996947459639e+00 1.809479392396734720e+00
7.940200247466751016e+00 9.511875926066325704e+00 2.571958698620839812e+00
8.228046266666545705e+00 9.521827117338581559e+00 3.070607720010690489e+00
4.512709849285132080e+00 9.596115321229133244e+00 7.288405064893547447e+00
4.698529693089478876e+00 9.568235853295405491e+00 8.429124999003737573e-01
5.035090916738560018e+00 9.536952045696660107e+00 4.046268267636982330e+00
5.356108814338823798e+00 9.539231939627129009e+00 1.384004225414416478e+00
5.943555640946186713e+00 9.576057173047264115e+00 1.273120668135788058e+00
7.216543962443392246e+00 9.566607781695955381e+00 2.305276386550630274e+00
8.383521977201784381e-01 9.655788603157771988e+00 2.899092787487361100e+00
4.084208295494352825e+00 9.637610808851921007e+00 8.401771350096090885e+00
4.132871140448179936e+00 9.613634699748651258e+00 9.776729033875826147e+00
5.028816659193933170e+00 9.643870029402684452e+00 4.830041822928407669e+00
6.933536262893206015e+00 9.668255289228046223e+00 7.440211140404381140e+00
7.081170501938673034e+00 9.612956773176795977e+00 3.618463658886668988e+00
7.447887573301037456e+00 9.646402544091625231e+00 2.561407984159998374e+00
7.769455562330267462e+00 9.631324677128031198e+00 1.826856547892522054e+00
2.984085119649838358e+00 9.734083977295979295e+00 7.107911814305417408e+00
4.579598267641099341e+00 9.723718727029798004e+00 8.007184334221200572e+00
4.880684936539469554e+00 9.762562668436913782e+00 8.080079579965273595e+00
5.434557456596301961e+00 9.743857751995083305e+00 6.265131651614202823e+00
6.208119228682185131e+00 9.697379418561503428e+00 1.527546815140609637e-01
6.554800479676243796e+00 9.712973194100243290e+00 5.565634165636943465e+00
8.773328575498613446e+00 9.712592165817179435e+00 3.569178084347938373e+00
6.570707553982554905e-02 9.825092327023300598e+00 2.406168188357536319e+00
4.458508959251090253e+00 9.765091740700512446e+00 1.656471386688720848e+00
6.061451037132577824e+00 9.798634277246227597e+00 2.011478126527684207e+00
6.356336373735214984e+00 9.827615398310964423e+00 2.550336068519399646e+00
7.543016238962714226e+00 9.795094628587634134e+00 1.769463141493933911e+00
8.239246407207691192e+00 9.837343571702600542e+00 3.265770280155775751e+00
8.696532279288073042e+00 9.804615986083415891e+00 8.602068799136279864e+00
1.804762394512491874e-01 9.858487700418669064e+00 6.343690110961499151e+00
2.618740862872058539e+00 9.872444598071686173e+00 4.795306233812863361e+00
4.571950825151333220e+00 9.865723273300099905e+00 7.462801258957708406e+00
5.195674321731450718e+00 9.868101415405751808e+00 3.661015918425853499e+00
6.831784992110255139e+00 9.880321325504572982e+00 7.780974731700733393e+00
7.783614298925042974e+00 9.889839156577451718e+00 1.018003409716883079e+00
7.741104871157987510e+00 9.899580406238820629e+00 1.962754285285968514e+00
8.925215493961600188e+00 9.887890707904471554e+00 2.448235325800157902e+00
2.923461576688872743e-01 9.985062491159759190e+00 6.555178085132991050e+00
1.940916339955857328e+00 9.952604656001591721e+00 9.513900774693528462e+00
3.538989188746179515e+00 9.991518515240292331e+00 7.250779897372042981e+00
4.215322037882129891e+00 9.971611327337056352e+00 6.604696197347457165e+00
4.264012136348232396e+00 9.928326327267722462e+00 5.020392198274113760e+00
4.783249986120405417e+00 9.965246150944526704e+00 4.537582179085158707e+00
5.220093743059968538e+00 9.949448605465178730e+00 5.158137076410379329e+00
5.337235539658268024e+00 9.995507251288707096e+00 7.374119874028403743e+00
5.972890012262920045e+00 9.927262269309263587e+00 8.421542225065735465e+00
8.255422536341500361e+00 9.962566783987170993e+00 1.739480468019352521e+00
1.004420961242178389e+00 5.004417374784804196e+00 5.004730975740427468e+00
