3.114805024931868171e+00 1.124578008074551327e+00 6.773838668963723997e+00
4.232664430289887036e+00 1.530527362080120302e+00 5.272968148058319038e+00
6.073563137621118990e+00 1.708342668098054684e+00 2.371185410550880057e+00
5.633809561129334398e+00 3.281461725076856517e+00 5.186513915925534235e+00
6.149533927940391109e+00 1.247815258487108281e+00 2.099091880117788911e+00
6.837656001561501995e+00 1.913931686748361116e+00 4.309359817797465020e+00
6.935042654776505167e+00 1.767585902201744830e+00 4.075520593407523151e+00
5.063082703318961819e+00 2.026001149285458158e+00 6.529620160029597997e+00
4.943940027295301576e+00 1.405307413250375559e+00 7.813566416837419482e+00
6.017384349023398471e+00 3.049947081089512402e+00 5.532921129873520805e+00
6.208062454076630488e+00 1.330595486761857238e+00 2.182548837396343977e+00
5.720648621314277094e+00 2.069480737670559733e+00 3.766940536438128095e+00
6.757526685747656359e+00 1.790169701072482855e+00 3.943440500601897547e+00
7.356173898463859828e+00 2.376822530698721181e+00 5.633519981449508052e+00
8.016498623778414157e+00 2.240142949037497111e+00 6.566381944946057203e+00
8.124043098682131259e+00 2.145205545071683595e+00 6.928897513561771859e+00
3.978306389493118544e+00 1.471434587434231167e+00 4.508843945583402402e+00
4.659518296329340892e+00 1.781153399057070708e+00 6.320183001540421230e+00
5.847610839016185835e+00 2.614346693132895805e+00 5.111479785172335255e+00
5.825880095767786315e+00 1.269441938563006467e+00 2.197880783436426899e+00
5.876847119871466241e+00 3.033175603959684885e+00 5.536986593217472219e+00
5.899786935879233418e+00 3.496305253588824602e+00 5.789350566427980738e+00
6.372858129318109910e+00 1.065701549145045002e+00 1.425003214729521739e+00
6.386093286742059227e+00 2.716427856220169801e+00 6.403425677177246200e+00
7.560217820913466724e+00 1.920763935759860264e+00 2.535847357248063982e+00
6.297203902346435456e+00 1.847441987363537041e+00 2.619625991823281375e+00
4.644244089328007696e+00 2.246894078824672292e+00 1.578042268873812715e+00
5.853985191174214009e+00 6.393760818378014799e-01 2.382241142328066719e+00
5.752396248486052244e+00 2.956215682665622957e+00 5.349501665335493428e+00
6.440434788994039650e+00 1.576558792880906612e+00 3.373637280196040145e+00
7.185884991053054449e+00 1.427928606030324010e+00 3.176340496631614663e+00
6.952371199073352770e+00 1.646396094231420193e+00 3.267553812893183807e+00
7.270759927893228003e+00 2.526301549520542533e+00 5.726002019638145590e+00
8.562294489203143399e+00 1.118190987144495274e+00 2.162066949737654564e+00
5.001705056310284725e+00 2.212743761867180581e+00 5.908809575746094112e+00
6.136964743363984454e+00 2.289601526461725101e+00 3.366246039824755787e+00
7.772326453393070267e+00 3.563124552695446035e+00 3.574694111441923727e+00
5.864024911644261095e+00 2.186609699322721756e+00 3.343683605587214558e+00
7.557003065186734148e+00 1.596104652259111578e+00 2.629628728295439366e+00
1.117595835283070649e+01 9.144457158369637684e-01 6.914512914137239008e+00
-4.156013627585219083e+00 7.982185825377381860e+00 8.273517746280806051e+00
5.550131530920749512e+00 -5.406455891543730796e-02 2.180982255568118422e+00
6.034007776317318772e+00 1.777300036626500379e+00 8.145983407126449194e+00
6.868244740138323756e+00 1.748297166574170447e+00 3.250717252601589724e+00
4.543660372663596902e+00 3.247351054542502169e+00 4.683819887825687367e+00
6.270656491039974689e+00 -5.866954841605343418e+00 -2.091468728622543072e+00
6.036025510434294361e+00 1.992191430958247356e+00 8.378207625979015916e+00
5.909433709203144147e+00 2.968749880384017548e+00 5.474222557206749329e+00
5.837489146961754471e+00 2.919974125435936596e+00 5.361837699932178403e+00
6.132933751689315649e+00 1.570433227151371236e+00 2.860606851511403370e+00
7.943095091483064252e+00 2.720852493813375350e+00 6.909885487976611174e+00
4.538595879261643873e+00 1.936472230701274944e+00 6.389041954477746366e+00
4.639018268416220891e+00 1.383310541007463756e+00 2.024215734187643001e+00
6.002700786062996841e+00 3.082575362470045821e+00 5.679561259955029584e+00
6.031632309477378939e+00 1.797900100014601765e+00 8.227669801744825762e+00
6.149247755940236537e+00 2.669984482607157261e+00 3.916596344669639240e+00
6.160971788620243750e+00 3.586422277849002249e+00 6.028550753544165808e+00
6.042935999764025290e+00 3.174041137747790842e+00 5.634061127021148252e+00
6.926043898522421749e+00 3.023119827864311659e+00 5.828439836033146193e+00
6.653223735270849204e+00 1.166066156371445839e+00 3.534179849608350299e+00
4.939427312377043577e+00 5.214502332732194878e-01 2.231370024419446096e+00
-8.000858854661437647e+00 1.187715288396304736e+01 1.878608634854192871e+01
5.915766252521026836e+00 2.927800356982745988e+00 5.478095121361977071e+00
7.942059222868218527e+00 2.282093269358840271e+00 6.640260094193086715e+00
8.687938290736552105e+00 1.556569099206660312e+00 3.286439850717155942e+00
2.005994078345687370e+01 -8.096197899717916258e+00 -8.913433520815155831e+00
1.086410761906565625e+01 -4.514119332140485996e-01 -3.750546626375019232e-01
6.501393431966139502e+00 1.963856486638411614e+00 8.118410823266621890e+00
-4.576345772581727545e+01 -4.411297839677312282e+01 -1.444961239887835625e+01
7.936475358665852298e+00 1.949281747271244702e+00 4.017053154623591027e+00
2.267292209168035644e+00 1.938711425469129335e+00 5.783515765718119539e+00
7.040871074186915379e+00 3.841369549114832971e+00 1.677051192481159081e+00
6.236576351899748794e+00 2.943506821824636965e+00 6.099530988923781649e+00
6.021318370122652475e+00 3.279541195959259969e+00 5.710136515743672980e+00
4.734137283651917549e+00 3.161979229751073817e+00 5.629184312247465627e+00
5.971006657791702033e+00 2.953798455097302877e+00 5.468060187747773249e+00
5.880057328637514402e+00 3.047644029453660419e+00 5.947002366956398056e+00
1.846707207994165767e+00 4.146852465600625592e+00 7.507172576997850122e+00
6.266976302144142252e+00 2.181134805846344005e+00 8.227263243983568231e+00
7.872832635922440758e+00 2.499003919941714447e+00 6.924882984448065493e+00
7.066976561295914117e+00 1.550821612904092373e+00 6.366498841533540620e+00
6.003477868154920571e+00 2.786286066840504727e+00 4.749019371484451746e+00
5.961778442915010245e+00 3.557771428771216105e+00 5.725232384080156223e+00
5.720646454856269436e+00 2.691607081581881999e+00 5.418401727427314185e+00
6.183474018446737119e+01 4.727140544539113876e+01 2.898584519702748352e+01
7.480396790219915104e+00 1.924040896530927913e+00 3.907096439514002206e+00
3.596186492426335590e+00 3.699219443171070765e+00 5.061480291031244860e+00
7.861971996947303865e+00 2.495400909533008527e+00 5.326430565600665190e+00
6.375920387368013920e+00 3.118349822473913235e+00 5.667193205170044656e+00
5.873453078301322350e+00 2.976414485986251801e+00 5.600254014808317748e+00
7.266658350754967799e+00 4.645125993261423503e+00 -4.732570912293460053e-01
6.787258046917276744e+00 3.877716228495339923e+00 6.602720926811803004e+00
7.809788272291436684e+00 2.561895789621934316e+00 6.974126697890200788e+00
5.940192365509878059e+00 2.760217588260968746e+00 5.687641050270848986e+00
6.240619254273870986e+00 2.859517820348574269e+00 5.671725561373659019e+00
1.030623039305781319e+01 2.742403363890648649e-01 1.018829537065758828e+01
7.134342062942444329e+00 5.104205549716942514e+00 8.189588397410444642e+00
5.203321778437954848e+00 2.199239254184526260e+00 3.153827714673752780e+00
4.526332727130083278e+00 1.364037045221472066e+00 6.967657282591762424e+00
1.073145895956720608e+00 4.899759750077413045e+00 1.185087711445085734e+00
5.984501665099233314e+00 2.763838331368992041e+00 7.672770278953009004e+00
5.975722271864361446e+00 2.641601093546816603e+00 4.062533257314491664e+00
6.201150058599157688e+00 1.793145919288317014e+00 2.767652418487760002e+00
6.381894016495248678e+00 3.669718430850831936e+00 6.209334779967377926e+00
6.944576784101962552e+00 4.032287205240373318e+00 6.541321841938176895e+00
7.676324545635695884e+00 1.724333629818176172e+00 2.608907869808521962e+00
8.246207820251221676e+00 2.050626145711405446e+00 4.306081470481659679e+00
5.870084679116684967e+00 2.834438604395993266e+00 5.722269132069040865e+00
8.171772439678120392e+00 -9.343409117549048570e-01 3.479421473298466960e+00
2.568550964065819286e+00 1.991072951877660868e+00 8.579200213279815301e+00
6.188063836929075023e+00 3.061102934444688728e+00 6.081376234771198597e+00
5.937783752122683723e+00 2.874492029527983661e+00 5.674828899207873256e+00
1.246011381317122080e+01 1.136112137654987198e+00 5.859753574224878747e+00
7.795051070349900968e+00 2.641292024359630730e+00 6.923492561709535309e+00
5.908666347572758326e+00 2.880910369510353508e+00 5.685485199442317672e+00
7.707197488867681301e+00 1.848723954617979226e+00 1.451525689261654151e+00
1.207689803670680684e+00 2.196291615044433154e+00 4.267413403167902075e+00
3.940579096419779326e+00 5.811538517182131436e+00 1.039791392828331418e+01
6.209510505453366136e+00 1.984836798187671114e+00 2.382763581074857306e+00
6.440942280538693332e+00 3.563666054791508664e+00 6.452373358826301697e+00
6.316676247480234707e+00 3.589286782431771350e+00 6.302163594894670595e+00
2.029489989883414225e+00 1.345182359131605887e+00 1.219994971796176131e+01
1.109265671124365760e+01 3.305421928490299255e+00 -4.765899342117490889e+00
6.278576299724390353e+00 2.142426145681336269e+00 3.991244796317775290e+00
7.170900167441937256e+00 3.521576491994795610e+00 6.726460009576978649e+00
6.900327507779763891e+00 3.970584949094446259e+00 6.678369100894146371e+00
7.737574235911175435e+00 2.710354872735535992e+00 7.027938365731360548e+00
6.551792738777078462e+00 2.934810516547290860e+00 5.362959459376536842e+00
5.561023744822530368e+00 3.006535402598062845e+00 3.905780803717851857e+00
8.110191915142696217e+00 -1.211045386205689134e+00 -2.864894769096638427e+00
5.929947767629106359e+00 2.911031358677334424e+00 5.447524871286084647e+00
6.611295468808602749e+00 3.595161103490011278e+00 5.952480489696430510e+00
6.290374722044269618e+00 3.536402410279332997e+00 5.993337480400038331e+00
6.496110679895727102e+00 3.669761831879174707e+00 6.212929912625172690e+00
6.627234716647454782e+00 4.656402637340793405e+00 6.334248823599706313e+00
6.475193575246461108e+00 5.037369080282449119e+00 7.086140833467247546e+00
7.718180730529073941e+00 2.507791349122017177e+00 5.313388318296698110e+00
6.648480317121304495e+00 2.213280565858518401e+00 4.980944955300945054e+00
5.817875653230231592e+00 2.836346596539715659e+00 4.032300703061299174e+00
4.762451865197236067e+00 4.185076262351924647e+00 5.104989391273195842e+00
7.124402139861400585e+00 2.994328820583425532e+00 1.922638705243165269e+00
7.531517766720957852e+00 2.089925643582447812e+00 2.135777224879115366e+00
6.422982741672976559e+00 3.023084230769438552e+00 5.595721413712716696e+00
5.632634383172104187e+00 2.941231916816645864e+00 4.060960416014818719e+00
5.826388561300577251e+00 2.570219382200130021e+00 5.662465014780467598e+00
6.420698486276032568e+00 2.987914262427852297e+00 5.431402580663948321e+00
6.985296457433069151e+00 3.644982755335837155e+00 6.150452148471066138e+00
1.848017761697177797e+00 2.846274896710345281e+00 5.214600071834146533e+00
6.361197864797212276e+00 3.031266376977322263e+00 5.207570165984110488e+00
5.823088765923166932e+00 2.952121610561759812e+00 4.143305300871637620e+00
4.286409651575362467e+00 2.067105230193882370e+00 6.574735871913296670e+00
5.289806395675302753e+00 3.798958116784487693e+00 6.075358938448560231e+00
5.329918441867115497e+00 8.626121846619390965e+00 6.954861561069465292e-01
1.115934133478691770e+01 1.611452845404729217e+01 -1.373988116455463526e+01
6.537430852086863808e+00 3.536656163743472803e+00 6.473531442997368046e+00
7.239115572215089500e+00 3.369940879415549428e+00 5.797766769588452718e+00
2.271211087357296066e+01 1.019785468005836293e+01 -3.148098016111690356e+01
-4.837358968046721941e+00 -5.665211468346472046e+00 4.811013843868965267e+01
6.603228049689600532e+00 -4.326594478227332452e+00 6.559222069882428841e+00
-1.250181370951912174e-01 -1.119169996288451507e+01 2.203919497240322301e+01
2.214944608731071440e+01 2.865266577759499711e+01 -3.022999128073669084e+01
7.550202646038671972e+00 3.116125281879955189e+00 7.027819805849111034e+00
7.474208828998614607e+00 3.008968053279302168e+00 5.688233087213485639e+00
6.163622834050989319e+00 3.191717259815341379e+00 5.818558028648104674e+00
2.138470219890319157e+01 -1.159854223008834495e+01 1.101006898998901029e+01
-1.061220731703853559e+01 1.653744610518176827e+01 -4.340845874798262116e+00
5.833606304567558354e+00 2.883694040172753326e+00 5.805203938682540254e+00
1.124179363441926860e+01 1.495267100226911783e+00 8.291014833824531749e+00
6.676935044388260465e+00 2.790824092177043525e+00 4.430044138654032793e+00
6.601217947246611928e+00 4.747756041015196438e+00 7.091192248330845160e+00
6.236707179926977318e+00 4.773106985262696611e+00 7.441639873831057628e+00
2.632295969496034171e+00 3.540154797913113160e+00 6.299259069438065239e+00
6.253939812808178900e+00 2.513093945339558655e+00 4.123440174784860801e+00
5.944812625667068140e+00 2.754386012335798384e+00 5.078511198438169671e+00
6.058970578403114260e+00 2.955877148889679340e+00 3.324155635535530617e+00
-1.370851266576385896e+00 -1.383361771682743324e+01 6.827416468671489547e+00
-4.654446371962090545e+00 -2.396516204449579135e+01 3.713646410569770495e+01
1.618075554394230009e+00 2.836866202594518604e+00 5.361618883505999911e+00
2.043868964284096812e+00 2.959626074672640161e+00 5.050878997936926851e+00
5.816163756700130527e+00 2.622381361864650984e+00 1.755295157154728170e+00
2.409593382761362257e+00 5.742687422461761670e+00 4.080704203627931292e+00
6.703736083172573856e+00 3.961880869806560845e+00 6.679432970334870490e+00
2.243432707651896951e+00 3.030709913662813282e+00 5.162582430144553314e+00
6.540001649769434877e+00 3.485181146950135478e+00 6.554809527238801614e+00
1.570037857787920998e+01 2.026939517316041517e+01 5.317978841244599408e+00
-2.191859014345934220e+00 -4.063543290763805160e+00 -4.940462592555233456e+00
6.498579065917646780e+00 3.422246562088680832e+00 6.186744818855649086e+00
6.569695502397138398e+00 3.600482841403821688e+00 6.562539622648455584e+00
5.251812480780984060e+00 2.620420729333392540e+00 3.801070651562219016e+00
5.650041184550142148e+00 2.889941744018150072e+00 5.578098762334283478e+00
7.187406753426641259e+00 5.292611575258387546e+00 7.026119844956536298e+00
6.271905201433151333e+00 3.490118416753187791e+00 5.950101133668399100e+00
6.501848401303767844e+00 4.282825059470637186e+00 6.793332687235412060e+00
6.894643637499902056e+00 3.154390240561763648e+00 6.178297884552369723e+00
6.275975484543813820e+00 5.362672291379821488e+00 6.909648205208235083e+00
7.290251421216716210e+00 3.395971110266494009e+00 5.989017301063483956e+00
7.300839372344830380e+00 3.487452645636519577e+00 5.701488925873448466e+00
1.696531480198988806e+00 3.366033468129599360e+00 6.522653560832477382e+00
5.177681984397885628e+00 -2.119343619049082417e+00 3.434191875372553326e+00
6.493160524385599430e+00 3.086265486759645960e+00 2.455995993758543161e+00
6.731885823474140551e+00 3.674299206150660968e+00 6.226084694228081418e+00
-3.213105403244637781e+00 4.970707041223359823e+00 7.696696051243669956e-01
3.387299385813234309e+00 4.264865531993497605e+00 5.113301233340728835e+00
2.469203741783661865e+00 2.869291538491685056e+00 3.082757087403755314e+00
5.192648857039289467e+00 3.223397604460950916e+00 3.757830885275371458e+00
6.219509677830615146e+00 3.436244763111703016e+00 5.751468527441052636e+00
6.232304170788246722e+00 2.870813723139542084e+00 3.409043798833887084e+00
6.135570970100906685e+00 1.139946362486805143e+00 7.608600353911397995e+00
7.397878453522215736e+00 9.445732229065175289e+00 1.016538738373625250e+01
1.747856261795125876e+00 2.724094813579196916e+00 7.396238256728919325e+00
3.579587965288428819e+00 3.215612410946910416e+00 4.439938418098742900e+00
5.079822913561233833e+00 3.079277371289911081e+00 3.956881118800068542e+00
6.126008955856938165e+00 3.242020613312294852e+00 5.848945094367167030e+00
7.173016100056077704e+00 4.541445477203128078e+00 7.787124333653207664e+00
6.953815585029262003e+00 4.840444744014811285e+00 7.367427115929937820e+00
7.388895985293183699e+00 2.518919016071677675e+00 6.519970765398788615e+00
6.004672101985576660e+00 3.272142255682906509e+00 5.683175488412050669e+00
6.372909341270592165e+00 3.640615333602589487e+00 6.302848766493266197e+00
7.053717720261579061e+00 5.160702199666636680e+00 7.936257612593336397e+00
6.413008054765155563e+00 4.196360062405086744e+00 6.847745504090692492e+00
6.419013939113355605e+00 5.337632508992590452e+00 6.886877763210858205e+00
5.886474052107983468e+00 3.255391423157227848e+00 5.965700070733970684e+00
-1.964784966390033638e+00 -9.698154077405323203e-01 3.838586062902508811e+00
6.577420369075007045e+00 8.586683311313615619e+00 8.081565860028105064e+00
7.342330164580982199e+00 5.009074191649322216e+00 7.509399020608922726e+00
6.562709817069203311e+00 3.083941034604753106e+00 2.484068602073502774e+00
7.258001082394472725e+00 4.802537171543805883e+00 7.140728439671406136e+00
6.894007025687644230e+00 4.034142510467773945e+00 7.172412508829593136e+00
1.647947444721202803e+00 3.018753427037996317e+00 8.194837847546807552e-01
1.377556775117053256e+01 7.149208235953975255e+00 2.890390090707378512e+00
6.702186226986251327e+00 5.013947546499083252e+00 7.360468314853278571e+00
7.389458340797919078e+00 4.256725606623918523e+00 7.606182303200142769e+00
6.696784274586475405e+00 4.742674090290556421e+00 7.013604190199449917e+00
7.007600618858004893e+00 3.656626722414012320e+00 6.109831599190515661e+00
1.798217691403135809e+00 3.086949246272362224e+00 5.063716841240896827e+00
2.802596651023928853e+00 3.618755352199383601e+00 6.354011218647845460e+00
4.891563826320808772e+00 3.386327485366970258e+00 4.628007908690017658e+00
5.668063545042218543e+00 3.154430339223901480e+00 6.104696246145522309e+00
7.849721819522009980e+00 2.290232810366855443e+00 5.298328475927083225e+00
6.403611533724751226e+00 3.611403008658244929e+00 5.719992731793414720e+00
6.407439605177760455e+00 4.450522334631250132e+00 6.734036759143912754e+00
-8.308307142632576969e+00 9.608686951562319223e+00 7.327448265867832156e+00
4.819554224781703589e+00 3.686866692314785254e+00 6.111995033743960803e+00
6.328356804866304586e+00 3.256896863938322007e+00 5.280161319027858013e+00
3.558036711739770652e+00 4.265795801209272931e+00 2.318229218234835631e+00
2.978975222371667009e+00 4.791615843762896176e+00 3.138552764586435728e+00
6.359927569791013369e+00 1.642708945859371328e-01 6.317303815049925220e+00
8.298464985303006358e+00 7.264466765271310855e+00 5.101518025790330313e+00
2.446207090381427918e+00 3.503808229196383017e+00 6.025943813460124865e+00
6.174813283371852535e+00 3.220287015759652594e+00 5.621315566110101969e+00
5.536667039852190442e+00 3.537538560202039495e+00 4.322988234691209186e+00
6.796043374323507358e+00 4.094534363817873057e+00 6.428651596060284135e+00
6.730365269343208112e+00 4.118060317743436727e+00 6.857508295083297511e+00
8.224923464572354348e+00 5.768508718317381323e+00 7.364899710117382980e+00
6.415345111511467913e+00 4.259197437429084410e+00 6.713315428003717500e+00
5.607090954129425597e+00 4.029392615212325168e+00 6.811453271601940251e+00
1.065452546719524562e+01 2.257064135877260291e+00 9.431181539854037510e+00
6.638735169801478264e+00 4.204322177015651363e+00 6.406787504326503679e+00
6.227014026550975245e+00 5.534384028007506728e+00 6.807639132690068706e+00
7.870373921457590072e+00 3.485272294327629528e+00 1.715289266509055111e+00
1.806576084252160319e+00 3.556291578257519959e+00 6.395134290147547418e+00
5.047984968433388175e+00 3.557645681305054985e+00 5.075033233860885673e+00
9.311830217272177634e+00 4.196919806643828466e+00 5.032900226631806362e+00
5.720457714718110154e-01 2.249623652069082880e+00 2.823759058316241966e+00
5.834966453310932444e+00 3.847189022109043677e+00 5.345541010256145142e+00
1.483108474750882522e+01 5.824566107601752307e+00 3.540921841547154614e+00
5.920777312385817837e+00 4.404929807567411260e+00 6.687127591911242064e+00
5.621533314872481313e+00 5.033366759663259415e+00 6.316611827232419429e+00
7.771488407486494054e+00 3.386973071154017134e+00 5.044386996363547482e+00
2.202032749869324846e+01 1.045509120456649654e+01 -1.379124881312031903e+01
-4.996850600984355850e+00 -3.876822988372794043e+00 2.439866468211604911e+01
1.849288986961392656e+00 3.354164499900015528e+00 6.676829219036688912e+00
2.702007566414031725e+00 3.544055563794632491e+00 6.317458606115163633e+00
3.563701024588594279e+00 3.776690708110931105e+00 6.089014257327914237e+00
6.042479561460789128e+00 4.010511931537937613e+00 5.337334233756670265e+00
6.531951807915628017e+00 4.546025580804167632e+00 6.956118881362459483e+00
6.325877485542306111e+00 4.596690733199063850e+00 6.941041325747798751e+00
6.781816798127975332e+00 4.283310553206902682e+00 5.369654495372911285e+00
6.674038933558914977e+00 4.586666637262894142e+00 6.462889438008144083e+00
6.195673869197134920e+00 4.855706826377638841e+00 8.463768392548473685e+00
5.014143799580406125e+00 4.269457205411239187e+00 8.246020578080788255e+00
5.817292933937187271e+00 5.097879310956493271e+00 6.489698810154171937e+00
1.289759973238678370e+01 -1.891653979672608621e+00 3.384004619725612173e+00
5.748918536648986333e+00 3.561312984418347760e+00 2.765781205906245876e+00
6.806009698229267713e+00 4.095247233135528298e+00 6.408733427268430205e+00
7.479727285022633509e+00 3.465383406692062795e+00 6.257918639186799581e+00
6.162342323963020618e+00 3.732244755972359496e+00 4.012626917121824732e+00
6.336382932145355085e+00 4.897783936501377333e+00 6.951777649188136010e+00
6.271589860846608744e+00 3.919286406336736306e+00 5.960027957032014712e+00
6.278571161998209860e+00 4.676228938895725662e+00 7.146767955048289878e+00
6.321461169247291956e+00 4.674719745656075176e+00 6.560824865426825525e+00
6.921316680973054858e+00 4.230374169957350716e+00 6.535650431584952180e+00
7.081780046088878677e+00 4.388805611458543865e+00 6.462409576559460689e+00
6.841841564843093693e+00 5.264889398894849748e+00 7.477247263035710745e+00
-1.401132569315840293e+01 2.014953634214728595e+01 -7.070711769038533134e+01
5.941344883662871723e+00 4.053052727119944798e+00 5.265203283259621614e+00
6.452541860914713823e+00 4.579287999662092545e+00 7.041687041635496414e+00
6.276124079019441027e+00 4.656330395460466676e+00 6.826025312722851623e+00
6.573600672794833955e+00 5.583891987654106437e+00 7.403561439053262916e+00
6.933497838367026489e+00 4.830301690814685855e+00 7.171169207797175815e+00
1.071943281621149424e+01 1.770713330861475310e+00 -4.818610464013384664e+00
7.157432886991060172e+00 3.189743718805951200e+00 5.952024496174179724e+00
5.713551417859049408e+00 4.924563031675281088e+00 6.218611378214726315e+00
2.232282935142889890e+00 5.895905083110682732e+00 9.275150077639215951e+00
2.692468485044564375e+00 3.075458930312414907e+00 8.991493478860771660e+00
9.118796864999497487e+00 8.437959370169551221e+00 4.676483426487950901e+00
6.579469649519475993e+00 4.207624002095410098e+00 6.413813411019839705e+00
6.550319958389389186e+00 4.517634395869858821e+00 5.413421142224093430e+00
4.565878677947585729e+00 4.973520891513945941e+00 1.546233207718127289e+01
5.690835801334436894e+00 5.008060403495036006e+00 6.404045161330696345e+00
6.433350653019635601e+00 4.106203052000975795e+00 6.869864296423555672e+00
2.644609522820662750e+00 3.388786677812500869e+00 5.322632002130149864e+00
1.804738782655616092e+01 -1.299861803496441937e+01 7.969987940695646955e+01
3.395241961940085762e+00 3.815972914543518169e+00 5.519736417753072111e+00
5.850951195242616976e+00 3.430373419117986877e+00 3.891903087770907099e+00
8.267307043015050816e-01 -4.978950124318840764e+00 3.279288127043070045e+00
6.678051508374915457e+00 4.263409535527923566e+00 6.798918048573700190e+00
1.375177615381723939e+01 1.362144639952786118e+00 4.869996222213686110e+00
1.213156494312156930e+01 -1.050190553283730743e+01 -7.689089262432187155e+00
2.001316328722505311e+00 3.711276994914242344e+00 2.854285992349117063e+00
-4.759210771577738752e-01 6.338295476644683291e+00 8.989840617715648463e+00
6.630561264467717209e+00 1.117224295056030048e+00 2.649190589528302553e+00
5.865654471139579051e+00 3.830998898878148928e+00 5.019959366678167001e+00
6.607283246696719736e+00 4.070731882410815849e+00 6.299943391246237923e+00
6.034121707326291606e+00 4.395178442785974582e+00 5.747799059943544897e+00
6.556438810840163001e+00 5.154888495180602881e+00 7.464980306463919746e+00
3.143313719751469115e+00 -6.541483609112870301e-01 2.889507231440819446e+00
1.351853457069757170e+01 1.774423476095949326e+01 6.853166055395245593e+00
6.616043653718483242e+00 5.184805737039310358e+00 7.424996791825884124e+00
6.366043457660289562e+00 4.134988944199847083e+00 6.557283458919025421e+00
6.485779239147554165e+00 4.821157793393560098e+00 7.113936098328247581e+00
6.588562413217553981e+00 4.309340116181166636e+00 6.112042489529297740e+00
7.143325694768623002e+00 4.289334179563739191e+00 6.681979600500694616e+00
5.713339949702226583e+00 3.874070984159358577e+00 5.087573386070024739e+00
6.979690209627015918e+00 4.340758896219812257e+00 7.870968986650789034e+00
6.703829878447198354e+00 4.278831472539821767e+00 7.129934458717258394e+00
-8.639021008123984657e+00 1.809414410795205086e+01 1.812089736477298629e+01
1.686224134027588084e+00 3.799919133249673564e+00 4.209045328014019205e+00
3.165195010007204157e+00 3.936747224094712116e+00 6.243216205790231399e+00
6.056973912385065439e+00 3.953934115933228632e+00 5.150941045921625161e+00
5.564909443932910982e+00 3.652558479214868647e+00 3.967998862796901172e+00
1.122937373739408962e+01 4.560662180649295294e+00 2.327945512026603936e+00
1.042376729437341254e+01 1.275839365153385785e+01 6.118790438860488123e+00
4.887998252395411303e-01 -9.926742431978187398e+00 6.837702038763472601e+00
6.575675939683679694e+00 4.015812596431031167e+00 5.724976501527763162e+00
7.005829157124494166e+00 4.741925896103787785e+00 1.947468603752797067e+00
6.820036754889404307e+00 4.693590159741441781e+00 2.632361360389168681e+00
6.855306974636624417e+00 5.019809976992831047e+00 6.342688595323793699e+00
7.297705700622399760e+00 6.383994079229144525e+00 1.950683938763460912e+00
7.018986137797263325e+00 3.291608661767106980e+00 5.976565478334351589e+00
2.486173162392211644e+00 3.828910842476593857e+00 6.636261126379132236e+00
5.705837083227623729e+00 -7.652223761079726572e+00 -2.119150210771867826e+00
6.710361191027930161e+00 5.304392147466032270e+00 7.088616043504491593e+00
2.689666771558135494e+00 1.142430204961520701e+01 5.137546294491633248e+00
6.371535764435895643e+00 1.569424928676751652e+00 1.183185399886410494e+01
3.271152435387360669e+00 7.982058633200979969e+00 2.783802127435204277e+00
6.766517366533236100e+00 4.013418134851454155e+00 6.552684670580660509e+00
-1.538682296097836799e+00 1.585033376829363760e+01 1.543461511595253377e+01
2.830714083941091364e+00 3.909420691684842630e+00 3.365000424217411190e+00
9.198945711257383584e-02 3.539517518063579615e+00 6.853726652404226627e+00
4.484274540695688316e+00 6.573730108784790360e+00 9.619507222049472617e+00
5.772088464139383035e+00 4.072968368052411137e+00 5.508024904417403889e+00
7.273793406449041044e+00 4.480334299234269402e+00 7.096334294211859905e+00
1.146636554680740261e+01 -3.335580980762479886e+00 1.126669380776299256e+01
6.663983362421318724e+00 4.183222768145314241e+00 6.710057675078889616e+00
6.894126774391947876e+00 4.952307830883112771e+00 6.591263878756823402e+00
6.706862446371159692e+00 4.161485990380015210e+00 6.808336448122535245e+00
2.246204255306359698e+00 4.145141308492556576e+00 6.750081773813895403e+00
6.112929863520506935e+00 4.382901327732924734e+00 6.008224069749209306e+00
7.798577168464234433e+00 2.468673143345305299e+00 1.949715973966168026e+00
6.385028667795136670e+00 4.526731303948566598e+00 6.943084656742778193e+00
6.937417065157331919e+00 3.517041293376519384e+00 6.753123010388545566e+00
1.229335835068268779e+01 7.960989496386143838e-01 1.297164709248420600e+01
6.375850282260760338e+00 4.760146419596171796e+00 6.884357881070100049e+00
5.873253818469111209e+00 4.336797812743288461e+00 2.649728904285147291e+00
1.167434169466736726e+01 1.111311125715480941e+01 6.184536170544729927e+00
6.882976696668964500e+00 4.942191831564219484e+00 2.585238488936836720e+00
6.684771894743802179e+00 4.749090030238343196e+00 1.104225534232418404e+01
7.360116252723233998e+00 4.068226370908892164e+00 4.052656624647969608e+00
6.863245601734348611e+00 4.609735719758734085e+00 2.801822890324695781e+00
6.876254318147182687e+00 4.588175299795240747e+00 7.212491928582544176e+00
7.389070933853487233e+00 4.792428984370675771e+00 1.800931196058261019e+00
7.461191512545422455e+00 4.522310731504990855e+00 6.842096324824000320e+00
7.011773335923980000e+00 3.957158332657437327e+00 6.745271784323017883e+00
6.653008635921993985e+00 4.438623739979664862e+00 6.265173856907662042e+00
4.280844632171740827e+00 4.984627229683630034e+00 7.114878761408418129e+00
5.872647647248052216e+00 3.695597163979158495e+00 4.886848449299394659e+00
6.400193926422788948e+00 4.709435459031816151e+00 6.022951117741483174e+00
4.658412579545045951e+00 4.694266494669079748e+00 3.635958529771064818e+00
5.956048998208440359e+00 4.195340801675364162e+00 5.807489673279002673e+00
8.211139921447493606e+00 3.459490175495163022e+00 8.485104450965740952e+00
6.067244042834879281e+00 6.339411629815492333e+00 6.086949826179263390e+00
6.883630603866688347e+00 4.947263669983274603e+00 2.403008694970539594e+00
5.425561401631289193e+00 3.517575217110318064e+00 1.376354368951438900e+01
2.755953392324152418e+01 5.234091726363778729e-01 1.432415782560492623e+01
6.287359689245754168e+00 4.306642846214285392e+00 6.147229394565844274e+00
6.369774874637888828e+00 4.510226275499964466e+00 5.883701851007772987e+00
5.178777536166238704e+00 4.412295561377902686e+00 4.147910646757694053e+00
7.726615119318350544e+00 4.994835204484341595e+00 7.713023928757003489e+00
6.227587969720286054e+00 4.126839132469899418e+00 4.388598531376436185e+00
8.609178355536336369e+00 5.388596423075830089e+00 9.549233204698377442e-01
2.990708072368331472e+00 -2.542016167845372987e+00 7.793644805966669864e+00
6.492442378707503181e+00 4.485386917832129505e+00 3.389087229792143940e+00
6.294174813616347564e+00 4.832800524389879726e+00 6.593687467769914434e+00
6.018832093728827104e+00 3.626892066750419197e+00 5.082465469981359618e+00
6.422599586553696227e+00 4.490079222969124650e+00 5.972115270492065697e+00
6.163770583428838989e+00 4.303783721682506780e+00 6.061441850019129163e+00
5.750504918814149491e+00 3.681535880922183424e+00 5.055920387784677672e+00
6.922491828128557678e+00 4.502203065677816696e+00 7.118983162983285595e+00
6.567007900708246027e+00 4.576344517280278801e+00 7.121166384280845918e+00
6.738021599377990611e+00 4.384460291756780315e+00 3.230802836685294999e+00
7.084721805024074115e+00 4.597719954613602944e+00 6.599434676439265957e+00
1.826880600192131610e+00 4.511735215200747717e+00 7.479503309597909322e+00
2.345319019977597286e+00 4.257970047974512617e+00 6.775814575880676927e+00
3.517728599635308484e+00 7.480958802760091508e+00 1.034196327326299425e+01
6.913235570537267449e+00 4.248571703800776866e+00 6.851479844483265857e+00
2.140041254718447306e+00 7.289439008457374136e+00 8.465906671071888212e+00
1.104202429679656916e+01 2.212536354857617127e+00 5.749942126264504516e+00
-1.285972130086948617e+01 6.819794180780775150e+00 -3.342914594755271640e+00
1.113254816723076779e+01 4.544525766076902507e+00 -3.006460009141715961e+00
-1.000119842997048369e+00 8.415517487554119214e+00 1.672794063211309989e+01
7.026767369053333212e+00 4.401447669458439904e+00 6.840932647215744566e+00
1.100652129304941163e+01 1.928166435641847443e+01 6.040747545048612110e+00
5.778952234635350571e+00 4.553207765705427512e+00 2.345235941079361730e+00
1.008643936349838199e+01 2.689845665115824680e+00 3.609052671735735629e+00
7.167913486617388585e+00 3.842724001624900687e+00 7.268650855905312014e+00
5.749291682817156079e+00 4.222660786663082533e+00 5.763767294481428216e+00
7.068934389766014625e+00 3.925334788220506077e+00 7.431427791775004010e+00
6.864734505228017980e+00 4.339281163570441358e+00 7.081939137904591064e+00
4.165292922976460588e+00 4.644814206406484125e+00 6.298875799938133291e+00
1.651658556587780424e+01 3.294574434247168337e-01 -3.810979805449089763e+00
6.112105964143308867e+00 3.408967069102411429e+00 7.311666577448288962e+00
5.533737706851532323e+00 4.157316797515096418e+00 6.951684286755318354e+00
2.454721818524354227e+00 4.681188581222651912e+00 5.388602845928836871e+00
6.417404458067013984e+00 4.333265666379123360e+00 6.277438654773291660e+00
5.101174695788627034e+00 -1.151227799687314146e+00 2.407846400656952568e+01
6.642344143598862161e+00 4.826894593225570240e+00 2.268743332216439867e+00
6.228649406011511402e+00 4.306936208790501652e+00 6.175440417819814343e+00
-4.512102242434526289e+00 -1.012335927096985699e+01 7.726304264207901618e+00
5.412442181601293534e+00 4.165336989957421743e+00 4.892805227570679705e+00
6.007431968889784812e+00 4.623583271456056742e+00 6.108028775432407187e+00
6.671083440774843609e+00 4.516536373258263737e+00 6.561432674007933841e+00
6.751548812383074250e+00 4.746127482538470055e+00 3.069078632649981042e+00
5.959852667747817634e+00 3.674896531410933420e+00 7.307112592218940605e+00
4.293603560720307577e+00 5.089759442786222721e+00 7.103021966503735740e+00
6.887047579266207364e+00 4.323532654963938349e+00 6.226618471508308161e+00
6.353111142617501095e+00 3.526166947749361569e+00 5.856421490520606454e+00
6.750533493449585976e+00 4.252315804165403890e+00 6.495490416036519221e+00
6.617806158618231294e+00 4.580237673566907475e+00 3.936588255680931514e+00
8.286619309986622994e+00 9.332599705534878609e+00 -8.757164885541438792e+00
6.582205463295130343e+00 4.212471642304696395e+00 7.000457112304745877e+00
7.841222758159119621e+00 4.790595419885691264e+00 1.600313006119836068e+00
6.376505077502370611e+00 5.508472817950160305e+00 6.371144614011373442e+00
5.624525292296105761e+00 4.314276044074794036e+00 6.663231600242397690e+00
6.557841050116886450e+00 4.568621522105020816e+00 6.703875854075030283e+00
7.097329537733652494e+00 3.381929933943673916e+00 6.388875146679618311e+00
6.598596724181572171e+00 5.469032519864852837e+00 1.956292814021088233e+00
6.399980580376550598e+00 5.588698971333888821e+00 1.567651145475879915e+00
6.628661242331062908e+00 3.739480038575969445e+00 7.163301079208220123e+00
6.813259074850108732e+00 4.325489812201750439e+00 6.730780402776298743e+00
6.633845938506521378e+00 4.824046021538355156e+00 5.230267202705633167e+00
6.424208316727002099e+00 4.604993735177493441e+00 6.169277154006845620e+00
6.586793026130802531e+00 4.644501027740234989e+00 6.548813070492577104e+00
3.650404843181041858e+00 5.110916318411750758e+00 7.335267399688712331e+00
6.426418287157874332e+00 4.480490964317859870e+00 6.364747121044164402e+00
5.735098449672925369e+00 8.251550435570010222e+00 7.504306013562086264e+00
7.022356176530122340e+00 4.785772382032708272e+00 6.579907364335081610e+00
6.587979036698208724e+00 3.428793749627710774e+00 6.486533996198785346e+00
3.981115442581529607e+00 3.650737420909943687e+00 5.472620296228180692e+00
6.771981399607365226e+00 4.103208431849211912e+00 6.501158642583376945e+00
6.652098437995975111e+00 3.241314213122591603e+00 6.848131416612201150e+00
6.312492344680796563e+00 4.784060744969251822e+00 6.259123044628385202e+00
6.480012499125617609e+00 4.375743974068139863e+00 7.476445709736330159e+00
6.955640862353975606e+00 5.132175108878000103e+00 2.062126993916952866e+00
6.839978604455916766e+00 3.308110736465490476e+00 6.419299425444677354e+00
6.242256573709491718e+00 3.438812728554017539e+00 6.727531693516706213e+00
2.802275861867940421e+00 4.689075414801274988e+00 4.717195198997099048e+00
3.961535829689537103e+00 5.316428297546536008e+00 7.653477963843505094e+00
6.571267347761527766e+00 4.501108878245616118e+00 6.099744573969120509e+00
6.052156029701823314e+00 5.174159384531151318e+00 1.844100966707155953e+00
6.818086920994762323e+00 3.727533648233718466e+00 6.756360102536638657e+00
9.508232039941560965e-01 5.407895641040484591e+00 6.474854029943418965e+00
3.572654897061737778e+00 5.405593196848903048e+00 6.677585867041324619e+00
6.215520881847758083e+00 4.266272702578829623e+00 5.967989205256473362e+00
6.752259566680328007e+00 4.495697680617847247e+00 6.755655111092386811e+00
5.965520220351330671e+00 4.479023985744186476e+00 5.097619819826905818e+00
7.196383304825523020e+00 4.140202049492027747e+00 7.168582091516658039e+00
7.059016222125150009e+00 3.762591591404842895e+00 6.188046658573425063e+00
6.588419992958545635e+00 4.000048275756357796e+00 6.087359092553948692e+00
6.881734536592810869e+00 4.171745977161767094e+00 6.364807756060326227e+00
1.090011440969563949e+01 -1.332992025962447036e+00 -1.697000384615230395e-01
7.002362617940083744e+00 4.000855543141094373e+00 7.206637008132645406e+00
5.949349590284106704e+00 5.913457774457124394e+00 6.872606857807811664e+00
6.098463599301193305e+00 1.252685442317759357e+00 4.892702887945478807e+00
6.602982751049426113e+00 5.260071283184100110e+00 6.708430149269249299e+00
9.636202911798804394e+00 6.336491125545864911e+00 -2.343795960164659908e-01
6.589221009616867519e+00 4.412793385845130700e+00 6.046378482856592740e+00
6.362380631091834715e+00 5.336770098874186630e+00 5.910140565281457370e+00
7.156917613874766104e+00 5.406785128062313817e+00 2.888745732153870538e+00
7.301826010787346277e+00 3.283925906629444391e+00 6.317043724278072148e+00
6.392461651280621382e+00 4.740726405407718502e+00 6.073348938741776948e+00
1.803594373466705036e+01 -1.797987509121163185e+01 -1.847267620887593864e+01
-4.986666703158229907e+00 2.829840414937538995e+01 3.315163197714449694e+01
7.222975913642679657e+00 3.394569577668820948e+00 6.762646840885249588e+00
6.739341647436683402e+00 4.238740471239541563e+00 6.503939110040559690e+00
6.987497186132274329e+00 4.182691579941872462e+00 7.196953626418302719e+00
-3.197048772243910264e+01 1.901128839037670204e+01 -3.280460206308271509e+00
6.431880552517138305e+00 4.317838506084613392e+00 6.572008297920081787e+00
3.575306123938685410e+00 1.176600011089026410e+01 3.783303245650743385e+00
6.217144720192403717e+00 6.710118967867497730e+00 7.124176554286136387e+00
6.297098520378918707e+00 6.837264378956493971e+00 7.032982775249196905e+00
6.403654813833298931e+00 4.879437713624509954e+00 5.788217819940964404e+00
6.801863128139304493e+00 4.355855565812471575e+00 6.805874211803152107e+00
6.105545584360144495e+00 6.016756385065249013e+00 7.188078894204483760e+00
6.664591568059595517e+00 4.769669100318390420e+00 6.152965638129695769e+00
6.844920671434863380e+00 4.209264785150173438e+00 7.031621085404101024e+00
6.942715904880149225e+00 3.823709815740830464e+00 7.116912177565595243e+00
7.685496562691644939e+00 5.395910212204233503e+00 2.276497886366890100e+00
4.592651398347312153e+01 -8.426144116919303428e+00 6.515952509673146764e+00
7.145738651892033388e+00 5.174558463465416480e+00 7.865309773346800704e+00
7.788666468398200315e+00 3.523969973449454507e+00 7.330463980962468540e+00
7.100372319989824987e+00 4.171465303112735334e+00 6.275241844236450817e+00
6.421190676532580355e+00 3.178162555907752207e+00 6.248871558323026321e+00
6.505247642999943736e+00 4.120290657304804149e+00 6.611076716928899089e+00
2.186261162064189634e+00 5.100064863677811644e+00 5.863887997651325179e+00
4.498150993391819341e+00 5.169199559538443012e+00 7.237698679820725012e+00
5.917523116160128716e+00 7.244235804447233029e+00 6.762267974705906681e+00
6.040689873484685890e+00 4.969985240422824191e+00 5.752301882966889934e+00
6.186529313904263638e+00 2.806985319632603115e+00 6.337963126360736332e+00
6.794642748636592344e+00 5.214031237347577452e+00 2.200073028306965828e+00
6.587640133528422481e+00 5.653192094286590752e+00 2.221791170105958280e+00
2.205056244437662460e+00 5.434551157933528387e+00 6.472308988243943517e+00
5.886082136593487668e+00 5.022283684461533504e+00 4.266428778274488742e+00
6.088569028233990821e+00 6.447476529485625107e+00 6.524555217881905733e+00
6.767925983622387065e+00 5.921403048018611059e+00 7.497096004764427946e+00
9.395929504524292497e+01 -6.227014188176835319e+01 8.431650068487807914e+01
6.803713052491568547e+00 6.324436418520413383e+00 9.450707261296527051e+00
6.673482839662000288e+00 4.852788314551397697e+00 2.655626870688797325e+00
6.431814236400104079e+00 5.172418557442389542e+00 1.754609840421928801e+00
6.761823373258300407e+00 4.325495172282264100e+00 6.778974563944739629e+00
5.039085981317064977e+00 5.821868234844347789e+00 7.128941921654208258e+00
5.624379612175720133e+00 5.466049161294300518e+00 6.478814580304605997e+00
6.514035606254019228e+00 4.791485333883262143e+00 6.973793182847629168e+00
-8.026043182941431553e+01 7.398975255438575971e+01 -8.220912572747587888e+01
7.980836128296294518e+00 3.569070192869128633e+00 5.924877344478149510e+00
7.121519053109054198e+00 6.595008138428881672e+00 4.161400921548210619e+00
6.615723565292759289e+00 5.344709231751064493e+00 2.237667520702650847e+00
6.021390663375663976e+00 5.979608825543312633e+00 5.714665418987504353e+00
-7.029740693290262854e+00 1.958896956923690169e+01 5.677976837525580578e+00
5.977238461192943220e+00 3.881534623550424001e+00 7.701802860007813223e+00
4.034008976913417754e+00 5.288553373647724598e+00 6.940315335033208299e+00
6.523137531548110601e+00 4.056562091095472056e+00 6.339298291410708330e+00
6.160702881977962342e+00 5.915313057683333042e+00 6.316545688460703190e+00
6.447626532856854276e+00 5.705640812095488457e+00 6.240043026963634887e+00
6.178120032411110962e+00 5.971416389108048506e+00 6.204236217104687867e+00
7.874328331091412281e+00 5.514888781715201915e+00 1.669343101252795947e+00
1.858086826397002866e+01 -7.558997887367429946e+00 1.016937817098898655e+01
6.681455760674634092e+00 6.175271314672231782e+00 1.999840828067801723e+00
6.784410097370686010e+00 4.446995342979557009e+00 6.881834592206986123e+00
6.706789943244413799e+00 5.056460695825793827e+00 2.126743021444043702e+00
6.535309134342698556e+00 7.581706519841683978e+00 8.359384651640560104e-01
1.080472674369385899e+01 1.009185203320470237e+01 -3.156277955716488837e-01
5.982465964436297412e+00 5.661843064466015818e+00 6.186007494601913237e+00
6.652556488258976941e+00 2.753020807305842865e+00 7.519076578028848878e+00
5.234508345404085716e+00 4.146370488670787502e+00 5.922223057239929034e+00
1.989972269931295834e+00 5.609906837917252531e+00 6.514255237686976230e+00
4.187868298187191307e+00 5.972683820288017031e+00 7.948774400465408618e+00
6.268907914067860965e+00 5.998043388063999615e+00 6.975645568809618169e+00
7.268096605719820857e+00 8.356179819541541320e+00 8.977006188175728596e+00
2.223316264885104587e+00 9.358057629383758069e-01 3.803992194027707274e+00
6.123491049845942058e+00 5.593371698040924933e+00 6.139625479137004405e+00
7.947765377741931481e+00 7.917959587992000614e+00 4.147407742628724137e+00
6.008126578244127991e+00 6.313286419567409880e+00 5.731059041510064844e+00
6.932803619042713805e+00 5.535516742621327424e+00 4.336340656795023563e+00
3.026572474369197963e+00 3.524920217316219961e+00 1.075050999326718326e+01
6.491977434332724783e+00 3.201182181330555210e+00 3.818780721535381506e+00
4.838628677747918161e+00 6.086851837367396101e+00 8.051288850192406699e+00
8.733953365874654651e+00 1.465205746159989886e+01 7.597301265018465699e+00
5.767982798288031177e+00 3.391085474525177723e+00 4.666813484321204797e+00
5.895756313631931533e+00 5.340200540039917065e+00 6.773869587517452828e+00
6.556177611192461008e+00 5.107624601565555089e+00 2.287782353816541381e+00
6.008593404431606722e+00 5.645889719428079268e+00 5.651783013729311023e+00
1.130110316113955182e+00 6.240462939395381881e+00 7.782208749206191989e-01
7.102163890621183917e+00 5.553408967389769302e+00 6.182366083387399236e+00
8.647803132285197592e+00 5.497847253274462886e+00 3.290893478618958312e+00
6.395305603812404982e+00 4.276336282204820094e+00 6.666231306366190879e+00
6.229787695539920733e+00 4.193039059652175382e+00 6.921071430328277430e+00
7.738711180301583781e+00 6.004050645864677627e+00 2.695463286882860743e+00
6.259823967997508731e+00 6.825953402192115327e+00 2.068283779413722101e+00
5.580575109961458224e+00 6.347127330186848049e+00 7.031806045114720405e+00
5.777398246269743076e+00 5.444889838766246548e+00 6.677833848626667290e+00
5.866543147818903847e+00 5.620111972319111970e+00 6.678842219164684124e+00
6.087585723521430126e+00 5.749344159561755596e+00 5.825758582450847989e+00
6.093437658935192403e+00 5.709566573548805479e+00 5.578596568494698538e+00
4.238109432375021690e+00 6.370272679165335461e+00 1.295956923814816086e+00
6.156917195134395726e+00 6.020542866934786908e+00 6.449868286846192511e+00
5.927764732419140259e+00 1.073856142534341629e+01 5.689355813319295407e+00
1.785667198462899119e+00 6.383752663519258519e+00 7.762695853773701415e+00
6.025598808291276143e+00 6.727546983997494401e+00 6.844274590519964008e+00
5.834343391714111426e+00 6.519176563219098774e+00 7.027110321901650636e+00
4.018403618108989939e+00 -2.915144814442776067e+00 4.429592248613777983e+00
5.764641955044154997e+00 7.527521992581746701e+00 5.454907107025238844e+00
6.088025831918430164e+00 5.826473325812481008e+00 6.348739163506085248e+00
6.625056103188281753e+00 1.074899699720055501e+00 7.548537042222461579e+00
5.149278539688799228e+00 6.035011336440881280e+00 7.687736038968791874e+00
6.170419566998436522e+00 4.323301306987136883e+00 6.997515087542726775e+00
5.939829466519324086e+00 6.817721835045210454e+00 7.141212729506991153e+00
6.385963077625551598e+00 5.258807371856473623e+00 6.605987762957120424e+00
5.359557001723496583e+00 6.754782190881033266e+00 6.992414074538176649e+00
6.148662265035018670e+00 6.106282697260742687e+00 6.204492327220576087e+00
4.993334088865553966e+00 7.544482746518646366e+00 8.399086815330601752e+00
6.268378916646233812e+00 6.649660648477619951e+00 2.328171557310040996e+00
6.535949180574862183e+00 3.409877265503529209e+00 7.479861673083136431e+00
7.189749407403154713e+00 3.807144508756389989e+00 3.648648358105496037e+00
4.997992604531848571e+00 7.353362370342047427e+00 6.690211093541496012e+00
6.671171804542876949e+00 6.629017189104267516e+00 2.203217328358540783e+00
7.011619838561033546e+00 3.746298021847820792e+00 6.196993663976551048e+00
5.412682991780208397e+00 9.057842013509263879e+00 8.195961104665771657e+00
1.803290363764534110e+00 9.593409756668959787e+00 8.570011588469128583e+00
6.234232016376596519e+00 5.469234636194784116e+00 5.571516979933477387e+00
6.422950634806510628e+00 7.783823948837141238e+00 6.608563722001498775e+00
6.527572977433473866e+00 6.378939016866944201e+00 2.103620413172270887e+00
6.149568761728976263e+00 5.971201143694683466e+00 6.384253685526656952e+00
6.236891306822338166e+00 5.619335369744890230e+00 6.061487749443566386e+00
6.338684107219595631e+00 5.626448856971080659e+00 6.073617737750273804e+00
8.402724523336168261e+00 6.466332635282810770e+00 1.976619297412899767e+00
2.084230637984676004e+00 6.520188276626311286e+00 6.350300918161728703e+00
6.395720665275149486e+00 6.832551158654504242e+00 7.086780773030161740e+00
6.293820767746619360e+00 5.968725040256423142e+00 6.479336576306357287e+00
5.535873465416886852e+00 6.617258868249241921e+00 6.713351982227512948e+00
6.292748858450731397e+00 5.613770522655532780e+00 5.948336453357311981e+00
5.912427983092436889e+00 6.170066028437120487e+00 5.967332527941682230e+00
5.568017024262109871e+00 5.358079138804053621e+00 7.340239534444210179e+00
5.324288241035517899e+00 5.423568804921838016e+00 5.043338262461789512e+00
6.229426958735389874e+00 6.464253547990394644e+00 6.189698287145777300e+00
-8.747198596474767385e+01 8.594901057200897299e+01 8.687924437206889650e+01
2.495614512643077099e+00 6.705492535050168179e+00 7.402038994398045801e+00
4.218747663632284706e+00 6.916586865059618283e+00 7.939867814642996180e+00
6.060540715607536377e+00 6.981038306610122035e+00 7.458955452148525289e+00
6.848019198548936259e+00 6.601074775787919791e+00 9.690128015423615793e+00
6.451566811619939834e+00 6.066615437407965494e+00 5.018694251052779443e+00
1.010081712745322591e+02 -7.332721160370456914e+01 -7.152388775714281621e+01
1.453284141922465800e+00 6.846679461653264909e+00 8.486696189324128170e+00
5.697996061514861488e+00 6.877924783434841594e+00 6.521114002245223418e+00
5.781199624893359257e+00 6.558918552683227432e+00 6.815677842172409129e+00
2.322970118824301267e+00 7.226409672518185445e+00 5.124174432270352852e+00
6.261873524035066474e+00 5.939234784292469982e+00 6.513288325527192058e+00
9.756857994395881306e+00 5.633322201349101555e+00 8.865922508299867388e+00
5.544904877882306238e+00 6.612270227108165699e+00 6.383365918018341745e+00
5.305774207951064803e+00 5.461477932537157187e+00 7.217943433096388972e+00
6.280750731363119677e+00 5.259327788693773265e+00 6.173474818058775071e+00
5.741997641130510033e+00 5.804971845665025221e+00 6.479997724243861335e+00
8.108663079454160538e+00 6.568905197123007689e+00 2.639844114340722303e+00
6.301529989146881228e+00 6.892344211952372568e+00 6.943604655098047473e+00
5.842987965754128155e+00 6.386212551189949238e+00 5.166856270083497016e+00
3.679652205938617193e+00 8.277030296911908280e+00 2.334795068513857430e+00
5.738456173812835459e+00 6.667987123346293288e+00 6.719130784809212997e+00
1.084036309713647839e+01 3.188521571756935735e+00 -5.295859659346374926e+00
5.429759145899129891e+00 5.672951849244645572e+00 7.031546885774636380e+00
5.555829003085973383e+00 5.978182113256312213e+00 6.463817296833846981e+00
1.360254678198268952e+00 6.976030976362181946e+00 8.226838997516457752e+00
4.313767328578352434e+00 5.697472316304281748e+00 7.112263869541568084e+00
5.301241378460926690e+00 7.257558777157431251e+00 2.074645134639303556e+00
5.586345637534668285e+00 7.153418949892245138e+00 1.745100087541129774e+00
5.752640741793410228e+00 7.004312774565368827e+00 7.225407411866273222e+00
8.118220074515090090e+00 5.060095727761673601e+00 1.508409456477270982e+00
6.833540603520353862e+00 6.310723225676042603e+00 2.019133741283023475e+00
5.151698884318261840e+00 1.178183301635537461e+01 8.537662028168327311e+00
5.521477997039571761e+00 4.612858448510739784e+00 6.367497707403352081e+00
5.572839053422121047e+00 6.289257901315902899e+00 7.133846575574103177e+00
5.754105339050067158e+00 7.049873641661238644e+00 6.862544249812309261e+00
6.062343744377059807e+00 7.106815256632136979e+00 6.971150359148328590e+00
5.800569353110510029e+00 6.894655579911290744e+00 6.766395916243487463e+00
6.176292288632708072e+00 5.842622747846193398e+00 6.625821565737171071e+00
5.347101839808066082e+00 6.974507106840629689e+00 7.052193162610093324e+00
6.515577323297575774e+00 1.388681564604116847e+00 6.468672309120151453e+00
3.822057950492039780e+00 -4.983601770487708471e+00 2.037554397065764888e+01
8.925634116161408338e-01 7.243024827935688137e+00 8.514859287649514386e-01
2.884050422618626541e+00 6.771917220279981109e+00 8.173469110976661511e+00
6.443526557605570915e+00 7.128896763341580289e+00 6.813249461697378884e+00
5.708048242488394486e+00 6.464887120604124959e+00 6.760638853453411201e+00
9.385255421921412378e+00 1.959201444850882012e+01 -1.872424625456996239e+01
5.931216870815419817e+00 6.180186778317338536e+00 2.007591704379137365e+00
6.015916989673184112e+00 6.248422602875124632e+00 1.956559386836519643e+00
6.015502892694107651e+00 5.791560340036611798e+00 6.112712537304140881e+00
5.869280570253483376e+00 6.501599657041996494e+00 6.742392012276253510e+00
1.079510927351581628e+01 4.748717360229682605e+00 2.055541512821383421e+00
6.254150652957806145e+00 7.108318168888008159e+00 3.741970631208374698e+00
6.271112487728346174e+00 5.952953056399730158e+00 6.685413060855876388e+00
6.205075672497173400e+00 5.696577823391315576e+00 5.792613807131409054e+00
2.449163556346654502e+00 6.982656493333341707e+00 7.779065402538785534e+00
4.860936592557490776e+00 9.670733341277379935e+00 -2.640427291886612071e+00
5.674770572525235757e+00 6.423739962048166774e+00 6.793317948699964859e+00
5.397164353696322081e+00 6.758059366300765980e+00 7.141867246102806099e+00
5.576963208380576020e+00 7.092752827304457774e+00 7.562362939049784849e+00
-1.122080849088535004e+00 9.189787100764679195e+00 1.333370952984005875e+01
5.641404499569373954e+00 5.491849158094881389e+00 6.759590777163055009e+00
5.475989473338138680e+00 6.094240777723650027e+00 6.903077772416279956e+00
6.348176894007401927e+00 6.364524820178853126e+00 4.931512577813665921e+00
3.374030323468987547e+01 1.089647669964770316e+01 -4.486153259820222416e+01
5.393522194391874969e+00 9.177992460481217307e+00 3.654482893406585831e+00
-1.275727119616227798e-02 9.597605952888887515e+00 1.231818889584559606e+01
5.768808993571692412e+00 6.470157070717768022e+00 6.840023807173198023e+00
1.557414174518692640e+01 6.024003804886258528e+00 -5.453430302453156742e+00
5.742299344677729067e+00 6.551993895346718944e+00 6.424664325769724016e+00
5.556369369346102260e+00 7.191133873633403617e+00 1.788208979659460240e+00
5.954734547210041029e+00 7.615467009544437005e+00 2.375900515515118272e+00
6.250109890656990075e+00 6.011003072466733599e+00 6.490047081972502241e+00
5.878182546829551214e+00 6.582692731732675107e+00 6.565009933720565627e+00
5.284147392785502717e+00 6.576562192173264876e+00 7.045298635993598957e+00
5.277817101160688473e+00 6.474289955426883125e+00 6.716320210644301625e+00
7.016251362996641205e+00 1.204935598530638430e+01 6.212986323683434620e+00
1.098642579150500342e+00 7.877204583656348014e+00 2.730100841925390043e+00
8.791882167540315152e+00 4.123272131355538050e+00 2.972434876394983050e+00
6.252920284967291131e+00 6.390117375136056488e+00 8.191883771157646876e+00
5.729772558101839941e+00 6.684710013014074192e+00 6.494477148401974986e+00
-4.507490450293307305e+00 8.616531323738215065e+00 1.883122166852483304e+01
5.623733229115325472e+00 6.802052957656267829e+00 6.802922571739236091e+00
5.545169954731961504e+00 7.197685394609523613e+00 7.208755945338284121e+00
5.405868661832538002e+00 6.475761662090713244e+00 6.658934396490257868e+00
5.583666476902693354e+00 6.148388851951093415e+00 6.831892369423959721e+00
9.537347476568614368e+00 -3.334167394600797252e+00 1.283298306591374782e+01
-2.430510176482704665e+01 4.076223332072331118e+00 6.040419995591844327e+01
4.947084220446785530e+00 6.797416586439549491e+00 1.542034705183911836e+00
6.604449742972847481e+00 4.642932474600545589e+00 9.829883005612950697e+00
6.066336786640170509e+00 6.715671651021075661e+00 7.444602950392337881e+00
5.495617641748944848e+00 7.233860064475321039e+00 7.524271173968385185e+00
4.903824764146278881e+00 6.125865663880595946e+00 7.168617149571746339e+00
5.868400648588592006e+00 6.780457739435895803e+00 6.818003426753877605e+00
5.762043263706473795e+00 6.476916851248663676e+00 6.866629863546455326e+00
5.817487382310879696e+00 6.579673557705570275e+00 6.632900042748207881e+00
9.544892498647331536e+01 7.476178521931093712e+01 -1.443591786043848799e+02
4.735753752619231705e+00 1.346601649302484827e+00 8.233695611032532113e+00
7.726608368608659516e-01 8.810387119092887076e+00 9.331489040523255341e+00
1.734350922020740038e+00 7.596132651532485625e+00 6.614254106022627866e+00
2.298190603826679279e+00 7.468853006198223454e+00 6.589494180866040551e+00
2.073157181733366272e+00 7.496342396214977555e+00 6.447331099943501620e+00
5.636453872653409469e+00 7.079899205772090198e+00 7.477051692122513415e+00
5.642599643337970150e+00 6.500058830208285343e+00 6.411914300656398780e+00
6.504787109698957792e+00 8.073560490031661985e+00 2.750849708204873068e+00
-8.329492676897953629e+01 -5.878061586915583092e+01 1.572418953562291506e+02
5.517356452086170648e+00 6.254642384198236371e+00 7.179853963764416314e+00
6.398848161821989677e+00 7.627136630929847172e+00 3.751738766674129977e+00
6.406843230098099973e+00 8.186448119400644430e+00 2.617447054704012288e+00
7.902098813713788417e+00 7.159944290620360974e+00 6.984292741568588703e+00
-4.049322046074459891e+00 1.885423538947748057e+01 5.110122105875245069e+00
3.390655121065844213e+00 7.843071760356336242e+00 9.293635424025004088e-01
4.219507683369918105e+00 7.494382532692146270e+00 8.102249636100777863e+00
5.959989556817888001e+00 6.707575603534694508e+00 7.222236962065778698e+00
6.458133562257369675e+00 8.096268549366932632e+00 2.516598381483138080e+00
6.029450227516896632e+00 7.676394620813400849e+00 2.408808422532116467e+00
5.224301004834355666e+00 6.470029749719516943e+00 6.616606455695826838e+00
2.613128141842134600e+00 6.441072377262356596e+00 3.827940091464975936e+00
3.205595758649359084e+00 7.848910158969481188e+00 1.074556560338286060e+00
5.548214359412447116e+00 6.414963288670392672e+00 7.290379849021976888e+00
5.826259428492896575e+00 6.428695667623347987e+00 6.864722160684413765e+00
6.003045514439740771e+00 6.354140430838794984e+00 7.625616879905528833e+00
5.587588468092738125e+00 6.583446827183855987e+00 6.973856121217247406e+00
8.483063096317506435e+00 7.733090180061930496e+00 3.458536488189845493e+00
5.532810066336252497e+00 6.835467838259560835e+00 8.204878446277444226e+00
7.929081015606980642e+00 7.250198502377605436e+00 6.864127833681523683e+00
1.976260543283788751e+00 7.770653198048211863e+00 8.330002825680089984e+00
5.835538899691680825e+00 6.745354296077367806e+00 6.540766713997343551e+00
1.039591972192538183e+00 8.345386417237557808e+00 3.218582020172398916e+00
5.373460996337274587e+00 7.055150014417996829e+00 7.113262951393522826e+00
5.809456785119199829e+00 6.496306954309805093e+00 7.482118228731603260e+00
7.400370475479261856e+00 1.078748689952605133e+01 6.654495918901776719e+00
5.761527639564882008e+00 6.586524778618148446e+00 6.361233972187182673e+00
8.810810024334607249e+00 1.661523943506479384e+01 5.643935525119911034e+00
6.226897774664930552e+00 6.429380303778691186e+00 6.748431641155802296e+00
5.515123846895149562e+00 6.433179534302782443e+00 7.356973523143919280e+00
5.724681358038865575e+00 9.449682543617054620e+00 6.910394687388611956e+00
4.642975263932447305e+00 3.322242345728357193e+00 7.655158218690448990e+00
6.337096091530506570e+00 8.951795745336962540e+00 2.895476985050756014e+00
1.086000462439106862e+00 8.568381089149536223e+00 2.966677357102031731e+00
4.868092794555890279e+00 8.001296813351991943e+00 2.862978854250568972e+00
1.418166081745360962e+00 7.689196867090229759e+00 3.774842705175476709e+00
5.460449629449757758e+00 6.481836289158387387e+00 7.140965404748373047e+00
5.180382011351889027e+00 6.600993431616936746e+00 6.845901848811992707e+00
6.972833481175064740e+00 7.863474072414057048e+00 4.139290957699702567e+00
6.403891930385372966e+00 8.325438774080449633e+00 3.270098546595697542e+00
7.051063621695105255e+00 7.762914684965011247e+00 4.152092815028018080e+00
3.870356077919947957e+00 7.749244195087250375e+00 6.341465373703448982e+00
1.720016466887901885e+01 8.981017279948787291e+00 6.282550191080795265e+00
5.211209342600246153e+00 6.970546124597637672e+00 7.477218691321681376e+00
6.652929513187645583e+00 8.040846128825975825e+00 2.875717921586610881e+00
6.648863696019853720e+00 7.702909663556548381e+00 2.346852489851567025e+00
6.453129696759133616e+00 7.535918924433934407e+00 3.608076479465016195e+00
3.987069709465785650e+00 -5.357690115104802447e-03 -5.398761225646797612e-01
-9.351100032868203016e+00 -9.162672287572402752e+01 1.412658110723119265e+01
5.826968993052791035e+00 3.644735425793445671e+00 9.266090920738808023e+00
5.887133627697777705e+00 7.226957278502309734e+00 5.656270293329286325e+00
5.284262687236182643e+00 6.296660838280459416e+00 7.133762797668151023e+00
5.185534441970840902e+00 6.705891486441919014e+00 6.841207421673209055e+00
6.574583625366635431e+00 8.112265146549079375e+00 2.780385225270075367e+00
5.994161322252003821e+00 6.044615216212525510e+00 6.920330426860381579e+00
3.214328812939394986e+00 8.002450385958649548e+00 4.174884585634084821e+00
5.866234908761548184e+00 6.287002762284576107e+00 6.587244426801994734e+00
5.581840471410145277e+00 7.036533583176607820e+00 7.215625101977190425e+00
5.297705591072812581e+00 1.155790305072066815e+01 6.931488958259585331e+00
8.260187797187892755e+00 6.220946925517143455e+00 1.551487659901568339e+00
5.012497723290024076e+00 1.032233888006280864e+01 3.806981878341314296e+00
-2.074775629010120248e+00 1.129812364345028719e+01 2.834894374490586788e+00
4.516326783596013250e+00 5.833855288598794431e+00 3.965607858016531484e+00
5.990148028675752911e+00 6.268512780794196715e+00 6.671322504753051774e+00
-7.159666222174755568e+00 7.806518336661456559e+00 -2.616325251964086718e+00
5.453830943848446466e+00 6.447367205682169811e+00 7.038097221629842082e+00
7.319830100111948568e+00 4.368734702660455937e+00 -1.395444354473277526e+00
6.627433244396714329e+00 7.414293265797819998e+00 7.092879780310160420e+00
8.386752314245496720e+00 8.341954628929521220e+00 2.109155919568074911e+00
2.718285860218398398e+01 1.086154751782713959e+02 -6.678904309356408220e+00
3.767807577075981129e+00 8.225699692086903880e+00 3.912979766786636837e+00
8.134891029935104712e+00 8.165632719000649686e+00 5.257957901620704533e+00
6.155264089881587353e+00 6.628495790126722298e+00 7.175812404724831062e+00
5.846872317114993223e+00 6.642591113674956915e+00 6.893128472023928310e+00
6.692350914390650551e+00 8.215827137983724882e+00 1.386609425540418883e+00
5.513135883337485055e+00 6.222019069678857761e+00 7.567049931413954766e+00
5.417072397741856449e+00 6.490179955713824000e+00 6.741344787778988490e+00
6.619667846989565341e+00 3.624310545081743662e+00 7.589068071123550752e+00
6.466476344499280771e+00 8.001546711099818410e+00 2.633201528191512431e+00
5.009028265997878648e+00 6.020127973933806942e+00 7.082377323584545081e+00
6.222007007505063747e+00 5.392928188676027190e+00 1.425075054371532257e+00
2.890914120702716517e+01 3.552133490523859294e+00 3.088930440572025660e+01
5.484440097385004265e+00 7.380902392885731800e+00 6.704382314179677671e+00
5.698979862073286107e+00 6.151512470460454907e+00 7.150644765142516235e+00
2.054858355577797724e+00 1.280330671936456710e+01 8.624462082160482268e+00
4.669614605430382426e+00 1.178170427501158990e+01 7.544275040228018980e+00
1.363072612420248220e+01 1.478565181452298027e+01 7.474432046346672909e-01
-1.500450390237664600e+01 1.389637930530178167e+01 -2.628538733204457145e+01
7.607793465355245033e+00 7.788717210905895527e+00 7.162230962216758812e+00
5.275762320561053542e+00 7.291378391799579362e+00 6.788689993287695401e+00
5.306009574241580040e+00 8.179222773317563977e+00 2.537121673110577902e+00
6.678257505881289191e+00 8.215763363828409993e+00 1.388738587246439948e+00
6.682571625396175996e+00 7.690692770777344478e+00 2.864771865017815777e+00
1.814960901901678980e+01 1.114839594254371846e+01 -6.562611528739722644e+00
-6.811469342991069098e+00 4.944888553416307175e+00 1.938767169621966246e+01
7.476472076181128301e+00 1.193013110884925965e+01 4.938149510491042449e+00
6.448221726322880265e+00 8.145475728833632800e+00 2.789469856065916353e+00
6.933447107543267762e+00 7.790463234844688500e+00 4.104023476571079243e+00
9.278638088803764505e-01 8.791927690594166123e+00 2.741452253022724772e+00
5.074665516177344848e+00 8.254729553590566482e+00 1.791122570892693666e+00
6.701101567829800487e+00 8.220825027361286175e+00 3.218092865706205785e+00
7.512224295382686989e+00 1.279409503002782778e+00 6.754165510999634137e+00
2.684679435867317920e+01 -3.432861924896303663e+01 2.530934285076334334e+01
6.121095082440980661e+00 7.715634953461703915e+00 4.715268896561319423e+00
6.035395944242724298e+00 8.412194672571029486e+00 7.129921978142547800e+00
3.566161550760945653e-01 -4.076727071956284476e+00 1.200255317781185127e+01
8.567928650154557957e+00 8.246041730501799449e+00 6.310083172209657754e+00
7.451679788136043037e+00 1.790588956261872511e+01 5.194737579019244933e+00
4.188817612294680970e+00 8.180652701045648456e+00 8.478498705951619030e+00
4.615381633103406323e+00 8.157278987912432555e+00 5.295089406914681440e+00
5.819679149892819758e+00 6.932708006533605527e+00 7.137746178747589099e+00
4.079690204533316944e+01 1.088771468318653390e+01 3.037354801791178716e+01
5.985514226355393319e+00 8.467627429388567606e+00 2.914323274165312672e+00
-1.622943475708477479e+01 5.201658211067955762e+01 -1.391128951590272322e+01
6.365934522963642372e+00 8.059881207381685897e+00 2.589545598332095633e+00
-4.555672240748829815e-01 1.415835569355072376e+00 9.016444437692996416e+00
1.445302279030043913e+01 2.078095580516825791e+01 -7.576037283336134465e+00
-3.174140775235370171e+01 6.262309363043865318e+00 -1.571648596666208952e+01
6.910471837950925789e+00 8.056812057301369734e+00 2.902886817919045459e+00
6.252120056615070531e+00 7.983336872390292882e+00 2.682337712426259735e+00
7.017587721349954677e+00 8.119724911437423032e+00 3.104041597377747319e+00
5.570778827653830589e+00 8.958759268200084946e+00 8.311839797334791058e+00
6.210659802555329456e+00 8.029453173732559179e+00 2.303104043745155760e+00
5.561989071287537278e+00 8.110833311866608497e+00 4.614506821842027762e+00
5.235915030190631647e+00 7.616178706196210513e+00 1.068438840666553480e+00
5.750443295366205021e+00 7.718173304420849590e+00 2.287454109899708765e+00
6.856996997716585440e+00 7.874116083513978737e+00 3.003588909686711883e+00
-4.825328302742033060e+00 -3.224777720041538398e-01 1.421826390669758133e+00
5.633336271826578923e+00 6.724398823148925786e+00 6.798217414864081931e+00
4.755224316218309433e+00 8.038078743276791727e+00 8.245160086860581217e+00
5.402721252407087782e+00 7.886439832245590864e+00 5.226694570646033711e+00
6.005526053689008492e+00 7.012677720614401977e+00 6.965536127789068388e+00
6.680861478676860976e+00 7.947169942306084423e+00 3.570366310741229121e+00
7.049828986001727138e+00 8.300475980581900615e+00 3.094543099475200787e+00
3.101698024060196568e-01 1.644430631819310662e+01 -2.381347712609833245e+00
4.834932668870257189e+00 7.999443788041750381e+00 6.997508673869587525e+00
9.014908985155065224e+00 9.264076057057270219e+00 1.233054674573986631e+01
1.501287147742665251e+00 5.806924006617190770e+00 2.033193838021557731e+00
5.496012992184359902e+00 6.664606508312338917e+00 7.020755131748833477e+00
5.965029842125535886e+00 8.367580479880569300e+00 1.809065412304696085e+00
5.899273095248137366e+00 7.546075211435628205e+00 5.910547575394090813e+00
7.297986346088261911e+00 8.369960557781729094e+00 3.505536989191935682e+00
9.351643702302014916e-01 8.857103132677037749e+00 2.960374831284700026e+00
5.481997085297648731e+00 8.184817837812087049e+00 2.292169176738396263e+00
6.588080410889817884e+00 7.418284504849912864e+00 2.711845095090057445e+00
6.589072530107208614e+00 7.945160867889363487e+00 2.805807272622056203e+00
1.385319271054486023e+01 1.607400895091839033e+00 8.868937204325177959e+00
7.091422264391670893e+00 8.296536786750053238e+00 3.257881732594260171e+00
7.721419772009161520e+00 8.540819938778444254e+00 7.850885765033693175e+00
5.860980805707420416e+00 1.467310034012747089e+01 1.530684978454877410e+01
3.724339197124826750e+00 8.656862495517989586e+00 5.145190861285173334e+00
5.556931778515330933e+00 5.326345361947252499e+00 6.538812516881043813e+00
5.582634113711950619e+00 8.199652247002548577e+00 4.659082047474989885e+00
5.572989265708561568e+00 6.873879305723344046e+00 7.147904981706489913e+00
6.941404975502326380e+00 8.415496724955588093e+00 2.745248734756311926e+00
5.888052933713455950e+00 6.929415555446862385e+00 2.720742228991140710e+00
7.467973963874712240e+00 8.561300154974595955e+00 3.044865763282571969e+00
-3.831568115876826663e+00 3.867563149754961849e+00 -2.524438266564957623e+00
2.784894971779709572e+00 8.995201101202360050e+00 8.819986108847778894e+00
4.956314955777416209e+00 7.625133181104134295e+00 6.981782467165368544e+00
5.252579396965492364e+00 7.249178178491835212e+00 6.981279181465896322e+00
5.438440323303475488e+00 8.006787590252400832e+00 5.396065962008917971e+00
5.314187727752728740e+00 8.047434913454285521e+00 5.570218003430189135e+00
5.239866063850205258e+00 7.889051100493025714e+00 5.219525138071467119e+00
5.441905627521254729e+00 6.736930592851521737e+00 7.145300788014527171e+00
5.443234078797305919e+00 6.868546195444629632e+00 6.999129958385962524e+00
6.558737581641816305e+00 8.051730034463272290e+00 2.951704137250806159e+00
3.804324451579173427e+00 3.872588665690101628e+00 4.592679481950236564e+00
