3.044000733607419296e+00 1.045385010168522921e+00 6.805330795796732168e+00
4.147137940204313367e+00 1.418960409360101149e+00 5.260281040932418328e+00
6.048500098674709058e+00 1.588131110817014857e+00 2.263418612743928193e+00
5.632199473375534282e+00 3.124457373779808478e+00 4.990922850701700497e+00
6.115734378166969520e+00 1.155544673668935207e+00 2.022271270403316556e+00
6.890424882949799823e+00 1.777605845681755170e+00 4.296774307118005787e+00
7.002186004949538578e+00 1.642131617379980923e+00 4.027988519897535369e+00
4.991149340106062482e+00 1.872097281367683941e+00 6.592889903277592722e+00
4.890488831835563488e+00 1.309816455433037374e+00 7.887070052119451447e+00
5.921410675965415038e+00 2.815753711809209747e+00 5.451261584645318514e+00
6.192937249974068692e+00 1.258746277370021538e+00 2.064988140422139296e+00
5.725085608034945039e+00 1.926239891761536427e+00 3.652515250579639439e+00
6.798267540839514567e+00 1.667827436178309419e+00 3.895670035749787985e+00
7.460866666181971141e+00 2.199598389994560144e+00 5.598302753906368778e+00
8.128376283417413362e+00 2.071706778622880663e+00 6.553243558976431515e+00
8.223237194345815126e+00 1.988248222557064127e+00 6.987342960700500427e+00
3.898934814087083645e+00 1.378230881325848811e+00 4.472729810623668811e+00
4.543814566258336463e+00 1.694971794430462531e+00 6.385632627920891480e+00
5.752190885630827921e+00 2.410570432248461348e+00 5.023873480071859632e+00
5.828138504824643462e+00 1.198735959658722816e+00 2.092751176158457849e+00
5.747955920259941287e+00 2.916251120058357849e+00 5.625974030785819480e+00
5.846156418785541042e+00 3.240094686202454444e+00 5.767600929617358929e+00
6.391620610849281015e+00 1.001275362341055741e+00 1.324785070956096211e+00
6.409839553793756473e+00 2.505869120912516124e+00 6.487219265310011806e+00
7.600222112455815804e+00 1.837885436489384627e+00 2.483564471290218290e+00
6.365110491374382562e+00 1.745163923666081640e+00 2.586104218298039825e+00
4.588427939641792186e+00 2.136089934348532005e+00 1.521136471254870726e+00
5.847217150740364744e+00 5.733828612238497380e-01 2.343506300870376702e+00
5.838296078453874216e+00 2.766822125339965410e+00 5.234174813402784565e+00
6.493145287403683241e+00 1.487855843462819738e+00 3.267500829129869722e+00
7.245969909731087455e+00 1.330849007983432530e+00 3.093099498253304880e+00
7.020266387633933292e+00 1.550488859694632016e+00 3.187107665341104568e+00
7.331407675754767261e+00 2.356428653200886014e+00 5.695230032489276617e+00
8.630295195340167425e+00 1.058666267563469710e+00 2.103242321836714002e+00
4.892555897728462888e+00 2.071993502758699535e+00 5.921714282837248433e+00
6.107686284144405064e+00 2.179186920272448091e+00 3.316752084351747509e+00
7.671960585851774539e+00 3.350017940770809943e+00 3.477205043793494266e+00
5.893862843212852809e+00 2.053382376055868708e+00 3.275626485456696990e+00
7.604816652168899793e+00 1.490383386266056931e+00 2.593375951507129074e+00
1.105105356646088488e+01 8.883258064529636622e-01 6.831390375455081099e+00
-3.741617877950234483e+00 7.328566387644277924e+00 7.786759300151124386e+00
5.573704505101364504e+00 -3.687251373610470062e-02 2.197171716538014241e+00
6.030746368547129421e+00 1.664384732608772843e+00 8.248725833622058801e+00
6.879896002352492879e+00 1.661020679625872187e+00 3.163649601099218334e+00
4.821241306273938321e+00 3.060962180261815213e+00 4.698096202313348790e+00
5.757428943819198786e+00 -5.283678031930779895e+00 -1.652693603652146681e+00
6.023497767254506030e+00 1.884979849331679613e+00 8.476976836278396377e+00
5.876498966606167329e+00 2.748443181933721835e+00 5.585977232013425109e+00
5.788350484867049062e+00 2.750335062670953956e+00 5.245779472642278840e+00
6.130992085469322284e+00 1.478478687213988563e+00 2.771658493757910513e+00
8.047677071374671698e+00 2.530478046582037788e+00 6.996076583243208802e+00
4.451957740551369724e+00 1.800829187072783943e+00 6.424550460961174103e+00
4.614414787966811815e+00 1.328469503622284664e+00 1.936507525113699391e+00
5.968317631729133765e+00 2.935134713219472946e+00 5.649456066981052516e+00
5.944511138050527776e+00 1.704151450826455250e+00 8.318683249946774438e+00
6.102600676284835934e+00 2.542979938232147852e+00 3.873549348600819453e+00
6.060876744858664900e+00 3.383209382572528234e+00 6.098598963840957232e+00
6.014736207031620374e+00 2.951063970666712777e+00 5.826091509638811061e+00
7.011463805680798522e+00 2.826672684523939161e+00 5.815744455016606196e+00
6.739554058241351342e+00 1.078692720390536319e+00 3.451310290962129823e+00
4.868089333027231902e+00 5.074929447714754405e-01 2.140656904264500504e+00
-7.495469878185613943e+00 1.145341885726061015e+01 1.827657700503200999e+01
5.950248832119746645e+00 2.724253489764559610e+00 5.323847774726650606e+00
8.041676061875872250e+00 2.160977899603993446e+00 6.657218010940074038e+00
8.777025956420095198e+00 1.495313913367458447e+00 3.236322855159615486e+00
1.951975626461776159e+01 -7.771100811770681460e+00 -8.389215538702478270e+00
1.069099724363313086e+01 -4.204259673180664736e-01 -2.640079310116997813e-01
6.510617374470211161e+00 1.870062432983316203e+00 8.232483060778466921e+00
-4.362282752962501320e+01 -4.233296411782509239e+01 -1.357144747219920866e+01
8.031120467281869679e+00 1.863223894384271828e+00 3.963497650497908698e+00
2.187589437991540375e+00 1.862548515780116265e+00 5.791421220818781634e+00
6.923028107051083069e+00 3.688636266053864077e+00 1.778510165965931922e+00
6.168361181433877682e+00 2.806994661017947479e+00 6.015718322111807126e+00
5.973264805837479763e+00 3.080365784357965264e+00 5.814292007903696380e+00
4.653562972253616259e+00 3.023382273641001206e+00 5.622634976562110865e+00
5.942999896190207743e+00 2.877712867230477478e+00 5.368707384834864094e+00
5.811672654283560391e+00 2.901451358606756958e+00 5.844159268504328431e+00
1.985639163928394346e+00 3.978708980059082911e+00 7.334541932966657463e+00
6.299285844867137385e+00 2.083916090040049074e+00 8.335989070928913947e+00
8.040569180026043483e+00 2.355681344944956290e+00 6.947904871029234819e+00
6.797509388645351258e+00 1.743889464111396670e+00 6.190975295902719999e+00
6.041479146777067655e+00 2.602447315031512165e+00 4.811581863112254887e+00
5.894364075725638585e+00 3.399209639327314125e+00 5.848954237638000819e+00
5.753922882837062325e+00 2.489208306021561512e+00 5.270460492826943621e+00
5.971660781782805572e+01 4.543439033133211069e+01 2.814478560338518420e+01
7.558909324406313246e+00 1.848190880257746471e+00 3.849806476957846613e+00
3.929422916396652532e+00 3.529320662868830283e+00 5.023077927192211689e+00
7.956838045789302427e+00 2.407736891041195815e+00 5.255972446905808226e+00
6.321932765985902591e+00 2.907286235423997667e+00 5.667983283478098322e+00
5.896719467878304144e+00 2.841674270475837094e+00 5.644904795478600690e+00
7.319381627692330028e+00 4.440927513975799101e+00 -4.474541754672832772e-01
6.957389478101619673e+00 3.646845335182491876e+00 6.660517195484914943e+00
7.896571604333576744e+00 2.506912482525299968e+00 7.042593166437175256e+00
5.723479804943769622e+00 2.573726383638429205e+00 5.722639632779872976e+00
6.140499519695098662e+00 2.700847411234267526e+00 5.782093918214878059e+00
1.009303526458188571e+01 2.714376052531277672e-01 9.999446415454038117e+00
7.216437109624511237e+00 4.770192472016809404e+00 8.069280007502415586e+00
5.121107653726943099e+00 2.122528354583335997e+00 3.059195359005239645e+00
4.523494972690820681e+00 1.309074733443978289e+00 6.769740016682062489e+00
1.200776701349147935e+00 4.733211586511336222e+00 1.329344275327850600e+00
5.938896302192719467e+00 2.625437977760212593e+00 7.682908260371717368e+00
5.927173742049021143e+00 2.518906486717155335e+00 4.017852185409001464e+00
6.197225991545680657e+00 1.751211600364153576e+00 2.663694385177560520e+00
6.424454264222729805e+00 3.426573397356765582e+00 6.340262014692550352e+00
7.053049119932015110e+00 3.786812757112029360e+00 6.532160345990747352e+00
7.775266841606860879e+00 1.676986348176569885e+00 2.535080632939031187e+00
8.363074796280894674e+00 1.982562683090999478e+00 4.257630058200172485e+00
5.868686310117325888e+00 2.604707126085843427e+00 5.620082731164540490e+00
8.177390830458557858e+00 -8.342448793379300120e-01 3.289927271380416851e+00
2.509693097949009299e+00 1.943887908878839221e+00 8.634851942348976905e+00
6.076873904712686070e+00 2.811320484523704089e+00 6.111014213098783898e+00
5.863485771223027498e+00 2.676767786919656444e+00 5.666405048812365841e+00
1.224311557440293363e+01 1.143825025078487378e+00 5.798887688891635861e+00
7.967058576253641888e+00 2.568624148328985335e+00 7.019603820700259789e+00
5.983250997564342200e+00 2.658810689375163516e+00 5.629739114569349390e+00
7.769252736830898343e+00 1.809003107386250919e+00 1.360038064119274637e+00
1.127813745529387068e+00 2.148344805327360607e+00 4.239196034475865460e+00
3.919233257355039690e+00 5.636540022769604086e+00 1.016679531232802169e+01
6.209914552244891084e+00 1.949240472672688629e+00 2.252338131434654223e+00
6.396337954232637735e+00 3.448918696013169694e+00 6.381570930968470279e+00
6.312414988218977285e+00 3.448684276575574081e+00 6.262240753204643795e+00
2.248479041405462731e+00 1.325516436811541299e+00 1.180114039860910680e+01
1.091208721902363799e+01 3.217992323365586937e+00 -4.414737817465633540e+00
6.390930459786666518e+00 2.104801543743873626e+00 4.168532940775683038e+00
7.271717896148965465e+00 3.309028138520081264e+00 6.800129786293465983e+00
7.062569790152519289e+00 3.700692942198949176e+00 6.744365866449061997e+00
7.866325205582008095e+00 2.570531041529586780e+00 7.087846082828528793e+00
6.398854265060818669e+00 2.749037575257474941e+00 5.494034114457353013e+00
5.519077994018847910e+00 2.946893742442487252e+00 3.776413816850068716e+00
7.980949402562025341e+00 -1.125844753320841107e+00 -2.671544498074008622e+00
5.827879251732636767e+00 2.719008388879600169e+00 5.535634281010546331e+00
6.605891175288720163e+00 3.382917327412469533e+00 6.089184865064321883e+00
6.274524934964246015e+00 3.352007233063575065e+00 6.010204219886457366e+00
6.366617637671181384e+00 3.426203471415766089e+00 6.330986858164685316e+00
6.873694702172662652e+00 4.423328610860350452e+00 6.487171134779064374e+00
6.651029484792127633e+00 4.799512320676949884e+00 7.215710613075101421e+00
7.894627802891903912e+00 2.398311812176536773e+00 5.262864188334241966e+00
6.524729517851532989e+00 2.159382065099244130e+00 4.902094880176790070e+00
5.740456155543260053e+00 2.757016545826986853e+00 3.924585929114827287e+00
5.016624297005649602e+00 3.773413098524276421e+00 5.217324289184264607e+00
7.038573198478797366e+00 2.894337974629978660e+00 2.025243271861366878e+00
7.589926177577128286e+00 2.054873668258518471e+00 2.048205809161192548e+00
6.354646839381116408e+00 2.871171918813065549e+00 5.599513379489392761e+00
5.563679261673109444e+00 2.888707037468015493e+00 3.991499901154116792e+00
5.802970747230414617e+00 2.510917911917618817e+00 5.718829661405122167e+00
6.569734186544485155e+00 2.862142922305342285e+00 5.446507279029732196e+00
7.023362576359870602e+00 3.485519811537217016e+00 6.088270499046210205e+00
1.789875928580851649e+00 2.799422286822629502e+00 5.159270182892635503e+00
6.254136169601649087e+00 2.860209733013257871e+00 5.310358211752017610e+00
5.791525010408754781e+00 2.866267820031726199e+00 4.005019545066194731e+00
4.372906658265427460e+00 2.025591331277348139e+00 6.326999399372813748e+00
5.194148455982517731e+00 3.658105782950587859e+00 5.952953186757429016e+00
5.303652478419231819e+00 8.375730336508418361e+00 7.149138939721508823e-01
1.093460349625749295e+01 1.556889037298785894e+01 -1.308047377151406465e+01
6.489578274917027656e+00 3.484338758008925119e+00 6.425353873750747624e+00
7.412345705891109304e+00 3.282253930116167506e+00 5.738117819742482695e+00
2.221109373264341258e+01 9.874946934454406744e+00 -2.993055516102103297e+01
-4.278888490439781478e+00 -5.376560554269993020e+00 4.659456714119759368e+01
6.551080564275090445e+00 -4.127287821752465113e+00 6.406591209787642072e+00
8.029780555022186794e-02 -1.069787350343619714e+01 2.133753248920401546e+01
2.158051355960098761e+01 2.746485353714151501e+01 -2.874881514864172516e+01
7.713143219503377779e+00 3.021284260611077244e+00 7.131998966606314383e+00
7.665317927320069558e+00 2.908391060984643062e+00 5.630968750678282397e+00
5.951618912855850319e+00 3.112835337358074383e+00 5.866302821091456288e+00
2.065903476643597969e+01 -1.100220361671360791e+01 1.061706532567327521e+01
-9.928886139280354683e+00 1.589419407162134235e+01 -4.057518985464195538e+00
5.800540552997320631e+00 2.797858473466044771e+00 5.659408615595527436e+00
1.103862310108770295e+01 1.497986822161664566e+00 8.257325358053526188e+00
6.749319249013733923e+00 2.720649981157796660e+00 4.343294587852339461e+00
6.738123954611809907e+00 4.635448037401808996e+00 6.987954271830480124e+00
6.298906718960308737e+00 4.751147805437607730e+00 7.497328845094031635e+00
2.530142536519020435e+00 3.420781800170427100e+00 6.317812255761229068e+00
6.169208681642214032e+00 2.444309957274596545e+00 3.968259203570742688e+00
5.823337189775100065e+00 2.683925841059927819e+00 5.001123291830142037e+00
6.067106901091745996e+00 2.890227793489574815e+00 3.169589245451895021e+00
-8.140734904609674416e-01 -1.286191685400008922e+01 6.763842330200259489e+00
-4.028575196159605021e+00 -2.280834484184306632e+01 3.561476623944553666e+01
1.501264427307578808e+00 2.787118212705265385e+00 5.372116850308322533e+00
1.914024266221104886e+00 2.864405137115668243e+00 5.064086495899950080e+00
5.790664909519546377e+00 2.589567417123936899e+00 1.638208916905237622e+00
2.557062047461677423e+00 5.576222024059415361e+00 4.207220760303416185e+00
6.875977214756661127e+00 3.667377091358269503e+00 6.441164792497616531e+00
2.176882777260252144e+00 2.980713582658219618e+00 5.137105277695782846e+00
6.684774624957258382e+00 3.342684281488192966e+00 6.433647567248867993e+00
1.523671910592912937e+01 1.919698562519144858e+01 5.344280114279289506e+00
-2.036943435905219424e+00 -3.782499586661292490e+00 -4.628441451211596558e+00
6.391073994881929288e+00 3.312901064247673943e+00 6.339700125246295670e+00
6.540727563585120308e+00 3.467132307117798184e+00 6.478773635850273216e+00
5.223672753075154773e+00 2.545498508497683776e+00 3.703248268269516696e+00
5.559414860962197835e+00 2.846392395331550862e+00 5.572261023488415788e+00
7.250305949287977114e+00 5.093825783309039679e+00 6.999571576958299346e+00
6.285642326403467095e+00 3.388277012419771861e+00 6.076235091772545616e+00
6.500497042396318648e+00 4.287506711651564828e+00 6.905011571013415228e+00
6.993978913451403656e+00 3.174389341517976248e+00 6.135875859136850963e+00
6.406483787552087250e+00 5.377272011232143711e+00 7.090540520033133731e+00
7.495942773171870854e+00 3.273774009229558857e+00 5.854480606000514342e+00
7.478320918189840683e+00 3.371597637534335057e+00 5.655616555397578793e+00
1.574207625217661999e+00 3.287928974313934827e+00 6.539433868563932606e+00
5.241691656950809630e+00 -1.853329915919888382e+00 3.516938456011138747e+00
6.506062711169025903e+00 3.023674370660081934e+00 2.363233306460981620e+00
6.871273101540667838e+00 3.552220108395335973e+00 6.172288368855163299e+00
-3.080102091942185094e+00 4.865946070465659190e+00 8.871142558089886165e-01
3.263463593743770375e+00 4.181329043527797218e+00 5.164133570384559668e+00
2.404884984923286506e+00 2.839599128754800805e+00 3.005794594515622364e+00
5.073723026834338512e+00 3.175515655127480130e+00 3.674247995914259768e+00
5.994022445524169740e+00 3.292241706627713427e+00 5.663657231079604948e+00
6.223095063450109876e+00 2.836936855980288996e+00 3.289271654000516687e+00
5.864053609121280708e+00 1.164281252561932156e+00 7.468025777989111269e+00
7.099663753888394879e+00 9.160333037220777186e+00 9.860387942581052556e+00
1.704307755874820307e+00 2.688233356945864294e+00 7.390520453351497210e+00
3.478139497091445875e+00 3.169041299525884980e+00 4.383785494685746187e+00
4.967875214297688302e+00 3.036182345772716396e+00 3.835818718262046012e+00
6.040290387171848074e+00 3.211804944311678955e+00 5.886167877500684043e+00
7.120970280679056685e+00 4.626624701857414479e+00 7.786334946639326127e+00
7.041181683499030619e+00 4.786981687194086454e+00 7.446789481099302499e+00
7.477120258226504390e+00 2.433894150466638706e+00 6.605628710353618871e+00
5.900294401071690231e+00 3.277380882001803108e+00 5.621254243714091103e+00
6.303227988684136918e+00 3.497334278542407304e+00 6.285164972395456573e+00
7.132824482149203504e+00 5.064877838308869507e+00 7.933603326783544851e+00
6.549706309488323441e+00 4.283491152314678807e+00 6.939366099576579572e+00
6.490580130841781425e+00 5.278492487159090807e+00 6.907108680812623192e+00
5.818997525193191578e+00 3.249043786666266698e+00 5.866040684694723062e+00
-1.556444608479033320e+00 -7.821064136177515724e-01 3.760135002133413895e+00
6.605511346063670075e+00 8.263812708499004955e+00 7.904333929174667261e+00
7.453356599645987401e+00 4.922325071025609233e+00 7.460625162789735754e+00
6.602752062396554322e+00 3.073142883231333222e+00 2.334446132822147746e+00
7.331063206394802911e+00 4.812124210772534383e+00 7.246835531134676600e+00
6.948473770573833974e+00 4.052573808416557455e+00 7.268781534573028225e+00
1.601112811182436424e+00 3.002506776482882778e+00 7.672821615752991598e-01
1.338596956395248760e+01 6.918167537603962636e+00 2.858485563618069492e+00
6.802835272790524357e+00 4.978097260223163012e+00 7.388177281666639118e+00
7.397156317637149314e+00 4.257430643125134750e+00 7.648103676164954123e+00
6.750082905515043308e+00 4.629577027528641864e+00 7.049781850230548486e+00
7.216251139009385085e+00 3.613225847989053996e+00 5.992440732547242632e+00
1.678008345482856711e+00 3.077005856263475003e+00 5.031113847642753711e+00
2.694788228449854106e+00 3.579940296142532397e+00 6.408886720751081789e+00
4.761935542051482173e+00 3.345148052379933290e+00 4.549970979055959930e+00
5.787549625347661042e+00 3.197057501535296442e+00 5.803475588173620636e+00
7.803605045968424747e+00 2.278586918824780927e+00 5.109649106996950074e+00
6.477112079442724379e+00 3.703801295524956849e+00 5.966883599744633671e+00
6.452259818278662351e+00 4.527325161328276337e+00 6.767164023699849373e+00
-7.830780134312044893e+00 9.284743314763861832e+00 7.202157894578983921e+00
4.678613745703125382e+00 3.631503971427912703e+00 6.163362598243759649e+00
6.041086268084539412e+00 3.235623518044397962e+00 5.504983747537709249e+00
3.605852649530561393e+00 4.206004637461792761e+00 2.255312510289821493e+00
3.206220423859782898e+00 4.691634551932569508e+00 3.232802990804682253e+00
6.511537188682645194e+00 2.648374007044773659e-01 6.250935301528672383e+00
8.374905607750214642e+00 7.053633155796645404e+00 5.083161250746911719e+00
2.336083915489383322e+00 3.461807305473536545e+00 6.066283914647804032e+00
5.980831051361224837e+00 3.259515316630472004e+00 5.696797435713561342e+00
5.451510530739311022e+00 3.504982005298171277e+00 4.207883489014504264e+00
6.668754807150583552e+00 4.035743694985029606e+00 6.324913602459035999e+00
6.684523460284280461e+00 3.936265958299676182e+00 6.812784719907794440e+00
8.034628798577580611e+00 5.536954317852632812e+00 7.396823771898326072e+00
6.554944446123282198e+00 4.288756763483008605e+00 6.716926148068742108e+00
5.844067330276855543e+00 4.107540929221542569e+00 6.975725473207810445e+00
1.051098896696074192e+01 2.286260048307966031e+00 9.212524489508922443e+00
6.702593828092918926e+00 4.251669076174799500e+00 6.457488644699528990e+00
6.303519890495794087e+00 5.454249312708501662e+00 6.887421292214034096e+00
7.938952317916555756e+00 3.454471643044968676e+00 1.629602718801273387e+00
1.692882702206445211e+00 3.532751898460387174e+00 6.444647637272415963e+00
4.902423515494346518e+00 3.523139912848194832e+00 5.026224673914354568e+00
9.118882777150862040e+00 4.139720040282218960e+00 4.899648399467498194e+00
6.937968104017722126e-01 2.272010697280554936e+00 2.808047758741308630e+00
5.774838547263773769e+00 3.777613970299254831e+00 5.276325836222518717e+00
1.419477687907054886e+01 5.647699244226915383e+00 3.847247432070625806e+00
5.992744968967494756e+00 4.362213782521353167e+00 6.757099083321016053e+00
5.760011809347037826e+00 4.936359551040924387e+00 6.445648684603177969e+00
7.911965346905310170e+00 3.360298023078200025e+00 4.946227794678714318e+00
2.152540838625863984e+01 1.015450008505342083e+01 -1.301927455606199047e+01
-4.399959297381043299e+00 -3.601720548839204561e+00 2.363046056445317333e+01
1.732375478826701176e+00 3.334504674858440154e+00 6.706281229872875116e+00
2.622401595014581144e+00 3.523991176142030390e+00 6.298275089013481320e+00
3.476521302537294744e+00 3.731199940927479197e+00 6.115361744186257553e+00
5.897761047044799199e+00 3.961412080735577046e+00 5.223621970353499400e+00
6.708837355294080318e+00 4.514739433283088132e+00 7.149637789330998139e+00
6.462663903802291721e+00 4.646721128798176004e+00 6.969713981562398075e+00
6.811214192853050520e+00 4.269049940688042000e+00 5.658322980315039885e+00
6.615357976698092557e+00 4.550103255362561328e+00 6.593721936468751821e+00
6.313465337079181339e+00 4.698867332732437951e+00 8.473196163050101148e+00
5.166820629378369389e+00 4.183402310984229544e+00 8.235931388300492983e+00
6.019921529338105870e+00 4.912619743027914154e+00 6.654813993962607199e+00
1.232133974681958932e+01 -1.663709683599512434e+00 3.449893552043390876e+00
5.705692084637670192e+00 3.535564204046020009e+00 2.635462085253442499e+00
6.662047011625901405e+00 4.022862000089701517e+00 6.336053946819104610e+00
7.638694659053456348e+00 3.414608490862174772e+00 6.180378012073866500e+00
6.196644447464157324e+00 3.707763874197239407e+00 3.893021769497887252e+00
6.457001933559968876e+00 4.833725890456887164e+00 7.132516375094642314e+00
6.443563003302342551e+00 3.921146525852951648e+00 6.169025843703071388e+00
6.475453513132022110e+00 4.580134826634264300e+00 7.185521063855006219e+00
6.389709199244330229e+00 4.724942652530840448e+00 6.709100720090548364e+00
6.949772358701956421e+00 4.254969681811767046e+00 6.707614488741572067e+00
7.184442810702037718e+00 4.375044595678861725e+00 6.548867858142340737e+00
6.826767542733943372e+00 5.083604397479005499e+00 7.554757683255663991e+00
-1.331630519959895587e+01 1.940332169972339216e+01 -6.735036453549531643e+01
5.840550515694417300e+00 4.021656582807781710e+00 5.108329541846309496e+00
6.471331631205238466e+00 4.472944823169958894e+00 7.136658355772341977e+00
6.288303804602287883e+00 4.614365585113761270e+00 6.969992810016011120e+00
6.753956877787530289e+00 5.273612288413450422e+00 7.553933665556183286e+00
7.050056853374682575e+00 4.798097193697479668e+00 7.266864967516841745e+00
1.065551832197911253e+01 1.833527776518150798e+00 -4.415811455032669919e+00
7.328854968311802054e+00 3.198908510377381997e+00 5.844551572226751368e+00
5.912275909408126751e+00 4.789412351523062661e+00 6.415273329128815760e+00
2.531328377800208251e+00 5.788854498679959271e+00 9.240664667580061220e+00
3.042708797988593616e+00 3.116039506662313663e+00 8.861892671165009006e+00
9.067502878863622939e+00 8.263152051995838576e+00 4.583922930360995629e+00
6.766703496253249739e+00 4.082957071393356507e+00 6.547532778801512521e+00
6.695229728077821463e+00 4.465032267019816814e+00 5.379560793862470547e+00
4.748203814938724676e+00 4.902367624576065452e+00 1.506948223551514587e+01
5.869711585195590331e+00 4.905143113368507279e+00 6.544709390733926213e+00
6.697456863024953577e+00 3.961327257054168882e+00 6.768707557025212651e+00
2.540616728351261511e+00 3.385693136820760785e+00 5.290229757646756958e+00
1.730512992369539660e+01 -1.225907332046206477e+01 7.631459067138085572e+01
3.310720325658287333e+00 3.791354062248074808e+00 5.484157363630987270e+00
5.791149216051602266e+00 3.439939748611797299e+00 3.764198442830585911e+00
1.042560489541543678e+00 -4.597186408399135615e+00 3.293614813557119714e+00
6.852160921852030739e+00 4.192646368638213161e+00 6.906462666124253857e+00
1.359692976976055689e+01 1.450572264731867733e+00 4.981711868825719591e+00
1.137070492778189212e+01 -9.560365624089728342e+00 -6.836579602750646245e+00
1.921848681624052313e+00 3.703169055308674906e+00 2.797377780284247439e+00
-1.327367929422329784e-01 6.008693300912620217e+00 8.594584479971322466e+00
6.089365927622228725e+00 1.415488275410788255e+00 3.028062034647970080e+00
5.788652841323565390e+00 3.827980384260088798e+00 4.968701207786065055e+00
6.509070345276811942e+00 3.992971116257546527e+00 6.250702744792093313e+00
5.951156086691026026e+00 4.339538693378594658e+00 5.627436243545781203e+00
6.749730124382535834e+00 4.990915169741264812e+00 7.492047615365599711e+00
3.270729275479486553e+00 -5.200070532490177477e-01 2.862537272674576805e+00
1.326240958920534752e+01 1.719635044493610110e+01 6.859212789292303825e+00
6.739029787242154512e+00 5.055803221125692914e+00 7.414187762650384705e+00
6.466549334092958290e+00 4.038411108885926026e+00 6.569108638528359023e+00
6.503970300932644832e+00 4.664569918556077610e+00 7.134076611198500117e+00
6.729522737817337230e+00 4.343691931356694624e+00 6.226297330590268686e+00
7.093703597216621581e+00 4.273924231380031635e+00 6.591262043825919292e+00
5.672565317794535211e+00 3.868473343001366249e+00 4.867442547707947043e+00
7.068249649454193317e+00 4.327981736486925968e+00 7.882129655124689549e+00
6.852718332672061763e+00 4.095336694810113976e+00 7.012419158415054810e+00
-8.018552594822063284e+00 1.713745247508611058e+01 1.725976174887131975e+01
1.591897042885792812e+00 3.795940588176915043e+00 4.163883521267331744e+00
3.073829849645699941e+00 3.932280628342013529e+00 6.276982992848664011e+00
5.960174666264046017e+00 3.979154722744948636e+00 5.058113530720019568e+00
5.509896149325807180e+00 3.653353886702700670e+00 3.828548012402748668e+00
1.098340360049109954e+01 4.524731788864523097e+00 2.357558931282612846e+00
1.023054658948441187e+01 1.236314061962726996e+01 6.000696853226983762e+00
7.349171907598537334e-01 -9.394854277059213388e+00 6.848402723555574667e+00
6.744811737274635455e+00 4.095873624469888341e+00 5.859977781893503490e+00
7.017578890753562781e+00 4.700099862708438714e+00 1.848835073008335828e+00
6.884132467814232825e+00 4.618361866580864117e+00 2.539083153850741681e+00
6.978958806439413465e+00 4.944386096639948214e+00 6.483819735235090143e+00
7.370338257289152040e+00 6.300498314767021490e+00 2.104250217074417506e+00
7.213300301645908519e+00 3.296875130272289844e+00 5.917496268061742448e+00
2.367283301597828959e+00 3.829441144175159906e+00 6.645378381065231821e+00
5.457836980511239666e+00 -7.057775385408943336e+00 -1.642971905495058005e+00
6.782976988234713289e+00 5.170694702409868171e+00 7.199067925442427018e+00
2.847034394361815046e+00 1.117120594180233439e+01 5.207256027110638286e+00
6.438440624156376302e+00 1.622770380679426694e+00 1.171352264271346399e+01
3.416155192665647711e+00 7.828280332384823126e+00 3.061460006983377724e+00
6.826662852689874939e+00 4.053755711050046173e+00 6.716378677367099925e+00
-1.407327382373752434e+00 1.522662682260917677e+01 1.499977628174365130e+01
2.752200549434937304e+00 3.908831347285911306e+00 3.302053913832866616e+00
2.727122739487696235e-01 3.552345559689316090e+00 6.690229616627551223e+00
4.465550744065398092e+00 6.453496501796017526e+00 9.468160004044184674e+00
5.766836362439466512e+00 4.116370032162707915e+00 5.418483450096163168e+00
7.148808038337049808e+00 4.395517484365949024e+00 7.124399703086656821e+00
1.132925708514704510e+01 -3.079096441475626111e+00 1.114201493588627834e+01
6.732047373475608332e+00 4.237661042294996072e+00 6.817607992730659205e+00
7.021840630603675137e+00 4.790964505325170819e+00 6.700208072636240075e+00
6.816430361854450837e+00 4.152474545483872959e+00 6.799858732356334201e+00
2.111912852167722399e+00 4.133112404296543474e+00 6.803064403598024334e+00
5.903077110147820328e+00 4.357492111095598197e+00 6.001227176680565378e+00
7.685583662771286129e+00 2.528973407438754428e+00 2.078773803670775244e+00
6.518128837863967462e+00 4.373907485678928175e+00 7.092974760794124478e+00
7.006094846176388558e+00 3.590764390354913793e+00 6.769666764860780006e+00
1.212368564406245497e+01 9.206096997648298697e-01 1.286039783485050059e+01
6.376431558816168632e+00 4.728947690696889694e+00 6.980080756644609252e+00
5.839111880962811085e+00 4.319909388627017677e+00 2.540569407270929947e+00
1.152207192601878027e+01 1.085568336318419824e+01 6.276871802261288380e+00
6.904156058177144395e+00 4.898983119414380027e+00 2.437185398670892678e+00
6.707715389815030349e+00 4.728057937873697547e+00 1.103105214534201828e+01
7.414242026797651874e+00 4.062957700564473029e+00 4.144588321134715869e+00
6.920489419426690603e+00 4.600794707083916357e+00 2.757611825212386680e+00
6.945962307372804290e+00 4.463467254995370226e+00 7.257623442404153025e+00
7.452422403213974533e+00 4.747658231684563468e+00 1.678657099498169547e+00
7.421985076473669452e+00 4.500442650468835737e+00 6.916968044610586119e+00
6.985722303568635994e+00 3.966039420478179700e+00 6.760597949167152620e+00
6.656877451351096653e+00 4.390925889858497300e+00 6.335343993690159436e+00
4.159168510132976948e+00 4.959241208309952853e+00 7.193314712765277008e+00
5.812056101674339281e+00 3.733731884217933228e+00 4.737655047343878323e+00
6.232674812152305677e+00 4.625509655494294492e+00 5.969797879675443397e+00
4.658096817726351979e+00 4.691738164659392751e+00 3.643697576207705957e+00
5.922314006457946256e+00 4.194070064118303520e+00 5.698783763181710427e+00
8.197971190600345182e+00 3.403161401144711107e+00 8.481389066219849227e+00
6.149380499270263201e+00 6.302457202069136954e+00 6.038270339828090805e+00
6.916935466904257979e+00 4.850976791036402780e+00 2.255435791006846991e+00
5.512826549476890214e+00 3.543984773298543445e+00 1.356920926183603626e+01
2.604764068447055791e+01 7.951460699138130916e-01 1.384181502916698570e+01
6.535051243600445758e+00 4.259491874201494888e+00 6.424329470350000904e+00
6.532779448340713557e+00 4.478996488839578127e+00 6.155928618110417361e+00
5.466269786538157760e+00 4.390618454564801709e+00 4.615357497648769680e+00
7.707736475559213041e+00 4.811152766659200886e+00 7.719235537767019650e+00
6.261054429156068579e+00 4.135794019348803197e+00 4.280840450973931510e+00
8.586288368365945445e+00 5.337508872835043050e+00 1.333050068858029125e+00
3.142177264963288863e+00 -2.304444874031009949e+00 7.833802670107541388e+00
6.548087357311960233e+00 4.486022145406219686e+00 3.293441525863399111e+00
6.373987498372693850e+00 4.772720836763129526e+00 6.590534045858847279e+00
5.911982489479235880e+00 3.642442548413511894e+00 5.010725421408340097e+00
6.296589982441675559e+00 4.464106496682858527e+00 5.918382618276782914e+00
6.112068134415075349e+00 4.278226351932941540e+00 5.880825904462723130e+00
5.671574012886887672e+00 3.678767430726380461e+00 4.908095861573615437e+00
6.917356752891374860e+00 4.534796827311971867e+00 7.332018295279167930e+00
6.703747368158841979e+00 4.381367419879414804e+00 7.235016840656085080e+00
6.822114463333990741e+00 4.385048225638832342e+00 3.150268827723360587e+00
7.144606299367293190e+00 4.521881926300793886e+00 6.598988569487556077e+00
1.728009996139140636e+00 4.505419180035474369e+00 7.542995085612320239e+00
2.259891738763649016e+00 4.277215809770972932e+00 6.830079158073830925e+00
3.592158537158182341e+00 7.344660744664625263e+00 1.027299113966983768e+01
6.812915739967465356e+00 4.360181834852645544e+00 6.747858455799330635e+00
2.218588553987393297e+00 7.187244397318528932e+00 8.433215561334993282e+00
1.090970736890404424e+01 2.274546580665087525e+00 5.776723648603113936e+00
-1.131169889869193135e+01 6.614310082156279691e+00 -2.486493474484017252e+00
1.100772622911192222e+01 4.540449561742030404e+00 -2.847495895598886495e+00
-6.207941932819803776e-01 8.265750544869469252e+00 1.636702188741576336e+01
7.059197543012107445e+00 4.419657788104125018e+00 6.845837937203024026e+00
1.060342964351435491e+01 1.862971745731085349e+01 6.088112931130726935e+00
5.711098189655269941e+00 4.550858488798263046e+00 2.230299751652752072e+00
9.920355555620908206e+00 2.761750611327435045e+00 3.778511851164689794e+00
7.264703597627697462e+00 3.941948387550209709e+00 7.256872970721099492e+00
5.711681196933642291e+00 4.230600459553379267e+00 5.673483460230676734e+00
7.154907711821469896e+00 3.917780045145240919e+00 7.497285845218941702e+00
7.028171913227255985e+00 4.278731637215856587e+00 7.155329564364659944e+00
4.341459193864674049e+00 4.645229256068319934e+00 5.970672194061882543e+00
1.623758285101370546e+01 4.868974217657526804e-01 -3.410263674333652073e+00
6.339982969647886435e+00 3.346796013382181911e+00 7.356722340737944066e+00
5.866756786976312199e+00 4.131604823885939304e+00 7.052916610467075742e+00
2.345984265123925994e+00 4.680839308519867181e+00 5.365410991651184958e+00
6.546494586651120606e+00 4.367808410582350476e+00 6.515765367306475042e+00
5.229471083447446489e+00 -8.704156522700267073e-01 2.335686046896418588e+01
6.739452588371213082e+00 4.787114152028697056e+00 2.204677007105731334e+00
6.410443000716146145e+00 4.271732540725825089e+00 6.431652881045522463e+00
-4.209590663954069001e+00 -9.455328486910008934e+00 7.700131115857637987e+00
5.269648944786642808e+00 4.200760722388495516e+00 4.798752815237287805e+00
5.810372290088981373e+00 4.638500554506637563e+00 6.112882453622757950e+00
6.799360409634529034e+00 4.395054954094925748e+00 6.568572232391693078e+00
6.823383359869607645e+00 4.698120369748930436e+00 3.010589452733263283e+00
6.173339296951242616e+00 3.736908244593362127e+00 7.358398691187696627e+00
4.183621039960709886e+00 5.020594365473041165e+00 7.177903247539598297e+00
6.919998533040839561e+00 4.506270845562164062e+00 6.417535142497298395e+00
6.526685661205481104e+00 3.583799630016593518e+00 6.106305236108774182e+00
6.884876347674158126e+00 4.314600811189960083e+00 6.508349682889754462e+00
6.694543282664614736e+00 4.591609098260384769e+00 3.858116177750832154e+00
8.268937241323190079e+00 9.103358431558110198e+00 -7.875141046972077952e+00
6.645937483414490643e+00 4.165062651083542455e+00 6.820640168365997624e+00
7.939009236793198809e+00 4.779506931592837127e+00 1.514130698623082250e+00
6.613289316554689989e+00 5.520043827284274229e+00 6.369793640279829638e+00
5.862009888867710572e+00 4.234704808244038610e+00 6.792049888145685443e+00
6.559587226723889941e+00 4.644915871192692336e+00 6.655963690578748704e+00
7.134776361579992177e+00 3.426912872960959255e+00 6.517964908551068248e+00
6.685163568415463331e+00 5.467580233518753552e+00 1.860861446542876774e+00
6.498007617379838230e+00 5.552190650640847380e+00 1.549123824353853429e+00
6.701958636109859313e+00 3.812028167743831908e+00 7.254962788270572283e+00
6.928294353869317135e+00 4.143764192583191175e+00 6.667780628999127046e+00
6.737084176326421314e+00 4.832151638048530096e+00 5.106871092386537470e+00
6.443280281049677427e+00 4.490696003512531398e+00 6.210428711693625203e+00
6.659653380326147953e+00 4.558829433080228810e+00 6.485992358465350272e+00
3.519156188007274810e+00 5.094661301510705620e+00 7.411699714779986792e+00
6.303758699867159976e+00 4.555354064158430027e+00 6.254814935587884150e+00
5.738905139478633899e+00 8.150817946354081300e+00 7.339203565917644667e+00
7.031777116563588947e+00 4.896948109705660634e+00 6.824792589392830067e+00
6.774455971192412385e+00 3.418939849494944561e+00 6.531041919360211168e+00
4.107174315645960583e+00 3.733190321231071529e+00 5.234771890440985231e+00
6.918570274775885487e+00 4.109110530336937295e+00 6.639576798017630566e+00
6.773195733875053470e+00 3.335001648621948256e+00 6.937788368575171560e+00
6.345807568763147444e+00 4.707021277813583815e+00 6.297187627779583963e+00
6.735155867689268661e+00 4.472452824019901740e+00 7.572100129671499147e+00
6.999644622790810899e+00 5.175884745088660921e+00 1.979295903907741128e+00
6.930440123070768621e+00 3.369935720098100163e+00 6.619543012688032135e+00
6.411036899647989173e+00 3.409142129326044213e+00 6.694339993929764532e+00
2.704957060720291295e+00 4.708978491378710274e+00 4.661067600387403864e+00
3.851022220637428717e+00 5.300053154211140871e+00 7.761760071155359597e+00
6.403901853285579371e+00 4.561651917183724869e+00 6.025173504860193319e+00
5.999241538101333759e+00 5.161514192695044301e+00 1.721830210686138285e+00
6.876386978817388140e+00 3.943718418746631649e+00 6.850956680211376160e+00
9.050340166159224209e-01 5.397205167776318646e+00 6.411102212621317520e+00
3.523270485562063570e+00 5.384946861588188582e+00 6.737258844070415975e+00
6.180110754988027644e+00 4.497889496041125312e+00 5.892481029553164440e+00
6.541191339512886671e+00 4.651313226454969474e+00 6.653570135154104115e+00
5.916612160793312647e+00 4.532772279089700262e+00 4.956293790040164460e+00
7.194207061714933182e+00 4.293538721353111320e+00 7.198301713248177691e+00
7.098199250995996579e+00 3.869924304101428625e+00 6.180504538787127800e+00
6.770667815695933456e+00 3.935659804541815632e+00 6.213739812705084908e+00
6.833494618213038052e+00 4.296242988691170162e+00 6.647828337782009100e+00
1.077955953515260035e+01 -1.068565398683305245e+00 -1.742647569304167643e-01
6.875169179678304765e+00 4.058390022161585620e+00 7.300357217383224295e+00
5.858329116082498622e+00 5.862303066556127540e+00 7.104042673990768719e+00
6.064109610648608317e+00 1.409652431011543694e+00 4.890145977161397539e+00
6.563954845157789819e+00 5.298316304565256374e+00 6.956416099746375536e+00
9.499662952495974366e+00 6.267841619914942264e+00 -1.347239303393051590e-01
6.545616222746323487e+00 4.534494963254731559e+00 6.207958786487386860e+00
6.485999630379165382e+00 5.331367286731282462e+00 5.785368054599940635e+00
7.129775927873541974e+00 5.402516995362557140e+00 2.668430442339337905e+00
7.325022089201064901e+00 3.303519816542788590e+00 6.510012746707591447e+00
6.252710223417363267e+00 4.689656705930781655e+00 5.935839215669092894e+00
1.762445659101582862e+01 -1.713745585101403890e+01 -1.753438957160116729e+01
-4.564829679185583799e+00 2.746305415223118374e+01 3.222026982812187867e+01
7.304830570563886738e+00 3.437638468387856250e+00 6.756760902461948604e+00
6.912879436690920087e+00 4.132090709813214247e+00 6.548540345805242247e+00
7.007634888295060982e+00 4.105596228688227711e+00 7.282919949169219365e+00
-3.003159999391299095e+01 1.833639101651808190e+01 -3.055032162729236944e+00
6.623084976303936777e+00 4.258451066583854860e+00 6.599090611112231386e+00
3.735484683668340189e+00 1.151839222366123394e+01 3.621865485397905537e+00
6.209878925392241733e+00 6.648290228686841274e+00 7.294645116592067602e+00
6.272965078013870155e+00 6.724022776677234248e+00 7.200357148101332427e+00
6.363551732492021884e+00 4.928461681123756932e+00 5.633618398217254963e+00
6.907099281078984632e+00 4.302051736948585337e+00 6.908159700759208377e+00
6.028224581378078817e+00 5.978757841782532445e+00 7.428443633299931292e+00
6.561013618526780888e+00 4.845591125664132193e+00 6.094819576914617620e+00
6.831212466140486939e+00 4.391123452774959190e+00 7.095885511045121774e+00
6.952365715780299382e+00 3.821104181121344645e+00 7.406962640471101977e+00
7.671172318157573500e+00 5.416275673873022001e+00 2.152257943024698861e+00
4.401549224956583117e+01 -7.744725090104003229e+00 6.257403026162659643e+00
7.198362465155735634e+00 5.250818072419781046e+00 7.906434562408382938e+00
7.532604435472630477e+00 3.672785484043009419e+00 7.360409027291135331e+00
7.162571577661609012e+00 4.091511776550166068e+00 6.394165648625596887e+00
6.471074085897045691e+00 3.260095368294430251e+00 6.465687356031693866e+00
6.722686666208646855e+00 4.177746745204422574e+00 6.940303822917591958e+00
2.083654570288977936e+00 5.125360478381653095e+00 5.852057210545686061e+00
4.307972142018300588e+00 5.189135438905452702e+00 7.217333100440893823e+00
5.900989937861742085e+00 7.193793676721196739e+00 6.941781383668338634e+00
5.988687593483604132e+00 5.014453714147247609e+00 5.601913474140742366e+00
6.169771479179057216e+00 2.871929405487564146e+00 6.432208376740848443e+00
6.825278555429569849e+00 5.217467792149219186e+00 2.116761598049995197e+00
6.601228386570381801e+00 5.610084351808692027e+00 2.086758278939380595e+00
2.112418418939145059e+00 5.443862600033607890e+00 6.485424610686294500e+00
5.827758421537722278e+00 5.065531842160273079e+00 4.150461645218551432e+00
6.043269804910529786e+00 6.372697421885112234e+00 6.721227986246887554e+00
6.682941819718696053e+00 5.906317223411242878e+00 7.586907096694980979e+00
9.047381740859236743e+01 -5.955828856684965444e+01 8.098406322864848050e+01
6.821183513763337203e+00 6.298751277133320059e+00 9.526357577608733251e+00
6.674793622356633094e+00 4.904958412482474550e+00 2.531372962246731362e+00
6.485966364866705192e+00 5.176337461569636034e+00 1.662215043829610828e+00
6.965186604664609149e+00 4.242018621462430694e+00 6.887512032690484176e+00
4.885373933150896519e+00 5.801449633921296645e+00 7.217710487109934903e+00
5.452546959242092761e+00 5.467918158263918471e+00 6.445469234196293584e+00
6.461424407655382396e+00 4.937224992124457756e+00 7.015167479581794652e+00
-7.679202136008571244e+01 7.126269652189786541e+01 -7.889446852895460438e+01
7.900227293428969233e+00 3.636382802563492334e+00 6.148634079365121963e+00
7.209198844772082282e+00 6.597903305066714630e+00 4.172929462150044344e+00
6.615212742571868532e+00 5.349069266702692005e+00 2.114945870626477209e+00
6.124485062143882885e+00 5.962421029515418525e+00 5.604142651184361057e+00
-6.553142825643163860e+00 1.903434550633328115e+01 5.827986189950408402e+00
5.941047717517921711e+00 3.928345503770484193e+00 7.661862700593879083e+00
3.880514913695792600e+00 5.329058585552978400e+00 6.982522237680658606e+00
6.331225636437615378e+00 4.137929496604325408e+00 6.464314097846031615e+00
6.159039397150016804e+00 5.872262759496193141e+00 6.245055473508640986e+00
6.477066269535021625e+00 5.709096942916788819e+00 6.190437039856368173e+00
6.229677576606083456e+00 5.965992581206803536e+00 6.087202660742056182e+00
7.967716925286500995e+00 5.537743622114970066e+00 1.586146981106476783e+00
1.802732870285558064e+01 -7.021736208969076465e+00 1.014538341236434782e+01
6.634584931223573179e+00 6.152285126868573428e+00 1.890479513449009552e+00
6.788217614939182631e+00 4.555689300779738105e+00 6.944952430556621259e+00
6.712813231718143037e+00 5.152108495620880468e+00 2.006161148325822818e+00
6.567464547952903686e+00 7.530223078846279172e+00 8.241292982715646698e-01
1.066244895935624371e+01 9.934164930176038411e+00 -2.947691469812404597e-01
6.131497901088142299e+00 5.709197072966823328e+00 6.038235889130312728e+00
6.775688027293030657e+00 2.916391557463649420e+00 7.625220143926381589e+00
5.384995653482853584e+00 4.251419901139981583e+00 6.052367305836586553e+00
1.868560033603390735e+00 5.638123362525554683e+00 6.529271515436454010e+00
4.077489793214950531e+00 5.980185040035987498e+00 8.060471130351979596e+00
6.217587098871015350e+00 5.994705968813830665e+00 7.112956943432207524e+00
7.187199911710065336e+00 8.223592149319941313e+00 9.016243395571269303e+00
2.387285097864682015e+00 1.122946733347545578e+00 3.647119791605848871e+00
6.254471687836714366e+00 5.631483427686300836e+00 5.996554292780944095e+00
7.907287680793907647e+00 7.902456656061695561e+00 4.328786861230099703e+00
6.003815959484968268e+00 6.329072978831396412e+00 5.587637702396444084e+00
7.017114252388376272e+00 5.577401458061332917e+00 4.238205012468615251e+00
3.087951992039806193e+00 3.614208506055978987e+00 1.072971166775375451e+01
6.512397872285564659e+00 3.321526246743298216e+00 3.670572322954932520e+00
4.927036736618859436e+00 6.070558853337532312e+00 7.814977000535443530e+00
8.587871174114969364e+00 1.422901389851248410e+01 7.467668130384852887e+00
5.696424246841047534e+00 3.548259524952086075e+00 4.961437115863311931e+00
5.939595715051472880e+00 5.390259427302466655e+00 6.905935372482320034e+00
6.642032301565451213e+00 5.131216435749272442e+00 2.158397029334066630e+00
6.128229551972897760e+00 5.684105441386878788e+00 5.487450935406915420e+00
1.084456413336970293e+00 6.245832744865133179e+00 7.328795283255329363e-01
7.100520459234290094e+00 5.630591838358059320e+00 6.050416751822122130e+00
8.550614437078024821e+00 5.549758516024006383e+00 3.363167010933353573e+00
6.334030477083851807e+00 4.454944623687639549e+00 6.798204128763158494e+00
6.306774507337092217e+00 4.375752464503197103e+00 6.958540989860274806e+00
7.831831317773454870e+00 6.028820209548196196e+00 2.636511942120949747e+00
6.281564512663404543e+00 6.812824360036850102e+00 1.941154716419234205e+00
5.665312780988811525e+00 6.335448758356773347e+00 7.028481146845198424e+00
5.805033940522231539e+00 5.488381909746670395e+00 6.905052025048608044e+00
5.920050422453092764e+00 5.672865815035732950e+00 6.888044314200330476e+00
6.100299009331340727e+00 5.806361552208550769e+00 5.770397729510620799e+00
6.229531916390913082e+00 5.718713910570752290e+00 5.462989365482418869e+00
4.179134386410111368e+00 6.375355554078389275e+00 1.214778965512213649e+00
6.178197926549669816e+00 6.051143142967171151e+00 6.482709988216806885e+00
5.984928201444361662e+00 1.065826989948978465e+01 5.696644887816621150e+00
1.685523538576437108e+00 6.392043222636297983e+00 7.799408791461976520e+00
6.054360406230509639e+00 6.700950587087022292e+00 7.005770560158525839e+00
5.899652432132936219e+00 6.519082302667828621e+00 7.195759622020100110e+00
4.093875258503548942e+00 -2.450266496164632102e+00 4.454322671020344515e+00
5.821335054313221846e+00 7.566741526118823558e+00 5.480527964269990449e+00
6.066889989127084881e+00 5.853008471407274982e+00 6.303865165737104093e+00
6.639132406683671661e+00 1.175286952258483009e+00 7.514066590327754369e+00
5.300663165028165480e+00 6.048462253827166180e+00 7.504658325412005837e+00
6.316277465279688030e+00 4.552102711759728138e+00 7.015585617664543250e+00
5.918331393544207231e+00 6.811158885987044442e+00 7.057384104465302954e+00
6.398756873176247417e+00 5.388929575028404528e+00 6.636567578868245221e+00
5.398506203419254135e+00 6.688513752126007184e+00 7.149706204630254192e+00
6.171663839460188150e+00 6.105045996673847064e+00 6.248878812408378280e+00
5.022583582758056053e+00 7.557216808065561509e+00 8.489931343382536966e+00
6.263518073916423567e+00 6.638080764491371077e+00 2.226054941267023857e+00
6.447147944294471245e+00 3.496449039750749499e+00 7.571325319378140684e+00
7.233156362399170369e+00 3.979284635127895875e+00 3.691602439100775790e+00
5.059595468007533015e+00 7.369151647360276058e+00 6.823888328326869868e+00
6.592279998031490784e+00 6.651371721026206885e+00 2.072789221550610073e+00
6.885417667487805815e+00 3.900010428534898210e+00 6.266839275346724136e+00
5.427222094451883194e+00 8.984359165913739176e+00 8.244131961112119100e+00
2.198912576187691315e+00 9.338072668647056318e+00 7.870015272466495126e+00
6.238994521518200997e+00 5.535432717703802297e+00 5.511787544488033319e+00
6.301228587064083619e+00 7.748381308954699342e+00 6.748537539142279940e+00
6.511538947522678811e+00 6.445002683023345114e+00 1.952453299113079410e+00
6.202644572816134350e+00 6.114531785053625157e+00 6.336492498854237709e+00
6.324253284419196319e+00 5.725341442286245197e+00 5.898117100000725088e+00
6.320498035510325963e+00 5.778409613397601063e+00 5.872114589015344777e+00
8.491504065432444293e+00 6.495825696332264698e+00 1.906724828035313068e+00
1.985185450168596155e+00 6.548534318661260123e+00 6.341511073619846783e+00
6.300484652145280862e+00 6.851897293918635334e+00 7.192920863988854663e+00
6.259489822815067050e+00 6.142508518364122594e+00 6.367607502122663021e+00
5.581074044641563425e+00 6.578863641692890063e+00 6.840526442210377311e+00
6.289181680777992334e+00 5.702251422506765088e+00 5.786607716996435613e+00
5.955103384453730442e+00 6.181170702500099701e+00 5.997321343788657444e+00
5.524871443631969470e+00 5.389652680285521136e+00 7.423082632513354540e+00
5.311399907395630393e+00 5.501435141357160497e+00 5.138130484870428560e+00
6.269897418084433127e+00 6.497401861016339986e+00 6.065275370304108904e+00
-8.341467847778592670e+01 8.257082311159999222e+01 8.350754866913915464e+01
2.396695794859126316e+00 6.728646292437267640e+00 7.420963777436375253e+00
4.017677175740163698e+00 6.941406316395830167e+00 8.033036343741478902e+00
5.989828987946611782e+00 7.060645303892554736e+00 7.421068632870050585e+00
6.870225317549436994e+00 6.648013913752830462e+00 9.717766417566854997e+00
6.525042945277921724e+00 6.137970334375418169e+00 4.896758665328371229e+00
9.701156172296222735e+01 -6.989927312873754772e+01 -6.812683511763857780e+01
1.363134096807907536e+00 6.863666218015499254e+00 8.543256822218427970e+00
5.680114039138957516e+00 6.982706166068855858e+00 6.620777721818079442e+00
5.879945729254977493e+00 6.609665816304662656e+00 6.834009098460818166e+00
2.386609260271402633e+00 7.238632446885977956e+00 5.285124180821547668e+00
6.227143512330379771e+00 6.108502526054383708e+00 6.444514165842830877e+00
9.617562524403274082e+00 5.711736284198550173e+00 8.921525415602904019e+00
5.580472085595841847e+00 6.661620269806066474e+00 6.541354832413215803e+00
5.337540921293279617e+00 5.528840125442986420e+00 7.328817315380094399e+00
6.316791657104489310e+00 5.376206250908913908e+00 6.063200202908500813e+00
5.740370841454096151e+00 5.862507674871802799e+00 6.455164883831101541e+00
8.203122629895613471e+00 6.608954817341833099e+00 2.588447463667064685e+00
6.249033138008425858e+00 7.023624497253316612e+00 6.989164329826113686e+00
5.757149967468754070e+00 6.453784412029490269e+00 5.060272325336691246e+00
3.728168869057511436e+00 8.255264387073784960e+00 2.253159027786447055e+00
5.696854347358044635e+00 6.647853813398443279e+00 6.810912199460423366e+00
1.041633417982802357e+01 3.512277183228691868e+00 -4.719236443490808952e+00
5.430971349538488369e+00 5.718276550802585234e+00 7.020581798504869298e+00
5.560950694986015463e+00 5.993042882985348818e+00 6.570631045566766915e+00
1.370542639753232539e+00 6.993070866053374246e+00 8.284125016699862343e+00
4.218156401187473037e+00 5.777619103706706838e+00 7.153875519671087702e+00
5.232580418711632042e+00 7.260083255421090342e+00 2.015192108634233037e+00
5.526418727510215234e+00 7.138702280255895261e+00 1.627811218678056004e+00
5.698119684643717875e+00 7.165616580111747069e+00 7.230864202285813391e+00
8.034795438595988770e+00 5.160138652461023767e+00 1.420391378928367310e+00
6.799533756715930188e+00 6.369982813806759125e+00 1.938744115197536200e+00
5.192183397071713280e+00 1.165331125919902888e+01 8.601128416107897579e+00
5.571983857860866252e+00 4.809897517691731572e+00 6.242221593276656932e+00
5.660511669927061895e+00 6.261200087509145362e+00 7.130719044466142797e+00
5.733673490500112990e+00 7.203005159517323897e+00 6.871311669641981368e+00
6.032829659524576726e+00 7.119906808923881059e+00 7.051260790087384933e+00
5.826782788641980737e+00 7.012266653848151066e+00 6.875651536940750930e+00
6.108387642029524223e+00 5.981780133923098042e+00 6.507925789341667766e+00
5.306026121960440101e+00 7.010083436097442444e+00 7.122060029368766365e+00
6.460167232537807891e+00 1.550850316118966621e+00 6.663011888756642520e+00
3.912205408643010252e+00 -4.551082931882494798e+00 1.967380613670836809e+01
8.459070114703629573e-01 7.260293631315150265e+00 8.102469651216046564e-01
2.808310538682186497e+00 6.825192129776295857e+00 8.223633904389224369e+00
6.345231057825564847e+00 7.254620863158966593e+00 6.872749899673157081e+00
5.763407894900615780e+00 6.542251592054260101e+00 6.925566373388592822e+00
9.285185482409270108e+00 1.916121437779742109e+01 -1.805122170337438092e+01
5.942841700505872460e+00 6.223235170793202542e+00 1.897445375098664844e+00
6.025660469322793311e+00 6.356364305604764731e+00 1.868275643515040496e+00
6.163619553519779082e+00 5.950239356283060665e+00 6.117252556995506296e+00
5.966565875335442470e+00 6.605184874879656221e+00 6.910071684018209481e+00
1.051635713089865121e+01 4.913415815442649937e+00 2.436373559702620817e+00
6.228247604999539888e+00 7.138433850503972167e+00 3.680490121394989878e+00
6.253090025351858650e+00 6.103862305152993883e+00 6.512233606992009705e+00
6.225056895221278808e+00 5.882335219700399520e+00 5.630571760900351386e+00
2.350706139286223184e+00 7.031120441711657953e+00 7.812606615479051442e+00
4.794819289586826905e+00 9.434257680699133175e+00 -2.137856904094844079e+00
5.596396281970235087e+00 6.559064262234501896e+00 6.707365675368318847e+00
5.363781096071820187e+00 6.824163611124260065e+00 7.108244133315204216e+00
5.590258726958060365e+00 7.218957044956675340e+00 7.502018442206884963e+00
-8.349709529920501527e-01 9.110901076396750398e+00 1.314894390809729607e+01
5.626218782831626797e+00 5.606270638164476239e+00 6.713979819429392037e+00
5.473614357600879998e+00 6.120970295436949371e+00 7.060518704521619782e+00
6.413360890116559077e+00 6.472635348218473972e+00 4.849620597086615525e+00
3.254282377709027685e+01 1.077583220635180083e+01 -4.272333156412832267e+01
5.353527492076831429e+00 9.100531689659316470e+00 3.881874700597045980e+00
1.144886824478136556e-01 9.553031310069712845e+00 1.218652463619054949e+01
5.758122486613089563e+00 6.704238595263625200e+00 6.753090395541311963e+00
1.515131971244934483e+01 6.107312604046849280e+00 -5.003647436394174974e+00
5.688397287356355747e+00 6.689194793502823089e+00 6.425640648858674808e+00
5.522495569993301601e+00 7.257670007197570605e+00 1.673660448066212947e+00
5.885096928370572300e+00 7.621596916778866415e+00 2.318615232299848117e+00
6.240978842171484686e+00 6.092639239218911484e+00 6.431181661958813578e+00
5.813727699353149703e+00 6.674620525886827416e+00 6.812978931414743755e+00
5.381192736046294556e+00 6.702941448539144531e+00 6.978395972950045767e+00
5.317543121250627003e+00 6.591764131659580528e+00 6.986180425212834777e+00
7.025274311479757117e+00 1.188992452579770642e+01 6.315839911161029718e+00
1.041375600153033876e+00 7.883472218901640183e+00 2.687313990416341447e+00
8.688706177833147137e+00 4.281189858968884820e+00 3.144236314199863713e+00
6.125430164780179432e+00 6.575125111646912934e+00 8.082429525553900262e+00
5.691038463945527148e+00 6.723700017832539899e+00 6.515470902755470917e+00
-4.133864002123436521e+00 8.592452335134094454e+00 1.831093044627878896e+01
5.430569231089943827e+00 6.908445884890668687e+00 6.912366421008623973e+00
5.480179714671163715e+00 7.327895633173929113e+00 7.403887998953100791e+00
5.413447566834894253e+00 6.565915398598109576e+00 6.844599989006617591e+00
5.767036275116654842e+00 6.235095148925333675e+00 6.771505660727306974e+00
9.169746726583495544e+00 -2.790771109201493516e+00 1.270997871054753148e+01
-2.316017600247859676e+01 4.230336840416534017e+00 5.829390587813118429e+01
4.858779273302952895e+00 6.913955151427373380e+00 1.523853028386706221e+00
6.491959956690441125e+00 4.896081633320379822e+00 9.657394067402281124e+00
5.939181091919087940e+00 6.867923426670703435e+00 7.423169038716168622e+00
5.309721780305405758e+00 7.320619746215204060e+00 7.638636164435208542e+00
4.806454307934043158e+00 6.331308523516677056e+00 6.453029015098561416e+00
5.722377521199383921e+00 6.974153717990766665e+00 7.038222379045091515e+00
5.681244547527649402e+00 6.680816234584739277e+00 6.827363394004278163e+00
5.765596693905555625e+00 6.700577560187475967e+00 6.646987716592136053e+00
9.237341121837894775e+01 7.246834544523504462e+01 -1.391665035066052667e+02
4.803483489081484592e+00 1.622957847982485546e+00 8.287481408786904424e+00
7.546638884627242527e-01 8.746897585202351166e+00 9.090955268265773270e+00
1.645463319336501806e+00 7.640082228328047620e+00 6.614778294166908879e+00
2.218096505615818614e+00 7.522676354598880621e+00 6.568028739097776736e+00
2.008983733685455242e+00 7.542835340303019720e+00 6.465547952953596855e+00
5.546987588209710829e+00 7.190778307048338647e+00 7.536622337452355325e+00
5.565492578755012687e+00 6.534018984745896930e+00 6.521820877901751246e+00
6.396526401359816205e+00 8.089797240057203354e+00 2.716919048191208219e+00
-8.021793884345404990e+01 -5.647741429205770913e+01 1.520531668588149330e+02
5.481452555483924627e+00 6.305907119751028134e+00 7.077365629247387879e+00
6.404976876283530629e+00 7.663810490200900105e+00 3.741701545065245327e+00
6.389352762989793710e+00 8.213815239318599026e+00 2.648416278813501279e+00
8.016470453501527871e+00 7.262523673369194910e+00 6.984908295530686040e+00
-3.761867754991381041e+00 1.833834590426749855e+01 5.343632220587485548e+00
3.308584712053300514e+00 7.874766749004429300e+00 8.827817745694590545e-01
4.119115249545012070e+00 7.554767485630202728e+00 8.204809038731633919e+00
5.841108400977425674e+00 6.764965763754853256e+00 7.247520307220407076e+00
6.460582197385631886e+00 8.097523495459828524e+00 2.530569676392889544e+00
6.035293701305818104e+00 7.711631846642276855e+00 2.277862227399845452e+00
5.230822474906091202e+00 6.557909840376680677e+00 6.881427332193386093e+00
2.421756073336271076e+00 6.592259927170550426e+00 4.075681999128503818e+00
3.182131657516817924e+00 7.877047505144380679e+00 9.951317460427926420e-01
5.494236257281241542e+00 6.609661352630752162e+00 7.407521289756972216e+00
5.743329994863467292e+00 6.476093654976226688e+00 7.024553499055567585e+00
5.908999847532196981e+00 6.472796453161219432e+00 7.656362680936567244e+00
5.444105076592743231e+00 6.714001015827216534e+00 6.875886163940201357e+00
8.580077827425894199e+00 7.778960693922353897e+00 3.420782097674619493e+00
5.502995903828533208e+00 6.931934278216932199e+00 8.149109009351921173e+00
8.048296045487743910e+00 7.310248333208209104e+00 6.923972489349278447e+00
1.896719414966511197e+00 7.823115755717306996e+00 8.374229712868118014e+00
5.799024136411512487e+00 6.909438401285454390e+00 6.386602170425784486e+00
9.854788211168650225e-01 8.364911734222536310e+00 3.181314399633137224e+00
5.247392982422643293e+00 7.185508322805471693e+00 7.320105023472292416e+00
5.793534723982397772e+00 6.667616166468082639e+00 7.448592035262964650e+00
7.309454149172026405e+00 1.072536520935338444e+01 6.747365011887286101e+00
5.608976395644461377e+00 6.604543181381227868e+00 6.503464552826052625e+00
8.707418758292398309e+00 1.625205341390813629e+01 5.449747454223249576e+00
6.174584311445391549e+00 6.559300869061553740e+00 6.773589081626660402e+00
5.483677098861908128e+00 6.546734922080922559e+00 7.257535503382966269e+00
5.678485810348942842e+00 9.257494341040956698e+00 6.915263367874853628e+00
4.616206714190274951e+00 3.545430620043617864e+00 7.747225407862478264e+00
6.423307280329467517e+00 8.999987308077880499e+00 2.847440211738823557e+00
1.034096480957709119e+00 8.577798678823384648e+00 2.949656371273925881e+00
4.786915237080247465e+00 8.052761904421192440e+00 2.823134377637871673e+00
1.677706347157735145e+00 7.778076936379971329e+00 3.801407426633169884e+00
5.484760689802523181e+00 6.514821323696212474e+00 7.254848811219591909e+00
5.007674553199850997e+00 6.736035363663289033e+00 6.839291976005108964e+00
7.075355105709513204e+00 7.927016887131919987e+00 4.095665112540856079e+00
6.500763010961802202e+00 8.393542086045389539e+00 3.204626482082363559e+00
7.056445406792311914e+00 7.867902230773452743e+00 4.149217671484517922e+00
3.759939014930952617e+00 7.828441203092658895e+00 6.326409923651625355e+00
1.654964274688416026e+01 8.981691442144725812e+00 5.988681879514371253e+00
5.093911777653205242e+00 7.132680500891288133e+00 7.619954604603107029e+00
6.566766879380503852e+00 8.160030910050931396e+00 2.784627326689074867e+00
6.635206179699290274e+00 7.827673027453839083e+00 2.371980195235742439e+00
6.464438181252670113e+00 7.619080674076551318e+00 3.573081327636911109e+00
4.097454539536567353e+00 4.018395895366994042e-01 -4.621262416507073145e-01
-8.425115136285068473e+00 -8.671616036231560543e+01 1.361140902165681155e+01
5.750328273024306824e+00 4.057094793726122361e+00 9.041795590016302953e+00
5.890812225581412598e+00 7.341225082164005045e+00 5.568587886860751901e+00
5.231687198800312188e+00 6.537602332753639445e+00 7.204189939924262376e+00
5.227744799328439385e+00 6.937794049364454096e+00 6.904354686325639534e+00
6.644319385908625364e+00 8.246441047870485264e+00 2.703931013771705416e+00
5.883262660533545407e+00 6.285866808352464474e+00 6.982674315946146848e+00
3.510632786073458966e+00 8.106371575003571195e+00 3.826463788914663766e+00
5.668416820784552002e+00 6.434984819565078951e+00 6.679852809673391789e+00
5.630077582285278659e+00 7.211586085675843805e+00 7.449866073160871238e+00
5.347434490125484885e+00 1.144960588341283980e+01 6.642210004517519195e+00
8.259045862575593588e+00 6.367724437755660105e+00 1.548399967839847680e+00
5.134328616926850053e+00 1.030601002717105885e+01 3.718060785764219833e+00
-1.927136704655516564e+00 1.115903440365793209e+01 2.864575589046684190e+00
4.238909568312473120e+00 6.038127342383656782e+00 3.910062293493841157e+00
5.927791537382653075e+00 6.555504774518892575e+00 6.797221453429633797e+00
-6.545437817290156168e+00 7.863881309293589084e+00 -2.439787005008041021e+00
5.301802242874618543e+00 6.593303282113438968e+00 7.150144955187258233e+00
7.274632126316026515e+00 4.610978779263565031e+00 -1.278990586438255805e+00
6.746798360597800581e+00 7.545608443665157594e+00 7.138234880283062189e+00
8.461915366130414284e+00 8.392713026673057186e+00 2.048475970094451259e+00
2.632229361797628542e+01 1.037360788265508234e+02 -6.176624665652962420e+00
3.695104783451512276e+00 8.292608177714258844e+00 3.871520616602205145e+00
7.760974655122753418e+00 8.221928937735873077e+00 5.141977222954416504e+00
6.005322379886619544e+00 6.869989272459998020e+00 7.205294332640389321e+00
5.754513193678750582e+00 6.898793652856760161e+00 6.930826019323120590e+00
6.527366251155803489e+00 8.290469241384636589e+00 1.398007260511453964e+00
5.423268194767985051e+00 6.401278735965208355e+00 7.493231273110183110e+00
5.324468396274136595e+00 6.726261376757198818e+00 6.929536749165494669e+00
6.591187258919117831e+00 3.910969399177726125e+00 7.813866008783699968e+00
6.474653563282988245e+00 8.039288080941185299e+00 2.642634202417099232e+00
4.957347407030535891e+00 6.171698877567285635e+00 7.146840318309232387e+00
6.269621248969202476e+00 5.563741705127698722e+00 1.412065653531108023e+00
2.811945149099887331e+01 3.763468113359165201e+00 2.981128092293299758e+01
5.349046681724507479e+00 7.554630087148170858e+00 6.626123000903418436e+00
5.572971802551896836e+00 6.276394167908925681e+00 7.154216802618789117e+00
2.207266223997199184e+00 1.266063464612381040e+01 8.615679076887426291e+00
4.732976851700698262e+00 1.165041155513465476e+01 7.671112986765409758e+00
1.333388768209603015e+01 1.455507713650044543e+01 9.153807177945811890e-01
-1.415071836823665130e+01 1.371895445159124094e+01 -2.522147327773701875e+01
7.704202845363997909e+00 7.892214288047032511e+00 7.202585826465393026e+00
5.164115337922604354e+00 7.456481739094837025e+00 6.710732979865740688e+00
5.233864971126129362e+00 8.257034688003043854e+00 2.513567027089290917e+00
6.533449281542480946e+00 8.294390849897959939e+00 1.406275690115995403e+00
6.687380336102228817e+00 7.795453553413983272e+00 2.757214491136420698e+00
1.771083903742630028e+01 1.108884341491349090e+01 -6.083670552955856792e+00
-6.355233137102759500e+00 5.107535173341593904e+00 1.893253832138451287e+01
7.462756968232170607e+00 1.184982857165222825e+01 4.821815821087286125e+00
6.524439580577952036e+00 8.289256997346102551e+00 2.797691230989359568e+00
7.065624162306757938e+00 7.859518909136804510e+00 4.123869430584685247e+00
8.705482152793112549e-01 8.860247824497287539e+00 2.720060140192905873e+00
4.999885142869955779e+00 8.332426336841665560e+00 1.706873682868930597e+00
6.683266916383322709e+00 8.279944962025432176e+00 3.133263347887714545e+00
7.539624842168333174e+00 1.613660664978811887e+00 6.794015071624400548e+00
2.606743155476888774e+01 -3.272309267716184422e+01 2.458764434839241630e+01
6.132808934560145531e+00 7.829104901955252771e+00 4.672130530148626448e+00
6.097343700832922764e+00 8.514949501678188426e+00 7.164607098766987647e+00
6.083158362874436786e-01 -3.537475220693413025e+00 1.161391474327530915e+01
8.654513964996814579e+00 8.325392144970349406e+00 6.315160989419040583e+00
7.063259090135907137e+00 1.741826991282768944e+01 5.069200731689969430e+00
4.117499910423877196e+00 8.271271277482235007e+00 8.566033942698954462e+00
4.528972739555142901e+00 8.252715009364569809e+00 5.255358647651772408e+00
5.673370849204499855e+00 7.237633566980136379e+00 7.149562717741966722e+00
3.937865281946172047e+01 1.083317413753689351e+01 2.949900682224995307e+01
5.922408235934055298e+00 8.536780021945777008e+00 2.799075835980342486e+00
-1.542731519641074378e+01 5.044735612733891372e+01 -1.319190597470608495e+01
6.358654292391180185e+00 8.156849644547925493e+00 2.493124310969784485e+00
-1.791429876771452601e-01 1.755109250000552290e+00 8.833840109194440515e+00
1.414635070091160607e+01 2.031278357084762476e+01 -7.165673647774587707e+00
-3.036038506579188834e+01 6.385860665268918268e+00 -1.481238191288323769e+01
7.000556886628322317e+00 8.125232378352519547e+00 2.835261631236583479e+00
6.309503103039591387e+00 7.998891836808443401e+00 2.601973181136640001e+00
7.125516421496987718e+00 8.204893756142705996e+00 3.110112088688576026e+00
5.520588316981054788e+00 9.045947313123923195e+00 8.290412397688591284e+00
6.091124672770503956e+00 8.124079094405924906e+00 2.180646180366155651e+00
5.544124442203249181e+00 8.264777403169171421e+00 4.551400451966514993e+00
5.219903228631467051e+00 7.712750946907997118e+00 1.037536469146754792e+00
5.735549907894530008e+00 7.817307222108107467e+00 2.227603168463302641e+00
6.940027197918860580e+00 7.944401071042392459e+00 2.974825484083858829e+00
-4.502866077610287121e+00 2.457430852376971675e-01 1.515813957759488684e+00
5.514537598070301527e+00 7.030091791933227086e+00 6.921001420855775521e+00
4.707957348706883316e+00 8.151986673141244921e+00 8.354726548967265742e+00
5.362022282224653047e+00 8.034851365792654576e+00 5.186077654268794745e+00
6.111137607187037801e+00 7.254521781458159069e+00 6.999831802358452038e+00
6.707284211031185883e+00 8.061862176672951463e+00 3.578683002893658482e+00
7.082143018801757783e+00 8.361300126118759835e+00 3.015111765338665872e+00
6.346985414127366276e-01 1.614991604046746687e+01 -2.195856357142822901e+00
4.698320708125766743e+00 8.144016888065676696e+00 7.009483971263387403e+00
8.803706151662888502e+00 9.290734981173795148e+00 1.212243647570263860e+01
1.637869699168565063e+00 6.007766953628177475e+00 2.322808424464935406e+00
5.470371838380792440e+00 6.942405153391229433e+00 6.923282047963533969e+00
5.974076004848865473e+00 8.469959529127841336e+00 1.687606710180249436e+00
5.944817085057405137e+00 7.712528387162977950e+00 5.876034814942114437e+00
7.405683739694898904e+00 8.470038046154543920e+00 3.513061035196852977e+00
8.799316980022695578e-01 8.897887951686927366e+00 2.901634625312765170e+00
5.407818249234259689e+00 8.298750118904820283e+00 2.236392030406245457e+00
6.563902736008708771e+00 7.512431868352750897e+00 2.655287818433763380e+00
6.502023355229378687e+00 8.045491023960487098e+00 2.616182737974160233e+00
1.360478580868834797e+01 1.968520029679536876e+00 8.558748740632669438e+00
7.170425238074740193e+00 8.417563850023771721e+00 3.259159989250631106e+00
7.790827614236215837e+00 8.632104605159984345e+00 7.905232368140875820e+00
5.596902651145757801e+00 1.445925412872304427e+01 1.489991727557476864e+01
3.646603030892958675e+00 8.744232426311542739e+00 5.120576488022154926e+00
5.397150445797898044e+00 5.544355363675691706e+00 6.561238493860487075e+00
5.539414827031494681e+00 8.270434840915976693e+00 4.604451846009930627e+00
5.671055124951172921e+00 7.174803747124606446e+00 7.211997820580067220e+00
7.012108930550951413e+00 8.534196417433417281e+00 2.619379802981640637e+00
5.973362388769758446e+00 7.045559235463517922e+00 2.647731464236586785e+00
7.573611734585986355e+00 8.661159126287184762e+00 2.999425441403094084e+00
-3.651296782914868810e+00 4.150768433885588138e+00 -2.110983319780435963e+00
2.728376013802134459e+00 9.060450809285880425e+00 8.868028880165063299e+00
4.842944327472394228e+00 7.802905470398165733e+00 7.007149318202202437e+00
5.150114045218595393e+00 7.479178047209094515e+00 6.963317996962035572e+00
5.338578545504137018e+00 8.161753437959301749e+00 5.366742092606865633e+00
5.305287825846277450e+00 8.182496625619286590e+00 5.524831838338823964e+00
5.239237450086521086e+00 8.012595336058282669e+00 5.203260294958155008e+00
5.351115000613553718e+00 7.013257660148461525e+00 7.192569936728837376e+00
5.452090933302149445e+00 7.160613153980575518e+00 7.131318169790004546e+00
6.694967993803489392e+00 8.197473486717818503e+00 2.876495861459758441e+00
3.637937427784441624e+00 3.924015651299669116e+00 4.587621932047481366e+00
