2.603922652639930835e+00 5.592312757512555299e-01 7.004744741355282578e+00
3.625451872404143572e+00 7.427076766636852012e-01 5.187632279172990302e+00
5.924658113112328373e+00 7.102988946439374729e-01 1.470863223101121831e+00
5.755613786343744209e+00 2.037110719143363724e+00 3.826185973678588592e+00
5.950229942561293228e+00 7.584584734951778096e-01 1.401497956800027200e+00
7.207942138789535491e+00 9.460329193689316352e-01 4.221814988144438452e+00
7.345030438906392511e+00 9.018609988516218534e-01 3.725098141430247534e+00
4.567404372867065021e+00 9.822607013122007791e-01 6.992903797077923755e+00
4.562150160318799053e+00 7.422278008118636805e-01 8.342425351968810077e+00
5.416075349263035577e+00 1.436559215551381552e+00 5.148768124804363744e+00
5.916707500567802924e+00 7.791475861066587960e-01 1.567476774032619424e+00
5.847083871039121306e+00 1.070258533947283208e+00 2.873566959085054773e+00
7.117943533363707331e+00 9.232260654780521936e-01 3.655226888527328022e+00
8.037339426303329759e+00 1.180447855664834567e+00 5.403808598620965853e+00
8.726006083304877592e+00 1.110132463997740349e+00 6.542728338566178081e+00
8.775818569532967572e+00 1.071861748391316871e+00 7.314610486634320452e+00
3.410827512750057799e+00 8.098919373834223556e-01 4.255565329350160297e+00
3.870965055550224854e+00 9.955225387429749162e-01 6.575429939948795877e+00
5.249471125039473662e+00 1.304978160508723839e+00 4.619620652883599021e+00
5.954358624335197803e+00 7.515558649385529755e-01 1.518589872075517988e+00
5.595891266957136345e+00 1.955721219859535065e+00 6.232566812389201516e+00
5.863660365652710205e+00 1.583822277583310179e+00 5.745120430561375002e+00
6.514408259961235181e+00 6.078348135491422610e-01 7.057323668947197426e-01
6.548509102594443299e+00 1.340663287251128821e+00 6.954081546348792386e+00
7.862783247949284515e+00 1.247876064511679317e+00 2.215601376266100875e+00
6.773454671552610051e+00 1.075521564200486058e+00 2.494816693757246462e+00
4.235332132553447870e+00 1.352841341506664463e+00 1.209379759214811001e+00
5.808811774982007847e+00 2.127865012339225925e-01 2.133291185617090857e+00
6.032477881247061191e+00 1.576365057011414272e+00 4.793463462326956304e+00
6.922717112444818355e+00 1.016015368844953137e+00 2.550283363727597674e+00
7.571249938806666080e+00 7.945922339283710834e-01 2.566705180357707228e+00
7.388566407361919275e+00 9.716191496840528297e-01 2.654708001760225589e+00
7.660072972117586865e+00 1.335407031567549030e+00 5.492170260162557049e+00
9.060008263682746588e+00 6.914380214046050854e-01 1.738356934035370394e+00
4.230973913233078143e+00 1.244204661380805765e+00 6.001629303650599212e+00
5.857466322817510118e+00 1.395187158297469532e+00 3.060313653192766825e+00
6.791691949384459193e+00 1.814837541048518244e+00 2.875667927613677843e+00
6.163716996448419749e+00 1.268138787959040226e+00 2.953317388578654779e+00
7.883988626787704845e+00 8.698698704529627124e-01 2.412764128222417703e+00
1.002956883644278641e+01 7.598571208705814373e-01 6.192704169158224303e+00
-5.772591552678609794e-01 2.422849790902923850e+00 4.131416276909882335e+00
5.785131684404209551e+00 2.463604179890828139e-01 2.375408442969134004e+00
5.938018265172249954e+00 1.152298295822606899e+00 8.983637596667458425e+00
6.935551965974759092e+00 1.037236522191613108e+00 2.615206071204735583e+00
7.035141020922459631e+00 1.773694121873067520e+00 5.045948577284502967e+00
1.915791992894976037e+00 -8.774874559187786360e-01 1.661500263671894295e+00
5.914108136649987912e+00 1.109936896360013581e+00 8.981738890041622625e+00
5.563935646174472893e+00 1.791909671452579289e+00 6.178136038164231181e+00
6.103522133453337162e+00 1.603261098097163551e+00 4.780370493611111549e+00
6.163053388059812399e+00 9.707550709420527113e-01 2.189602322343612073e+00
8.429443699978847349e+00 1.510099561295765724e+00 7.549282802081510368e+00
3.925540580934588686e+00 1.197877667908147759e+00 6.866345320893855408e+00
4.496300895285429533e+00 9.951186421332907095e-01 1.376202551409550612e+00
5.547550735693910440e+00 1.989998658662489373e+00 5.623879809228990112e+00
5.523117064806513099e+00 1.139635220419016104e+00 8.817861417189154949e+00
5.780650681041154648e+00 1.609635856533403908e+00 3.498654923222236146e+00
5.715095355729084226e+00 2.118670739672754877e+00 6.449574278561942542e+00
5.769225545285258328e+00 1.702612421496830786e+00 6.799952328735717089e+00
7.438425205504608506e+00 1.710578945054871403e+00 5.796692329601830451e+00
7.348031474760958304e+00 6.439790150521651491e-01 2.876514970158035478e+00
4.389646728018337996e+00 5.071534609326566745e-01 1.538596451616799810e+00
-3.693296882773289269e+00 8.270351116472090425e+00 1.444471642733809880e+01
6.022952557652117456e+00 1.738759650990689964e+00 4.705264480056100318e+00
8.658133503256703278e+00 1.426944084608583907e+00 6.742917655754329331e+00
9.330407186642725392e+00 1.121937384028868223e+00 2.923072005794159267e+00
1.546190543445501930e+01 -5.326648496444015279e+00 -4.451086283255833109e+00
9.375538948284720675e+00 -1.645910179431725462e-01 5.954695447016482568e-01
6.540363415201516872e+00 1.423882742028579340e+00 8.956347062744807630e+00
-2.756723464517077815e+01 -2.898201629549547675e+01 -6.984879420910953485e+00
8.602301156567659035e+00 1.341127744649829312e+00 3.642369276256419486e+00
1.695913539107791745e+00 1.392545604505680323e+00 5.844502048264416771e+00
5.999107284210685620e+00 2.532019610366059936e+00 2.695879986132660999e+00
5.577175840073512525e+00 1.883500991659508905e+00 5.687131013570049021e+00
5.652870757518123845e+00 1.826979368484555888e+00 6.327695690336841317e+00
4.339167780843710354e+00 2.132219618208933021e+00 5.589300782431044112e+00
5.802654946344605769e+00 2.007986846403206016e+00 5.092791596526811126e+00
5.865759452784208960e+00 1.964519525532856470e+00 5.178589448199784506e+00
3.140445811033007573e+00 2.784097709717714864e+00 5.925656493828561189e+00
6.482520162087020310e+00 1.379513675233070114e+00 8.957928747472056585e+00
8.978907575966786681e+00 1.606003387850506225e+00 7.117609333225744628e+00
5.610356959067700267e+00 1.886659551242247268e+00 5.445634487026285164e+00
6.099642174373908432e+00 1.620604402904968211e+00 5.546610454921826694e+00
5.638341888327012441e+00 1.920484485350402171e+00 6.319769684832341028e+00
6.183853904774937682e+00 1.575800452535816021e+00 4.492148320524554705e+00
4.382966026591991948e+01 3.165607229937296196e+01 2.183643377949025322e+01
8.029819669907631408e+00 1.400144935313430761e+00 3.508174556325379001e+00
6.641437893386431313e+00 2.342388483726395521e+00 4.875198872551059992e+00
8.788112598333777115e+00 1.663574684373450907e+00 5.004986375564138612e+00
5.455756894520726874e+00 1.973851771117597353e+00 5.891712759906655883e+00
5.437970416152412056e+00 1.742447744071894178e+00 5.732875836035674411e+00
7.689537137868738270e+00 2.929632479076173635e+00 -1.454796783744249089e-01
7.872657966816865027e+00 2.283400981310712563e+00 7.061652509012579237e+00
8.666429284884589634e+00 1.851605302847100010e+00 7.590119197111151905e+00
4.691811853804324528e+00 1.746486274133359329e+00 5.827752071398612621e+00
5.314560826275712024e+00 1.964565879779153201e+00 6.255452817993303327e+00
8.446964447708076307e+00 3.112460190483066214e-01 8.530305499324359886e+00
7.357229759258309798e+00 2.582351319083341590e+00 6.550351845958672925e+00
4.618042133050561660e+00 1.656635886346904396e+00 2.490005068487348261e+00
4.607186380012143978e+00 1.135295911580214590e+00 5.249066586656438105e+00
2.232140244278133956e+00 3.488440534862265796e+00 2.480940422911041665e+00
5.694061077549462446e+00 1.814760090553378280e+00 7.545444520680594458e+00
5.667990204849704838e+00 1.809227976103341184e+00 3.725985103340932802e+00
6.230996652108043321e+00 1.482627678159673223e+00 2.002243458459043168e+00
6.381430722643216313e+00 2.317151867284941602e+00 7.007442106924216318e+00
7.372256578788507930e+00 2.417795433972682595e+00 6.701681656306248236e+00
8.329754581351394904e+00 1.407364610683378148e+00 2.085523412654410880e+00
9.072613884092284309e+00 1.577039598236960938e+00 3.950588830014611919e+00
5.958338306541774543e+00 1.773831711631000063e+00 5.239667900939656064e+00
8.175291595838737990e+00 1.545366499246456082e-02 1.909261640481885625e+00
2.145952535142349404e+00 1.655057974815697053e+00 8.982112069042393898e+00
5.428976456365928627e+00 1.722323656676239212e+00 5.820024879450391708e+00
5.991258880172004808e+00 2.046023176787826969e+00 5.646202556790815841e+00
1.053451266927372210e+01 1.247151849328104856e+00 5.344964146901240554e+00
8.821499666352934810e+00 1.982216714728293638e+00 7.568840625894013741e+00
5.947598445836003833e+00 1.861733598173609394e+00 5.197367010125923947e+00
8.174777647841285244e+00 1.574217366580992428e+00 7.982082185537447971e-01
6.294358795750130131e-01 1.847084313513479792e+00 4.063870175513464744e+00
3.846264640834556658e+00 4.339181783205988019e+00 8.277890425352717685e+00
6.214102918601032144e+00 1.713313632414160459e+00 1.461557717318551219e+00
6.241500735337385031e+00 2.488544967986308976e+00 6.230272409458347482e+00
6.639585315433743418e+00 2.462374094011632764e+00 6.084283995815704671e+00
3.930356475946986450e+00 1.220914713979098787e+00 8.747582923551600942e+00
9.535455700509062993e+00 2.568809898334261543e+00 -1.742064512374308149e+00
7.127638305180292733e+00 2.047422606903110509e+00 5.632592624661566738e+00
7.788794774221216244e+00 2.297706626309240718e+00 7.061830097705090736e+00
7.820254260871688956e+00 2.513840914038426355e+00 6.882011016262675085e+00
8.776340156929334668e+00 2.013489233355170605e+00 7.124730000466030333e+00
5.162685050357652905e+00 2.056705105239050368e+00 6.409109690975734352e+00
5.349987868581929540e+00 2.500863401622923199e+00 3.122968435075815119e+00
7.003828166618671247e+00 -4.578714881098996381e-01 -1.181502574788396709e+00
5.840151910677312763e+00 1.970079069599242061e+00 6.402661583742609963e+00
6.189170912681124292e+00 2.332297345500484731e+00 7.145972886082052611e+00
6.161664323366199625e+00 2.383663882684849966e+00 6.527010541844433078e+00
6.285683619452559157e+00 2.405121041118186476e+00 7.116286834749979917e+00
7.340655220788812052e+00 2.801937425769440715e+00 7.366281292294598160e+00
7.662028746049514893e+00 3.068397015137774186e+00 7.235317305584629821e+00
8.639529550634067689e+00 1.977956290724850241e+00 4.746482302952121479e+00
5.508128651624474514e+00 2.040028453169742129e+00 4.578235925129487072e+00
5.379274674630643460e+00 2.396171337878752805e+00 3.283001669483136098e+00
5.958989524671230775e+00 2.252257696668992892e+00 5.713956585416522849e+00
6.323471126540601617e+00 2.227088493322646912e+00 2.945469188207937350e+00
7.954216906521530461e+00 1.848384645435191764e+00 1.534844736550670108e+00
5.425619880630678793e+00 2.020434469123696619e+00 5.715641966094826998e+00
5.259235145492668018e+00 2.529053732830427670e+00 3.521812856383763624e+00
5.923045057238908839e+00 2.290120805195944520e+00 5.528119722446351858e+00
7.402495601108453727e+00 2.158948820932395041e+00 5.780333414107867718e+00
7.655871409610956135e+00 2.670364583630469468e+00 5.946895524817502832e+00
1.362429080179101248e+00 2.311377523830495662e+00 5.117258671855985597e+00
5.355157911682329797e+00 2.143880690521184906e+00 6.232597592182985480e+00
5.362357018341512571e+00 2.207624368783898117e+00 3.203609885237630905e+00
5.253832506256354229e+00 1.872869398327216661e+00 4.495700448853530595e+00
4.872050164274991602e+00 2.664414977693299491e+00 5.064005748196485079e+00
5.148871567430615137e+00 6.447938206991389087e+00 1.036245231125410449e+00
9.246358154445635691e+00 1.147080040242458665e+01 -8.124253415393955180e+00
6.416888811544371407e+00 2.708138336847642158e+00 6.307887524715722449e+00
8.474184258160068595e+00 2.568717544182371970e+00 5.545027886374601422e+00
1.845171574438973039e+01 7.452697886059494792e+00 -1.829871559476852383e+01
-8.964710113605672825e-02 -3.210894038501244108e+00 3.522472356936865623e+01
6.156450772470070554e+00 -2.567950416212076092e+00 5.257123630682213999e+00
1.623081782994015398e+00 -6.986122550841544765e+00 1.606745265324462935e+01
1.731228001509094838e+01 1.855454544065440814e+01 -1.763737806467490543e+01
8.661500228726357165e+00 2.480655710395308411e+00 7.712328739856262771e+00
8.776614296639021262e+00 2.382074374143359208e+00 5.318152041823231535e+00
4.844314734514296283e+00 2.726815198786278316e+00 5.765579084695411360e+00
1.520824305643821894e+01 -6.520324201270027764e+00 7.666984185686040121e+00
-4.794035319093819858e+00 1.106322647760545053e+01 -1.926198153950507974e+00
5.811055479715507843e+00 2.389374010742071341e+00 4.881468034288468871e+00
9.423943558467998471e+00 1.578072278302422138e+00 7.958481722478751408e+00
7.166975423828564118e+00 2.308123164500861080e+00 3.863539045143721928e+00
7.393397595786140641e+00 3.083690769021625755e+00 6.790057042196011139e+00
7.343808977584663111e+00 4.015733388078487565e+00 7.197211879430341241e+00
1.973142695598482987e+00 2.768490822750442337e+00 6.417638954779388172e+00
5.306742646733015434e+00 2.286531126240217926e+00 3.201447679670855084e+00
5.152520838933726033e+00 2.353168563553322379e+00 4.796152733694372117e+00
6.198382544106431524e+00 2.469057755140602772e+00 2.304986323945545923e+00
3.367651203098797730e+00 -5.555480590488383719e+00 6.286104056710386523e+00
6.662862872458295005e-01 -1.412972747249146721e+01 2.419944287659547655e+01
8.015864479249246166e-01 2.487822659233585476e+00 5.426929812670562292e+00
1.176765080815055819e+00 2.503690011875854271e+00 4.871037993074025962e+00
5.634516155334638121e+00 2.388085534675147059e+00 9.183572531112648152e-01
3.802235672965351476e+00 4.293692935618071971e+00 5.227871491939222182e+00
7.565217907429309108e+00 2.822647338126196281e+00 5.421812866987302471e+00
1.737990217149481875e+00 2.656890018360420935e+00 4.984104920635861191e+00
7.274798927968799234e+00 2.769095444587228450e+00 5.653541570406283689e+00
1.174371991905515600e+01 1.113419001571051936e+01 5.542247419323281576e+00
-8.627608513202240648e-01 -1.661939018191618933e+00 -2.273311102448563048e+00
5.598121483884047400e+00 2.796658731130412079e+00 7.152462969589146624e+00
5.777089074683676273e+00 2.797818670292499199e+00 5.857733866843095605e+00
5.192415008459052572e+00 2.154083550142151804e+00 3.151783631067584412e+00
5.544206886007183144e+00 2.690096939633691786e+00 5.697771431567195677e+00
6.859180611286447515e+00 3.397908822176056276e+00 7.124849754414602998e+00
6.442652638800964837e+00 2.901204068235218703e+00 6.241846054646288167e+00
7.369693588574099508e+00 4.138430179019550792e+00 7.386989478353561900e+00
7.467644836293198196e+00 2.830755746479387547e+00 5.521741330920111324e+00
7.238802338244877177e+00 4.954623332364370469e+00 7.935374514403147117e+00
8.366025097153528378e+00 2.765704714994735802e+00 5.071370620429897613e+00
8.387108674968262179e+00 2.811601279884766491e+00 5.578749275159985643e+00
8.663099007844001775e-01 2.835225826054610376e+00 6.672952326385038546e+00
5.734541156511967941e+00 2.501134101263832177e-01 4.164465226101217610e+00
6.740031686484543982e+00 2.712640722843163488e+00 1.761506995280383681e+00
7.631935550534580059e+00 2.824961316399195344e+00 5.881544181665212534e+00
-2.041302648494508265e+00 4.081710849524302631e+00 1.789224394870665424e+00
2.526866605285401413e+00 3.534084852715764669e+00 5.603135147613900635e+00
2.013314929029965672e+00 2.665137410309274646e+00 2.504150827529021406e+00
4.307746586628272922e+00 2.768416101072569191e+00 3.089402498841455014e+00
4.852253438016605358e+00 2.706277769742357897e+00 5.676255742546946870e+00
6.095327996481707089e+00 2.649994749669128069e+00 2.490125089767859290e+00
3.864819264252061792e+00 1.490185279042568034e+00 6.289713255969782146e+00
4.841961788960485791e+00 6.893921713449690181e+00 7.385845708648805186e+00
1.488602397477400752e+00 2.496208110989284634e+00 7.282352514977542768e+00
2.867723718426561597e+00 2.891346340785099223e+00 4.051499287994046128e+00
4.366843488225041980e+00 2.879624993559184887e+00 3.243142582011559583e+00
5.320436545723427280e+00 2.939470951485203098e+00 5.985458144823082804e+00
7.318042201559762816e+00 4.064691580446739394e+00 7.316938377885276346e+00
7.150647369779680851e+00 3.934306558724105507e+00 7.222687929962547493e+00
7.965633108144350771e+00 2.108771385994354652e+00 7.215541597812455521e+00
5.347353118103502112e+00 2.977830905461898325e+00 5.771863652804187339e+00
6.208627560314182503e+00 3.050287545459165806e+00 6.104178069817869812e+00
7.095592225687619603e+00 3.912954782418981203e+00 7.176560634538831529e+00
7.472310734403501797e+00 4.413913839058305477e+00 7.305338688605198527e+00
7.138439000010121660e+00 4.117980926607606840e+00 7.253743939314770017e+00
5.843134518010824507e+00 3.043219368505315714e+00 5.019671527678041478e+00
1.553106067305885851e+00 6.625062504197951618e-01 3.186397558474200142e+00
6.585309694886664289e+00 5.610405094153430028e+00 6.429759723361678780e+00
7.329339163854118766e+00 3.953552897749498918e+00 7.002142004346293191e+00
6.728967874600339627e+00 2.937941031505176603e+00 1.471644583378773241e+00
7.094003814636768546e+00 4.280853202666369484e+00 7.522597332921659330e+00
7.145242452493045349e+00 4.183793787776711071e+00 7.252263058977195698e+00
1.305406441008694074e+00 2.902909432310508464e+00 4.379540221669318001e-01
1.039292831627451541e+01 5.169795089012670708e+00 2.646548197889912579e+00
7.352551007547381445e+00 3.886301526996270184e+00 7.222759829626083317e+00
7.143274631812259301e+00 4.128920651576216017e+00 7.147986488598428778e+00
7.250209962547803144e+00 3.754893799939648336e+00 7.078600867319078560e+00
8.417970314150844402e+00 3.245865152269561626e+00 5.506410615132521613e+00
9.546400490341182543e-01 2.981028154259131036e+00 4.852027324881778014e+00
1.940468559011665484e+00 3.290367871548252054e+00 6.636163215329353271e+00
4.012234754475819898e+00 3.102363830531912114e+00 4.123966676404460685e+00
5.539871211134820506e+00 3.111062441950218638e+00 5.320323549463370938e+00
7.312443150727190755e+00 2.381593036384873852e+00 3.852664514068534274e+00
7.104284477641893858e+00 4.322909302850339586e+00 7.622953397607181714e+00
7.128718296381688191e+00 4.485872171764517802e+00 7.329510272076853461e+00
-4.222565381903528703e+00 6.848054594308726983e+00 6.259882836625922486e+00
3.905010234098322819e+00 3.302793419617080062e+00 6.492343343633784514e+00
5.066253884092892790e+00 3.159231159641571196e+00 5.914977414804157618e+00
4.053970235218106843e+00 3.770884879706113857e+00 1.901135799266942872e+00
5.047276162805191646e+00 3.935020164347969196e+00 4.061839168229315788e+00
7.611390247025234146e+00 1.230436123171587681e+00 5.733456115015307830e+00
8.767337964725548716e+00 5.383784255213257985e+00 4.993612373704689134e+00
1.722375726920509997e+00 3.208161443811678559e+00 6.426339122640448487e+00
4.796700977088276474e+00 3.210671300766651637e+00 5.969645594420814660e+00
4.958584739315641698e+00 3.292251422722662024e+00 3.538215257257003810e+00
5.963557730486626518e+00 3.565583914978397218e+00 6.196539615414371482e+00
6.637784851061217850e+00 3.366615046557847268e+00 6.201594967755520216e+00
7.281110108494216249e+00 3.934365514371609862e+00 7.315693986163164908e+00
7.514215440049121675e+00 4.367068796371332162e+00 7.294058401681205339e+00
7.183755561601865125e+00 3.953616635742613905e+00 7.233470733368545957e+00
9.330755991958906037e+00 2.551179946662584186e+00 7.502598028711183531e+00
7.231878492117235879e+00 4.068564457667262602e+00 7.545832491563096767e+00
7.120358496570958096e+00 4.250076602822352001e+00 7.227047146690923185e+00
8.365829288652420814e+00 3.263931452349079887e+00 1.112056928069631301e+00
9.718399107644302148e-01 3.255496599363183918e+00 6.804945173988647511e+00
4.077993628355319089e+00 3.314467223827052500e+00 4.772116714878707810e+00
7.464103503334414746e+00 3.720512817360393854e+00 4.000599517793364868e+00
1.691160021907211153e+00 2.479876790984936186e+00 2.739135534359685042e+00
5.439691474983102459e+00 3.399485235280986117e+00 4.844785232401305208e+00
9.335118704491204511e+00 4.315203875629874730e+00 6.155753997004947742e+00
7.508575984174232332e+00 4.107570647564388722e+00 7.541513466702289392e+00
7.630290842919380978e+00 3.916957685541849088e+00 7.531449186703696341e+00
8.731401859428482126e+00 3.221501603272801439e+00 4.369856621612385084e+00
1.780704428922942384e+01 7.898106366477833262e+00 -7.222172622968677125e+00
8.226024574600188100e-02 -1.533545322679786382e+00 1.785897991254628181e+01
9.953217933811638884e-01 3.322334903715848498e+00 6.826547159615600435e+00
2.095838358469296114e+00 3.378815034435973530e+00 6.279415072610950332e+00
2.964965764680245641e+00 3.455696623350970498e+00 6.292761529252212327e+00
5.272019148986732517e+00 3.578545800732446214e+00 4.501533478586272174e+00
7.444921263020735758e+00 4.053942750497263603e+00 7.397370680254803155e+00
7.485918809089212367e+00 4.384200746140547444e+00 7.245534758895434635e+00
7.202832745129041925e+00 4.253486483520420691e+00 7.642880500036524083e+00
7.047939303963582702e+00 4.357408266156086896e+00 7.574332092138023498e+00
7.252821965738355914e+00 3.598617843807756955e+00 8.023835584804945853e+00
6.520296394465212586e+00 3.660115238200310372e+00 7.838641737298698509e+00
7.948304225378793220e+00 3.674571841810350570e+00 7.568231253807729431e+00
7.952357097682729581e+00 1.005913295673075414e-01 3.959875870218789728e+00
5.447241997877867448e+00 3.375197420465309683e+00 1.837641730454792288e+00
5.964585040972613328e+00 3.537205903476340119e+00 6.185729629397361151e+00
8.327972202795267620e+00 3.195675540423306149e+00 5.603351727959280382e+00
6.422248378007179070e+00 3.541941066565475804e+00 3.191572427413947199e+00
7.526006604235700337e+00 3.988178343483001598e+00 7.302499500288851308e+00
7.562703038732715655e+00 4.332276333440543858e+00 7.743048607666198180e+00
7.499079575523529329e+00 3.755969683841480222e+00 6.728882700101523895e+00
7.194817552497775104e+00 4.263857921396880357e+00 7.504676052250813356e+00
7.258641234571564738e+00 4.052849873965211458e+00 7.438886966810149382e+00
7.031740322943267785e+00 4.199783166254064781e+00 7.579456847167893585e+00
7.119528457306062208e+00 3.668757353574822577e+00 7.080050756026386338e+00
-8.103363201075174160e+00 1.380650833770102714e+01 -4.217366180756332028e+01
5.240836968801719564e+00 3.640125818774166078e+00 4.382224877585988665e+00
7.391328569599259879e+00 4.173097309945925204e+00 7.313660778752744562e+00
7.488521680845622086e+00 3.993096878152237128e+00 7.295740942937802842e+00
7.226509992038710806e+00 3.719976814584960323e+00 6.929668764878343268e+00
7.141162832407463412e+00 4.047536992353670371e+00 7.198899576039508474e+00
1.015570776130898167e+01 2.322592166307076766e+00 -1.358678326350002852e+00
8.465616554862862131e+00 3.422294153632565727e+00 5.284765806416488410e+00
7.874698460321233995e+00 3.818736251984677033e+00 7.743660581772465079e+00
4.888582414224634576e+00 4.983449320683535966e+00 8.844988125374568355e+00
5.791830673929028173e+00 3.496795876288879334e+00 7.756845268453081310e+00
8.553876035546048584e+00 6.866482174850609077e+00 3.918299656751505822e+00
7.063245226583333647e+00 4.230615109268942575e+00 7.546460334549324855e+00
7.568656744896019362e+00 4.028036412537195687e+00 5.500194253294745650e+00
6.122005704217713173e+00 4.369129209982522966e+00 1.205818071243399459e+01
7.682971493746530101e+00 3.829322723407909024e+00 7.608482620938158192e+00
8.274822466834379497e+00 3.621122591595128171e+00 6.345752782849816143e+00
1.894683051259272499e+00 3.399686454046398687e+00 5.094735560318649270e+00
1.173801242691151003e+01 -6.712198487854545981e+00 5.092375083801724145e+01
2.812983591585466403e+00 3.674070879250394217e+00 5.255693497118390844e+00
5.345818585984234872e+00 3.547869884132318852e+00 3.038485257691594832e+00
2.683974095142156457e+00 -1.692333859674901575e+00 3.411688738251015263e+00
7.051480554486740715e+00 4.268726060612499040e+00 7.511770122532601235e+00
1.236924883715630585e+01 2.138408427153639213e+00 5.823702841248202589e+00
5.660536717286520414e+00 -2.483967958936353693e+00 -4.305321429142493495e-01
1.426779386980122633e+00 3.659349559763981574e+00 2.441118116621529222e+00
2.328730267380996644e+00 3.672065600140947073e+00 5.759835753400732727e+00
2.385722860553078029e+00 3.681449023687699551e+00 5.790728282972796848e+00
5.056516451151506608e+00 3.831420393565545979e+00 4.743291853153408510e+00
5.894893632253530136e+00 3.856345717830319764e+00 6.157683120727639903e+00
5.636870484320303909e+00 3.984140892136882606e+00 5.163656872020038868e+00
7.358444365608795223e+00 3.770878241327955571e+00 7.164449406553575983e+00
4.279820748933707897e+00 5.727461805109008708e-01 2.704730427139037552e+00
1.132607998243173597e+01 1.306351868034447605e+01 6.900618358456071633e+00
7.297647593059515714e+00 3.685966146555140543e+00 7.300493779165681651e+00
7.589928954325754873e+00 4.028298525102833594e+00 7.051585787314968101e+00
7.519025524792018800e+00 3.836459594716189692e+00 7.213127097623246442e+00
7.409390542891646447e+00 4.003399896170581229e+00 7.646334405468255824e+00
6.186165957862034936e+00 4.031612930441508702e+00 6.496536301103095212e+00
5.670949001211371687e+00 3.755227665562808514e+00 3.870489166961752936e+00
7.012715456817547377e+00 4.175815130297937827e+00 7.078942692146368287e+00
7.541542418024921091e+00 3.719012144938907305e+00 5.955896357296017740e+00
-3.354644351724375806e+00 9.954189020072842453e+00 1.079376129056885070e+01
1.008934506738333292e+00 3.778126662029784200e+00 3.881614818246447829e+00
2.530531135372550811e+00 3.900428937291544607e+00 6.499958891336531153e+00
5.107551579054288915e+00 3.827131989534799494e+00 4.615539803935865493e+00
5.239414902359306403e+00 3.608392043305054031e+00 3.012408474043532181e+00
9.032197021499486667e+00 4.264835115214712147e+00 2.639082762145141814e+00
8.737378928543357404e+00 9.335137899256213956e+00 5.114304613211837491e+00
2.588814668683909304e+00 -5.383400058969039392e+00 6.925729394143722573e+00
7.389212316073002107e+00 4.536691036678025313e+00 7.630043291214857248e+00
7.013210054011079997e+00 4.444499864066210115e+00 1.426421320567600182e+00
7.285572634336375586e+00 4.199453937404122428e+00 1.971486508887021483e+00
7.214342997663969470e+00 3.734491460101300397e+00 7.527368829266998240e+00
7.817675499699710429e+00 5.612926781215931804e+00 3.353241706522595678e+00
8.404437568406793346e+00 3.471479150350333498e+00 5.462892628850069876e+00
1.623072405155730147e+00 3.847742277012899947e+00 6.671583889696798053e+00
3.601467145168446571e+00 -2.568952869609590905e+00 1.944454814632781137e+00
7.297241470186184742e+00 3.626351344108041275e+00 7.097538962268768792e+00
4.080467536601091183e+00 9.175515059399486972e+00 5.737904744004719504e+00
6.932466855595558641e+00 2.069527202603539173e+00 1.073665024129637047e+01
4.612198858060883033e+00 6.612235844285621056e+00 5.220588503390850121e+00
7.136363839242243046e+00 4.345284433135681468e+00 7.544646053683424114e+00
-4.093630489998000277e-01 1.053258601360626301e+01 1.172340562328962399e+01
2.271666745840462465e+00 3.919308411140655757e+00 2.914832244708028153e+00
1.770607220379790014e+00 3.667248709938812468e+00 5.461125754252403652e+00
4.428408133394821533e+00 5.522474500291732369e+00 8.133316280459181868e+00
5.831648483016371287e+00 4.183292265496101336e+00 5.143062218640162442e+00
6.336069763492158557e+00 4.050414284699715317e+00 6.882609159843672053e+00
1.027860836147175405e+01 -1.123890011222835827e+00 1.018456515797403661e+01
7.171290089614667629e+00 4.062082860588897226e+00 7.476820858389897850e+00
6.920295944002738509e+00 3.624108888354804492e+00 7.286792404346778440e+00
7.223990168040122839e+00 4.171335333172606852e+00 7.067493586123536176e+00
1.323048747070013853e+00 4.075523865426252001e+00 7.146542042212471024e+00
4.795123560861230594e+00 4.211854420415627409e+00 6.036239073364498608e+00
6.734962473354203283e+00 3.023287372426325170e+00 3.178019797764603638e+00
7.496589478011888019e+00 4.082619876843025075e+00 7.397488934811992323e+00
7.111503871268624266e+00 4.646706879672303891e+00 7.310208279819477184e+00
1.082138855498254415e+01 1.871790431615426353e+00 1.199095780303511383e+01
7.353966381573613376e+00 4.069916874810903806e+00 7.342157849671945513e+00
5.642276564617899837e+00 4.222381175984208923e+00 1.862099054222769556e+00
1.032326737060746957e+01 8.875895358538780755e+00 6.960075889061554832e+00
7.052169259440025151e+00 4.442680185451589381e+00 1.292974093785398626e+00
6.859641100815672132e+00 4.578270320423166062e+00 1.080231659424630486e+01
7.640857291448094557e+00 4.035452063923544941e+00 5.004591705553167458e+00
7.237070044954917236e+00 4.522619462498639997e+00 2.578946490927717772e+00
7.250459679214650066e+00 3.969355784772258922e+00 7.231531771492228700e+00
7.823842975166128255e+00 4.463481261071762241e+00 9.368540807262975001e-01
7.188667379886940267e+00 4.251742755956822606e+00 7.491648097823386365e+00
7.162607107495210457e+00 4.223486211085312192e+00 7.548343250957408657e+00
7.464184695745338161e+00 4.281144116249468112e+00 7.702994071351282557e+00
3.603304346037524031e+00 4.579634281675341256e+00 7.627031076754223093e+00
5.226320256863110636e+00 3.977238915171554368e+00 3.888681792160868067e+00
5.592266119983049677e+00 4.285908609003564962e+00 5.779870572943762497e+00
4.790654241302790162e+00 4.633004397110385142e+00 3.864235413137086184e+00
5.857663063165291284e+00 4.232168912458266874e+00 5.038566607613894632e+00
7.909371511566758883e+00 3.098191853459386635e+00 8.219638578347046476e+00
6.546133639326203735e+00 5.696477055245519949e+00 6.023874722919916103e+00
7.001468960206709724e+00 4.411296842632629556e+00 1.452150872215209221e+00
6.169997407410884982e+00 3.757904592137002453e+00 1.203531346997044338e+01
1.469461545377452083e+01 2.835967693927401001e+00 1.021819493487333652e+01
7.934050763329082656e+00 4.172201362609334829e+00 8.281087203416486631e+00
7.910205982756473020e+00 4.273776145063123089e+00 8.352962000137742038e+00
7.536580516127052931e+00 4.182306363711200348e+00 7.830232577775388947e+00
6.877354825774518510e+00 3.773515542504646270e+00 7.087465520280487041e+00
6.464773001395414553e+00 4.177157711532191620e+00 3.702786103276014540e+00
8.272361249521392068e+00 4.949013684014049730e+00 4.270033827799402104e+00
4.306768044798138462e+00 -4.510877586521813143e-01 8.108438493264412017e+00
7.017579502977508099e+00 4.484064244818903866e+00 2.673781932545189921e+00
7.406992555777895504e+00 3.960325001077883655e+00 7.609332946801067976e+00
5.132177826485722960e+00 4.058921376457144348e+00 4.705081154436456359e+00
5.329929857108202995e+00 4.418755457599675474e+00 5.779392686155648384e+00
5.617390890989900853e+00 4.269520524492969926e+00 4.928429324264968159e+00
5.371015856352315154e+00 3.854790515930544004e+00 4.129826459024901197e+00
6.716303362189816717e+00 4.520999969314287270e+00 7.765767414670332158e+00
7.496501895300044183e+00 3.775314644882007187e+00 7.276634450451053837e+00
7.249997281062237064e+00 4.368388927273035627e+00 2.534940101211158314e+00
6.940427475910599497e+00 3.827719926031965869e+00 7.396874254591871534e+00
1.123514356898859035e+00 4.460678439030262510e+00 7.939285496588194491e+00
1.709243482608440612e+00 4.353018424820345622e+00 7.167645241919245791e+00
4.214981182370314272e+00 6.278523145858861731e+00 9.624183017891098757e+00
6.100440835722423571e+00 4.575733361368633290e+00 6.333210284800894208e+00
2.952493895448800920e+00 6.396797302787393669e+00 8.101059880047468909e+00
9.785674670896447935e+00 2.788745206120598397e+00 5.980217490743398479e+00
3.215634790921263475e-01 5.071226760514649712e+00 3.945822107698523595e+00
1.004179871152709147e+01 4.510279724046179162e+00 -1.612025243383488071e+00
2.240236546425726338e+00 7.134786268911022411e+00 1.362989366323620999e+01
7.270619813328000447e+00 4.114815946942961489e+00 7.767539443707375924e+00
7.571217004299450437e+00 1.371045377432206180e+01 6.441335778807168566e+00
5.296026387875486741e+00 4.537080449349192968e+00 1.536768604328769605e+00
8.513273252222287368e+00 3.347980759501607118e+00 5.115478004984487015e+00
6.813196963450197430e+00 4.563529207857213166e+00 7.055282265066315617e+00
5.898744326599394405e+00 4.306569366085842177e+00 4.917297672208095882e+00
6.971573162270767732e+00 4.308284877937525792e+00 7.151899912631941802e+00
7.051089974234658442e+00 4.218297051874800196e+00 7.375630597663095145e+00
5.905606123156156073e+00 4.609295170810361775e+00 3.617858050369508582e+00
1.412366965574965505e+01 1.676314917712044661e+00 -3.884758735961640896e-01
8.010804705030560413e+00 3.437498556450693243e+00 7.275685411544051462e+00
8.239701357375784241e+00 4.306153496093497957e+00 7.222616700022774339e+00
1.685180243957789870e+00 4.666837189082701620e+00 5.232509090221396875e+00
7.485976111398456645e+00 3.982562611776582884e+00 7.666943211159575000e+00
6.191834410340483430e+00 1.240893109255691851e+00 1.792815669053147332e+01
7.459096283189806442e+00 4.665896088860892910e+00 1.796563682959941843e+00
7.889816945905502976e+00 4.372057335175435711e+00 8.196296158146791910e+00
-1.929141687602681454e+00 -4.430163712931245001e+00 7.501223076876407880e+00
4.443963817722141663e+00 4.400177279900277405e+00 4.288396114178528506e+00
4.781684182190454990e+00 4.677352679013208281e+00 6.233425438208371361e+00
7.295835131197739187e+00 3.918698579169221929e+00 7.315777834934356960e+00
7.372763291254068818e+00 4.436400107762660916e+00 2.700135294148525045e+00
7.996952826760281852e+00 4.389151257584901877e+00 7.035100318376668938e+00
3.443364793999884377e+00 4.892794468124112228e+00 7.672831531884769518e+00
6.647438242820788545e+00 5.030155367932770183e+00 8.041489824885012183e+00
7.483143007516466660e+00 4.609704052512217487e+00 7.811153497021063430e+00
7.155587263451522517e+00 4.155333689429415500e+00 7.527709785754245431e+00
7.199254258987689781e+00 4.639665853806308249e+00 3.421000882473836047e+00
8.129584135112104093e+00 7.373486943103858771e+00 -1.227443325480287450e+00
7.417569229515759588e+00 4.367576324656337938e+00 5.863211795615326238e+00
8.552065063303306403e+00 4.734811020823541661e+00 1.004387571114920608e+00
8.015364071364551535e+00 5.357846917317342417e+00 6.453422588199724252e+00
8.037878423681117823e+00 4.282563967242775327e+00 7.443185290534009013e+00
6.063509056187310620e+00 4.710787722821715207e+00 6.379890117312672082e+00
7.110973171640877943e+00 4.599686481841544605e+00 7.533376654652583326e+00
6.971390948199328363e+00 5.186777717911847496e+00 1.497966951854993400e+00
7.073928157978715880e+00 5.141557952708406987e+00 1.581489576275224795e+00
6.861993818961238389e+00 4.678997585752033395e+00 6.905652718756587483e+00
7.383697437891132864e+00 3.915121773603452482e+00 7.522278819362433921e+00
7.342731467010130686e+00 4.816729969990785953e+00 4.468604787462941985e+00
7.147255141800334499e+00 3.842242030481142656e+00 7.231979543706566815e+00
7.221884643170081830e+00 3.819243294253427123e+00 7.399304154297550618e+00
2.760030727036455911e+00 4.999073280730898183e+00 7.877091772669684744e+00
5.764886960435690710e+00 4.776954997187154994e+00 5.538689018064259173e+00
5.671391654680590477e+00 6.905285855396541272e+00 6.197978127532637771e+00
6.703309179741731683e+00 5.099035723224690564e+00 8.339892377672605051e+00
7.754036072468852403e+00 4.058944267053309574e+00 7.016254763976879971e+00
5.273846575422683536e+00 4.355215109122796413e+00 3.566659984822608376e+00
7.108941304850485032e+00 4.205972841265459117e+00 7.572986491754052807e+00
6.944729229161185735e+00 4.396687703252034396e+00 7.539257113396690357e+00
7.138816211690151903e+00 3.851839519498296838e+00 7.254622928876417021e+00
8.177572608184338065e+00 5.027492796567340605e+00 7.478064629752209314e+00
6.983934976898716229e+00 5.303260475015452613e+00 1.394296854179371437e+00
7.116483526133833948e+00 4.584229990378528186e+00 7.433203796723709900e+00
7.628450599294685830e+00 3.660619143947191567e+00 6.287162984399646604e+00
2.123049291732995059e+00 4.844272714814547243e+00 4.313778281235919998e+00
3.211867057058389818e+00 5.188167160845444492e+00 8.405380640823732818e+00
5.299834394207759480e+00 4.792253814390572408e+00 5.710910889366001442e+00
5.707889666467949041e+00 5.085415313173706764e+00 9.786734611758580726e-01
6.514442844178997660e+00 4.956379892991151337e+00 7.303101662226958446e+00
7.039953120947705090e-01 5.302613684587070608e+00 5.932218174302718694e+00
3.183710959174073096e+00 5.192861473766576808e+00 7.077733288919969112e+00
5.664092346076865958e+00 4.941152230938902434e+00 5.905084956581165834e+00
5.854352077064667981e+00 4.940432635162374631e+00 6.095756871673605026e+00
5.609361307333055713e+00 4.810660689375204413e+00 4.193781164931078997e+00
6.579342067200468769e+00 4.980949672729702904e+00 6.936018333892899790e+00
6.815249500493312240e+00 4.697744012452419682e+00 6.867608598869384906e+00
7.189521780817880625e+00 4.355691127489501824e+00 7.755882992775418039e+00
6.609216785079386369e+00 4.703818300707989231e+00 8.170995725695094691e+00
9.829363533874214909e+00 9.597738691760315799e-01 -1.608016231774234139e-01
6.703407368615942552e+00 4.759023583226360543e+00 6.878695882688813157e+00
5.290976344194848302e+00 5.586158430095468752e+00 8.432383619009730324e+00
5.828586706242099957e+00 2.915208807386810541e+00 4.999383709110912122e+00
6.200778448691519174e+00 5.338543831197824829e+00 8.471650965646590592e+00
8.411519111501963408e+00 5.734848833415028047e+00 7.012472095640363001e-01
6.343075416943069200e+00 5.043799692704585169e+00 7.719373851079234683e+00
7.167457491952994530e+00 5.245558864476789651e+00 5.155041106740553047e+00
7.174837271533649030e+00 5.395754145651499911e+00 1.148762843302973291e+00
7.091647961271515754e+00 4.303284103561602514e+00 7.495651507962064031e+00
5.613993658156983813e+00 4.956116572929975206e+00 5.485507020064682493e+00
1.453644626476967261e+01 -1.081580770004598868e+01 -1.049364290205776129e+01
-1.399760760026102391e+00 2.119507792372511901e+01 2.523167233262616804e+01
7.076722713436597090e+00 4.199891864310064449e+00 6.891650717584827390e+00
7.195392856803538351e+00 4.369413310756755209e+00 7.664013056834595439e+00
6.868554701718722733e+00 4.611114373103470498e+00 6.879018436462761343e+00
-1.548598952115258598e+01 1.327316393786163218e+01 -1.363308930848469158e+00
7.197350884912576241e+00 4.075282532712210859e+00 7.467251840851050204e+00
4.971169593253757846e+00 9.571099923422185185e+00 2.442335239555677440e+00
5.629130211754023172e+00 5.952413079847444166e+00 7.938194169798028277e+00
5.668280439121492265e+00 6.184760619342881682e+00 8.000195076886113199e+00
6.007021139348077909e+00 5.188046012907079785e+00 4.854619642097503629e+00
7.274571142293130066e+00 4.154184547455611387e+00 7.512314593507152694e+00
5.437793613711220608e+00 5.709628105266873810e+00 8.720345591157364851e+00
5.698460261406214755e+00 5.069054412538747556e+00 5.974479049058271762e+00
6.555407512758133493e+00 5.196470426856027558e+00 7.052179207857669496e+00
6.913048148660474013e+00 4.196492350971972485e+00 8.863999687559498852e+00
7.396788262652316703e+00 5.527243286360363328e+00 1.329904524159826185e+00
2.967892074471544817e+01 -2.632806564945734618e+00 4.318282575729860184e+00
7.303319178372287723e+00 5.513040422154134035e+00 7.825358779632233031e+00
6.871297645977171520e+00 4.671584902439734677e+00 6.923072491183280164e+00
7.159985288732302777e+00 4.273740884461780354e+00 7.658021360952087520e+00
7.340880131182359492e+00 4.641043718611866709e+00 7.377663650122753936e+00
7.973872814452921176e+00 4.830221498485989251e+00 8.400584440003170172e+00
1.464875757741920248e+00 5.291759862520185820e+00 5.788369768979487517e+00
3.270722941001292128e+00 5.346655607506974661e+00 7.136638817493593301e+00
5.444792816887258802e+00 6.395434315598794051e+00 7.862377777845395599e+00
5.783577907484875880e+00 5.231637415436642513e+00 4.803588501892113172e+00
6.306081074752149185e+00 3.819957766831627133e+00 6.883899192457398009e+00
6.948698338845547440e+00 5.371233201300687377e+00 1.282032467025024935e+00
7.033955647056860272e+00 5.281336213695422721e+00 1.269739855793467820e+00
1.533527222013307600e+00 5.510136953116269609e+00 6.569694009268303603e+00
5.454156161717791385e+00 5.316751891783359163e+00 3.481374969227239546e+00
5.420234983416603924e+00 6.014917173214310964e+00 8.080136044462840061e+00
5.831615899521962021e+00 5.677107382362338583e+00 7.897873179027321555e+00
6.433248828836110533e+01 -3.921920133371708062e+01 5.599056424592001235e+01
6.898828129399937836e+00 6.069970810518242388e+00 9.892511511825135884e+00
6.808391690485317227e+00 5.298632006536949213e+00 1.568157681492762023e+00
6.888342715807972638e+00 5.226141678069156526e+00 1.348785744003426768e+00
7.115149862988234375e+00 4.181259251159549883e+00 7.522095441606017729e+00
4.062922401962955732e+00 5.710358870624676619e+00 7.728026500714682001e+00
4.506936284713995100e+00 5.533024378635504448e+00 6.329487914143832938e+00
6.322107892267252893e+00 5.520127519603835964e+00 7.129465856134352464e+00
-5.077873110343313101e+01 5.080960652862495408e+01 -5.403432203303664494e+01
6.933011577958980709e+00 4.664081800489750407e+00 7.543961831583279931e+00
7.736268122314085005e+00 6.526805524074576148e+00 4.367837916350245209e+00
7.118660988767885556e+00 5.279143241344845805e+00 1.187598380934096642e+00
6.995521835691501877e+00 5.748854621018395505e+00 5.325959692328249062e+00
-2.966410147462900326e+00 1.486165308113553785e+01 6.952454227232658823e+00
6.078168079732092721e+00 4.453530084105525866e+00 6.975503640927177784e+00
2.979696758923208399e+00 5.571715808217186705e+00 7.230176457365780962e+00
5.615885916863080141e+00 4.950929300524101961e+00 7.429911930565022971e+00
6.125648525303408753e+00 5.766929721705828626e+00 5.901347592001103592e+00
6.364759966973745797e+00 5.693953559138902776e+00 5.855413225419752621e+00
6.415937194880934946e+00 5.814433622158347248e+00 5.541877927562572026e+00
8.546048520371179791e+00 5.665634747443961672e+00 1.087291462965934485e+00
1.386257718599074096e+01 -2.979391194594152026e+00 9.959731567408534048e+00
6.273361317856705810e+00 6.009400634522616969e+00 1.199565617320924371e+00
6.491442790598177304e+00 5.413813385968861525e+00 7.083158433627102291e+00
6.717873379633597430e+00 5.716218542179412943e+00 1.366453939353381664e+00
6.773423020191286170e+00 7.088883765664392378e+00 8.996956521369785520e-01
9.560498153960026002e+00 8.718277479921926698e+00 -9.741514417708442564e-02
6.946514666469482790e+00 5.983904261763138166e+00 5.092402554023363948e+00
7.561656594186928260e+00 4.509429291433397324e+00 7.871680122471711449e+00
6.982570121895802728e+00 5.006189501564993982e+00 7.098376215294631919e+00
1.133780113987765681e+00 5.798014592402546796e+00 6.619494811683283686e+00
3.434176388937846269e+00 6.010503955642036544e+00 8.722766643640914808e+00
5.649926135766585311e+00 5.968012474636509523e+00 7.890894587553832551e+00
6.504402902519405671e+00 7.114724131792706352e+00 9.157290294797086005e+00
3.705583798729756850e+00 2.603596478879153686e+00 2.531895898395860822e+00
7.136421058640392445e+00 5.982209998111412297e+00 5.072362340273025794e+00
7.463175139572601147e+00 7.664087882497461202e+00 5.716139728815267773e+00
6.145954064643677661e+00 6.189942952207687199e+00 4.881785102214038830e+00
7.540196780151415368e+00 5.821233494806707043e+00 3.656639035065459620e+00
3.605014258398326454e+00 4.309342608694553434e+00 1.047332278983709131e+01
6.592948651534120685e+00 4.266213566338242558e+00 2.750291340012646746e+00
5.963008278993312317e+00 6.038930146019030332e+00 5.845355514485077286e+00
7.472961860327873573e+00 1.099723573568286383e+01 6.483860033899352615e+00
5.517418771310778070e+00 4.882378901039443164e+00 7.263923350546471980e+00
6.339528509295128345e+00 5.793210294802229932e+00 7.737682738783659531e+00
7.006667820343314368e+00 5.588557915524368092e+00 1.502499641731166680e+00
7.117752075835098502e+00 5.801544908657789712e+00 5.028697521943836790e+00
7.981256831920279238e-01 6.279210438068780320e+00 4.488592478185691181e-01
6.676853348548061895e+00 6.007762525110209140e+00 5.153116981974497968e+00
7.669632788910990762e+00 5.894532066508265444e+00 3.990339384676680368e+00
6.713070995319549539e+00 5.499468928210193397e+00 7.547040474968133239e+00
7.382380403033053540e+00 5.489504028216041220e+00 7.042659101268595734e+00
8.401824888542156700e+00 6.171377451114799406e+00 2.273760557061109466e+00
6.461211811722748166e+00 6.539105549551490704e+00 1.218540499200138960e+00
6.171173072228794965e+00 6.430289096405098270e+00 6.883694766984671531e+00
6.266679493040073545e+00 5.920277436062341359e+00 8.248371583322089862e+00
6.239430650083704677e+00 5.973057699291535627e+00 8.228483404720090988e+00
6.587547257042167814e+00 6.075604584395212449e+00 5.550881035748228776e+00
6.933165865380528814e+00 5.837107985015901335e+00 4.959387441998713619e+00
3.810757903180642892e+00 6.403273595214068692e+00 7.140099564762910633e-01
6.231228697526137950e+00 6.250837174121605777e+00 6.299711209954755198e+00
6.403247794727960240e+00 9.924739783509544111e+00 5.755622115203154365e+00
1.065809149487459084e+00 6.441626277283155844e+00 8.028207051389651738e+00
5.586328216875832808e+00 6.523408459306721419e+00 7.891223271568813757e+00
6.010856904853231875e+00 6.586237579190723501e+00 7.863289707322159927e+00
4.694942570014808858e+00 1.136479442842293963e+00 4.653861168766239231e+00
6.212095397242025641e+00 7.561317438362873844e+00 5.771809501773441653e+00
6.237257734033788914e+00 6.150965741240543849e+00 5.977942908161052671e+00
6.709051198389788695e+00 2.173777505596395265e+00 7.132292027559174130e+00
6.610378451245312093e+00 6.283906724655873077e+00 5.891780841314870898e+00
7.311075844265600310e+00 5.712020640660707471e+00 6.868011692637162824e+00
5.270658138326091091e+00 6.627011602186307471e+00 6.532420082040401255e+00
6.366263113763053205e+00 6.162949653677223694e+00 6.867425106838217275e+00
5.960614013207523598e+00 6.460956088827091826e+00 7.731878819644625978e+00
6.323053558703812804e+00 6.429692924755930683e+00 6.772051010887638611e+00
5.316628379101855373e+00 7.504999897678180432e+00 8.891643665534516572e+00
6.291407662413351254e+00 6.539516618217430910e+00 1.411251775679813525e+00
6.019617731400447980e+00 4.458088956005374470e+00 7.753048644386102417e+00
7.418487637012744607e+00 5.275461144004967906e+00 4.171293730847299486e+00
5.366557872110218952e+00 7.087290743784908642e+00 7.453692438889401473e+00
6.003108585572930700e+00 6.725244151071487764e+00 1.103108523662813756e+00
6.085075432262755157e+00 5.140114959096617753e+00 7.146428787550728856e+00
5.599957363159184354e+00 8.304285289285170180e+00 8.489304944349436610e+00
5.262735448945128347e+00 7.323287470807285260e+00 2.624728053980875053e+00
6.384115431002221897e+00 6.229794199669717258e+00 5.452791778721872262e+00
5.413510104558942437e+00 7.107367346914979400e+00 7.608715154565787842e+00
6.276169713609812462e+00 6.895472621729084040e+00 1.165829097032416772e+00
5.974785717466319035e+00 6.470848420716732718e+00 6.016293242440928779e+00
6.459898958793662160e+00 6.408320799102591891e+00 4.810265750416427011e+00
6.296386582170471868e+00 6.270477540388759152e+00 5.027899386587645125e+00
9.028095659426057296e+00 6.671465452570121357e+00 1.472361936404770644e+00
1.380669933341863498e+00 6.718260604910295974e+00 6.281497619827176138e+00
5.012168242113844485e+00 6.857928459722008263e+00 7.497688272804250431e+00
5.931686182298435916e+00 6.627090911805296969e+00 6.122564811032624732e+00
5.902306344434031793e+00 6.746877564024084784e+00 7.790919422862526034e+00
6.179575891544078381e+00 6.410080177783597399e+00 4.863541444471680464e+00
6.377878560297906674e+00 6.221246286135220238e+00 6.628411823312729823e+00
5.467546827833489331e+00 5.816225750687652685e+00 7.730818742779495878e+00
5.453251910240107136e+00 6.009111309385782640e+00 6.064575978847390303e+00
6.356155350764952416e+00 6.294012595848667679e+00 5.447416318108437849e+00
-5.298466852652371983e+01 5.723423887235910001e+01 5.821965169535984330e+01
1.786791996655649140e+00 6.865742940527344906e+00 7.538715779367661796e+00
2.676066907644135462e+00 7.050588276864856674e+00 8.598882387979436714e+00
5.160213961938201699e+00 7.024121983627289012e+00 6.849463446707956926e+00
6.978169359925992410e+00 6.912260310794447804e+00 9.733442536085350483e+00
6.971267223877998909e+00 6.562419418789892767e+00 4.206957260213305183e+00
6.703676707476702745e+01 -4.418955239941437441e+01 -4.264876136420409125e+01
8.127030784958589882e-01 6.979628944487794584e+00 8.865747598898213511e+00
5.465074759089657341e+00 7.216490004859807961e+00 7.716197471153444454e+00
5.950621582948192767e+00 6.938389022825255381e+00 6.881129958100625998e+00
2.995042282641159126e+00 7.262534100590196218e+00 6.523278030880641509e+00
5.990027389323386409e+00 6.707178340900304292e+00 5.839936118047555524e+00
8.445368113274428268e+00 6.259409868634059571e+00 9.231429967919133617e+00
5.766318298457850489e+00 6.854518293436639098e+00 8.050409509428897437e+00
5.897507007481963548e+00 6.106728078493690148e+00 7.863738643777589132e+00
6.416227681720193310e+00 6.306571087502079287e+00 5.413693577686240488e+00
5.968716439868572365e+00 6.347251482181390791e+00 6.450539296319363736e+00
8.785568163197734037e+00 6.846921276401512380e+00 2.274841329474158957e+00
5.159104689668672528e+00 7.544576259800430229e+00 7.324700620095256909e+00
5.218015006759491925e+00 6.816527568214207022e+00 4.480286592470448248e+00
4.182887018965050885e+00 8.022933120929438999e+00 1.718411257647550761e+00
5.590768226314066780e+00 6.700437160965268646e+00 7.843219263172924727e+00
7.221838710680252404e+00 5.940358852652908084e+00 -3.418397021241918465e-01
5.787522509944668769e+00 6.258591157178969411e+00 6.839828276780126615e+00
5.883991527223050966e+00 6.219402895624154048e+00 7.447011839815139922e+00
1.549975915988723418e+00 7.066696282734904244e+00 8.681123866498692720e+00
3.782221502373700250e+00 6.338472828003668624e+00 7.390204098227210139e+00
4.824437592564101429e+00 7.251194390799184930e+00 1.647732155898501638e+00
5.136356204946554982e+00 7.158921172427740842e+00 9.455927899542565518e-01
5.157093881421445758e+00 7.821908398434400667e+00 7.129537583458445127e+00
7.311167772523807784e+00 5.896552015159249649e+00 9.406279790151955700e-01
6.352798420171159144e+00 6.754703606489206535e+00 1.416964880603297061e+00
5.499035847314284631e+00 1.060309622715260502e+01 9.028372294870059989e+00
6.323844473687467271e+00 6.222815128479303404e+00 5.458227312595745673e+00
6.151377708361969177e+00 6.379421244798152202e+00 6.998622194885148140e+00
5.274555388832903091e+00 7.485744864847879931e+00 7.280217367518480032e+00
5.092990285820871321e+00 6.976159203751423732e+00 7.453264259273666426e+00
5.432878444061940648e+00 7.177140099662793205e+00 7.721523706930247144e+00
5.977862821804929006e+00 6.837736400887538757e+00 5.523684676956037265e+00
5.420360444085303264e+00 7.001992379344184059e+00 7.313514933845803867e+00
6.064467539844484278e+00 3.061653071891963229e+00 7.962485239006351634e+00
4.590816801730298380e+00 -1.294981681197254320e+00 1.439341732308668043e+01
5.512036075800018642e-01 7.366253322733557596e+00 5.509660753730447613e-01
2.325388962033949625e+00 7.153896480379595246e+00 8.495210668598197401e+00
5.094989068393919851e+00 7.627457110010444019e+00 7.429144051682235350e+00
5.700077020928380200e+00 7.224481113220122097e+00 7.892079330555533900e+00
8.533834232148391763e+00 1.592626902318706783e+01 -1.299704951036692080e+01
6.206325305126525471e+00 6.674215551791972345e+00 1.218288142690134634e+00
6.224028505408218059e+00 7.007010998960734760e+00 1.349274896880479080e+00
6.986442178710214002e+00 6.888686119899841920e+00 6.351531383792270447e+00
5.748094190284424698e+00 7.193577889269416659e+00 7.961301352789073249e+00
8.298407861524950135e+00 6.126072981509595117e+00 5.350565126560187679e+00
6.061766841421256657e+00 7.330292117824370735e+00 3.296909539560351377e+00
5.781756705089034831e+00 6.868702256733030254e+00 5.646079285422072935e+00
6.162948327838341456e+00 6.798152228558423715e+00 4.861372986890954984e+00
1.739235229417093631e+00 7.321446611277580452e+00 8.013805380533566947e+00
4.327690410033542712e+00 7.690296358070956018e+00 1.492870519382715644e+00
5.467921058670046186e+00 7.580840526799088153e+00 6.679968002420737960e+00
5.566516160969619875e+00 7.066738983112020200e+00 6.823389731422664362e+00
5.550498820679313994e+00 7.713992019372994058e+00 6.977616560907539345e+00
1.348010736635616436e+00 8.504225528183173566e+00 1.172803774154695411e+01
5.829549106596703112e+00 6.562778877974695391e+00 6.414651837753906349e+00
5.825163316980148664e+00 6.695448446761753658e+00 7.809586781378639486e+00
6.838332472380781013e+00 7.100080888553635283e+00 4.421036515702041036e+00
2.356069891660223092e+01 9.870767620275003651e+00 -2.668497350922402234e+01
5.141436885190944217e+00 8.376265377319732863e+00 5.682736054732838937e+00
1.098387794125764483e+00 9.192505799429635971e+00 1.116666753120008870e+01
5.364638054220735697e+00 7.506969306117575513e+00 6.774792644328501368e+00
1.195938455497801023e+01 6.728171292551823335e+00 -1.607801001162989962e+00
5.325046984691509167e+00 7.249110900122841983e+00 7.403386220022953879e+00
5.311984777821358250e+00 7.564138698587362875e+00 9.188929067735364109e-01
5.503201419383644932e+00 7.718624079448790809e+00 1.968610984683818010e+00
5.861258402915401788e+00 7.018747342438139469e+00 5.756235305592538154e+00
5.232267162618960299e+00 7.137065480624511515e+00 8.066509402169668164e+00
6.065976260238072015e+00 7.324866643044964931e+00 6.494133083965544451e+00
5.913486851071174222e+00 7.301856480452459053e+00 8.355644359731359216e+00
7.070066629419933690e+00 1.059460128925899269e+01 7.075678544490028088e+00
6.823693360521132512e-01 7.918996203034308401e+00 2.418005660928142397e+00
7.754033213898457788e+00 5.464292207551107339e+00 4.533053664561034424e+00
5.330676315081103844e+00 7.532163566819682465e+00 7.203995767676493855e+00
5.325092919160563376e+00 7.017390243667680494e+00 7.328767392543548809e+00
-1.318648308411509706e+00 8.406918267448602933e+00 1.439207066532343227e+01
5.006422527937997913e+00 7.307546505498785372e+00 7.917735239667964109e+00
5.200594292548863073e+00 7.703589977718303672e+00 8.377732637746026612e+00
5.737615571412319149e+00 7.192769311011129929e+00 8.256915340501961964e+00
6.950717561927937105e+00 6.894395309116539750e+00 6.401093793671568832e+00
6.401523569571304861e+00 1.318247980374811945e+00 1.175008095956285459e+01
-1.457238442618902496e+01 5.386193815439540344e+00 4.246517960170868378e+01
4.331548269729077028e+00 7.751711092214090826e+00 1.480633238152893050e+00
5.637874835595876100e+00 6.772763321311609630e+00 8.071374679034187594e+00
5.073528283926159510e+00 7.488405776535506320e+00 6.826588589201940671e+00
4.214751182493140291e+00 7.708403297577170576e+00 8.228911726454576581e+00
4.287315645374306428e+00 7.741769172013789557e+00 1.456187854694146466e+00
4.752284541378068994e+00 7.641979418617125930e+00 8.193883828031736982e+00
5.500434388678435482e+00 7.577329395122792022e+00 6.844680932750211610e+00
5.282696420506111323e+00 7.463309090950128066e+00 7.472848283764566446e+00
6.930696826078872164e+01 5.526747686316552688e+01 -1.002212905079006759e+02
5.410774666596518401e+00 3.819995489343690487e+00 8.530283147933880983e+00
6.966701791184514159e-01 8.220372283503316169e+00 7.250723387803926556e+00
1.136393651293687190e+00 7.894314583483925674e+00 6.603018176382636995e+00
1.595461285974170806e+00 7.832610491975906086e+00 6.533351262361795975e+00
1.756202816300987957e+00 7.838529905316098834e+00 6.477230516055372256e+00
5.323876742878590029e+00 7.460599839736511640e+00 7.071299941987081894e+00
5.290344451833108863e+00 7.305961122151146014e+00 7.965620420209107877e+00
6.119813220661045605e+00 8.154849857505494626e+00 2.252898204181581931e+00
-5.714043880690653054e+01 -3.920333811233154364e+01 1.131375488826283231e+02
5.728479710701730454e+00 7.055749421580920000e+00 6.538609595104149186e+00
6.491516003455938488e+00 7.881245043486972079e+00 3.583941828064584278e+00
6.520210637597750214e+00 8.124700551517133107e+00 2.632784899444133409e+00
8.844575198382846892e+00 7.698979549332655381e+00 7.249843125421919332e+00
-1.594225790733584391e+00 1.445219819560964503e+01 7.094722099974047680e+00
3.054887658869404277e+00 8.034180369871890548e+00 5.913948662361614428e-01
3.511376712020939372e+00 7.890683676561366156e+00 8.833889038993435250e+00
5.025788116966042551e+00 7.066447622302636233e+00 7.110382625621188168e+00
5.983830294227123758e+00 8.036602069435843987e+00 2.456406282257443952e+00
6.051834410882136694e+00 7.947580553444945295e+00 1.492470103805354498e+00
5.986701795831280037e+00 7.309110867183902016e+00 8.447791312623111892e+00
1.105038919941899067e+00 7.679385319986698377e+00 5.979220185134389354e+00
2.766282070076623079e+00 8.085041175668155944e+00 4.987914255887038739e-01
5.458044373340105615e+00 7.686169466917487370e+00 7.177539727468432496e+00
5.267032397816901579e+00 7.266765981513467310e+00 7.667593603276595005e+00
5.237590801280864738e+00 7.444047453735773701e+00 7.109735652859491495e+00
5.027371614206904482e+00 7.419899393694024070e+00 6.634946526929848432e+00
9.180173481495897292e+00 8.049717546494242981e+00 3.189457176300602548e+00
5.371714955782599610e+00 7.479564647407473288e+00 7.078264990481403451e+00
8.602712143375880416e+00 7.834373387460399130e+00 7.024053327917403777e+00
1.394874879260976419e+00 8.142911317258596071e+00 8.646412089227844433e+00
5.484149705151992293e+00 7.722026861708247480e+00 5.682909586076505981e+00
6.739487029121284944e-01 8.572196508507959223e+00 2.903625803676913808e+00
4.643228777145998798e+00 7.854741941557954021e+00 8.520498894280819968e+00
5.177564552834875933e+00 7.753144378042685858e+00 6.649136279093085911e+00
6.591560053352937487e+00 1.014586672559548219e+01 7.417500362198385488e+00
5.394573513103622986e+00 7.305509175832886726e+00 7.970824506494576411e+00
7.921418032288860545e+00 1.348862179073510248e+01 3.996458050060377243e+00
5.317500318611735111e+00 7.721775993389270454e+00 7.430291282650770768e+00
5.524893825964805494e+00 7.405430263792249335e+00 6.742286845600993672e+00
5.333261020798807373e+00 7.487441140631945657e+00 6.959630044390266335e+00
4.606502424195314305e+00 5.312228690023584221e+00 8.255193379513432461e+00
7.065285580914197894e+00 9.077644896279370101e+00 2.540835566543377055e+00
6.669240832542174813e-01 8.550495883242387407e+00 2.841507158651900067e+00
4.283816006439915114e+00 8.371986695813486534e+00 2.579852377007097353e+00
3.718761596360566024e+00 8.386720862401311649e+00 4.039468599419679506e+00
5.544449380332786781e+00 7.348521024436633908e+00 7.395959541024046402e+00
4.369563195644860620e+00 7.589676773806120380e+00 6.909911209936995036e+00
7.430293476641360861e+00 8.222365218503908224e+00 4.056984724575614543e+00
7.232191202758987636e+00 8.649844264218888412e+00 2.480022927554102807e+00
7.665392040040885036e+00 8.330551539465449906e+00 3.864147466599735292e+00
3.090182683249399709e+00 8.292063701024154909e+00 6.228009365343921466e+00
1.162925356639146557e+01 8.968834638062993747e+00 3.785940744522044987e+00
4.718883106189422527e+00 7.970806731582419147e+00 8.131466992365416147e+00
5.996277716157011994e+00 8.695969256997329921e+00 2.043400103416630476e+00
6.349211464249682635e+00 8.423798699590998140e+00 2.656460580378078529e+00
6.516852960414989404e+00 8.172664659861231584e+00 3.435939746121552840e+00
4.952295724036396507e+00 3.494279602275504715e+00 1.991218850568181598e-01
-1.480110484931368209e+00 -4.988615620730759304e+01 9.747552083379275700e+00
5.327312458796171768e+00 7.224789321533435782e+00 7.058150049295280226e+00
5.919249895671009121e+00 8.072658533872719033e+00 5.131222248128250563e+00
5.627391535076402107e+00 7.876978307956044034e+00 7.204414494480282372e+00
5.999408181389345174e+00 8.058108516663002874e+00 7.452888359603056401e+00
6.942925884620439803e+00 8.898614176111854235e+00 2.465562691411390617e+00
4.972450196768334330e+00 7.905360061314205211e+00 7.343475421999874797e+00
5.484640446406318759e+00 8.791318377656789806e+00 1.545673058637215158e+00
5.040857286533707793e+00 7.724811426833980477e+00 7.570770685649058862e+00
5.648964022015280584e+00 8.108176453750688850e+00 8.667363219922814110e+00
5.731363602270409530e+00 1.052469181534361908e+01 4.470388062352919079e+00
8.165194066642619930e+00 7.413511340276077277e+00 1.651908110995685686e+00
6.067688729237150191e+00 1.005709065828433424e+01 3.085668296785087694e+00
-7.827966557787270352e-01 1.008763752088376187e+01 3.099644247340208825e+00
2.277772843688444127e+00 7.520816347094616106e+00 3.589006973044891691e+00
5.001382722024070304e+00 7.896483366702121032e+00 7.865465802094057324e+00
-1.918298860128995198e+00 8.287927503447054534e+00 -1.101175407912357240e+00
5.298806882950373165e+00 7.933407852849368780e+00 7.768752910985108784e+00
6.920889859404105948e+00 6.425533735616378195e+00 -3.010140058372173799e-01
7.407235742359430830e+00 8.269496937574224660e+00 7.395959348191595062e+00
8.932496799738499860e+00 8.698733288285207976e+00 1.672831609298536915e+00
1.986792224145430197e+01 6.713997500119958772e+01 -2.409452002469425036e+00
3.235653198989961510e+00 8.684119392243610847e+00 3.603525249586080115e+00
4.883132896821011926e+00 8.480188181352895427e+00 4.290815551317255228e+00
4.894033497242057607e+00 8.139489420306707856e+00 7.039897269810222902e+00
5.088162587346795718e+00 8.210903780188447243e+00 7.311606546062693113e+00
5.464065207618319597e+00 8.784300314276096699e+00 1.631641732191429384e+00
5.477665348717273730e+00 7.903473963792020385e+00 6.664124871519586435e+00
5.624466669931836194e+00 8.000292481063709715e+00 8.024835580681877190e+00
6.427875276162169804e+00 6.129116069388016896e+00 8.938791818507644038e+00
6.481085017218331856e+00 8.728553176066116137e+00 2.449248865935252262e+00
5.214950728207963238e+00 7.416553234028766539e+00 7.453565701109999608e+00
6.652360343712060420e+00 6.822653138738360212e+00 1.565417183329195439e+00
2.219289455720925375e+01 5.348599034140921304e+00 2.172196630886141477e+01
4.560819560090093816e+00 8.336342892627424561e+00 6.318125115953054483e+00
5.384923758279044570e+00 7.729327260680861400e+00 6.883256438330997540e+00
3.376845638369466052e+00 1.153498142059906328e+01 8.528492780596435452e+00
5.227153531003054354e+00 1.057108362912247124e+01 8.595592693745624402e+00
1.108907788312551901e+01 1.280151481460014118e+01 2.186268191407689798e+00
-7.745102092729233334e+00 1.238723922762933682e+01 -1.723863403001333694e+01
8.285009913609519216e+00 8.502867074996657948e+00 7.443152561880008733e+00
4.520096866610158415e+00 8.441190696823785089e+00 6.237206805546229305e+00
4.799499571240691154e+00 8.730393515165941309e+00 2.365854477044901039e+00
5.553270593744743522e+00 8.749835832270273173e+00 1.479374529487551992e+00
6.355191220781637007e+00 8.666620043850857158e+00 2.135651866698677459e+00
1.440740731011579001e+01 1.063496059123961146e+01 -2.479775086034740728e+00
-2.921077229243146167e+00 6.327530661433401704e+00 1.550573999989330076e+01
7.335844233929030622e+00 1.115876776624589439e+01 3.961988685888173656e+00
7.157808025899631055e+00 8.846089826448343629e+00 2.762061557778441312e+00
7.603682551733180972e+00 8.541963457017754280e+00 4.284243789355977938e+00
5.508508757902578212e-01 9.076411535002685937e+00 2.511851461210052872e+00
4.524198732430392944e+00 8.815614096446401149e+00 1.191005151269121765e+00
6.512105558626794632e+00 8.613052172693077324e+00 2.340330458201763442e+00
7.454005407985441423e+00 4.459882280807974553e+00 7.036275981121967504e+00
2.022096167226439434e+01 -2.067934093251829353e+01 1.917372810248993176e+01
6.198126976891721540e+00 8.538471423276844163e+00 4.424386265477451730e+00
6.487496719949664481e+00 9.007902522986078964e+00 7.366189280610786483e+00
2.519733844069691919e+00 5.406017102945930297e-01 8.674489404370799406e+00
9.184647365328979518e+00 8.808362440167984531e+00 6.342005634114751267e+00
4.150909259792373796e+00 1.372338471230779078e+01 4.130955269603887814e+00
3.680474996954533395e+00 8.823286606408252908e+00 9.103457602873000098e+00
4.004113394765535183e+00 8.819293797372404597e+00 5.012588130761465699e+00
4.707624594714279631e+00 8.512739973597913234e+00 7.316098832450332878e+00
2.873889792845764646e+01 1.042353816721190540e+01 2.293787365867949291e+01
5.564152877757360116e+00 8.849295613806592797e+00 1.979466442031871498e+00
-9.410582046506286602e+00 3.867635497118089205e+01 -7.795801771339819553e+00
6.240789144278246603e+00 8.677746478630918858e+00 2.300271537885878903e+00
1.975538387611846858e+00 4.334550887013792320e+00 7.414838578082538767e+00
1.184158488116314523e+01 1.679241870242780621e+01 -4.080739476255178744e+00
-1.999957123729426200e+01 7.312355335487120911e+00 -8.029872896648674541e+00
7.355337601753625165e+00 8.623772045521418406e+00 2.545666742867693788e+00
6.932900123051871866e+00 8.590101909266953939e+00 2.408291138411823518e+00
7.711352108293281660e+00 8.813469984619235476e+00 3.125786576335256139e+00
5.105168462816401131e+00 9.446859778659243645e+00 8.009677427273366845e+00
5.309516689699084857e+00 8.711106132093842547e+00 1.460232750914876920e+00
5.318574500777313752e+00 8.916503292996017294e+00 4.365168363608544766e+00
5.158702200852448350e+00 8.371293543179969987e+00 9.358304542021038674e-01
5.771443769763429543e+00 8.478121941956587193e+00 1.908929696878070903e+00
7.374873618956689469e+00 8.585835041202967588e+00 2.705773368826486891e+00
-2.049533180683366762e+00 4.519690756261629971e+00 2.233565142232285083e+00
4.766075539792300475e+00 8.417575364846872077e+00 7.696273694734221849e+00
4.428148751644845227e+00 8.842119032735542561e+00 9.028919622367402198e+00
5.220233812048330257e+00 8.889192404936380854e+00 5.189818966147402790e+00
6.513373113184462326e+00 8.485721488902768783e+00 7.272170566375383061e+00
6.874838036979505240e+00 8.782709955858399198e+00 3.603843991626095367e+00
7.134437911087638362e+00 8.602510462603817132e+00 2.494137365902473480e+00
3.077175998400310419e+00 1.392183095642687007e+01 -7.905027001501934159e-01
3.863978099666876442e+00 8.948623520251347330e+00 7.066152206844702022e+00
7.193087406700009012e+00 9.449089808440675142e+00 1.050272970872807221e+01
2.757643848717886925e+00 7.489489244965344739e+00 4.553336510775510604e+00
5.436159739565622928e+00 8.385537116831443427e+00 6.482438118238530222e+00
6.075979290740508354e+00 9.060352405509014773e+00 9.507590397201854948e-01
6.226106190351186953e+00 8.675009580086182837e+00 5.697520878713884684e+00
8.055386245145395918e+00 9.065797256385947023e+00 3.542437284747994575e+00
5.035528939670459447e-01 9.337821849651559702e+00 2.604512285359775969e+00
4.944605940224772844e+00 9.002800296088679488e+00 1.939121825631244356e+00
6.327163176368369335e+00 8.403204103610788067e+00 2.338075565835401104e+00
6.497805807055434535e+00 8.682248702961221198e+00 2.350825682322644994e+00
1.167188642398779308e+01 4.691199998327816090e+00 6.212774752272950174e+00
7.635010467860965377e+00 9.091339362780509248e+00 3.217593988153573115e+00
8.217085565568870820e+00 9.186905032648109426e+00 8.238010654804501343e+00
3.618308415102559294e+00 1.283156562181848592e+01 1.182592129367081313e+01
3.162787156236632757e+00 9.279372481378969084e+00 4.966735790868562539e+00
4.677024355354664209e+00 7.230034893730490353e+00 6.801351264872706359e+00
5.378627740550218306e+00 8.988560273958286828e+00 4.082472282578257783e+00
6.251087256981974427e+00 8.486829016648984592e+00 7.499682658659394541e+00
7.395342474618745499e+00 9.201305756581870554e+00 1.859376392764548358e+00
6.639211098616732976e+00 7.943374213671166473e+00 2.178058258574727457e+00
8.208404729877480932e+00 9.250250003420610767e+00 2.728924241124261130e+00
-2.270265834438402575e+00 6.275188485129289617e+00 1.012086182201927365e+00
2.368636576567491936e+00 9.470951061710005447e+00 9.167361509831135180e+00
4.206677235142060489e+00 8.848438736707342045e+00 7.146760191750274771e+00
4.652047178696046004e+00 8.731559608486593405e+00 6.799799397426816050e+00
4.770762790470581827e+00 9.033243128086468232e+00 5.211573938326849564e+00
5.170049165641892763e+00 8.942537549232220329e+00 4.986076114299426543e+00
5.193720980133201159e+00 8.940450117497867666e+00 5.099969228159724643e+00
5.224119096156282893e+00 8.564508641065366135e+00 7.274619341078949475e+00
5.687346572835958902e+00 8.597789858772191707e+00 7.818165257398160151e+00
7.444569486207434750e+00 9.069072444383881049e+00 2.310738256550759484e+00
2.551886498061201713e+00 4.321628938937013942e+00 4.648411070134036649e+00
