2.391971607331228267e+00 3.276917664277477771e-01 7.103409134962435978e+00
3.381539074705131043e+00 4.251901132860091970e-01 5.155202368328924756e+00
5.917810981029798079e+00 4.618898613412144027e-01 1.141785742238048629e+00
5.833114776370873500e+00 1.372571854511880574e+00 3.188988965255617369e+00
5.933953374495827049e+00 4.045535370683326359e-01 9.363330098569839777e-01
7.355006012090875345e+00 5.510447845879604678e-01 4.188722996549645750e+00
7.396569956944271773e+00 5.610755679767839288e-01 3.596160340690002233e+00
4.373716261026444840e+00 6.105785549262853218e-01 7.193405278905276035e+00
4.403120361950849215e+00 4.784126116038597276e-01 8.559583754408436107e+00
5.262446311576633562e+00 8.519384070592477265e-01 5.059926314128559532e+00
6.014655330229629726e+00 5.243305252182930420e-01 1.412025487272725144e+00
5.999724492818621968e+00 6.799927933775190558e-01 2.442459187457103997e+00
7.387436957092598178e+00 5.665007697957453736e-01 3.546111746826596800e+00
8.270566379780092348e+00 7.121084755296250846e-01 5.317419575187413372e+00
8.988866942883777966e+00 6.771444399822414972e-01 6.561382947674941235e+00
9.022888306100300682e+00 6.604545063014695128e-01 7.460573713446386535e+00
3.179308372834709573e+00 5.395553639606618379e-01 4.154846456392053966e+00
3.600162210374316274e+00 6.511429966872888109e-01 6.667059236813539513e+00
5.039823633766276956e+00 8.225774644740424524e-01 4.473991095382304550e+00
5.664753924966182907e+00 5.208067491350294453e-01 1.295288350066627014e+00
5.532420210893577384e+00 1.121428895216545207e+00 6.470902147834346252e+00
5.913585203195723672e+00 9.444046955508828001e-01 5.758893456799142996e+00
6.577745375453603494e+00 4.208373152578797627e-01 4.091395460499921422e-01
6.609108796590924761e+00 8.359811104660654912e-01 7.165656570835102102e+00
7.972491328409354594e+00 8.939187922973924616e-01 2.149946111226848533e+00
7.201981679097947620e+00 7.015317961196196883e-01 2.479957680547903998e+00
4.071358854197446142e+00 8.652953894590548201e-01 1.106260975166021732e+00
5.794693818146274822e+00 1.045964647927105640e-01 2.104610113992681608e+00
6.110654136895108834e+00 1.147322783158255088e+00 4.640636064331278732e+00
7.026338121227182043e+00 7.937991709824793185e-01 2.394912320434259279e+00
7.665595191146357124e+00 6.129683052414065525e-01 2.329186608634036482e+00
7.588677069561335031e+00 6.287234456472460264e-01 2.357131155259579725e+00
7.792298662305445767e+00 8.684997592295373714e-01 5.407317473384181561e+00
9.270648607407103725e+00 5.135277994357462239e-01 1.561466793401054876e+00
3.925240951705487369e+00 8.617486557389808510e-01 6.038472652400649565e+00
5.735015210410551845e+00 9.482901599723971842e-01 2.970740002465270369e+00
6.128953610520865070e+00 8.515949628930143955e-01 2.578905485200576830e+00
6.303684185094441617e+00 9.009460368432820054e-01 2.844976080144178354e+00
7.942845745193450213e+00 5.807034795983067044e-01 2.381448528875198534e+00
9.248226996008886758e+00 7.630129325198619084e-01 5.759811820660139858e+00
4.086869969233105637e-01 6.119719675682414595e-01 2.791346335736087703e+00
5.969157971940751040e+00 5.941397393593975673e-01 2.507212605201181166e+00
5.957571151534516218e+00 8.411046036251379476e-01 9.149285338037325133e+00
6.940825368147824470e+00 7.615134858684938779e-01 2.167586149899594528e+00
8.421724561589245539e+00 1.038667617155133449e+00 5.438771181542869648e+00
5.845161460986653124e-01 6.646478075504601568e-01 2.819698222796916287e+00
5.775249829821465397e+00 8.283252287185703944e-01 9.380931105571349349e+00
5.671329811483220240e+00 1.407927021753010877e+00 6.612329858544560679e+00
6.178050147627264010e+00 1.111417828958836118e+00 4.405548930159670640e+00
6.200173928904818332e+00 7.541447955372593270e-01 1.889834701494740310e+00
8.604012401367889140e+00 1.077226472832356841e+00 7.802198203969137325e+00
3.655781352103791182e+00 9.523892982363788562e-01 7.071665893145030246e+00
4.458332431529438367e+00 8.397538869591851807e-01 1.094567882451962682e+00
5.179640050920410133e+00 1.442863266245870690e+00 5.525511960543314061e+00
5.353300188570154106e+00 8.834815645914496640e-01 9.060369902802014153e+00
5.556288672117543292e+00 1.170165946205308893e+00 3.334830177109461058e+00
5.669729942511534837e+00 1.348342742669011773e+00 6.547254049674413601e+00
5.638385343803515859e+00 1.177845450084231471e+00 7.176491634473350700e+00
7.608302405278613456e+00 1.210998322402657701e+00 5.793654281787542715e+00
7.706698801128112564e+00 5.499227649902174164e-01 2.500705450808494934e+00
4.127431136198778105e+00 6.077215977188756835e-01 1.209369178282574842e+00
-1.138411392585457316e+00 6.142295999095528813e+00 1.187357737823209725e+01
6.108276504178429711e+00 1.121012571898672983e+00 4.686676561472546076e+00
8.952554208228526988e+00 1.085802709745638417e+00 6.789703305063135019e+00
9.597090529289586058e+00 9.437977799245348409e-01 2.770450250858383257e+00
1.274759917291550693e+01 -3.687450635312776726e+00 -1.816399838339536776e+00
8.463895684365361660e+00 5.674207076634379954e-02 1.212874162725960492e+00
6.698231908474783225e+00 1.128533209803280979e+00 9.237331400254539915e+00
-1.686214368123108898e+01 -2.008000247643035863e+01 -2.593327055954141702e+00
8.868893586925242545e+00 1.092111268879369712e+00 3.491963312766472871e+00
1.461240613909903896e+00 1.166023295135795390e+00 5.872661727930513109e+00
5.293185953210292283e+00 1.718835937530985181e+00 3.358847220621122620e+00
5.042536052077772446e+00 1.432904470418608245e+00 5.872816981055203556e+00
5.389236561022140215e+00 1.368804507824181282e+00 6.150904139579576047e+00
4.353659975753546796e+00 1.652918726428307838e+00 5.587321532242238931e+00
5.931206323080432163e+00 1.477269069913436983e+00 4.962094715574425940e+00
6.039578126715769102e+00 1.383529773919228489e+00 5.110318838646604966e+00
4.023081406915554936e+00 2.071881976586249507e+00 4.952981066513603814e+00
6.405278746335769213e+00 1.141104999413824039e+00 9.309882047270221506e+00
9.391648971428924852e+00 1.273144435456329049e+00 7.206002694688748100e+00
5.373358755463567782e+00 1.399620392936054447e+00 5.506451661717206569e+00
5.916162484864988969e+00 1.331002392657829603e+00 6.076093335157850994e+00
5.572798083863901297e+00 1.432461844100290094e+00 6.497426508379051668e+00
6.422695605537636077e+00 1.275556558714973754e+00 4.253366260345202932e+00
3.323680819231409345e+01 2.246943853208078323e+01 1.763019678241021992e+01
8.248205954391995220e+00 1.192761843609649208e+00 3.350979677351159758e+00
8.433406368872812919e+00 1.616744563358221365e+00 4.942139436048304191e+00
9.210693466779355632e+00 1.338441309767167020e+00 4.862642012783759071e+00
5.130540898267577532e+00 1.507203059931419231e+00 6.057456736633652916e+00
5.098870315337713066e+00 1.396545580215069471e+00 5.957265994226322192e+00
7.908230244367263850e+00 1.949156133326940044e+00 1.588412928322116557e-01
8.056374173094335234e+00 1.652262126346661031e+00 7.222517484391452136e+00
8.951344247862589754e+00 1.485516984610983471e+00 7.836988389089961871e+00
4.257708109012853015e+00 1.419553221674039856e+00 5.872924064279030354e+00
4.949248286770347782e+00 1.572932675988023776e+00 6.564167863330011343e+00
7.301165878718558488e+00 4.391374800521770094e-01 7.485230960280181201e+00
7.344385221407897291e+00 1.757553338420116074e+00 5.998862223327778409e+00
4.374002109347385314e+00 1.432771383536961984e+00 2.223028254274364457e+00
4.783026042433838221e+00 1.219107206341465410e+00 4.257609096749551014e+00
2.996367754171759046e+00 2.671878607993095844e+00 3.326694770675622692e+00
5.615141711528024437e+00 1.462299970878402355e+00 7.282214749531212838e+00
5.574916722982955264e+00 1.504514947531945257e+00 3.586441218552066879e+00
6.259446012882804666e+00 1.352135712410806878e+00 1.685165586246583747e+00
6.297303573971131385e+00 1.828059362381379671e+00 7.352090409859339815e+00
7.467703178996516478e+00 1.855945630834344717e+00 6.837138364558129844e+00
8.577809672140070063e+00 1.281252550273545898e+00 1.877688054827368003e+00
9.408802605345886860e+00 1.386997088019062740e+00 3.799060426979270932e+00
5.806444464368807346e+00 1.604678732547041742e+00 5.145553442315792481e+00
8.125322708196778265e+00 6.780861757185689953e-01 1.051313498929757007e+00
1.973160757861268655e+00 1.516191020665333289e+00 9.150180536290605460e+00
5.186385652509226674e+00 1.501478222881136970e+00 5.432945346759803229e+00
6.132654383766531936e+00 1.799994575116306894e+00 5.555035301042972939e+00
9.289545186863142234e+00 1.379474695284366170e+00 5.055437065383829420e+00
9.275322121751933935e+00 1.711681466782762673e+00 7.771951935178059045e+00
5.858728254125631807e+00 1.632355895324615336e+00 4.987104336636279278e+00
8.392519703144355248e+00 1.468242139077475139e+00 5.281719608026268498e-01
3.861756607337334946e-01 1.697705916612523236e+00 3.979080411179817922e+00
3.912981527358554423e+00 3.528090169581847846e+00 6.887728515438167776e+00
6.215633681136012001e+00 1.595746299842820015e+00 1.087252800067664449e+00
6.225021494579242365e+00 2.048423477499561329e+00 6.274391178071734743e+00
6.766205689655196309e+00 2.030669315842589917e+00 6.010609782594789507e+00
5.113888285806055478e+00 1.226072044128930782e+00 6.629801032420182594e+00
8.594123029441567141e+00 2.147724843727948585e+00 9.878091576864223011e-02
7.406707053575711797e+00 1.927884612044250101e+00 6.103398289074587701e+00
8.179186023755551815e+00 1.949861112103309146e+00 7.100039570020120649e+00
8.170928236805428568e+00 2.034466589161831429e+00 7.026598085519045966e+00
9.209509537014477942e+00 1.779470769907730343e+00 7.171498594184569697e+00
4.734320114360532905e+00 1.840127622252079043e+00 6.746371710265654187e+00
5.156022417229125132e+00 2.034248860432958494e+00 2.925931901770201460e+00
6.345396886132744996e+00 2.643695383443189773e-02 -1.346539592464313928e-01
5.651314667288633409e+00 1.792565111035477443e+00 6.757778755099522527e+00
5.940288600458028867e+00 1.996879523636828191e+00 7.565406130567431831e+00
6.124469787309656965e+00 2.009692886922127109e+00 6.765046257548659625e+00
6.364121103138705493e+00 1.978715740152693359e+00 7.467145975007305481e+00
7.403054365361051659e+00 2.229632346789484743e+00 7.759525868274907978e+00
7.958479325098066326e+00 2.403506368926185299e+00 6.914941114208218664e+00
8.959043853543294134e+00 1.781212902011720445e+00 4.513189409412261988e+00
4.918317066440351937e+00 2.073072634495638944e+00 4.609681906438916954e+00
5.293544106216678813e+00 2.124679249091651290e+00 2.923760132998113548e+00
5.866816231131394055e+00 1.994943351760079864e+00 5.761303060375692731e+00
5.862783920070279819e+00 1.879269927334435319e+00 3.560622919313700230e+00
8.132981513515597172e+00 1.750521944225030602e+00 1.303572241856686409e+00
5.087645521714515340e+00 1.898388262126570414e+00 5.696195397844906694e+00
5.185577507647642470e+00 2.281848490597730539e+00 3.211333492868165607e+00
6.073192242539530383e+00 1.931518283408456549e+00 5.440897418195959290e+00
7.804925555697883155e+00 1.897990221570934999e+00 6.081588047599873370e+00
8.029023001803482273e+00 2.240561962002773910e+00 5.844595533591363079e+00
1.110509058609002508e+00 2.068987823248156666e+00 5.121075203780806717e+00
5.045366482091006688e+00 2.002699613715958282e+00 6.446263833623683936e+00
5.066424857879720633e+00 2.069753323436132053e+00 2.898997595589137610e+00
5.917933699360214739e+00 1.900888210042657178e+00 3.482582383166985096e+00
4.900694890960595629e+00 2.095398762372028045e+00 4.553407904270048157e+00
5.112504902153541586e+00 5.164177424702347530e+00 1.391876723903979762e+00
8.116782337074424092e+00 8.730698207025312740e+00 -4.802759498624409318e+00
6.463531313004965639e+00 2.336971752022769522e+00 6.381659968678460970e+00
8.910936874966488119e+00 2.234216753700603686e+00 5.512803900697882398e+00
1.594236281880526285e+01 5.837325243580121281e+00 -1.053835838714847739e+01
2.704110726435755119e+00 -1.765837333763424777e+00 2.764019018975995579e+01
5.892039728445072733e+00 -1.446714427188900087e+00 4.491429681632919113e+00
2.656219939080833647e+00 -4.498936439335079029e+00 1.254308295368551107e+01
1.446450239738581978e+01 1.261161729375491625e+01 -1.022523686925068276e+01
9.091863791675148576e+00 2.231568445157143366e+00 7.953138763232487918e+00
9.282787910417415134e+00 2.176802325657694936e+00 5.182038602589003951e+00
4.403026360855784027e+00 2.393325359094984783e+00 5.771088683905188255e+00
1.156086734064324339e+01 -3.515896376456614902e+00 5.697371782649643279e+00
-1.353803352112881164e+00 7.833280155018240265e+00 -4.933613544402932760e-01
5.790381042369761033e+00 2.213918877470737456e+00 4.634889022695563909e+00
8.231233801925954552e+00 1.732571583791674641e+00 7.649438181917860291e+00
7.389416370893718167e+00 2.150739165612306714e+00 3.642984661992400675e+00
7.631174954558932910e+00 2.590122159961176784e+00 6.770441867928953528e+00
7.879182088672950002e+00 3.018747311397806055e+00 7.447184788397727573e+00
1.705808235255316330e+00 2.468849917416759521e+00 6.457610303429596854e+00
4.866321844933912288e+00 2.215034419176407976e+00 2.751890049881515754e+00
4.852982637002848598e+00 2.240308642783963577e+00 4.794003784050321570e+00
6.280915000849210728e+00 2.287675408071292438e+00 1.949857630437556999e+00
6.163224562826059127e+00 -6.426797049683445895e-01 5.965461701349622281e+00
3.797437011609486213e+00 -8.339302688687496357e+00 1.658475754203023911e+01
4.732374044601692642e-01 2.344956228081897187e+00 5.450866961638435093e+00
8.696192533373912070e-01 2.344543575624352894e+00 4.770388282798821322e+00
5.558687775167403977e+00 2.291396978660214856e+00 5.734071672501391825e-01
4.786244621608247485e+00 3.427506954359345936e+00 5.957279303333423925e+00
7.733900625166990395e+00 2.529618808962138310e+00 5.145010850553235926e+00
1.519532710111128004e+00 2.493234290731744185e+00 4.919242936533786192e+00
7.505803256784053801e+00 2.544264920316106959e+00 5.298803598573702978e+00
9.369067702355181382e+00 5.721737918288580360e+00 5.675427760631816199e+00
-6.240735200070095245e-02 -2.319606080029992246e-01 -6.835146885809131323e-01
5.279945381595458009e+00 2.571706906931312098e+00 7.494222198690073000e+00
5.466278559506598356e+00 2.540446947030764235e+00 5.701097513544255868e+00
5.308646274525305131e+00 2.194551006274125360e+00 3.049475881118135501e+00
5.518902644044718642e+00 2.564599228484269577e+00 5.740166669355863505e+00
6.551849938611733037e+00 2.871167319765651982e+00 7.549335579484216296e+00
6.475281675460793807e+00 2.634623473955188810e+00 6.114002044237354383e+00
7.613874280036425191e+00 3.202425197318098160e+00 7.431302770966103033e+00
7.649981309557924547e+00 2.598883535897335229e+00 5.212398530491366699e+00
7.595675039445078269e+00 4.208582084879044061e+00 8.011617115912859077e+00
8.717226605509058146e+00 2.582305568718882505e+00 4.771121059949392063e+00
8.837442412165360750e+00 2.610691968279425623e+00 5.522178117178675905e+00
5.421265313114118634e-01 2.634041045932959069e+00 6.749947031018097121e+00
6.089084192615761282e+00 1.810564286769609676e+00 4.649646366531550612e+00
6.869912364083079481e+00 2.581592550267151509e+00 1.469402640506745072e+00
8.041661834069177672e+00 2.626317377060659819e+00 5.710478202607260911e+00
-1.301413440411149480e+00 3.565047285283848399e+00 2.418143751601033564e+00
2.156187023087246857e+00 3.142100855044791530e+00 5.947333479514584020e+00
1.829272354136008971e+00 2.585118328326699189e+00 2.251498967381725613e+00
3.993398715501124130e+00 2.629737491803802563e+00 2.725542580017813243e+00
4.410497958003418262e+00 2.617930598744050208e+00 5.654318229858252387e+00
6.093589632281407376e+00 2.582268696955769549e+00 2.130731819650683700e+00
2.628389236343164015e+00 1.779701149562288975e+00 5.435063015618958993e+00
3.552521731886594925e+00 5.328113534082670633e+00 5.551691184733616780e+00
1.442729182688654133e+00 2.442357616671762877e+00 7.146745103069838123e+00
2.582671362843733220e+00 2.759878683755474960e+00 3.897811428623953134e+00
4.042178000884879552e+00 2.741658902659094288e+00 3.071627436661426458e+00
5.076396213402035507e+00 2.786172432932297216e+00 5.956635961582419370e+00
7.239436931873441949e+00 3.308409844853051229e+00 6.977506552425270847e+00
7.058767808876003080e+00 3.309827016055477245e+00 6.799364810930625502e+00
8.122690347427818480e+00 2.165919004173914253e+00 7.482514648146983305e+00
4.962803256098773375e+00 2.799553114047667712e+00 5.934410788909538326e+00
6.101811478347274331e+00 2.862997058098951442e+00 6.016013258685937615e+00
7.033116959863338735e+00 3.298145614302502970e+00 6.939801663953180544e+00
7.424084855185565601e+00 3.472027690057968741e+00 7.814141959413845484e+00
7.835042573861450421e+00 3.317316964894042819e+00 7.666170292270273023e+00
5.833535134780463594e+00 2.899000937095617125e+00 4.748967085047254066e+00
3.689446328232888206e+00 1.679541229600597596e+00 2.836503421199987773e+00
6.396860601884286623e+00 3.728623154385789285e+00 5.455616923366994442e+00
6.784096302839271786e+00 3.296773331801602147e+00 7.394596079283587642e+00
6.775532721022106131e+00 2.854566769363133361e+00 1.085638374669110728e+00
7.027918859884626279e+00 3.349304498458385293e+00 7.064714936957010138e+00
7.737058458597134702e+00 3.638622255324538202e+00 7.798177221187232888e+00
1.160187701489618028e+00 2.855165343330115846e+00 2.762306655774831032e-01
8.300212945135209353e+00 3.996356328393713575e+00 2.552604012964852842e+00
7.104097554918620716e+00 3.509441827939015823e+00 7.018130999083041388e+00
7.642866070056657080e+00 3.455812782785222748e+00 7.462312326216784086e+00
7.961516443648033459e+00 3.381129416987737724e+00 7.665968000051851305e+00
8.971187046940707788e+00 3.066325290295058181e+00 5.420717041328044772e+00
6.093086272551770932e-01 2.919230337204537840e+00 4.774521238338833129e+00
1.505273200913759712e+00 3.101547184408598667e+00 6.698971543201161616e+00
3.674992886436120099e+00 2.994879128496557463e+00 3.941019448482825371e+00
5.318834680827911221e+00 2.984723464519484448e+00 5.191294604930321910e+00
6.841544218746998141e+00 2.500793029719472482e+00 3.144766929873399341e+00
7.637143069705459197e+00 3.742590470904367805e+00 7.673276662357592315e+00
7.823377906797265524e+00 3.551021737134501866e+00 7.957250256247536235e+00
-1.776271320618363792e+00 5.216888313769213248e+00 5.629523080442960570e+00
3.567937540754140713e+00 3.145496017053653226e+00 6.658010414125206111e+00
4.705441835750617585e+00 3.079472363796520895e+00 6.101552820209313666e+00
4.436989906930764782e+00 3.489598600576398368e+00 1.780698651117465836e+00
6.404420630962553318e+00 3.436726421140680277e+00 4.736411677366820783e+00
8.256264707261800950e+00 2.078294094005554093e+00 5.371697523346947278e+00
8.844470368662914694e+00 4.219917347866551260e+00 4.992139316839283580e+00
1.519190782678382146e+00 3.139027794642508695e+00 6.653136242878800566e+00
4.336970055236506028e+00 3.116547814126560123e+00 6.057717768248387813e+00
4.745463622437393170e+00 3.184638818971849528e+00 3.227930624302762563e+00
5.737268933938541871e+00 3.374409124685368688e+00 6.218616054188885300e+00
6.665984926004187017e+00 3.203670753909094504e+00 5.937146519847910753e+00
7.279055421549633920e+00 3.729216805729293149e+00 7.162982113884748259e+00
7.234906751040887762e+00 3.721142076042042390e+00 8.141926058598585314e+00
7.252866387984596486e+00 3.227702566325912681e+00 6.853764768985951328e+00
8.364567362826495156e+00 2.797998025577288495e+00 6.303927260515388653e+00
7.379958700517724068e+00 3.585922370767925749e+00 7.236594425297310451e+00
7.958315172723136044e+00 3.326104763798294339e+00 7.733950231548146093e+00
8.574274272111974682e+00 3.171492027793826995e+00 8.687434183116329312e-01
5.718005189808708089e-01 3.158660735996607904e+00 6.796018031940054271e+00
3.715325872417948982e+00 3.214949746231964056e+00 4.667241516943841262e+00
6.230362386106928163e+00 3.465218503637161440e+00 3.523745893647475480e+00
2.447232953071154959e+00 2.666760615848603244e+00 2.736065894262019516e+00
5.286700900041370055e+00 3.244647473449339792e+00 4.650040362774740643e+00
6.908602036994564877e+00 3.564834755891717499e+00 7.310873849083745490e+00
8.036441430816141818e+00 3.600720693209876977e+00 8.421286427377657091e+00
8.512525200104406053e+00 3.519743713848852096e+00 8.081313937175806927e+00
9.109370740213515560e+00 3.168209137648483775e+00 4.109975418442385120e+00
1.531776439770824005e+01 6.391376758154507343e+00 -3.346705618690237749e+00
3.078545250258134303e+00 -1.458473286112732803e-01 1.399454589020093032e+01
6.912027165075372848e-01 3.263219044406218572e+00 7.064119120046726152e+00
1.833435063630045381e+00 3.309869272807973495e+00 6.295411905568132127e+00
2.728103026123990027e+00 3.322436908062448069e+00 6.379913388906340188e+00
4.976309501278072034e+00 3.381364437210859553e+00 4.330792899104854321e+00
7.050715875015277412e+00 3.559393823634378951e+00 7.016250997698960212e+00
7.234043580854719657e+00 3.734327776089603645e+00 7.963119660880710882e+00
7.546747290864338709e+00 3.865458142869215408e+00 7.723762882724976464e+00
7.692735824521296450e+00 3.625167354868332303e+00 7.794103307576891737e+00
7.846445201652924695e+00 3.293323170078320317e+00 7.168724431205978576e+00
7.729448211418928238e+00 3.597943563920948939e+00 7.234920325589341950e+00
8.753314699740528226e+00 3.474228114042799298e+00 7.812301227434717887e+00
4.991199711101848457e+00 1.402633731668379458e+00 4.331384812270439255e+00
5.325742615957251402e+00 3.297006127995405045e+00 1.453308824982715297e+00
5.711280499792801280e+00 3.342063119321508680e+00 6.257089576766478700e+00
8.584582322952046596e+00 3.179371919687717263e+00 5.182294838562873096e+00
6.543308835643157906e+00 3.460653536765173843e+00 2.864793192788198883e+00
7.136163396660331060e+00 3.771739289388325922e+00 7.098915193260298295e+00
7.344106739944253448e+00 4.027237901103654316e+00 7.770430114323600534e+00
7.479836075582193544e+00 3.438735629717114772e+00 7.043278799383468680e+00
7.594533829126976165e+00 3.540110988999232156e+00 7.304229249198233020e+00
7.519537359005513011e+00 3.690807048941137758e+00 7.322691576704678518e+00
7.708684533056569421e+00 4.020375953579994999e+00 7.873022949516622404e+00
7.873958207181198432e+00 3.504961715078653395e+00 6.717380702097917933e+00
-4.627522959523878043e+00 1.007496510719043137e+01 -2.538736689559334181e+01
5.015562312163783787e+00 3.539916696974022337e+00 4.042111953792939971e+00
7.132715084556840779e+00 3.812273357281519726e+00 7.983113624181731538e+00
7.703138210290079613e+00 3.693195730668569876e+00 7.576535549598665042e+00
7.436198398382517283e+00 3.556686155426967311e+00 6.403135017132351336e+00
7.666982616124906613e+00 3.630540846514601849e+00 7.251070893888948987e+00
9.783138420576008798e+00 2.668381750140658148e+00 7.260901239626247339e-01
8.936933719558062705e+00 3.438276103572206477e+00 5.095004828075560432e+00
8.785101017934289658e+00 3.540020306304050735e+00 7.875264448006598528e+00
6.574881745351127904e+00 4.475223901476987898e+00 8.379300257404198149e+00
6.936384901516306378e+00 3.710851922110705026e+00 7.341520582395244965e+00
8.079663672767567917e+00 5.867334186776587579e+00 3.526944935248944368e+00
7.651472057883729860e+00 4.059094906412248349e+00 7.811871880116516564e+00
7.973553510332466843e+00 3.720174967007540801e+00 5.799083168575602798e+00
7.040919828192853558e+00 4.017040428379663908e+00 9.948854464335788350e+00
8.375055094773639297e+00 3.623042479377441616e+00 8.007604110887745819e+00
8.886586163807340455e+00 3.558320952855982711e+00 6.252638476986144056e+00
1.591470754237476193e+00 3.441974841558860021e+00 5.016962502494107135e+00
8.026322038630542721e+00 -3.013728237992419068e+00 3.399438415772354460e+01
2.566970389868056035e+00 3.628885519916946745e+00 5.158903551458915437e+00
5.168511120115878654e+00 3.536882150680318304e+00 2.603023311392698602e+00
3.812861089758911248e+00 3.058833500776579895e-01 3.507698047685645637e+00
7.710561897189919023e+00 4.021577857732568262e+00 7.921752016662669149e+00
1.146890439845899579e+01 2.623815971801749303e+00 6.385767634416993133e+00
1.864876021954719132e+00 2.275097899657570366e+00 3.872615895051652934e+00
1.191202716080564938e+00 3.640705643977124595e+00 2.265803889163813256e+00
1.935744760769189554e+00 3.665685221526805204e+00 5.699125761256754075e+00
2.227463867785917095e+00 3.674692831343828736e+00 5.802232571088463686e+00
4.632746307293118981e+00 3.757370340692687272e+00 4.699090809922509493e+00
5.543207553171911606e+00 3.782633673146792219e+00 6.169126159332686044e+00
5.634934113913343090e+00 3.943106282137338603e+00 4.949833192267708348e+00
7.036744313545613139e+00 3.700608996902705172e+00 7.070664715969959602e+00
5.018546607647151880e+00 1.401523687222122838e+00 2.657900873998863212e+00
1.000829042476580355e+01 1.027137281314179162e+01 6.921048241073581409e+00
6.904811822613167394e+00 3.487875613485796666e+00 7.131384026913198504e+00
7.550311285934791172e+00 4.121747493745614221e+00 8.047450440289580342e+00
7.506015167363191409e+00 4.126781666958976302e+00 7.998120116235487131e+00
7.604118651557364217e+00 3.755611518571017715e+00 7.555407330684090539e+00
5.778989948290720768e+00 3.887931347997033882e+00 6.671699849449902686e+00
5.661065285005146386e+00 3.728259666942932871e+00 3.507651209376368762e+00
6.689716968702233757e+00 4.000901935192418435e+00 6.713908718364260508e+00
7.793871823956612488e+00 3.696345207286913848e+00 5.582110147344739204e+00
-2.156027893189798039e-01 5.152760576906710632e+00 6.469729122890589323e+00
7.283175174746723268e-01 3.774806137074788737e+00 3.741620105451644474e+00
2.279279459720831458e+00 3.877642289998691538e+00 6.606960081710131050e+00
4.736915380983560020e+00 3.805804384255749184e+00 4.354191981847034043e+00
5.060098441237019351e+00 3.666112511968770526e+00 2.761076228540829902e+00
7.616314494252886647e+00 4.105629577319538370e+00 2.898687994417871394e+00
7.664912555418673890e+00 7.230361594502408451e+00 4.529847719194821209e+00
3.838475520657452122e+00 -2.674299230520564397e+00 6.970222145038862394e+00
7.191894810054551890e+00 4.280785349616223812e+00 8.640117285288159366e+00
7.017032862417621253e+00 4.103945933591037765e+00 1.106059542187504574e+00
7.479685157294580833e+00 4.014373143564146318e+00 1.699498184782630705e+00
7.373555216531549661e+00 3.748861716143921718e+00 7.309563446866870429e+00
8.004311211471357268e+00 5.123028898547580035e+00 4.287913117196938018e+00
8.972974857356975420e+00 3.589922522976040753e+00 5.184143727529698431e+00
1.257248935004630086e+00 3.861036186853411323e+00 6.660601837351185495e+00
2.385347318975527209e+00 4.780055550980568668e-01 4.360714406067836002e+00
7.544493193767404904e+00 3.654698295494009486e+00 6.959815483439183659e+00
4.988490176482807570e+00 7.710872629484216922e+00 6.139332857237988605e+00
7.248539689310010914e+00 2.423371886451420210e+00 9.976289608276953658e+00
5.553563720805898107e+00 5.750508026461455202e+00 6.751548724648728239e+00
7.636261634120661057e+00 3.975853253075424476e+00 7.860115792788665345e+00
2.840085326555570333e-01 7.380351644281523349e+00 9.513829303946147675e+00
2.043294198423225350e+00 3.927212634963003879e+00 2.725757354914760011e+00
2.913396665913304595e+00 3.749354396849675197e+00 4.674576942034232019e+00
4.558564124829555197e+00 4.913462134834448491e+00 7.098388994662773399e+00
5.733338028900135441e+00 3.993664082867718790e+00 4.910100098152161863e+00
6.362615402659463015e+00 4.055693354922365934e+00 6.729996869479289323e+00
9.547406081734742145e+00 2.217296924652693013e-01 9.513866594822028233e+00
7.789445925345785504e+00 3.943456700680620486e+00 7.776003911477593178e+00
7.077372750235513266e+00 3.830838806077685454e+00 7.315380266253621144e+00
7.640324599076226519e+00 3.883552328415469823e+00 8.042703893744267418e+00
9.539243829708735634e-01 4.052322643624524545e+00 7.317432907235848383e+00
4.318876077378940970e+00 4.157333130352825812e+00 6.071152457651136203e+00
6.027439245741888385e+00 3.397761759627248246e+00 4.029303663900137167e+00
6.989945834172912598e+00 4.158526063273385809e+00 7.263968598393560683e+00
7.056354999704923969e+00 4.598683732472262697e+00 8.388168035990005933e+00
9.916670988958006916e+00 2.526326900908454576e+00 1.136506349376646163e+01
7.610145354044522747e+00 4.135594674004654081e+00 7.930708964920746951e+00
5.554331154344369637e+00 4.176093019431345255e+00 1.532106650571438689e+00
9.441075951999819083e+00 7.497594383461412271e+00 7.397099821227961058e+00
7.129901070421898801e+00 4.313452937370513496e+00 7.890650646576080618e-01
6.939532655729307109e+00 4.484288483615734400e+00 1.049963245447737314e+01
7.655101298393812925e+00 4.017810740413061410e+00 5.758861351633131065e+00
7.375296458103232311e+00 4.341902342672033122e+00 2.586344105299151597e+00
7.550296643051428447e+00 4.089330175417049240e+00 8.043537295637966267e+00
7.983297192549795085e+00 4.316873142346998371e+00 5.877309569782693810e-01
7.560422397105488912e+00 3.950542683499493002e+00 7.855440402657306365e+00
7.623456878274435411e+00 3.981317206870412129e+00 7.826326455681991590e+00
8.245883982054504457e+00 4.232612165388099257e+00 8.302405944175585972e+00
3.335333625889892684e+00 4.406504450968089515e+00 7.850839212174324899e+00
4.915297062561253760e+00 4.065132770778201454e+00 3.517229176198183094e+00
5.343564934199779515e+00 4.226659638739489466e+00 5.781400326731933603e+00
5.007040551087041713e+00 4.534690580530426729e+00 4.153813652674574364e+00
6.068451024446795294e+00 4.203927214148473368e+00 4.789092752260845742e+00
7.531584390539622476e+00 3.125150273359076358e+00 7.763902633462684832e+00
6.620127717249783217e+00 5.202373246613849034e+00 6.077388223813929180e+00
7.032119574085939462e+00 4.371422097146063557e+00 1.181781597116910776e+00
6.610253698229921149e+00 3.926915528475977801e+00 1.091118756840514692e+01
7.591628579807903066e+00 4.140068280304049608e+00 8.003760856747156538e+00
8.280527002888284471e+00 4.332049475858730680e+00 8.918654221521475023e+00
8.566164515837044746e+00 4.235903433085312919e+00 9.029091560706509867e+00
8.467320061684482368e+00 4.173711333676006774e+00 8.490206225046883048e+00
6.403417164489256130e+00 3.857816076413130624e+00 6.320269715114413600e+00
6.559192342270920406e+00 4.202184363006106871e+00 3.461173220179318388e+00
7.902930434754434685e+00 4.673505517619544136e+00 6.328360109084249174e+00
5.117549327194154785e+00 8.824774244616988561e-01 8.246783489735779682e+00
7.444416412240771663e+00 4.440950229759352830e+00 2.341006988118377041e+00
8.291566362389659162e+00 4.141487422139843666e+00 8.215578460519482817e+00
4.750637486073985727e+00 4.195456285256966567e+00 4.517201721924088531e+00
4.877843081698012284e+00 4.376483096781980997e+00 5.713061651134311525e+00
5.316144333031038727e+00 4.309458821293594255e+00 4.690251617378589089e+00
5.230775353570749076e+00 4.011977542230795279e+00 3.828436461977905214e+00
7.060665194462097283e+00 4.322912023813092475e+00 7.403117654456586649e+00
7.051152445124039048e+00 4.333671884265006824e+00 7.413027087242257451e+00
7.381454228174803234e+00 4.347105574953869400e+00 2.275566795184902347e+00
7.760889818870396084e+00 4.074929565105623652e+00 7.881289665895570451e+00
8.374808334272738630e-01 4.436616642257719789e+00 8.131710035942202097e+00
1.444878076245448728e+00 4.381133140531814796e+00 7.337453069120012827e+00
4.714089948361745996e+00 5.545341329058724789e+00 9.030505393648770252e+00
5.880921399868350719e+00 4.578277811762721861e+00 6.370663784276474395e+00
3.587955809892024561e+00 5.857100511078884075e+00 7.804723259445517591e+00
8.857658673896946055e+00 3.184778349878723880e+00 6.125667290570990353e+00
7.641838229529561488e+00 4.106360635159781225e+00 8.012358051581221829e+00
9.361728171426554113e+00 4.491572045156710935e+00 -7.334651596431884801e-01
4.168738703708948279e+00 6.370813321034115795e+00 1.175581459657500361e+01
8.147017895108286112e+00 4.228356288821094822e+00 8.367434196611297281e+00
5.538310880192577557e+00 1.037342122864943050e+01 6.671246681088156549e+00
5.095450912336562332e+00 4.529300311277897784e+00 1.207770784602679282e+00
7.411450420368965730e+00 3.792240240294142417e+00 6.150389836785965514e+00
6.308173289454243715e+00 4.548970700262399802e+00 7.175819925036545754e+00
5.932497395236542737e+00 4.397865414255081262e+00 4.539456181684227154e+00
6.668500750245077491e+00 4.409351828807780649e+00 7.033493710011658351e+00
7.752487188139763674e+00 4.415910083609060344e+00 8.151619165815363388e+00
7.021298419667072466e+00 4.543553321392571398e+00 2.193811004197485204e+00
1.268227067801964836e+01 2.480457699346739098e+00 1.647032126759882420e+00
8.706591736922488778e+00 3.919053505736337151e+00 7.068936539440034750e+00
9.017765717120758140e+00 4.391406789343867523e+00 7.267013771551313894e+00
1.375132953695731075e+00 4.643934606747404992e+00 5.177104151966418044e+00
7.246443089968852114e+00 4.189706334660610487e+00 7.494995278164347852e+00
6.832553928309060609e+00 2.656368333077055333e+00 1.428200598718858139e+01
7.792487092074489752e+00 4.628807376825190723e+00 1.581080416238812347e+00
8.268641391367573590e+00 4.335883906928884812e+00 8.997420899751466195e+00
-3.892523194205854131e-01 -1.058019036648536693e+00 7.363656727555157211e+00
4.076739170058114148e+00 4.490162715996285137e+00 4.056176415810320179e+00
4.356699129373700075e+00 4.683594200001624408e+00 6.308562473760302325e+00
7.147785024286083200e+00 4.322630391315992249e+00 7.429260819338782795e+00
7.571953020123858735e+00 4.482912284201584718e+00 2.495573338837882016e+00
8.713457846184013533e+00 4.515204217209100257e+00 6.756510921348384713e+00
3.138576307376098384e+00 4.835550553429918352e+00 7.892377071928789789e+00
6.461524362414335698e+00 4.991428987511894455e+00 8.828381846779354447e+00
7.269303291009580725e+00 4.950823065153723945e+00 8.279636781372005316e+00
7.431878897633831471e+00 4.514467035617009572e+00 8.014172205259265880e+00
7.462190738968800474e+00 4.657435551873225776e+00 3.234820653779275634e+00
8.004981385940336480e+00 6.195351466340704327e+00 3.271567274976411532e+00
7.789897120553842313e+00 4.524135453921604544e+00 5.610846465123627169e+00
8.853737882133465575e+00 4.722801371029656359e+00 7.717800956444181848e-01
8.659717639893777630e+00 5.069966647782502278e+00 6.598047977359500216e+00
8.791280232050389998e+00 4.488647982720730845e+00 7.621786248655784135e+00
5.774482370976571133e+00 4.687873653988738454e+00 6.259831869356001555e+00
7.158664661488521652e+00 4.829903579238228772e+00 8.068222934627227616e+00
7.029227806234036535e+00 5.004862373276945497e+00 1.333251007252637343e+00
7.077785526998881416e+00 4.983749356607757974e+00 1.320926001548440087e+00
6.985273700752337334e+00 4.721341874024106211e+00 6.716600502853883548e+00
7.398139415056364854e+00 4.553485808280396618e+00 8.007892708253013581e+00
7.629938513058037941e+00 4.798879947452276973e+00 4.200042957976561908e+00
7.916662173227615895e+00 4.218291588018471927e+00 8.125502300641137765e+00
7.808268066422234810e+00 4.373548218291504419e+00 7.824456864202976369e+00
2.419811288316930931e+00 4.956147496549941245e+00 8.097500498266020585e+00
5.500485243414745540e+00 4.811205206667920287e+00 5.239727457303761327e+00
5.645769447054641788e+00 5.845085527820303106e+00 5.664522988832320749e+00
6.439420687563417900e+00 4.982133227434291989e+00 8.867842381553593611e+00
7.577582497885297919e+00 4.634943379453583034e+00 7.796171731668424698e+00
6.162612455327288963e+00 4.743588309747249987e+00 2.613939600781533645e+00
7.219773320501494673e+00 4.514590346199404358e+00 7.873328011491290468e+00
7.104914590775190497e+00 4.548382499920894162e+00 8.144362593338357215e+00
7.920023252503384015e+00 4.209418374424403808e+00 8.118492967472526800e+00
8.657434785496992191e+00 5.117093867964843668e+00 7.185046979026108005e+00
6.772185719938299542e+00 5.155207534776561573e+00 9.383762169075422488e-01
6.883659971332331651e+00 4.705101699835031681e+00 7.904610325003689653e+00
8.237445583900422363e+00 4.055800012722795778e+00 6.243763486799064566e+00
1.855635019030138055e+00 4.912351594684261968e+00 4.148023881122454348e+00
2.925838621054027477e+00 5.129246342965100958e+00 8.703941702293175098e+00
4.856676780543724981e+00 4.885504117606848773e+00 5.587106716272497664e+00
5.575459219358533502e+00 5.045905118998696537e+00 6.247726598453149371e-01
6.140054104996600870e+00 4.967682352033586213e+00 7.518957365383893254e+00
7.036627615781502199e-01 5.227160799619051446e+00 5.621219240128510819e+00
2.820020562343847459e+00 5.143441622311996753e+00 7.120913934587481009e+00
5.221308368128778632e+00 5.059887963085571982e+00 6.036370244446090716e+00
5.532070090102815030e+00 5.033150994762098485e+00 5.778337889648835990e+00
5.452530803110977153e+00 4.925572649068390874e+00 3.857222981214997404e+00
6.355572801924204818e+00 5.063639938041130328e+00 6.783250768940083830e+00
6.771294832507990691e+00 4.904570960159638560e+00 7.859836758930827116e+00
7.026343689569268136e+00 4.848375585937622745e+00 7.744659798642092419e+00
6.756080476201059781e+00 4.819401760234478083e+00 8.577545848546192175e+00
9.149272965823964654e+00 2.345927367029755573e+00 -9.595630210611941213e-02
7.277717934899260221e+00 4.921535976617420260e+00 6.625050002684711004e+00
5.077619433111634883e+00 5.484745019920455711e+00 9.051934667485365793e+00
5.755158758729614910e+00 4.063973941717985205e+00 5.168137726899933782e+00
6.020359027877224989e+00 5.304744684414487210e+00 9.137247556430148521e+00
7.600418921604245703e+00 5.356959345479817891e+00 1.368295967126186286e+00
6.499452311536940030e+00 5.193692221379810903e+00 8.582502901111864091e+00
7.458984232057945363e+00 5.201138081016784653e+00 4.895697056718022466e+00
7.403342769325531592e+00 5.356675935547839273e+00 6.744370964657232514e-01
7.684528503085161333e+00 4.811107515361542575e+00 7.837521698819923444e+00
5.380000714227579195e+00 5.066689103867926036e+00 5.459658646989622000e+00
1.247480710718663133e+01 -6.595860811578205585e+00 -5.794276737564459268e+00
7.121476890367142154e-01 1.701220330113987345e+01 2.056752270455170617e+01
6.818866508951064276e+00 4.834273181365741578e+00 7.756797582948493641e+00
6.976032071120807032e+00 4.786093974736351342e+00 7.796503314794599682e+00
7.096424881161641274e+00 4.977690216083393793e+00 6.589429151570634247e+00
-5.781323308012870754e+00 9.894703617907794069e+00 -2.329764973666204608e-01
7.091815997595621646e+00 4.658938140448580789e+00 8.164425751403795672e+00
5.850657272369647721e+00 8.163647248792894828e+00 1.683606260470526195e+00
5.289814343765089966e+00 5.635532863610423604e+00 7.958699589509317995e+00
5.236336750206362467e+00 5.827986677653411718e+00 8.082092440338866979e+00
5.802779589653487946e+00 5.296838752174037879e+00 4.451999011655072280e+00
7.113839454230372894e+00 4.485080007005671554e+00 8.117366563553783720e+00
5.118019161667782591e+00 5.531653248037511794e+00 9.218995433442067622e+00
5.389711107001039281e+00 5.192450374176516448e+00 5.941271125502052719e+00
6.448762061181025018e+00 5.330078284245187703e+00 6.986721679306183930e+00
6.868791323569256591e+00 4.550343476355328320e+00 9.352528410437592754e+00
7.102296921668084906e+00 5.458481742400520531e+00 8.559952782296805784e-01
2.011376578165324958e+01 7.774560076748830983e-01 3.025964201835954270e+00
7.162824987785237241e+00 5.392292187063025821e+00 7.520202516976822515e+00
7.072260931705037557e+00 5.025752855739760605e+00 6.591597897496654923e+00
7.558063472953312711e+00 4.946842048591364005e+00 7.550181777270822181e+00
7.960643363322652988e+00 5.025826359965277490e+00 7.238034396878051169e+00
8.433702646317211560e+00 5.113740670749474582e+00 8.873899623118470359e+00
1.172394863228516604e+00 5.380518909832424868e+00 5.768312405173288582e+00
3.011535269524594938e+00 5.410942231886505027e+00 7.252284457330516965e+00
5.310702164356469801e+00 5.859010413978880116e+00 8.109862461154117241e+00
5.720506878565663200e+00 5.338934190466904539e+00 4.556389781687512297e+00
6.697382010176661460e+00 4.680794341677733783e+00 7.129155541718904310e+00
7.148234261651271737e+00 5.431589582657561088e+00 1.068467254711265468e+00
7.504719714101137029e+00 5.280147122751260191e+00 7.554362340737192927e-01
1.253224220640915654e+00 5.545487298209254234e+00 6.610662678476469267e+00
5.268856393504308677e+00 5.427145298895388770e+00 3.182884732704452269e+00
5.210703442897001381e+00 5.874206994225945166e+00 8.694293417150753100e+00
5.229971302715698656e+00 5.649823382983447217e+00 7.934776101549884331e+00
4.690452594086563920e+01 -2.565950095408931730e+01 3.932787884426602432e+01
6.902999579535665120e+00 5.880081269841726410e+00 9.941113967909922522e+00
7.037159283088735506e+00 5.524485236267552501e+00 8.780449701862547141e-01
7.219040724728724712e+00 5.349093489141289126e+00 1.309121785838970542e+00
7.720879496354976723e+00 4.895442690795294816e+00 7.759769592505490365e+00
3.709597815605340632e+00 5.668663477671606721e+00 7.969316210261714772e+00
4.103045925873721522e+00 5.578819880019690203e+00 6.286405893540269574e+00
6.389884676394565588e+00 5.592893394606889501e+00 7.237657129331463324e+00
-3.343620298032679727e+01 3.717394303975372338e+01 -3.746053939924239273e+01
6.791655531203351970e+00 5.190486741230541767e+00 7.861924523058826608e+00
7.943989523182526824e+00 6.383037163670823411e+00 4.587712402157976044e+00
7.593182035920303719e+00 5.424324763532625937e+00 9.894637643092644153e-01
7.460365187517268737e+00 5.708744248015131362e+00 5.259396896716349801e+00
-5.549813778309318213e-01 1.205952918294235054e+01 7.700248478415721465e+00
6.528401124677618128e+00 4.855571871623031832e+00 6.429771808318507809e+00
2.584496826663268187e+00 5.664936426561052230e+00 7.336619800788158230e+00
5.340180425274390075e+00 5.543324401429410742e+00 8.024889558721252314e+00
6.172400373627145775e+00 5.743025923291085633e+00 5.690487890476113364e+00
6.257399709075074590e+00 5.771692521520629171e+00 5.772612356336271233e+00
6.522884104968418306e+00 5.790291288719085827e+00 5.296046277943327496e+00
8.818592585570250719e+00 5.729025243035440695e+00 8.484271597874794013e-01
1.106441668440427861e+01 -2.638198067252062184e-01 9.823959961369636673e+00
6.078125561823824796e+00 5.945916914072073567e+00 8.595301529337070479e-01
6.340595197691638596e+00 5.684023163469566597e+00 7.161705692313536709e+00
6.797578487097443833e+00 5.872415424935856443e+00 1.045444831219481951e+00
6.836715181423695498e+00 6.724099965142015911e+00 1.103912488841995332e+00
8.782786261637305358e+00 7.871829358473394045e+00 8.809732810655274138e-02
7.354812882261706264e+00 5.950751513448420127e+00 4.648520825086217556e+00
7.871148925911652938e+00 5.304059991916005856e+00 7.645573928315228862e+00
7.881773429302313616e+00 5.316677283298555601e+00 7.655991853252379187e+00
7.870800154036948770e-01 5.868856491475598958e+00 6.660523293584803994e+00
3.141993174702641944e+00 6.015956131960635389e+00 9.026239186947018212e+00
5.235333194837290982e+00 5.978509112734229802e+00 8.408802367831953006e+00
6.000761796553717886e+00 6.271959325747634928e+00 9.051162381133753598e+00
4.677790381980665657e+00 3.644253251928939008e+00 1.881298921805886870e+00
7.350613708489287745e+00 5.970532598587934281e+00 4.673726170524176382e+00
7.030101343450687601e+00 7.353826737727980678e+00 6.669787779470416567e+00
6.380174489427317575e+00 6.087286191504494681e+00 4.694742382255270741e+00
7.808046880503601628e+00 5.928528954461025791e+00 3.399392389895426358e+00
4.009785981084933226e+00 4.795278791375414684e+00 1.019381023729491886e+01
6.642576382197248108e+00 4.912075102863010301e+00 2.270634806274827167e+00
6.876647404284270237e+00 6.066121427398753596e+00 4.611747980978280204e+00
6.689305488694013313e+00 8.744024152231506974e+00 5.820156034649301091e+00
5.791522984153386844e+00 5.817963606730909731e+00 8.673572109383716366e+00
6.569472415919792141e+00 5.988391699389036482e+00 8.149381723319182314e+00
6.847180893911624544e+00 5.770800002498106984e+00 1.122443583379556742e+00
7.475147912189272326e+00 5.915636144514302863e+00 5.047768628997909346e+00
6.581287568755916917e-01 6.296225999550431496e+00 3.097555605372505072e-01
6.293383870976481553e+00 6.144528964022514472e+00 4.623605220132566807e+00
6.955883683441867582e+00 6.059831251085325832e+00 4.521650207951514844e+00
7.073574222091227881e+00 5.890933095607902459e+00 7.816331496045922478e+00
7.901949805592632714e+00 5.863965812809270872e+00 7.095419258407925867e+00
8.674346811201617768e+00 6.235186449583271617e+00 2.104984842346768303e+00
6.462835702022786677e+00 6.385946310485935307e+00 9.328440672535267542e-01
6.402723736092534423e+00 6.511695508989924441e+00 6.970066810807631796e+00
6.335635377403677104e+00 6.171081299230684714e+00 8.810506986695827436e+00
6.578558628808288233e+00 6.103592052094963805e+00 8.823635998855003493e+00
6.874536208230184187e+00 6.203711890537628726e+00 5.427493142643389668e+00
7.419662492437790746e+00 6.043287257863960704e+00 4.888112873869634889e+00
3.632033650353781340e+00 6.414878495271155501e+00 4.740561177111146662e-01
6.197906082860498600e+00 6.318628748343825485e+00 6.189564493471052309e+00
6.655470652975390422e+00 9.289243798141672670e+00 5.804819950549546803e+00
7.698743595661149408e-01 6.465244690589234011e+00 8.137584721193219295e+00
5.210821456924715989e+00 6.513732137729626892e+00 8.318058951531410727e+00
5.762777501798482582e+00 6.598402895185214057e+00 7.975380289282968604e+00
5.195570519816045341e+00 3.654916319837141714e+00 4.858434456141086599e+00
6.383916946793172897e+00 7.342627143125154632e+00 6.066859770065111235e+00
6.377637489366155599e+00 6.304045494204585154e+00 5.838323293822597293e+00
6.724332326241928115e+00 3.095951280153496299e+00 6.757511026155592404e+00
7.336296489178565139e+00 6.234160765967992290e+00 4.820790977416248069e+00
7.743464982088163140e+00 6.071594560464426138e+00 6.783646801004405091e+00
4.890219028097069653e+00 6.614999354340211468e+00 6.356541390250757928e+00
6.274030813938817452e+00 6.442812478693896949e+00 6.762274143883544752e+00
6.239770625343469490e+00 6.478902993702088331e+00 7.985136431977956306e+00
6.147870412730072509e+00 6.483838110234436236e+00 6.927722058980407382e+00
5.564265658180584495e+00 7.364556931287285835e+00 8.848673231267905948e+00
6.367289739515462621e+00 6.570555922126387394e+00 8.107512050093954592e-01
6.046234349458501356e+00 5.203986639439387218e+00 7.574925381889005216e+00
7.420210291249694556e+00 6.129280396740149683e+00 4.640970365782555618e+00
5.011355072217972051e+00 6.894770694188141036e+00 7.457436565950516183e+00
5.779135001124251936e+00 6.732122939044744570e+00 6.248447284642396626e-01
5.879220528609522489e+00 5.922002135036720460e+00 7.767530221566062210e+00
5.683574409682822903e+00 7.623696071339001179e+00 8.460405728535365100e+00
6.237324413459631067e+00 6.664285212401489744e+00 9.275931922824797171e-01
6.306930354981494347e+00 6.533487935567370286e+00 5.180327694717986375e+00
5.150940770718144712e+00 6.943359870050906046e+00 7.797376894628675004e+00
6.065434704465927140e+00 6.993075325899097194e+00 9.840171334378925438e-01
5.892784780183117910e+00 6.602146569540931154e+00 5.842256894055349647e+00
6.338932458984530172e+00 6.646450808528156173e+00 4.366533672807399569e+00
6.353779374466318686e+00 6.540315541832319113e+00 4.757867471902583745e+00
9.281804463918700066e+00 6.753745152851944766e+00 1.266476540713264098e+00
1.095509451097671949e+00 6.797962147480789419e+00 6.249794258678925019e+00
4.438995741287287800e+00 7.157507964044524051e+00 7.487374969266145541e+00
5.623654246454257155e+00 6.760606765881739477e+00 5.988997681541363249e+00
5.719171742256661695e+00 6.818866707642077252e+00 8.234578333482867052e+00
6.188012054012051344e+00 6.619116933429789462e+00 4.430439787707772581e+00
6.374134071943528213e+00 6.363675003779133199e+00 7.166496486251267228e+00
5.659813640867314533e+00 6.225073396679788651e+00 7.880644497467425680e+00
5.756226708168782125e+00 6.335788728758598332e+00 6.793839928203366796e+00
6.720871588795146678e+00 6.522280527814186435e+00 5.392162078830473604e+00
-3.269765342635780314e+01 4.034287854063997258e+01 4.136074719279513090e+01
1.497101139468353548e+00 6.928545513590534277e+00 7.594678970174289390e+00
1.875993060996207440e+00 7.087373129773227198e+00 8.863432445441283392e+00
4.674412557608031982e+00 6.987568789596476648e+00 6.685525799655144930e+00
6.985048298337874328e+00 7.011561801177549569e+00 9.567187055718369137e+00
7.189379299761101016e+00 6.754974893099563893e+00 3.905600792751806161e+00
4.705318223236057662e+01 -2.704942685742168607e+01 -2.566307367822329155e+01
5.528092947334001250e-01 7.037034891101404455e+00 9.014548523117774437e+00
4.899413450309606510e+00 7.115078765926681648e+00 8.197651964313376283e+00
5.670798799984531513e+00 7.012182124441512343e+00 6.945875386032403398e+00
3.547858205854952374e+00 7.219436412365249467e+00 7.362203044664514806e+00
5.739291409244958508e+00 6.875609033992624575e+00 5.576961378241570344e+00
7.544162902609725663e+00 6.562519111205062039e+00 9.309520190209905621e+00
5.686750477593172093e+00 6.939165563786183100e+00 8.811526396258932081e+00
6.177320744932644381e+00 6.559386988801907847e+00 7.971222751733815670e+00
6.420008178702127033e+00 6.606344790027422142e+00 5.364339512236947272e+00
6.189435744354996771e+00 6.677367698888700964e+00 6.535991974788093906e+00
9.064644901395709553e+00 6.955946577352366766e+00 2.127385724703362957e+00
4.512748119582430384e+00 7.413089472084210207e+00 7.416898454803328988e+00
4.957381441469326688e+00 6.968960641526537714e+00 4.235034306059660913e+00
4.573371751200099311e+00 7.779919017226326616e+00 1.395034291075351929e+00
5.689872762846848175e+00 6.849281318963811316e+00 8.448423330130742315e+00
6.255396170913508413e+00 6.837068123790652763e+00 9.658470415442254042e-01
6.227767343585213666e+00 6.692159893907650314e+00 6.708043910453660885e+00
6.168347569153906917e+00 6.464789560666935664e+00 8.044435946949892724e+00
1.771891680596197727e+00 7.084149780246912442e+00 8.876586308101549250e+00
3.702387941267925253e+00 6.685880415406201038e+00 7.497378285086242045e+00
4.625672645344477196e+00 7.241229733441949534e+00 1.474010500467037854e+00
4.942732279226172309e+00 7.180523765959078375e+00 6.139251417164884872e-01
5.026762821896101130e+00 7.612790502649195545e+00 7.229095518167653722e+00
6.741203887503173675e+00 6.326418914422827555e+00 7.973688271378417403e-01
5.989312244101683724e+00 6.922990178058180177e+00 9.962885003041407339e-01
5.690742303623765430e+00 9.799905111705417227e+00 9.234294956880596317e+00
6.682522977942328524e+00 6.706862285782176691e+00 5.137153695633113415e+00
6.446078599607276693e+00 6.583628478930688033e+00 6.847804521060806060e+00
4.520880760417886890e+00 7.459871046057794608e+00 7.430463678352605683e+00
4.455399994392628571e+00 7.017306991500474211e+00 7.592479452692225905e+00
5.070052658089518438e+00 7.264322125696104138e+00 7.850791418593058069e+00
5.825467631004607405e+00 7.088824578953331290e+00 5.123033402074197440e+00
5.521801851509324344e+00 7.141055868922785876e+00 7.420746975945849755e+00
5.913548177166282116e+00 4.276894455235608739e+00 8.607015122548244079e+00
5.048769029814231146e+00 8.982453584012690673e-01 1.084173646696518034e+01
4.051761206953334860e-01 7.416528591324906827e+00 4.232283439622536725e-01
2.113341043533621288e+00 7.299633677219045325e+00 8.604694228975606762e+00
4.436191563159134432e+00 7.363209333744273444e+00 7.545333290855004371e+00
5.134221995983726750e+00 7.409983853659033670e+00 8.303695695958900558e+00
8.031803884139746330e+00 1.376439397752104199e+01 -9.618869463755881810e+00
6.438161142219560595e+00 7.048211892031014614e+00 9.466294288337292473e-01
6.444556454442479598e+00 7.217293641981156860e+00 1.036226112236251939e+00
7.385105041590166230e+00 7.102734862763717238e+00 6.305016469762451337e+00
5.259236914575710742e+00 7.500070736360823886e+00 8.310476390187908180e+00
6.644174274873889452e+00 6.853491357021687769e+00 7.339996386104491677e+00
5.976019937752401034e+00 7.423468478606293885e+00 3.112736126091692590e+00
5.760116045277167807e+00 7.171786910833596096e+00 5.420421755169193112e+00
6.127510194327337345e+00 7.150057756309454504e+00 4.570203090226535814e+00
1.444764049588572963e+00 7.454463544072209125e+00 8.105746030497728682e+00
4.076699646662899745e+00 7.627595779866826575e+00 1.367601782669002342e+00
5.131453730406740910e+00 7.758328001901674043e+00 6.883671923973341933e+00
5.746399102791603042e+00 7.301165709286318695e+00 6.807615169015989842e+00
4.912951184515662817e+00 7.589972675739480756e+00 6.740942645606282646e+00
2.838172470885076848e+00 8.079844674709011798e+00 1.072952259720925916e+01
6.117665601107869833e+00 7.133975138081707357e+00 6.267636404879871392e+00
6.136547972315247179e+00 7.126967029333108883e+00 8.041383048896801000e+00
7.053832917954750314e+00 7.377705631997634406e+00 4.251506377498695421e+00
1.757087374377353584e+01 9.266910891545578011e+00 -1.598958694063386865e+01
5.079893961942787861e+00 7.847515466538467876e+00 6.929665086795759876e+00
1.792388657383583439e+00 8.918651796832374856e+00 1.044674551963560027e+01
5.167969069726519038e+00 7.633393989695015591e+00 7.077099851047332635e+00
9.797258090981911138e+00 7.132857605643107668e+00 6.912318180598406858e-01
5.218748568555669820e+00 7.503937949631776405e+00 8.288987327120819870e+00
5.201196149143632042e+00 7.696924037075976166e+00 5.512364929325187513e-01
5.325003308911549382e+00 7.778623933286665348e+00 1.809399616892670259e+00
5.658357030285669609e+00 7.423519332229853163e+00 5.479436067562502899e+00
5.268624796241159203e+00 7.520902666401851455e+00 8.194102174685681916e+00
6.253308202112849656e+00 7.503850812795075598e+00 6.318046320170295438e+00
6.208389147442082923e+00 7.517972117025415457e+00 8.906565308970344930e+00
7.060488020537123433e+00 9.612195159243267284e+00 7.560929229140601393e+00
5.066193031429351290e-01 7.933050643880675601e+00 2.284872770345111270e+00
6.910891203676262862e+00 6.209422661223911177e+00 5.520594687271922041e+00
5.166057851952522206e+00 7.726227941938000221e+00 6.864711629484764543e+00
5.202447142182731632e+00 7.371886407535280128e+00 8.182945872185193537e+00
5.778708436785562341e-01 8.274168200388562155e+00 1.175440489814973155e+01
5.178895559080695321e+00 7.454249872086346151e+00 8.316057293631908820e+00
5.110786686223401709e+00 7.701340823972490313e+00 8.626940913540151357e+00
5.896641058784312328e+00 7.482388201538636707e+00 8.828732375050027059e+00
7.382351881680896177e+00 7.360587814201611678e+00 6.410184912995996243e+00
4.555944571539862764e+00 4.098871582859645812e+00 1.103818091616344788e+01
-8.845848045099046431e+00 6.156729491962193990e+00 3.191030439359589721e+01
4.216642671466478198e+00 7.893815118806092102e+00 1.157410745483521630e+00
5.087307253109568883e+00 7.896362048785086074e+00 6.781245900841840424e+00
5.100406522309742563e+00 7.676938640618633514e+00 6.592229467770008178e+00
3.768877274884798290e+00 7.877666366753329541e+00 8.475152090043376774e+00
3.911139431129697197e+00 7.919679145549608279e+00 1.268907644989712757e+00
4.351905310050366182e+00 7.830635180331258383e+00 8.621454454752846885e+00
5.337884110863683418e+00 7.904396580033013819e+00 7.124453072238502216e+00
5.175915981417167799e+00 7.738519845159995469e+00 7.813503727682499900e+00
5.392920753391523192e+01 4.380012639133435925e+01 -7.425759515963267177e+01
5.951087766986880467e+00 5.384546382046998758e+00 8.497317721050427153e+00
5.410506667220668087e-01 8.049365086229862243e+00 6.543354121432008341e+00
9.155572935258438072e-01 8.004691791788625110e+00 6.581257433334986473e+00
1.366496517134655697e+00 7.957797537369454943e+00 6.629838522245904642e+00
1.574501714311639100e+00 7.992400348037831392e+00 6.367217152573918959e+00
5.373664729439600940e+00 7.684188817203347455e+00 6.651939510253255250e+00
5.486466710594433138e+00 7.685297025397824555e+00 8.551062919048568745e+00
6.081552761682072372e+00 8.162846171636777726e+00 2.053030339768010748e+00
-4.175530502847689718e+01 -2.768719352321424054e+01 8.719357529279301389e+01
5.945420480680692066e+00 7.535816860755971902e+00 6.422194771452814699e+00
6.546271497547399676e+00 8.001568312295525232e+00 3.476451172423591807e+00
6.605347867085741065e+00 8.125258836926740003e+00 2.511616677309238987e+00
9.195123989963446931e+00 7.891802577915870032e+00 7.381116653505059411e+00
-1.321009665644148900e-01 1.183777161390229971e+01 8.258149215235656371e+00
2.948355837887245201e+00 8.113098318245828722e+00 3.997436110989113223e-01
3.228579732296161353e+00 8.031770049720737603e+00 9.132064320017024173e+00
4.867916307180768953e+00 7.432737733529496182e+00 7.111403919445571375e+00
5.795231591911546687e+00 8.105945535361104959e+00 2.385043252331839003e+00
6.056930437986588700e+00 8.076691064059858149e+00 1.127746265826470751e+00
6.379982208385728271e+00 7.738047969698440554e+00 8.851778672501604106e+00
5.698496799519812139e-01 8.122086530416922301e+00 6.734281177130229779e+00
2.543088467547581111e+00 8.179917669425101678e+00 3.072144148134486330e-01
5.201341926782730773e+00 7.809579416965080512e+00 6.759244255285278946e+00
5.178818657366582201e+00 7.798950450436356263e+00 7.751508391987110613e+00
5.379243098301516923e+00 7.923557048083054610e+00 6.667655700576315070e+00
5.170512907597272445e+00 7.754791826882989625e+00 6.919853097652387319e+00
9.470892427087052923e+00 8.169646078437867942e+00 3.077510281536953052e+00
5.123881361266295009e+00 7.715644104121718527e+00 6.448929782922278697e+00
8.892416239250399812e+00 8.085646009032650738e+00 7.064600841189827563e+00
1.147253081694284971e+00 8.295014505328255794e+00 8.774863097519325805e+00
5.322482001206099156e+00 8.069617153215782324e+00 5.405510834674372767e+00
4.969984435458724703e-01 8.569281610023169904e+00 2.904886591846011168e+00
4.394434492829655703e+00 8.158702227608761959e+00 9.011648433255235346e+00
4.730933804484016569e+00 8.133385709193266422e+00 6.321736940952741968e+00
6.080539218305066385e+00 9.623453218687210153e+00 7.825928775272963378e+00
5.379527423716332635e+00 7.930582050945673700e+00 8.542912470822212612e+00
7.382998461985913252e+00 1.159088435643522530e+01 3.036932330178859996e+00
4.740364501816779708e+00 8.222422606392786548e+00 8.169369698340586794e+00
5.404098306351888148e+00 8.059793189499298904e+00 6.909413763569876465e+00
5.242392417380329128e+00 7.916678276940137593e+00 6.412262881390763170e+00
4.766136413752501966e+00 6.541728216085635594e+00 8.425371688945919146e+00
7.420786445671721410e+00 8.825981080329086126e+00 2.428991249574033340e+00
5.076581621819716839e-01 8.625081314554591927e+00 2.612639863364192738e+00
4.044418984089730884e+00 8.525100259178145734e+00 2.460093730579197668e+00
4.165307350498360428e+00 8.556211199541444046e+00 3.996943439492988137e+00
5.180909845054668672e+00 7.971710370729370609e+00 7.345096907523812391e+00
4.333804498870303057e+00 8.033306129934128847e+00 7.010665010323096524e+00
7.603653729274618023e+00 8.420720421406810985e+00 4.030445712424083560e+00
7.554019094621847508e+00 8.666228720901845151e+00 2.023702855321142025e+00
7.978462608535480172e+00 8.501841770492220007e+00 3.788592930776630840e+00
2.778361884150765349e+00 8.499895284321283384e+00 6.177799593036231052e+00
8.286288751981231826e+00 8.924186767855644575e+00 2.332298428685366964e+00
4.743894586625006404e+00 8.218295472473098329e+00 8.164141993273828390e+00
5.749006840927009421e+00 8.758086098403406794e+00 1.749194711354489229e+00
6.218006500404777981e+00 8.579765682278855721e+00 2.675648618729879136e+00
6.536695575480526266e+00 8.434890374534218083e+00 3.396230803388819108e+00
5.561574471827576360e+00 5.580556977262643770e+00 7.474862483094641963e-01
3.150104071413925233e+00 -2.533119473487926143e+01 7.171526478674202565e+00
5.288362739150322511e+00 8.082407563332905553e+00 6.758002442808400900e+00
5.931864681745895318e+00 8.413350448265923376e+00 4.960808351048519249e+00
5.940596378164798352e+00 8.332377848392237496e+00 7.213737597446716165e+00
6.372641004155493505e+00 8.419085652345019710e+00 7.670599044435876479e+00
7.175179389241211680e+00 9.073850642162431868e+00 2.454706053710393299e+00
4.749111170201879339e+00 8.492550531501018796e+00 7.516570263828569409e+00
5.392475233508944754e+00 8.975817191741004564e+00 1.284780330396987802e+00
5.196001757924600284e+00 8.280486649243988140e+00 7.979066712878241319e+00
5.597050502892447987e+00 8.471120467784620800e+00 9.169610283517252824e+00
5.996179213420139931e+00 9.783325209959048863e+00 3.039118738087455363e+00
8.019848502605242402e+00 8.059548139413129419e+00 1.816212555933149897e+00
6.698027703372342323e+00 9.755563351415798223e+00 2.696860138443624155e+00
2.711969072626753408e-02 9.338939923070006088e+00 3.269398192435483796e+00
1.060859405562653013e+00 8.469150145304567445e+00 3.432822451596890811e+00
4.533280132871542634e+00 8.423255080715330578e+00 8.177137674023061464e+00
1.194475977311582504e+00 8.558975850370838856e+00 -1.841401468464151647e-01
5.559081371638994185e+00 8.443080818578584612e+00 7.949622680918418283e+00
6.666736049037440992e+00 7.609662806744649899e+00 4.774345384312891349e-01
7.698349912872034295e+00 8.589941312573788679e+00 7.509145976502836994e+00
9.164156862029715356e+00 8.840599199946861830e+00 1.490829105184617198e+00
1.556474150603775364e+01 4.274140497358557411e+01 1.021446640097676828e-01
3.014533276698013964e+00 8.862491046141014905e+00 3.478783890237941989e+00
4.004079940632887968e+00 8.713399545332253027e+00 4.029468758685629481e+00
4.486241055899220953e+00 8.601969771038818990e+00 6.921892113313860229e+00
4.725482826568029537e+00 8.554152175091813248e+00 7.495067100014688677e+00
5.439444552602309635e+00 9.066228463951732763e+00 1.487053640719487202e+00
5.680498069660984584e+00 8.459817932258490103e+00 6.451249202306987840e+00
5.859988015652810134e+00 8.476855115160031318e+00 8.403346267857450869e+00
6.265639602107406780e+00 7.555871894181629855e+00 9.360150934406766154e+00
6.515826039756481336e+00 8.904413293371741034e+00 2.352580103949404311e+00
5.790032447208096400e+00 8.204379957569768678e+00 7.562054391011818311e+00
6.793561229106157562e+00 7.641580777051993678e+00 1.760306785195080881e+00
1.823546049011918413e+01 6.405179083335934109e+00 1.632279921743986151e+01
4.350538229645264821e+00 8.704010102556480888e+00 6.169130093465576614e+00
5.559155165935682597e+00 8.425187904805566674e+00 6.913470063332852078e+00
4.186656052598025646e+00 1.071153422724344040e+01 8.442302429695031307e+00
5.581880111014335455e+00 9.744139569573016857e+00 9.178996986574469830e+00
9.567088488901259069e+00 1.159733047971373843e+01 3.047718191173259150e+00
-3.471552152158887239e+00 1.149773105452907984e+01 -1.191153164272587084e+01
8.557979388198186044e+00 8.784711710611333046e+00 7.553276975306786767e+00
4.102760654909193505e+00 8.831556327713705912e+00 6.068440877249059895e+00
4.593733705531866107e+00 8.955710429960872077e+00 2.284504335059594382e+00
5.605939934825681092e+00 8.967515934363165186e+00 9.725284634791709903e-01
6.094384152834160240e+00 8.934115773297955698e+00 1.999857330018981472e+00
1.218662403500113456e+01 1.032036643130262377e+01 -6.080267866179876052e-02
-6.140547184707730866e-01 7.139802862145844031e+00 1.320089487791725702e+01
7.224284132752586629e+00 1.060119765858546970e+01 3.405450566059323947e+00
7.529889451765451547e+00 8.938955175381645191e+00 2.591569570282830526e+00
7.845759853369409953e+00 8.845887030964881603e+00 4.322226225435281677e+00
3.863853040938478589e-01 9.176848401104892972e+00 2.333842711074950227e+00
4.287794631399658662e+00 9.047935188092955272e+00 9.505748596198785316e-01
6.156234480537529308e+00 8.888825314961422919e+00 1.845348216891405047e+00
6.849190449268702352e+00 6.312163703129710868e+00 7.495603317400263421e+00
1.632126598064525780e+01 -1.264652482558687474e+01 1.556251268058968940e+01
6.216813469524396396e+00 8.888582060300331378e+00 4.315242828853786961e+00
6.648084697766822870e+00 9.083972450461871517e+00 7.451469033383542495e+00
3.850054833976937374e+00 3.317893346369746865e+00 6.666630288544933336e+00
9.437546045149909801e+00 9.037416308118030983e+00 6.352634173624815084e+00
2.220925434312205127e+00 1.120788547355330067e+01 3.513978622630431037e+00
3.474112095980773418e+00 9.086530316353922387e+00 9.358522748815072845e+00
3.758262142143534490e+00 9.080338289803696838e+00 4.900545217265295683e+00
4.270085837237505011e+00 8.929911979318134740e+00 7.390638591493900122e+00
2.164130163092982428e+01 1.014933227591752640e+01 1.856045773186681203e+01
5.398660992321177687e+00 8.918323055535729793e+00 1.426153669540333624e+00
-5.398211917762294476e+00 3.082634139785827188e+01 -4.197352973863559100e+00
6.224898475301499978e+00 8.968257367004291325e+00 2.216125406068632397e+00
3.523853685442082551e+00 6.075211374902572459e+00 6.412989339409000955e+00
1.029851475692887597e+01 1.443255323427193559e+01 -2.013892420835480035e+00
-1.308739930787322692e+01 7.929603140669899020e+00 -3.505618824288883939e+00
7.341706355848618415e+00 9.003400380462059260e+00 2.471633686596222734e+00
7.390849717249596829e+00 9.000509189574016133e+00 2.456894565191049651e+00
7.951694370422165647e+00 9.176282028568511606e+00 3.153020608701146532e+00
4.854375896142345326e+00 9.514804560896797270e+00 7.741306807416190594e+00
5.016668273937292533e+00 9.073339633734718745e+00 1.180936287384683148e+00
5.200684603353189495e+00 9.181965539695221779e+00 4.234752867665996234e+00
5.169361489367457985e+00 8.754914669637237523e+00 1.015294142710078340e+00
5.862977077896706746e+00 8.941270215562987289e+00 1.707351681033701940e+00
7.314578457122598465e+00 9.007258316744580995e+00 2.397517224878128683e+00
-3.639043609626513298e-01 7.373139551476567632e+00 2.727796639916730825e+00
4.470004792339386412e+00 8.954574854809525419e+00 7.997138152884183171e+00
4.300726111529454165e+00 9.168419271544507865e+00 9.347190151824724680e+00
5.142681757550847443e+00 9.264879088791847295e+00 5.004031585236953461e+00
6.573442869094014540e+00 9.066498226087251311e+00 7.444021877560587086e+00
6.959832937477762549e+00 9.130881526203436849e+00 3.610427305949240662e+00
7.141316646468269802e+00 8.915611191222033938e+00 2.318604145121831994e+00
4.714900462391063307e+00 1.240787309558122331e+01 1.667755712193566553e-01
3.482719726248893810e+00 9.291515604664743577e+00 7.086246113621509579e+00
6.090916184498334829e+00 9.491970775989258868e+00 9.347498592255000460e+00
3.612742253948575843e+00 8.431197054719920203e+00 6.086966230942811862e+00
5.441702814104560915e+00 8.980993258824845782e+00 6.373396218334864471e+00
6.132504938778526871e+00 9.329214001385590649e+00 6.099388189272838545e-01
6.355071327900871481e+00 9.116852379296005893e+00 5.627237747432021209e+00
8.361987472366593011e+00 9.341202415111782287e+00 3.553913347815483625e+00
3.225461449192767449e-01 9.551065654605972455e+00 2.525400746711436550e+00
4.734071414212807305e+00 9.329795593027949252e+00 1.816875592573359732e+00
6.245836229172347487e+00 9.014573672446834607e+00 2.201036031251943026e+00
6.461393371756051884e+00 9.169623865544469510e+00 2.500052932416316764e+00
1.028073483053112369e+01 6.503492842501088944e+00 4.643008502250537184e+00
7.869049526556146645e+00 9.340759028535018160e+00 3.175099981828924278e+00
8.420616028773304507e+00 9.450189876282450996e+00 8.394456050252237844e+00
2.308206062449352558e+00 1.171170892254730056e+01 9.749012877288311785e+00
2.931819146051754199e+00 9.532269238570306058e+00 4.893922147262615319e+00
4.573734858596546715e+00 8.340668001243452423e+00 7.074921728650251929e+00
5.303228870377299842e+00 9.362285321166217145e+00 3.894417366792035651e+00
6.488892513663702566e+00 9.039783729946167412e+00 7.549768835593583027e+00
7.559930688114761210e+00 9.497561055025904864e+00 1.507127767652015171e+00
7.033514409639839648e+00 8.582401872087404016e+00 1.977983697661671592e+00
8.508956522735951822e+00 9.522796160978057145e+00 2.606674527392528695e+00
-1.307832649898049038e+00 7.685288630935399823e+00 3.117937704942283617e+00
2.191072226423301572e+00 9.673532639716603043e+00 9.312805450445903688e+00
3.921173759092717148e+00 9.337483173732818997e+00 7.198694545190642557e+00
4.459883385172547676e+00 9.275098803823398796e+00 6.718722334171892463e+00
4.549178412838409180e+00 9.418221683288269475e+00 5.130799590783730046e+00
4.997904530623707764e+00 9.382484235743881129e+00 4.767193007855612841e+00
5.221208528341452215e+00 9.306728527162320574e+00 5.185910004341951485e+00
5.265102117443996477e+00 9.191802716736262369e+00 7.321090844166013412e+00
5.805908561368778642e+00 9.169425870155311742e+00 8.094114049970169589e+00
7.775797964762922732e+00 9.453039825654947492e+00 2.066569715127750673e+00
1.950079304702245331e+00 4.584554320738325472e+00 4.755824857012616036e+00
