2.195055149635135816e+00 1.133808829924575351e-01 7.196104842215844677e+00
3.155806754358493116e+00 1.343600199415418139e-01 5.124917769834994807e+00
5.861239102788647237e+00 1.592808489726313947e-01 8.857238429453753170e-01
5.883116723869568077e+00 5.255118568432765036e-01 2.425390172912097686e+00
5.933932299800288135e+00 1.709516494222420857e-01 5.326822406197055937e-01
7.487230239178062519e+00 1.838149710956442640e-01 4.161580996233138485e+00
7.650031545597470561e+00 2.216625345286429849e-01 3.594822927230425069e+00
4.197476610050852486e+00 2.759324784769739969e-01 7.379864306480559577e+00
4.260369139474290634e+00 2.376732812369495296e-01 8.757398081394658362e+00
5.138033446572777052e+00 3.298021155397481974e-01 4.988961488165860381e+00
6.076147939967176725e+00 2.609722672512680419e-01 1.197066698244103389e+00
6.179138451780911367e+00 2.890197283512182524e-01 2.126309743739357661e+00
7.438112848210939987e+00 2.579391518666940275e-01 3.339738975133900389e+00
8.475759348395911275e+00 2.914097137955499184e-01 5.241772275287591043e+00
9.225278848002730570e+00 2.852778618047333570e-01 6.585482548200481290e+00
9.244920103793392130e+00 2.896108424812182669e-01 7.592963408300295924e+00
2.964347452822653217e+00 2.893288713970795789e-01 4.062249528320515779e+00
3.355134722554330651e+00 3.409558629342522296e-01 6.757814577739727824e+00
4.847320829529277120e+00 3.930570072499296463e-01 4.351431777917980526e+00
5.462924459474953309e+00 2.975641051832418338e-01 1.064784424003509589e+00
5.407643524729274453e+00 4.475835884289566802e-01 6.561142205115316983e+00
5.954016174239364467e+00 4.061535288334114924e-01 5.780927999251032290e+00
6.634795171021273141e+00 2.446346178948396455e-01 1.307264298336539288e-01
6.667378316037548380e+00 3.815785459873777818e-01 7.352536804700376294e+00
7.847272332688843832e+00 3.868326365401264511e-01 2.208437620023152359e+00
7.853007417990603756e+00 3.829936093457834700e-01 2.252385071636507696e+00
3.895332742876556509e+00 4.237895147946302288e-01 9.975807111419059403e-01
5.825957641772815165e+00 1.667571715212901040e-01 2.168664005162914687e+00
6.242493321823630481e+00 5.292916521781748651e-01 4.494952927972983403e+00
7.072707980271555783e+00 4.404670183111585313e-01 2.294806791363026122e+00
7.909818432153267409e+00 3.295738182645872039e-01 2.158698142720797186e+00
7.913018404961659868e+00 4.059518767220852142e-01 2.191235292562776937e+00
7.913527251081432290e+00 4.558555199334379804e-01 5.331999362810411647e+00
9.465695497399071456e+00 3.476495734597987441e-01 1.392334512474343367e+00
3.647039859625691882e+00 5.149054379243027668e-01 6.072503658470354893e+00
5.632547339599586422e+00 5.217713549467717371e-01 2.927517465669550401e+00
5.820165495916947762e+00 4.088942454826643980e-01 2.368775598568091834e+00
6.427036555499089587e+00 5.313997164780093208e-01 2.722798666981624649e+00
7.694083481559671256e+00 4.101292661576300125e-01 2.325276833796516840e+00
8.973241070010653075e+00 5.452435641183329684e-01 5.578337493285443927e+00
1.498748634632049714e-01 4.657660724121157614e-01 2.698052427403505149e+00
5.709370086899191676e+00 5.056228640220242765e-01 2.547422814901204813e+00
5.940259570023838975e+00 5.394769851377869685e-01 9.331062274080414554e+00
7.009602051431023106e+00 5.622228127237905992e-01 1.824074820352441506e+00
9.252006340093403836e+00 5.765838821076274545e-01 5.606705753443338658e+00
5.201095788716404433e-01 5.538575500690104958e-01 2.741942886431619097e+00
5.676963323195700184e+00 5.928222888563300375e-01 9.711511200569944435e+00
5.841637687815881108e+00 7.493588965446806860e-01 6.828663273978021309e+00
6.175384556311650286e+00 7.104045379700966167e-01 4.140276161801337729e+00
6.239437246581222674e+00 5.623103327473499835e-01 1.605412206478949999e+00
8.765856475211300847e+00 6.906535545966454581e-01 8.035629302409928343e+00
3.411047482472822967e+00 7.276144501478583049e-01 7.257887730726785058e+00
4.406974438559684515e+00 6.896368792052434138e-01 8.293853613319955853e-01
4.829790130881862709e+00 8.759153846149517753e-01 5.327631185639360112e+00
5.203425714235571320e+00 6.520767683492102451e-01 9.284649196523220738e+00
5.323942111115898435e+00 7.833843909808961836e-01 3.191892831056466040e+00
5.436679756256991958e+00 7.992803798566409101e-01 6.636504423684455922e+00
5.510136410214189873e+00 7.424074465370069653e-01 7.512951767335236397e+00
7.763087241517710346e+00 7.619025220213753169e-01 5.797352702176231887e+00
8.038712871500427681e+00 5.918945076277080108e-01 1.973192057861258064e+00
3.918524565468918031e+00 6.894517376955824339e-01 9.159922009938885612e-01
2.501383267871315041e+00 3.165771338919483924e+00 8.220084792924298611e+00
6.185272390728759895e+00 7.959688268194902161e-01 4.608074196472938588e+00
9.224004174158455527e+00 7.739709662422619152e-01 6.836076468841969955e+00
9.846352221341598820e+00 7.768200993255444109e-01 2.625426744246053268e+00
8.924001376351512249e+00 -1.361961869275163384e+00 1.896066676858328748e+00
7.125475910751405628e+00 4.898316660224831809e-01 2.195146690928199362e+00
6.799716388574170267e+00 8.491852167164966048e-01 9.501981642335493916e+00
-1.870348280705875776e+00 -7.611696830376569523e+00 3.556403859590930416e+00
9.114240126611111492e+00 8.574459845485864484e-01 3.354475946461553892e+00
1.246410141609438860e+00 9.543092483460305919e-01 5.899165433085556742e+00
4.707123457078479234e+00 1.035578038908708365e+00 3.724141818300532147e+00
4.773854086085710158e+00 1.102325132727581813e+00 6.207008314433013041e+00
5.090222884735648101e+00 9.770306275562539167e-01 5.921783742671903106e+00
4.597377614135495172e+00 1.125228298792933401e+00 5.634069952981407781e+00
6.062244770819508410e+00 9.687118192220179891e-01 4.914464405598883978e+00
6.102026342740254350e+00 1.008724110040924327e+00 5.115323965778503457e+00
5.445642704700665249e+00 1.203800509159456578e+00 3.642514251053333041e+00
6.365405660076575600e+00 9.319894168165222537e-01 9.627388750059377998e+00
9.758758469892480747e+00 9.725491423091892074e-01 7.288385161986858485e+00
4.939457578889142830e+00 1.029077200632699363e+00 5.675880945038195513e+00
5.597155647775881704e+00 1.102847091752164665e+00 6.761122242489562062e+00
5.757802666277120451e+00 1.050977613765081031e+00 6.881533987418128717e+00
6.612292931404449625e+00 9.987595140001063188e-01 4.087970717782605234e+00
1.840084359493702237e+01 9.604655060027607050e+00 1.173878756143950142e+01
8.448852806283507988e+00 9.985929544620486542e-01 3.207814284177464614e+00
9.065021037189922026e+00 1.083678163057915311e+00 4.851025424245852591e+00
9.607507757686258643e+00 1.049352053680948860e+00 4.752530033110792473e+00
4.668379480937101533e+00 1.082582515768383269e+00 6.000044181126125586e+00
4.799373934682403586e+00 1.099652857731940436e+00 6.264734295312104351e+00
8.126115980855471932e+00 1.075311046720329511e+00 4.020547589357382767e-01
8.205387785905903897e+00 1.154310557469186982e+00 7.344893372221755534e+00
9.202341217208029889e+00 1.160731574598772742e+00 8.077323527441418349e+00
3.870894085838521459e+00 1.148919991129140117e+00 5.900623034885680518e+00
4.651893752261162085e+00 1.234750088376737720e+00 6.846068009703904167e+00
5.640534807310212173e+00 8.494096420978407558e-01 5.952551106670669334e+00
7.441774104204172957e+00 1.257223454943125152e+00 5.928125302877489844e+00
4.143153555350343353e+00 1.220752567358417640e+00 1.981767288327559662e+00
4.839111473942270258e+00 1.228144623156747439e+00 3.626918249100670621e+00
4.203238873479064885e+00 1.596179260200792260e+00 4.600790889926914318e+00
5.573111950454197050e+00 1.189599030712736649e+00 6.761795033034817770e+00
5.504788435722440809e+00 1.245702504123731291e+00 3.437840842654350304e+00
6.289175476618414251e+00 1.225377653002272638e+00 1.387797466676006675e+00
6.286861788083866642e+00 1.344284556071829950e+00 7.605069727030457472e+00
7.547659285929722905e+00 1.361405767563440117e+00 6.969972157448656169e+00
8.805493551506966554e+00 1.163347266000952063e+00 1.682150126146573665e+00
9.721421400917261479e+00 1.208195126351617521e+00 3.659369433856707321e+00
5.686654291908437742e+00 1.338678774242075376e+00 5.087351473489903242e+00
8.062123256204865029e+00 1.253481011564404390e+00 2.897496253493168639e-01
1.813943832267266965e+00 1.386588360105917017e+00 9.307163307134803887e+00
5.113584728869673413e+00 1.347348178546046826e+00 5.274929247725358650e+00
6.217081027497140866e+00 1.461704316874346432e+00 5.423181095616441461e+00
9.146531991557898422e+00 1.354497193380487907e+00 4.945931020998711958e+00
9.668219269153226492e+00 1.448105575318325400e+00 7.948717033795292153e+00
5.841826450189794073e+00 1.433229158033022976e+00 4.724033810192358906e+00
8.610051693601359801e+00 1.381454665704686446e+00 2.738333340058114462e-01
1.577629672978970721e-01 1.550363121705571778e+00 3.900506570605882573e+00
4.212708646520853861e+00 2.442081200606354585e+00 4.864439153552925887e+00
6.217550963932207964e+00 1.481770268756072984e+00 7.382602652026359902e-01
6.209690865267549320e+00 1.643090880082527683e+00 6.317109786400036953e+00
6.871032211008499146e+00 1.642126071573724033e+00 5.956027477659150193e+00
6.805527120197545798e+00 1.466209722608134980e+00 3.571834721839630244e+00
7.220189862792127045e+00 1.581960445416751071e+00 2.789778772058795653e+00
7.564791980861242493e+00 1.576752076277804004e+00 6.103653838690207500e+00
8.348297307825177427e+00 1.623349632337792947e+00 7.199457948535814111e+00
8.652062090371943626e+00 1.619473748810399849e+00 7.149322282064130007e+00
9.601416315478251917e+00 1.566724418005479347e+00 7.217287236482011537e+00
4.380047640645607920e+00 1.642086535503848754e+00 7.032038191171025687e+00
4.771915543731817699e+00 1.680639755806992541e+00 2.651377984003639998e+00
5.439688758100349020e+00 7.630743300295546039e-01 1.479273508452979335e+00
5.417933153842404259e+00 1.603188071899131373e+00 7.059885026953478970e+00
5.735426893238491530e+00 1.697032050077656562e+00 7.928079608318599369e+00
6.088233181710497988e+00 1.660182159322323381e+00 6.975316528363196156e+00
6.345384424616343111e+00 1.643617372542474753e+00 7.856105245811729532e+00
7.455757251672124220e+00 1.744102280629657553e+00 8.101484529225146503e+00
8.145271587826865556e+00 1.730466266136990061e+00 6.516733331352027037e+00
9.250719752420403452e+00 1.600885261634404255e+00 4.308047256460773689e+00
4.761147640758091271e+00 1.754085035160519945e+00 4.528371304994164959e+00
5.171412148217928717e+00 1.743759175892829472e+00 2.911419254263795331e+00
5.776711190529584705e+00 1.736435953925457465e+00 5.789292636569823181e+00
5.882617584891253415e+00 1.692726374946527113e+00 3.487887599070688793e+00
8.300648640454744154e+00 1.664997552414182014e+00 1.088740740714504218e+00
4.801810972413086631e+00 1.751828345927486374e+00 5.698661849631166731e+00
5.229402428987497409e+00 1.898446543743791404e+00 2.694876970258037296e+00
6.205527926612552037e+00 1.709117910895195935e+00 5.442494748126046389e+00
8.208409713102824412e+00 1.765436613751442341e+00 6.471441091221943331e+00
8.362176902865945394e+00 1.850543921084007115e+00 5.748734590816765078e+00
8.778187391689945551e-01 1.842197172438114317e+00 5.125656551803608352e+00
4.776133757661385815e+00 1.849531546721480790e+00 6.640378579800847447e+00
5.116061371203466379e+00 1.951311499500944624e+00 2.667967255445964803e+00
6.084056643611739368e+00 1.780235997893103495e+00 3.199923005363495498e+00
4.584224128938533482e+00 1.937590727147660452e+00 4.290475334813115715e+00
5.157866997634106276e+00 3.344187419897735936e+00 2.007220515079685796e+00
6.523842044234415383e+00 4.878948731704512376e+00 -8.887967613916127052e-02
6.503850011299014966e+00 1.997621448458144933e+00 6.426054728777943481e+00
9.301438430172691341e+00 1.940492731692779582e+00 5.494799984866423515e+00
1.241462699189428953e+01 3.575816071575709909e+00 3.455040679326543129e-01
6.617500567169567915e+00 2.621589324251528685e-01 1.700742773124469664e+01
5.532006907847319077e+00 2.840401568046013736e-01 3.443499078775891231e+00
4.118794171282628369e+00 -9.744399204799045755e-01 7.580498795742588669e+00
1.046470487108380176e+01 4.283748329624774698e+00 1.717703362756031749e-01
9.477406633793901136e+00 1.996574766876967777e+00 8.148478139291805533e+00
9.739322729669964929e+00 1.993958189693736394e+00 5.065619479271766146e+00
4.009215276980643061e+00 2.138479204053510330e+00 5.841877079642689985e+00
6.413097287219427400e+00 7.643699697124002324e-01 2.945804051502598941e+00
3.522874385254743501e+00 3.305728059280958586e+00 1.561393082482670280e+00
5.772244490177335763e+00 2.042714843425653015e+00 4.439913790111132741e+00
6.484247594642367218e+00 2.185923595987765644e+00 7.022604527605457392e+00
7.595522610188885082e+00 2.024267809947349228e+00 3.439053245540974579e+00
7.846856576088240942e+00 2.185170124988974116e+00 6.795957288447885603e+00
8.160048495736043961e+00 2.322735943224103483e+00 7.829610596715554038e+00
1.450308405609334272e+00 2.175877445605816529e+00 6.488692975842347721e+00
4.520488100800447384e+00 2.113670625073403198e+00 2.421637455892217350e+00
4.541508676835506186e+00 2.116053637219009964e+00 4.748608544383147390e+00
6.361824989804002684e+00 2.119951567538781667e+00 1.626323463475207731e+00
7.871620434872928840e+00 2.232710089922979257e+00 5.646894114563507650e+00
8.181722735567939608e+00 -2.034799299495891889e-01 5.905717029168810583e+00
1.704999441448758202e-01 2.208401644186739787e+00 5.474600519342200933e+00
5.872536787759923271e-01 2.187278911489293431e+00 4.690996736927735000e+00
5.487775719514799810e+00 2.200338890270787218e+00 2.508769789031681796e-01
6.339912079231217135e+00 2.257648291113855787e+00 6.953444964978151788e+00
7.725167679404020049e+00 2.305702076296165970e+00 5.043872333822191578e+00
1.321500261922526676e+00 2.323905336891864959e+00 4.866913662241099559e+00
7.857222397618281562e+00 2.326670933413967468e+00 4.937163547467524616e+00
8.043586047997196786e+00 2.307304861000860186e+00 5.806920625654953483e+00
1.101226630105942350e+00 1.802593628571929063e+00 1.584967012707385159e+00
4.999961565391267904e+00 2.372831728525264694e+00 7.800851534785284258e+00
5.224435809364004868e+00 2.358659749906257375e+00 5.541858160744154382e+00
5.255110485278967403e+00 2.286529995818769034e+00 2.911511311460898366e+00
5.434636875074387419e+00 2.389007740429546001e+00 5.816138102381540165e+00
6.319309671223967584e+00 2.464858855067962651e+00 7.942523407037404226e+00
6.497270507716864429e+00 2.389558047168242272e+00 6.005222447894253079e+00
7.628122034887054426e+00 2.554945321554339177e+00 7.615762213179814388e+00
7.840844260193076565e+00 2.337452328146765623e+00 4.855297347229813099e+00
8.031420852742650496e+00 2.797625719570204783e+00 7.745345385495730817e+00
9.034187982623599567e+00 2.411051703190564943e+00 4.509443880114311298e+00
9.242023763250672985e+00 2.416803129584438103e+00 5.485554851080411964e+00
2.456144617537031616e-01 2.449785063696799714e+00 6.827194326216879716e+00
6.402832492332354519e+00 2.529180244364954255e+00 4.908316295019947262e+00
6.997048503552267817e+00 2.462145414430282564e+00 1.193595349577972087e+00
8.421084792750068715e+00 2.436976886711981205e+00 5.563251429864846997e+00
-1.800443346927929622e-01 2.855810275826487388e+00 3.336801950620875701e+00
1.740331354793435592e+00 2.708853462088729458e+00 6.440498509108697256e+00
1.679169981548461532e+00 2.516886992400917844e+00 1.996460114454122969e+00
3.702142147830161711e+00 2.505053425709751203e+00 2.403427061746130633e+00
4.028449474712298084e+00 2.490118264433847983e+00 5.584068067541243074e+00
6.105648274930596031e+00 2.499933748718999205e+00 1.773410101376359016e+00
1.027447667878548465e+00 2.292418086635780838e+00 4.256767760956003066e+00
1.939856639350942213e+00 3.114420203671143916e+00 3.046017025477579132e+00
1.495735261010585182e+00 2.469784043079468638e+00 6.866638094374668100e+00
2.327962543077767954e+00 2.632198355406139001e+00 3.754208172071931138e+00
3.728110890153620183e+00 2.582650852377017969e+00 2.906875976574549547e+00
4.869718862603238385e+00 2.603821286286789327e+00 6.131405147789648069e+00
7.141891091856530593e+00 2.811900423585177666e+00 6.700942687513779639e+00
7.440390118403271025e+00 2.733997489314798024e+00 6.810004014377562420e+00
8.145955852508150130e+00 2.500408962579892425e+00 7.682820327710688346e+00
4.602441381912104390e+00 2.678405736013512950e+00 5.890445242318220309e+00
6.012023790163468107e+00 2.697996131819038190e+00 5.948069514605212049e+00
7.146408817180184059e+00 2.777871974026380641e+00 6.688061065257293158e+00
7.335049500862005800e+00 2.884414558187424760e+00 8.348829635546335837e+00
8.407049503477272978e+00 2.903630891613414811e+00 8.107282120431278827e+00
5.801398473317645355e+00 2.777231588647667948e+00 4.525950237418844502e+00
5.987181227847726106e+00 2.762847418046441295e+00 2.422318380468035048e+00
6.267565374063615025e+00 2.716419310911891039e+00 4.812329267261981514e+00
6.542654801764232531e+00 2.843962472291301502e+00 7.763080546262793646e+00
6.819727188914264104e+00 2.770320143114830103e+00 7.306051753524589465e-01
7.108404341637556634e+00 2.889046846947648017e+00 6.813345190385240002e+00
8.522425773416969719e+00 2.909358788968924969e+00 8.165262970586233848e+00
1.023010074481388365e+00 2.810578399467153154e+00 1.228205527314269463e-01
6.058162863650869312e+00 2.790600069601205213e+00 2.545764190649264513e+00
6.699643142239169791e+00 2.991486313390477214e+00 7.035794854596785441e+00
8.011733346377562626e+00 2.912760685850536380e+00 7.836944238281700947e+00
8.398089736036922659e+00 3.007355723429272931e+00 8.165802902363232363e+00
9.443465987524549021e+00 2.881055395736089153e+00 5.353678535350560708e+00
2.836561802048446213e-01 2.852641526127345450e+00 4.709158675577482356e+00
1.249270193987274347e+00 2.940815740277836099e+00 6.980377851543138057e+00
3.365252908329854353e+00 2.893184281055275697e+00 3.783151331703305420e+00
5.115808220507152448e+00 2.867300738888750811e+00 5.088758276411670778e+00
6.097512635707291295e+00 2.727774520184564455e+00 2.296375683781748833e+00
7.598567948468689437e+00 3.100262159838011122e+00 7.842975021681899861e+00
8.525280593069464175e+00 2.981005882422154141e+00 7.845106062428221172e+00
1.348308293444818062e+00 3.119321681567223337e+00 4.851846495564157813e+00
3.282639060781243678e+00 3.003617131133798246e+00 6.819798765550503461e+00
4.389949509283169959e+00 2.996848038560961491e+00 6.278890666396325315e+00
5.097458752460075182e+00 3.121972324633657259e+00 1.786895118592546350e+00
7.483985739899079448e+00 2.988376303829110459e+00 5.179314768759429199e+00
8.845850650551129846e+00 2.990620698228442897e+00 4.947373791273479426e+00
8.892279239056019691e+00 2.973463053638646159e+00 5.100639497304776171e+00
1.179953530310932752e+00 3.059001634251353963e+00 6.641145767280364431e+00
3.938154971897304790e+00 3.026907448978965132e+00 6.134879192431364814e+00
4.574390688278469952e+00 3.070667065046222444e+00 2.935128068388852984e+00
5.529664941052588212e+00 3.084468414123276325e+00 6.230331925932629744e+00
6.691138027136625865e+00 3.074350494200038586e+00 5.722993686114357104e+00
7.040722907335913661e+00 3.232865432793520455e+00 7.455097940569523018e+00
7.120900659204516536e+00 3.247122328794021406e+00 8.837232335035526631e+00
7.178279575841649773e+00 3.028967533753775587e+00 6.862646753698823154e+00
7.563371738840261926e+00 3.063053207425638469e+00 5.351047715811663608e+00
7.636407705437225246e+00 3.151617775577746805e+00 7.117712471141761199e+00
8.342619960060876139e+00 3.103219394398875952e+00 8.233406162721145449e+00
8.772416857305362470e+00 3.079943556419288964e+00 6.413353403530730468e-01
2.139289878181571958e-01 3.084384500049550226e+00 6.816857958017481067e+00
3.389707472077307049e+00 3.122707633191604160e+00 4.577913617964131987e+00
4.462663566039268837e+00 3.155437402583842754e+00 3.001276062689281598e+00
3.629542354204470911e+00 2.974877429196658873e+00 2.822730501162077577e+00
5.140283892292642598e+00 3.110691007651952056e+00 4.490212778584369957e+00
6.450946314600263243e+00 3.220999882420852778e+00 7.603091649069745550e+00
8.381082023030559824e+00 3.245132660838352834e+00 9.075409692451492205e+00
9.107762518332428670e+00 3.221206797712660830e+00 8.548368074242084447e+00
9.457945816130882477e+00 3.124481003430423343e+00 3.873822410245912451e+00
1.179742841595579783e+01 4.278227134286792577e+00 2.106749999947707508e+00
7.292276003656606775e+00 1.836749283454036874e+00 8.517153511303858338e+00
3.920231627485593062e-01 3.176597761687957266e+00 7.258714135883547414e+00
1.598388667925460638e+00 3.241785943124352976e+00 6.303462504596634375e+00
2.514812768129954357e+00 3.197862440880788526e+00 6.456018390486901737e+00
4.697352667534124393e+00 3.223913630307390310e+00 4.185575215621633482e+00
6.694600848999471943e+00 3.265575026638752210e+00 7.113869637924879363e+00
6.866570671006718918e+00 3.352442797647496420e+00 8.359263075543822197e+00
7.693609972444590994e+00 3.355844465297140644e+00 7.868672544047884188e+00
8.021258878410751691e+00 3.489091374593432882e+00 8.334159168531954265e+00
8.307088955647081718e+00 3.304753112315090391e+00 6.185558510197324722e+00
8.534868287810752463e+00 3.315114864884090018e+00 7.133194344977408896e+00
9.514884754230941155e+00 3.276203871100228149e+00 7.901969730972023598e+00
1.367306634732343928e+00 3.203284284002527293e+00 4.871095735717362984e+00
5.204357853764568276e+00 3.230918572806025679e+00 1.090699078315039650e+00
5.491677242346025167e+00 3.291429840755955460e+00 6.364410745464372354e+00
8.824551736076410080e+00 3.212469777941125759e+00 4.756187422351496608e+00
6.672439497024663879e+00 3.385805509707609406e+00 2.555923333391827423e+00
6.987384078266842380e+00 3.451388392989192866e+00 7.039631926891987135e+00
7.265875765842711331e+00 3.431459444887408061e+00 7.507073243262665230e+00
7.400267184659494291e+00 3.489125484960557966e+00 7.606951208719163304e+00
7.873979229542338309e+00 3.428416447465362893e+00 7.121422765301865354e+00
8.138255607633517741e+00 3.431679956543512766e+00 7.207698796161642996e+00
8.065495019246524677e+00 3.423221176738262983e+00 8.306689466517420684e+00
8.479665479674547868e+00 3.365841432366194486e+00 6.594157292363435729e+00
2.424148661970106922e-01 4.849682154924581212e+00 -1.877641463391612309e+00
4.804326735553795302e+00 3.442595780835572050e+00 3.785060898744856850e+00
6.823460110308815274e+00 3.519574290457680110e+00 8.591102338162354357e+00
7.635963238206130654e+00 3.564393345929620427e+00 7.913701117043508759e+00
7.613793678820846011e+00 3.457932569068804973e+00 6.084112684644631841e+00
8.210446574982647405e+00 3.408853984326297049e+00 7.209059289527708358e+00
9.157808147781445030e+00 3.180780587328918330e+00 3.728205305833660610e+00
9.397535303072338309e+00 3.425437172166160504e+00 4.815887432593075168e+00
9.352605753187285487e+00 3.398772841519431154e+00 8.091675018348055914e+00
9.094996261186629738e+00 3.732049700833055539e+00 7.533283149609717455e+00
6.511706654446261844e+00 3.565095141659828215e+00 7.750661016191865649e+00
7.254741700432941087e+00 4.435745572331653896e+00 3.080580004217313927e+00
7.967795356786874450e+00 3.508342649158560533e+00 8.372874847488322558e+00
8.265243002568933406e+00 3.421210201817965313e+00 6.248001504781393933e+00
8.304915769555412552e+00 3.612247927255888946e+00 6.695565709744691674e+00
8.978180501857412565e+00 3.530528197693993953e+00 8.294848681257187550e+00
9.414903118921092329e+00 3.502768394688213327e+00 6.184487654480211205e+00
1.313305466855110293e+00 3.527325163315138568e+00 4.965254987002153619e+00
2.830046351640258084e+00 2.168187359133979975e+00 1.028047920808579541e+01
2.347084285712947693e+00 3.593093036702607268e+00 5.067505487093034056e+00
5.054667935074185436e+00 3.520839851143402477e+00 2.256792960203117815e+00
5.494822594497800416e+00 3.228681055402414568e+00 3.712345521719158103e+00
8.058342533739804026e+00 3.674256342350163518e+00 8.812778541302773050e+00
1.004480530235944968e+01 3.342402303994472579e+00 7.164003505507002600e+00
5.170497214365467054e-01 3.656068983284340490e+00 5.038522105814890573e+00
9.707945331054150806e-01 3.625945960819139557e+00 2.100340345410351528e+00
1.623700324462343580e+00 3.656963300622105617e+00 5.667406822574422520e+00
2.057196840549988082e+00 3.651538036989005143e+00 5.800101809490852744e+00
4.265429458284811126e+00 3.695046636521555072e+00 4.642821827377579424e+00
5.231610998480182850e+00 3.698635818611786696e+00 6.205968051566349786e+00
5.595129993500521870e+00 3.739880176206352935e+00 4.686470535475399934e+00
6.777305136652246986e+00 3.694440170118015843e+00 7.271851222330854014e+00
6.091632529050305500e+00 2.714643137708677045e+00 2.757511806975704971e+00
8.065124116470016702e+00 6.264527378560840631e+00 6.939706671325410525e+00
7.022796886035800767e+00 3.695543215126039005e+00 6.899217285474784411e+00
7.269531050859766808e+00 3.803068852111638698e+00 8.764867898061702078e+00
7.426051821857278412e+00 3.803955729319700385e+00 8.500318617534439625e+00
7.648580736445174111e+00 3.645408266716125834e+00 7.907560920572326069e+00
5.428896805943790760e+00 3.757723678833138514e+00 6.862896985747786616e+00
5.655120828051434678e+00 3.700358820030192231e+00 3.174370253365799144e+00
6.422589305734197396e+00 3.803536136754846808e+00 6.482907576964867857e+00
8.044323767447350448e+00 3.724402297201176104e+00 5.300120921183195222e+00
4.635018788614205798e-01 3.760690152376524154e+00 5.296712501622074853e+00
4.642771351756982412e-01 3.778357099718610890e+00 3.606693775206474495e+00
2.056366121709177097e+00 3.846572096575139987e+00 6.697261969688666383e+00
4.401590212218891018e+00 3.786864599264679221e+00 4.151066001533530780e+00
4.821823386135821288e+00 3.753738484644452811e+00 2.481486499158869208e+00
5.531449702505151222e+00 3.930739615801813969e+00 3.356868430680608917e+00
6.029573538267047894e+00 4.175709154457356576e+00 3.842618311108442430e+00
5.624699779060541083e+00 1.235526826471085027e+00 7.001467783603782635e+00
6.944423148240205457e+00 3.936458333244913455e+00 9.349350037810836511e+00
7.041835387678582414e+00 3.871411388899301365e+00 7.877409248386415541e-01
7.659307946962096381e+00 3.851605125194470958e+00 1.455816997341862873e+00
7.731922135776752469e+00 3.816221965149050099e+00 6.866997707392912709e+00
8.072529878727383590e+00 4.440390822763728984e+00 5.739137124690916636e+00
9.431751878930120014e+00 3.739278757696276045e+00 5.064054580641914605e+00
9.039942718206024352e-01 3.870906848275672552e+00 6.623893999475299665e+00
1.029615209780593510e+00 3.888498716289855217e+00 7.105151605983400565e+00
7.515602229884960295e+00 3.878840061778777049e+00 7.273548939185592310e+00
6.401831689968952688e+00 5.589396266893806420e+00 6.901390337965091604e+00
7.663718886661166962e+00 3.044197412923172585e+00 8.694093334726357369e+00
7.091313484676766699e+00 4.542357986817515680e+00 8.883936860008335046e+00
8.108518260766146568e+00 3.947683294784965380e+00 8.034957002822821437e+00
1.128456770553660338e+00 3.908161702604946885e+00 7.011473543717874790e+00
1.834104813757413410e+00 3.936727628171494686e+00 2.548817071264844802e+00
4.679826377796907799e+00 3.866521265423711995e+00 3.670169316173184537e+00
4.940575742679174098e+00 4.099944384122569119e+00 5.569437606849145794e+00
5.730001276764987495e+00 3.971177058374709468e+00 4.760206215628631554e+00
6.691034194441940031e+00 4.060358423518088067e+00 6.606726259762017328e+00
8.448941624108709192e+00 2.206496908299524495e+00 8.483679706239209750e+00
7.829805131593556844e+00 3.920497139909746132e+00 8.219415625235187761e+00
7.687281696622621396e+00 3.971558804081163352e+00 7.112230250256823538e+00
8.087832789590455818e+00 3.917726757254559544e+00 8.101112768065316772e+00
6.019599998020318532e-01 4.035659016166352586e+00 7.486681553118724075e+00
3.923968831090556719e+00 4.090471906956799408e+00 6.111546738135489321e+00
5.042119095184181887e+00 3.998014618253791674e+00 5.362266486048588021e+00
6.593967151599674281e+00 4.095374304383498476e+00 7.465934833671679982e+00
7.147632748349398213e+00 4.254640372308762686e+00 9.197492437967966339e+00
8.578873264892997952e+00 3.479485708148797762e+00 1.038143973397136399e+01
8.171672589558252042e+00 4.037622991066889711e+00 8.680005141692266335e+00
5.461721025795553075e+00 4.141665942954324109e+00 1.227612457042559502e+00
8.021380404823906574e+00 5.459293617721418634e+00 7.951625451662055255e+00
7.188737600098582980e+00 4.193504157230011131e+00 3.589294499333173794e-01
7.024098862786710029e+00 4.350595147732625456e+00 9.821047813244389246e+00
7.545457717279857590e+00 3.934602237031655569e+00 7.049661276324334480e+00
7.539002180938991771e+00 4.182919014785153600e+00 2.522534575428908799e+00
7.896369978859548056e+00 4.125262552813647510e+00 8.708421893889491727e+00
8.110591472582846961e+00 4.156351822143933283e+00 2.646725523960019588e-01
8.336117416887182330e+00 4.085933306246304575e+00 7.984954497042128452e+00
8.364226274016635543e+00 4.010252103659278866e+00 8.117266734649287940e+00
8.828919198168520666e+00 4.151008835330994629e+00 8.848437982328430707e+00
3.098179963298958395e+00 4.251556278397401911e+00 8.060336603642900499e+00
4.623005354822855573e+00 4.155191589094351379e+00 3.195846526198862225e+00
5.125256115959658132e+00 4.192135574742504645e+00 5.825963139026761439e+00
5.420537121109100021e+00 4.311765223890498433e+00 4.737271053520609065e+00
6.245435451046971842e+00 4.171408552080965393e+00 4.569625807861395828e+00
6.964782686222761754e+00 3.722007867836709671e+00 6.846630929629958118e+00
6.714327213129665850e+00 4.468953906948549104e+00 6.327877209388538482e+00
7.055575152739077538e+00 4.262695190522081568e+00 9.313863710923928618e-01
7.206588032179703340e+00 4.214544270488596922e+00 9.188933912953704208e+00
7.564196125671143633e+00 4.179598856466114398e+00 8.651403345733076122e+00
8.628259412397056849e+00 4.237216227801137158e+00 9.463190660221407313e+00
9.072438653049722745e+00 4.207796537086704980e+00 9.560206071232263625e+00
9.190550336260105979e+00 4.162150416764138328e+00 8.951168404993609329e+00
5.875509534930732691e+00 4.066464724754196958e+00 5.441595250344839485e+00
6.647412074604330812e+00 4.232274682858192527e+00 3.249125057655111615e+00
7.194392316431720502e+00 4.201564775326385615e+00 9.239432068334908266e+00
6.324549674264659416e+00 2.906105146561777097e+00 8.302325053531813381e+00
7.874867691973268080e+00 4.288317985338395921e+00 2.069014027019519641e+00
8.750634565647953167e+00 4.242766330558832344e+00 8.644399225591646641e+00
4.405112531266889064e+00 4.304050785140489666e+00 4.350259981793337616e+00
4.464043342106386092e+00 4.351365424272041871e+00 5.665707201920407776e+00
5.043634653561561265e+00 4.337658036042535414e+00 4.482032041027387947e+00
5.086363713322738178e+00 4.205498399270119592e+00 3.578095627803337120e+00
7.182649155775229666e+00 4.331768953712286319e+00 7.475751928890604248e+00
7.186219868239637876e+00 4.300948919209149679e+00 7.479597931733980687e+00
7.559399261072330845e+00 4.405944707631772594e+00 2.216689919482820237e+00
8.501856391696074766e+00 4.279313878705714558e+00 7.745734234492879011e+00
5.719214956091265289e-01 4.415626459671967652e+00 8.315131664308630377e+00
1.197792341609250411e+00 4.415065873794161710e+00 7.506051606884270200e+00
5.603643290346074224e+00 4.580304278742743485e+00 7.989803463622931368e+00
5.710339957167869684e+00 4.485757026678304449e+00 6.355032944600822908e+00
4.672896610323977740e+00 5.091353218758931654e+00 7.327973212125379554e+00
7.284575451147992986e+00 3.812641466567265880e+00 6.395151639973039259e+00
7.925862324614309173e+00 4.338127901266314979e+00 8.386254127141429038e+00
8.429663909023679125e+00 4.464374531861992956e+00 5.056184107151102669e-01
6.905548767556444645e+00 5.286270666057954593e+00 8.965860092219511301e+00
9.017731575007610800e+00 4.335826039163862333e+00 8.522567096824309019e+00
2.754259575433008589e+00 5.524644149935954651e+00 7.016540909700751172e+00
4.907720489776193240e+00 4.526581762874774206e+00 9.106344399982083671e-01
5.815616241713104095e+00 4.445583864584467193e+00 7.757819021050559982e+00
5.939373726687668054e+00 4.494841086997865887e+00 7.306974870543060163e+00
5.961511740528274039e+00 4.461212516908597436e+00 4.240470246903462304e+00
6.456714869132080814e+00 4.492431137485748849e+00 7.007017052245787525e+00
8.334500989754689115e+00 4.422426053673564006e+00 8.812134293668217211e+00
8.462583060213599850e+00 4.474145921270390680e+00 4.337940039119455582e-01
1.057821062104269316e+01 3.625853461101847586e+00 4.536229172353084316e+00
9.256227116413400680e+00 4.562150146990317623e+00 6.819176918853269598e+00
9.661062585401294811e+00 4.457868495742292048e+00 7.329519043804722855e+00
1.096460705524722190e+00 4.598840810727288009e+00 5.131019256812798801e+00
6.900777589065961060e+00 4.557596769339308018e+00 7.495006184210682321e+00
7.664560273103356636e+00 4.547868054019503781e+00 9.352536263875473210e+00
8.092969885879169212e+00 4.592460461441025821e+00 1.388430792202253183e+00
8.566616144645518460e+00 4.515443899896848023e+00 9.664533686980790961e+00
1.835479162622197347e+00 3.722087152043914493e+00 7.140396523285319041e+00
3.746311445460432488e+00 4.573359772785608790e+00 3.851164123813397122e+00
3.986106414406532572e+00 4.683689588891911448e+00 6.383192989899063363e+00
7.078388258202252814e+00 4.525720121275079499e+00 7.469840764157309465e+00
7.644801006857584014e+00 4.534646397244446625e+00 2.188415358249431453e+00
9.338552012353567022e+00 4.619663993841006011e+00 6.490053367347014657e+00
2.871165971904408920e+00 4.780087091702984736e+00 8.094592682136163120e+00
6.110730818951020993e+00 4.795126037554950038e+00 9.281095637359666028e+00
6.826621890571813900e+00 4.846916718126333734e+00 8.381842933071197876e+00
7.556318658131038646e+00 4.743906210779149646e+00 8.472887833081964359e+00
7.717032409117429381e+00 4.674878833693519198e+00 3.066855002230665317e+00
7.699830376351175509e+00 4.579555212159493571e+00 9.379189134327026167e+00
8.132033678982780955e+00 4.666437639164112916e+00 5.410909775231905527e+00
9.148206594696357996e+00 4.715443431618527192e+00 5.609922639412482370e-01
9.248301351314346164e+00 4.611278989671411921e+00 6.890941437133082381e+00
9.396076985761681044e+00 4.659561018270374610e+00 7.777988496320082490e+00
5.510903200018541170e+00 4.767831054497987608e+00 6.234320864488073433e+00
6.957753476052915609e+00 4.773312118528096448e+00 8.423375514332159142e+00
7.010429819844265609e+00 4.863014773677948988e+00 9.386324569488043723e-01
7.167436730934615419e+00 4.867866215878436265e+00 1.226579184840306702e+00
7.150705808891771653e+00 4.790239887219169823e+00 6.538777153043228374e+00
7.445743468484522509e+00 4.703289196709781628e+00 8.001229387853978636e+00
7.901759157695206426e+00 4.792207416801734787e+00 3.968533111471211683e+00
8.385733869037881760e+00 4.639439448281997613e+00 8.639308973434015826e+00
8.397851024538159237e+00 4.681029169355858777e+00 7.834598070087916533e+00
2.114339371907668852e+00 4.919117615726404047e+00 8.304111634416768695e+00
5.227977317310534389e+00 4.863289006007600612e+00 4.974079868189187792e+00
5.727795640419971690e+00 4.920325310682605924e+00 5.271705331447639864e+00
6.345372302607598769e+00 4.938132912958898224e+00 9.463469825720572715e+00
6.912944447078813504e+00 4.906136362010187213e+00 8.833580890613232484e+00
6.899296558665150236e+00 4.973242977248433228e+00 1.797489885013408006e+00
7.556552028967254309e+00 4.731817101934903569e+00 8.441061113897228907e+00
7.704388030856351044e+00 4.735328113052649002e+00 8.348768756719294970e+00
8.456539703461666946e+00 4.724472245399880421e+00 8.400072202162036206e+00
8.980471484723523190e+00 5.054237691681617406e+00 6.761401879783239366e+00
6.631580959335433789e+00 5.040726501302083662e+00 5.502582530945097083e-01
6.680477392139374970e+00 4.804177843489348732e+00 8.317322870154303160e+00
8.796797128812839262e+00 4.580921628071823015e+00 6.343712507723864746e+00
1.614235851377090247e+00 4.976522872930633667e+00 3.998215604372783005e+00
2.668630429156366723e+00 5.072743450815797139e+00 8.977357660492206293e+00
4.455755262469131672e+00 4.971055043809879059e+00 5.474029172362365969e+00
5.437845730056052318e+00 5.016044816015428509e+00 2.953238709270469831e-01
5.837716406139389136e+00 4.988450449011946120e+00 7.716106704120401893e+00
8.737777618153327319e-01 5.104215363324293264e+00 5.215863921291187921e+00
2.505228613265346738e+00 5.138498599900390928e+00 7.175223692776036444e+00
4.828923776236510257e+00 5.082406888314222826e+00 6.108997883638006776e+00
5.228151369215868982e+00 5.112709487952483478e+00 5.423642871869279070e+00
5.302790457236949528e+00 5.030040460122910062e+00 3.561940739549756429e+00
6.182085512260482751e+00 5.113140201329762213e+00 6.662907174813961220e+00
6.978515576174716628e+00 4.959506655424995358e+00 8.716342672301072625e+00
7.093489554290279386e+00 5.030939424077079281e+00 7.909965141601525751e+00
7.079679799747179203e+00 4.996619017080774050e+00 8.811190106628709273e+00
8.118763443311568295e+00 4.326933639330922787e+00 1.096132228191868119e-01
7.733771831433526422e+00 5.046469330304326206e+00 6.422479137945684258e+00
4.744556836671267597e+00 5.288149722610836712e+00 9.599777293218853202e+00
5.655170436407062518e+00 5.105886229311948021e+00 5.196906377151940148e+00
5.849834917068321261e+00 5.253850337520161062e+00 9.720059325828556140e+00
6.863433911544894350e+00 5.109661654162585442e+00 1.950970514999164296e+00
6.770891487111672546e+00 5.246917180213634069e+00 9.514513747243041664e+00
7.722536413148160861e+00 5.172585403651130065e+00 4.664941200508890162e+00
7.725841897058900898e+00 5.240997330296435663e+00 4.345810528864045841e-01
8.144101871208361487e+00 5.075588708208363720e+00 7.961985877276475776e+00
5.107928697492990722e+00 5.199989661640852745e+00 5.556245085183068255e+00
9.576980078636676552e+00 -6.686764873330529602e-01 8.033657639221920554e-01
3.673863189274137575e+00 1.114376067111743396e+01 1.402203504621839514e+01
6.783554763111022012e+00 5.359453974767466988e+00 9.148901201329900701e+00
6.880162987367111072e+00 5.149887069673198425e+00 7.801618362916884486e+00
7.218765524675570866e+00 5.190703697404970285e+00 6.291584125314134468e+00
7.284347002758282841e+00 5.342745297815655547e+00 1.308146673682298422e+00
7.361593812106073109e+00 5.075531051939461413e+00 8.537639725095962362e+00
7.113523843455367590e+00 6.141774541365967899e+00 6.805993111008813434e-01
4.790891117884329198e+00 5.429445236232451677e+00 7.917116803977402917e+00
5.016080190285174822e+00 5.469454016552614206e+00 8.092868935001030550e+00
5.797784917344797506e+00 5.358571419933840119e+00 4.117557914373465522e+00
7.204944320560976223e+00 5.162570556104538078e+00 8.388701330113178756e+00
4.961381795688594387e+00 5.430781623074437015e+00 9.657905345635974470e+00
5.156697038146212719e+00 5.361566004778818950e+00 5.970790484570051682e+00
6.329139408496438080e+00 5.408684528226798349e+00 6.940119256755883370e+00
6.802592670379596029e+00 5.068034801040507631e+00 9.641670396223918971e+00
7.206032341439046363e+00 5.409859311704380502e+00 2.987738273651333598e-01
7.240629947391973964e+00 5.366867534986285548e+00 1.300532737219985746e+00
7.151473828154671253e+00 5.303109506138222073e+00 7.388325873881119499e+00
7.424998357773396229e+00 5.288467999406309517e+00 6.540742030837234822e+00
7.902284950566624389e+00 5.276998555797693058e+00 7.504407361042225943e+00
8.458367232734273600e+00 5.293478795418470995e+00 7.167002243275925721e+00
8.831566241523500338e+00 5.356481064603047848e+00 9.270829256441460942e+00
8.898226859711519943e-01 5.467324548947894769e+00 5.754309409604346115e+00
2.772834234193377156e+00 5.464521749077452029e+00 7.359434615259478285e+00
5.043131789700114886e+00 5.619328955507426393e+00 8.287769602181567663e+00
5.479652806301448464e+00 5.479016218829768192e+00 4.324057362957983486e+00
7.078847216771138484e+00 5.380012346424985381e+00 7.186222723717354377e+00
7.306157536378576012e+00 5.490165049787676388e+00 8.116968557187054234e-01
7.885010032572232319e+00 5.436749667514134465e+00 2.645239784070778644e-01
9.907646691020631780e-01 5.582840512581515924e+00 6.648063007456514129e+00
5.095805490944951721e+00 5.526551851053334907e+00 2.913836778682472151e+00
5.089685947956441581e+00 5.698119148195457839e+00 9.208472722468393101e+00
5.092940585107880835e+00 5.626496271436767671e+00 8.300580416413264828e+00
2.250365643001156002e+01 -6.674653177341449251e+00 1.599877348557238044e+01
6.847850963892442522e+00 5.557562968262866221e+00 9.734791621267484985e+00
6.935460943995813921e+00 5.572780225227440987e+00 3.821365330559940987e-01
7.565746449079153280e+00 5.504721677135485436e+00 1.201188847892849410e+00
8.202337723718342133e+00 5.370342358544017536e+00 8.100425065244870382e+00
3.392950763154721106e+00 5.641183659888018731e+00 8.172131162365522172e+00
3.740853606492115624e+00 5.627609420903771920e+00 6.248905245990410862e+00
6.273082651686886280e+00 5.657017848997405451e+00 7.453632003150719498e+00
-9.155474745522203861e+00 1.808303326367163422e+01 -1.425590093900532196e+01
6.734047430901140885e+00 5.514130573109383704e+00 8.122073610144738609e+00
7.943493036869126556e+00 6.053013047262528978e+00 4.987870421319383851e+00
7.956999859320688984e+00 5.565963193541167087e+00 7.919003765627271596e-01
7.911022978687334728e+00 5.692164368034150712e+00 5.143923092672693542e+00
2.882999213282369411e+00 8.077407257790861550e+00 8.737919646826078690e+00
7.197350452556088740e+00 5.362542205683644703e+00 5.792395571082153083e+00
2.235497014893035761e+00 5.747821570249195489e+00 7.433479667587949535e+00
4.885812297151856498e+00 5.817056324619208851e+00 8.417082071903074336e+00
6.031787631950307649e+00 5.773702930230522057e+00 5.521756518432596295e+00
6.368427387126698314e+00 5.809583534846783692e+00 5.694672299473511501e+00
6.631476511259394080e+00 5.793098305276563664e+00 5.086211110713113825e+00
9.074543959288462247e+00 5.791411309839016752e+00 6.297410241159476785e-01
7.078880700989642172e+00 3.606690396486302852e+00 9.553979782534325338e+00
5.888634230378402279e+00 5.899905743824108484e+00 5.445302217861639482e-01
6.356962867261089833e+00 5.836575779563862199e+00 7.137503088534166373e+00
6.742793052262867626e+00 5.842277962288105364e+00 7.320246411877858739e-01
6.786929389766802601e+00 6.141792300338747346e+00 1.474223824307084429e+00
7.619818737996086888e+00 6.636238477677049552e+00 4.587819600906883899e-01
7.512424285088153297e+00 5.883822349282786135e+00 4.280283745869965628e+00
8.255950697574885311e+00 5.701278911633879787e+00 7.646062104673419846e+00
8.504794994198887181e+00 5.713645614461960953e+00 7.924310948903297458e+00
4.661361000837164204e-01 5.934138352069874500e+00 6.697412379214556566e+00
2.876466198991638024e+00 6.014845551619970365e+00 9.301818426843682985e+00
4.824649311257567241e+00 5.971904310099802160e+00 8.791867274839024304e+00
5.837348929167685441e+00 5.971250876769262028e+00 9.358273710318350425e+00
6.111420877298364474e+00 5.113651862009794158e+00 1.101375772063504677e+00
7.805919351562778274e+00 5.983276453835611797e+00 4.423673095178450865e+00
6.228894392683918646e+00 6.687880293552296074e+00 7.965129625513938549e+00
6.441154128320477845e+00 6.080024469521948305e+00 4.457230911525194017e+00
8.076687335702294135e+00 6.017877249060283873e+00 3.184266254287245079e+00
4.679294833915685459e+00 5.505988958626435448e+00 9.628043411408295782e+00
6.733415057135722748e+00 5.756471240835759673e+00 1.719459014057129309e+00
7.026386428453873734e+00 6.106705906447812637e+00 4.106996452008970344e+00
5.788275906337918109e+00 6.230920048038735004e+00 5.104020210321197126e+00
5.776267986025793277e+00 6.183985129730329433e+00 9.545896114128613164e+00
6.777364893644936217e+00 6.153034539294869099e+00 8.519387628656280853e+00
6.834601331464319252e+00 6.079393662404688037e+00 6.410018361855372993e-01
7.744734033424873765e+00 6.134803080549967369e+00 5.048528888301339279e+00
5.226522004696801948e-01 6.311182803948652165e+00 1.791169360213377693e-01
6.135144579265300102e+00 6.220854183579886509e+00 4.271465993407352890e+00
7.042482483926995052e+00 6.201880804664151370e+00 4.434692802142023993e+00
7.415765476503141329e+00 6.202916561162808762e+00 8.036155831595312549e+00
8.358888443673610169e+00 6.181995845165422665e+00 7.141680263513915605e+00
8.927867858899764641e+00 6.294977977866250463e+00 1.951892540752010241e+00
6.399189114078057017e+00 6.343065890104104376e+00 6.287799985716058249e-01
6.383765931625159595e+00 6.426182659899246197e+00 6.984957506721832132e+00
6.423843349574570816e+00 6.319699531423569105e+00 9.338589125359451515e+00
6.863890220680049836e+00 6.302797313089707032e+00 9.320564573533431485e+00
7.138200374197644749e+00 6.337301533776471096e+00 5.339224933754358027e+00
7.900203560218910681e+00 6.283543201929040478e+00 4.746223396537110339e+00
3.464683470908564544e+00 6.424828483571632276e+00 2.517111100470915686e-01
6.138792314327211841e+00 6.391064049721387086e+00 6.087935576658053627e+00
6.909661496483687770e+00 8.185043631260445096e+00 5.896494933864115495e+00
4.943395762635504065e-01 6.486546741671267213e+00 8.241310415481004625e+00
4.864668761146244691e+00 6.511701114537003399e+00 8.675708031089341077e+00
5.499706653262919964e+00 6.549987425286054155e+00 8.026718110507363946e+00
5.757119782351652226e+00 6.379312709680133864e+00 5.121467767144512351e+00
6.441572478125182855e+00 6.850951956336837512e+00 6.620980759562502982e+00
6.515672076081965081e+00 6.455096931816996175e+00 5.718427648066782609e+00
6.865614082953500841e+00 4.611411944884042491e+00 6.363278298802494959e+00
7.762059630991968717e+00 6.431456276084126955e+00 4.342021984530022749e+00
8.127765568909218530e+00 6.370128359209338953e+00 6.711184766966995952e+00
4.560991775654576585e+00 6.616782278885297686e+00 6.210501433321820031e+00
6.303983879185039108e+00 6.510869272097846050e+00 6.568475897698553112e+00
6.558405165664972003e+00 6.536769722934571369e+00 8.158646105315444430e+00
5.950249518736771215e+00 6.603562650141181045e+00 6.947113933061963564e+00
5.902905317833123888e+00 7.055905025631217242e+00 8.408420996791186042e+00
6.424625305285290189e+00 6.666696435494297468e+00 2.666992681115710195e-01
6.311157641282523656e+00 6.187744374757599530e+00 7.166542282161990407e+00
7.600590727024440163e+00 6.560664970372641847e+00 4.624098076525168466e+00
4.696655425067213230e+00 6.785564427438501411e+00 7.469911340411670153e+00
5.608913153476209779e+00 6.735608635075211126e+00 1.985846224340372945e-01
5.630865674394684106e+00 6.785573193657507218e+00 8.434207201194798387e+00
5.729868009569056397e+00 6.770480068759102465e+00 8.341005432767284233e+00
6.305849856675295406e+00 6.718727516744033679e+00 7.429731662766113631e-01
6.282913303735970345e+00 6.695571518482728024e+00 4.974554413712272805e+00
4.878882153946441314e+00 6.878949222164034261e+00 7.950174466114260596e+00
5.792708693221820582e+00 6.853781086627945385e+00 7.999223182194040715e-01
5.811067206697559051e+00 6.744087589196935184e+00 5.716478777360480379e+00
6.341185895420396790e+00 6.767865541968083321e+00 4.082595860282305367e+00
6.433540681390354621e+00 6.765254633803987616e+00 4.523683662364279101e+00
9.518304690023462911e+00 6.834669366058204076e+00 1.075584580804776591e+00
8.318144029952782015e-01 6.871884105930305076e+00 6.220358203801358954e+00
3.904019976294925698e+00 7.058333703104277213e+00 7.540773642218821848e+00
5.351534968098028422e+00 6.854802040314988076e+00 5.875144116180150533e+00
5.455132609948573297e+00 6.869805409505175042e+00 8.635076818000472443e+00
6.107843776736884500e+00 6.851705236678623301e+00 3.994517043745281271e+00
6.173733960102337548e+00 6.637340512128852232e+00 7.760759195819646905e+00
5.999741253260266305e+00 6.777050632299890687e+00 8.101083512890244975e+00
6.340660879071096545e+00 6.772644430576428398e+00 7.814835029658413035e+00
7.036989022186954656e+00 6.813508494000907412e+00 5.327514528487748535e+00
-4.294334141758071155e+00 1.669353979344520411e+01 1.775682216914746192e+01
1.228269080152107673e+00 6.986023180022120194e+00 7.647282135214750198e+00
1.556120181915542133e+00 7.011425135345244364e+00 9.196637853794989326e+00
4.257714074582088948e+00 6.988311556852547568e+00 6.560344829652335896e+00
6.879808139667796141e+00 7.024901645639351599e+00 9.099095096650204439e+00
7.395994972849053717e+00 6.918977067064095543e+00 3.648036690836471863e+00
1.907415342300167538e+01 -3.051766847932263715e+00 -1.881680438897938457e+00
3.050159928335910431e-01 7.085781837759881796e+00 9.158161368041639605e+00
4.424470225904427956e+00 7.070832263873293222e+00 8.571154772375884079e+00
5.267141581901716663e+00 7.120233937868460927e+00 7.024005575987580130e+00
4.600786401709791917e+00 7.104838606342969598e+00 8.453137323827712990e+00
5.493016080829703718e+00 7.025678089301731433e+00 5.356729235002912759e+00
6.142557150795267873e+00 6.887326005486255731e+00 9.205014120026508095e+00
5.567117500820877751e+00 7.022744647130442885e+00 9.473833929652093033e+00
6.089532555157645355e+00 6.785303192781229953e+00 8.145600955413829780e+00
6.531450991158901154e+00 6.915510532225153106e+00 5.262108428731798071e+00
6.527503666588893694e+00 6.949546546795025925e+00 6.810530401326952976e+00
9.323285481753810444e+00 7.056121303296484903e+00 1.990246305967243057e+00
3.879307445631101636e+00 7.215635090151802267e+00 7.601701881147912232e+00
4.715589100847207504e+00 7.102604806478767685e+00 4.020877261794171709e+00
5.169840491868088250e+00 7.371360614620193985e+00 1.008594596186654035e+00
5.828619297085898765e+00 7.032464005604392554e+00 8.924435472140553216e+00
6.269228836277141781e+00 7.046735640163488412e+00 8.261989365350824732e-01
6.719721334683166347e+00 7.043625258295106661e+00 6.541029708328684578e+00
6.641810733590714833e+00 6.914130029292679502e+00 8.536156354182043771e+00
1.549464115945478504e+00 7.210363451992956030e+00 8.950059873751245121e+00
3.892983519015557281e+00 7.222213354718183709e+00 7.599205733454104106e+00
4.436925822500442429e+00 7.242769772964923192e+00 1.312059044263034213e+00
4.758335180927227626e+00 7.203940468572650246e+00 3.078342146269256174e-01
5.067247047828630002e+00 7.287183462671405820e+00 7.121064836763528305e+00
5.845482518370635816e+00 6.934948202730156552e+00 8.308756950779910833e-01
5.850687739993069236e+00 7.144726963435875433e+00 5.283984221410221727e-01
5.816610655032818933e+00 8.351073742569443681e+00 9.504025677736699151e+00
6.929060845683666869e+00 7.061568855358026475e+00 4.926235119039747090e+00
6.571603050524637446e+00 7.044224515056413338e+00 6.837211776045134748e+00
3.677200465165577192e+00 7.254146098111356800e+00 7.682071156033856596e+00
3.815422763012243479e+00 7.230015022313848405e+00 7.625263655306270039e+00
4.817239291216410813e+00 7.370321684170562548e+00 7.979225283693850201e+00
5.665790291899667430e+00 7.298488082094165996e+00 4.807531764759653825e+00
5.585697127799345019e+00 7.319934870353511869e+00 7.527906461361071777e+00
5.888346691208399264e+00 6.087614836329771073e+00 9.255288972991746022e+00
5.746740465136385367e+00 4.044557028364624607e+00 5.749896581410895102e+00
2.663740744033659125e-01 7.464372669751723421e+00 3.026358715432573843e-01
1.912579643355758474e+00 7.418150347751655715e+00 8.715751004865982310e+00
4.125585589231151928e+00 7.369264275670615483e+00 7.333153415219951121e+00
4.857135943524801824e+00 7.446921584269277972e+00 8.447368457185785218e+00
7.326188064979287873e+00 1.072572944874195855e+01 -4.868667552492610184e+00
6.589064656981997281e+00 7.337865413390039393e+00 7.111615316090275085e-01
6.667911222641046187e+00 7.373155787270357031e+00 7.429865419876686694e-01
7.761730709071598788e+00 7.338346747091063271e+00 6.251967885792344859e+00
4.669970831577220594e+00 7.551215146401423439e+00 8.770589142584920950e+00
4.554832868690950498e+00 7.552417031331336794e+00 9.630922287572307283e+00
5.893557758327132134e+00 7.507415585389138002e+00 2.941119690354858207e+00
5.788647870095785741e+00 7.445060509599949583e+00 5.252776726987320011e+00
6.104957590472681161e+00 7.442415386529388499e+00 4.326034549367265392e+00
1.170458309084462023e+00 7.574393871500862296e+00 8.190412416520993943e+00
3.848912329750183048e+00 7.622360745523483416e+00 1.233255991572752341e+00
4.908009916208635026e+00 7.640274528429157996e+00 6.760506881326579176e+00
5.889825862859661143e+00 7.537153739781982331e+00 6.817989740778100050e+00
4.368363052800352975e+00 7.639282887734773375e+00 6.535918046900287770e+00
4.551068901005411504e+00 7.603500959375695700e+00 9.517266292501650682e+00
6.321627411520962525e+00 7.617922152221353826e+00 6.221376803522169041e+00
6.365013192093048389e+00 7.504719401625104425e+00 8.263899681783488660e+00
7.261589929217445061e+00 7.615893436553542450e+00 4.111995003256581960e+00
9.177415387686142623e+00 8.417828358429606084e+00 -1.001957514097851165e+00
5.147971076752365427e+00 7.770012945654798386e+00 7.249098966643400033e+00
2.837788105408933781e+00 8.471092251163803155e+00 9.352651426844571958e+00
4.715584011182524904e+00 7.832038629909494176e+00 7.254155263091909944e+00
6.676770131945886533e+00 7.654410219681174077e+00 3.993734695274813618e+00
4.983955693217145821e+00 7.767726835041388611e+00 8.815631875435657960e+00
5.094973135171063205e+00 7.817483802756053812e+00 2.108663108381723938e-01
5.157132741719514968e+00 7.839154814209992495e+00 1.663550185315957552e+00
5.464843569492462194e+00 7.720421502093358868e+00 5.222326218536718301e+00
5.396347274948217532e+00 7.755226485404446812e+00 8.344565795575324074e+00
6.471906703514205716e+00 7.650097339851678058e+00 6.070778535242665974e+00
6.481317041718056338e+00 7.729937635226404424e+00 9.398682605794016709e+00
6.905836226801159938e+00 8.041753709599817057e+00 8.166988976435362702e+00
3.387528544818416698e-01 7.944705154940828074e+00 2.161031335421003341e+00
5.471067759229553573e+00 7.126890978840590307e+00 6.827651521950624414e+00
4.745137628217512393e+00 7.907606068116201037e+00 6.562603029675635469e+00
4.870249206346918491e+00 7.779672957595069605e+00 8.873451895439178116e+00
3.300922106553834112e+00 8.054911654792739739e+00 7.992828829991518447e+00
5.253188545482650795e+00 7.795954334586755685e+00 8.782483965960482308e+00
5.272217048587594768e+00 7.807211613442248677e+00 8.934649554738010480e+00
6.042804260882967959e+00 7.754805274723128861e+00 9.315987233655395272e+00
7.724982443774803365e+00 7.737981805942546032e+00 6.441117592257469937e+00
2.032954819339168218e+00 8.017040023534248050e+00 9.891747598824728982e+00
-8.239334103809217158e-01 7.234873904365310082e+00 1.712515403857638674e+01
4.071229439080766177e+00 7.994149123811892466e+00 8.961923037561360106e-01
5.015673153888566382e+00 7.970375866415079003e+00 6.208427882620757288e+00
5.485055568852856389e+00 7.987118678436704755e+00 6.542288914492055518e+00
3.370562824740665597e+00 8.016874858309225971e+00 8.678203056774734137e+00
3.625578071835989125e+00 8.060783415743777880e+00 1.109460143873987281e+00
4.007122654244676951e+00 8.001854122791776547e+00 8.987992075564825711e+00
4.988011203280461103e+00 7.947891012111238496e+00 7.185975810440769607e+00
5.273227002946278219e+00 8.001527123622688364e+00 7.952117735288625866e+00
3.239995918624585158e+01 2.774552256653776894e+01 -3.790778778001666183e+01
6.789912392142941400e+00 7.606018951039834164e+00 8.260046284922319515e+00
2.097219772850172914e-01 8.128931188153611487e+00 6.460223072493494811e+00
6.905547135880625298e-01 8.107798581281643990e+00 6.558040775582743009e+00
1.168473904215197035e+00 8.074318208026436849e+00 6.709509105662561979e+00
1.382780262224487133e+00 8.129749288194556556e+00 6.278494483883750199e+00
5.013648634256520076e+00 8.080094927198274490e+00 6.391970139816224972e+00
5.685043631606490067e+00 8.034870493435256833e+00 8.977398275806343975e+00
6.033043712325067531e+00 8.172619831040440985e+00 1.877471765149873129e+00
-2.021572679861853317e+01 -1.156432686416708933e+01 5.087134146066639317e+01
6.161929562981079300e+00 7.986229772783220326e+00 6.352690950873289388e+00
6.600370093762835566e+00 8.117939453119547011e+00 3.371477042082192455e+00
6.679348786147740746e+00 8.129683612055110586e+00 2.388761825939929473e+00
9.516605478549314157e+00 8.065802370993029768e+00 7.496220963525268566e+00
1.968517216919658086e+00 8.124222820990633309e+00 9.852631171961428791e+00
2.836475618497983575e+00 8.188828091108248941e+00 2.158416680869347792e-01
2.970118835698053239e+00 8.149663934601338866e+00 9.411027230255713860e+00
4.901799367571710420e+00 8.048881020050986379e+00 7.145173440561849887e+00
5.625477600555150559e+00 8.183866800171248457e+00 2.305101911580001772e+00
6.061831781274596764e+00 8.195937806448323926e+00 7.916364614635923447e-01
6.690238202756667363e+00 8.088931992035087504e+00 9.195525701704072574e+00
2.879139556864928062e-01 8.280855849505112332e+00 6.863521879324196107e+00
2.340014400884735224e+00 8.268953871255401822e+00 1.310702137986752280e-01
4.710861873752262063e+00 8.138189162174661817e+00 6.735461893685672941e+00
4.936730661764006101e+00 8.159559259673848430e+00 7.917806771970797186e+00
5.433973889868310536e+00 8.141330861183881495e+00 6.482138698505156782e+00
5.424144861360428393e+00 8.132964295722569403e+00 7.012719955912018577e+00
9.743865048110505356e+00 8.271534843092023692e+00 2.967249181846322692e+00
5.052013866971358347e+00 8.175140220455439533e+00 6.317500669695383486e+00
9.163686709953330123e+00 8.312995337121886763e+00 7.101964701276516578e+00
9.123885645853855308e-01 8.436016300215838370e+00 8.894005932277629256e+00
5.166247598409178465e+00 8.378376464078362673e+00 5.166528522928762079e+00
3.138511095552270480e-01 8.559515474240166455e+00 2.862351443671174334e+00
4.179851397767827770e+00 8.432476383170859791e+00 9.441093498753360791e+00
4.359103292819701103e+00 8.423308667441059328e+00 6.076949017633119787e+00
5.330012299619648175e+00 8.624161001898141166e+00 8.344032366171019177e+00
5.342118125889740554e+00 8.384499577747970278e+00 9.031903343519250171e+00
6.603455130076621771e+00 8.788840308443049310e+00 1.736853078918952686e+00
4.434499349604230645e+00 8.506599747884781237e+00 8.571051633270764469e+00
4.840482706597243556e+00 8.521072243559000725e+00 7.152349979910813005e+00
5.226817491195212106e+00 8.415948237286345446e+00 6.027610721706720298e+00
5.204148066520428273e+00 8.290434046635594356e+00 8.415337598315080214e+00
7.690041219215640211e+00 8.682263526554841349e+00 2.499090809139842051e+00
3.552004598759685994e-01 8.688266400579809812e+00 2.436518096791874921e+00
3.823669364633727863e+00 8.664353030481791507e+00 2.346834083590490394e+00
4.019640662149551069e+00 8.668828250185462991e+00 3.842081510531350386e+00
4.708410767979253286e+00 8.516290794896256955e+00 7.057692547504942127e+00
4.651036958136546495e+00 8.497094050601965876e+00 7.161505663609510464e+00
7.774825022082201720e+00 8.606571183578695994e+00 4.008432241315765587e+00
7.824782217623401870e+00 8.691897353549304484e+00 1.628077256636556669e+00
8.263028399355416553e+00 8.652476214413873379e+00 3.731118568460103813e+00
2.498432174828175256e+00 8.685440302170082560e+00 6.129773965987060258e+00
4.516017051258764958e+00 8.785799299634874160e+00 7.897639796544009272e-01
4.592644261176919152e+00 8.624172008159018077e+00 8.421050157067602626e+00
5.578931371744449308e+00 8.789466982175710541e+00 1.649857733737984944e+00
6.087157222185838990e+00 8.734648186019283500e+00 2.670124086573463895e+00
6.553530822565254432e+00 8.674185763790282166e+00 3.365729721837058097e+00
6.515949449342585353e+00 8.501441535194746990e+00 1.630026727139382681e+00
9.586753264936966445e+00 8.815993797886923389e+00 3.593527933627788329e+00
5.295961922674941036e+00 8.665820152983739533e+00 6.655321377844765962e+00
5.934056624400029456e+00 8.721051324938397187e+00 4.812590039569372813e+00
6.180369453285267767e+00 8.683834814277247460e+00 7.205739291768679777e+00
6.710143232683162040e+00 8.728137942891569523e+00 7.866753120266587018e+00
7.612480088451912152e+00 8.987208501130377059e+00 2.183630760311395136e+00
4.307391154855785054e+00 8.859956185447815713e+00 7.609605653385980162e+00
5.237485408131959730e+00 8.934498897026024622e+00 1.037812269385554265e+00
5.417647249558070754e+00 8.699924319460867750e+00 8.338137280000045948e+00
5.524363647397330546e+00 8.793644514007345592e+00 9.616724217923254159e+00
6.388262819340429388e+00 8.870964737078516293e+00 1.449764647503142045e+00
7.669253481657395177e+00 8.951537544181386252e+00 2.161084704076432939e+00
7.565008946077184326e+00 9.062897510642361709e+00 2.201753461787412380e+00
2.246663751968835110e-01 8.979637914789984521e+00 3.410973296715301029e+00
4.637551727428277371e-01 8.998127595813631530e+00 3.316714442706326427e+00
4.140836882320289902e+00 8.833736452466448341e+00 8.452358447364733962e+00
4.600578594922941633e+00 8.895166442698823062e+00 8.200014755295317315e-01
5.834566111740173255e+00 8.840303969928283934e+00 8.053198351291829482e+00
6.317916780931030374e+00 8.913281035970051391e+00 1.346685144694097946e+00
7.960526322535752541e+00 8.882339115318249156e+00 7.608164828849926842e+00
9.383813364975233995e+00 8.968594560799392212e+00 1.319651974441147235e+00
9.576551488810929769e+00 8.824985226264704608e+00 3.595315562648336183e+00
2.809582636432921277e+00 9.026145349477927127e+00 3.364105724928223573e+00
3.749776134040848419e+00 8.969086239703367269e+00 3.910608485849069282e+00
4.128371725493524380e+00 8.968138070661916927e+00 6.825021856610676174e+00
4.638754413268122434e+00 8.903492430476459774e+00 7.699702691218739403e+00
5.407181267758313759e+00 9.103687310687751832e+00 1.230341877873281753e+00
5.845918532702340187e+00 8.910831553799186011e+00 6.296789085929074048e+00
6.074289024301974038e+00 8.887396334903314710e+00 8.732147050120012466e+00
6.136138347032718876e+00 8.964861204281746154e+00 9.725238924215270586e+00
6.457740295636680727e+00 9.037930159165528110e+00 2.332189789797237900e+00
6.441249706399034380e+00 9.040363758139895012e+00 7.591105161000722745e+00
6.918628271032848609e+00 8.751670734164063603e+00 2.132101293325032287e+00
1.267132522106751580e+01 7.879821681335631212e+00 8.746029318492592353e+00
4.149011198399652045e+00 9.050488638230291372e+00 6.026081123897312430e+00
5.690670852808557889e+00 8.942235732426377481e+00 6.968301531465927567e+00
5.362955268126426311e+00 9.387174223413232710e+00 8.251761631577037903e+00
5.998128671743875984e+00 9.009769935309110522e+00 9.651939100483142298e+00
7.378420276383040211e+00 9.816788728798721664e+00 4.271863980673060723e+00
2.519265127578991681e+00 1.024624303364687350e+01 -4.438194628078010240e+00
8.810489875166039653e+00 9.041742016535675219e+00 7.651658810314961201e+00
3.744868918554967063e+00 9.150273396596091402e+00 5.938794309874314337e+00
4.405249099142848124e+00 9.163607416193512378e+00 2.206670616927496553e+00
5.625367731765081203e+00 9.161395196653620232e+00 5.401012489741224831e-01
5.899559049248286335e+00 9.140253934394207747e+00 1.925320186915903786e+00
9.024927701678375769e+00 9.838971598815920316e+00 3.360244920316154627e+00
2.661893291497890779e+00 8.262033321741196090e+00 9.916537454853184386e+00
7.031809763726936779e+00 9.654752128515767140e+00 2.639337499336275705e+00
7.649588189712727804e+00 8.980498977882744427e+00 2.151109254572784124e+00
8.070837280072911568e+00 9.117907295107546162e+00 4.358416976315863778e+00
2.261672658074589393e-01 9.277318473472751847e+00 2.167335109212238375e+00
4.057932126222408620e+00 9.268677633310607789e+00 7.309073815883965208e-01
5.513504247516818779e+00 9.248061888303787725e+00 1.412272295294174862e+00
5.806882083873317058e+00 8.666747666277867523e+00 8.097752124065369372e+00
1.085345228097504133e+01 -1.387510829921842603e+00 1.049889619548245356e+01
6.222819675256696215e+00 9.218122472386697908e+00 4.209814936770159832e+00
6.432091910089036801e+00 9.031116740264948817e+00 7.590969958577321819e+00
5.865057231755216094e+00 7.271747858223681860e+00 3.860546353866883607e+00
9.671329354021997560e+00 9.248534719800149517e+00 6.365597374056016555e+00
7.920401485394594765e-01 9.396750092489135397e+00 3.134134900482565822e+00
3.282714723418293623e+00 9.334034677122367896e+00 9.596143890647216068e+00
3.533393028756476539e+00 9.316665670662365173e+00 4.798665018403927895e+00
3.861324477465447380e+00 9.258517708464406581e+00 7.431505804726276310e+00
1.169097835093172577e+01 9.759677279820358820e+00 1.242025772554398522e+01
5.291958480589956437e+00 9.248509240533344666e+00 8.764465688108307173e-01
2.224888998404428442e-01 1.982840533350678669e+01 8.433222711174992448e-01
6.255594984309653661e+00 9.291479563340779180e+00 2.074609332135150641e+00
5.886874208463651392e+00 8.469754608215378511e+00 5.074027962947224246e+00
8.121095301576049863e+00 1.109309493820152426e+01 9.064877882476589654e-01
-3.393616299791410995e+00 8.790499448895664258e+00 2.835561231506336100e+00
7.326429339716600708e+00 9.372563114171169829e+00 2.010028071356576351e+00
7.779488689780861499e+00 9.365536751548523497e+00 2.547527498308963523e+00
8.110394210833824502e+00 9.450592045688583909e+00 3.090775320300221285e+00
4.579932887729189162e+00 9.422929155677428170e+00 7.348819635107613379e+00
4.791291771041085390e+00 9.414961176192356618e+00 9.459422140576451143e-01
5.088521118093933815e+00 9.425749319400013704e+00 4.107761198663302693e+00
5.411536948267801073e+00 9.237868687136746360e+00 1.334608034885402361e+00
5.925013657352719676e+00 9.391346106970640761e+00 1.399880579005055026e+00
7.160636508819798962e+00 9.315955909291323778e+00 2.369338796463967167e+00
8.659267283630491807e-01 9.537998757600631095e+00 2.980239312730316392e+00
4.202632476792416583e+00 9.425712286456455757e+00 8.270059592186143504e+00
4.185666813257156171e+00 9.473927904171066672e+00 9.640918318650038898e+00
5.066460529180255357e+00 9.520798607433281546e+00 4.884739267136097851e+00
6.798510129777559641e+00 9.478193140788700788e+00 7.459640611084148887e+00
7.040751468333987795e+00 9.458684620181836422e+00 3.615655801692597038e+00
7.344682965054594170e+00 9.416232546999147246e+00 2.470550224236880421e+00
7.017662195506731315e+00 1.021052335800718680e+01 1.557428648377299885e+00
3.141297706930465505e+00 9.595979683178024189e+00 7.101228020842292210e+00
4.702024215602138568e+00 9.484772968247003888e+00 7.918789101684920340e+00
4.812044366117647520e+00 9.502509706223314367e+00 7.957113029896982326e+00
5.440921991685611303e+00 9.503019784153483585e+00 6.293883209781519383e+00
6.184929514282429430e+00 9.580451854437580295e+00 2.959706819818020973e-01
6.488280861838084945e+00 9.525082347817463102e+00 5.582793109535449716e+00
8.642826482380382203e+00 9.591683928022868955e+00 3.562628672083137715e+00
1.472787118614793944e-01 9.740593617392905301e+00 2.444053357697121509e+00
4.544831300413526343e+00 9.629056703358134683e+00 1.707778836632669162e+00
6.123278504722751592e+00 9.559088232534064034e+00 2.068784813708818948e+00
6.395429548093857441e+00 9.618933434411925276e+00 2.540388629035299495e+00
8.180355331724147305e+00 8.991853851607171322e+00 2.478159230179016070e+00
8.148160723289365137e+00 9.640894053275044229e+00 3.235944229353895807e+00
8.609028099204730111e+00 9.693214921346228863e+00 8.536727588587844195e+00
5.173853642532222352e-01 1.006814436119084810e+01 6.803555398546898836e+00
2.718216690957059978e+00 9.765237672934487634e+00 4.826793688069730415e+00
4.606473481695296357e+00 9.541688046381677779e+00 7.423356761700843798e+00
5.230730470142525235e+00 9.709095389898278583e+00 3.733279181215567455e+00
6.741578092169384639e+00 9.643462094625972369e+00 7.692304762942241858e+00
7.713472390911039867e+00 9.765427071665040870e+00 1.175762795246128034e+00
7.529172242685977956e+00 9.464741610449733500e+00 1.911723448869186548e+00
8.791453067891479733e+00 9.772669621210521740e+00 2.496180899398795283e+00
1.258061071558090327e-01 9.631468365425270406e+00 6.085862996831841620e+00
2.021334203886357983e+00 9.865560983918745919e+00 9.450250827629666617e+00
3.660442966957712763e+00 9.785359733317347875e+00 7.236340221919382643e+00
4.292114450972217554e+00 9.755713660566732059e+00 6.640385962079895954e+00
4.353579749604912230e+00 9.768105129143549448e+00 5.056416658092024896e+00
4.850079308371765485e+00 9.783021023712926478e+00 4.607201235839450071e+00
5.225836370293209576e+00 9.747061157470110260e+00 5.177875968605483159e+00
5.314715254470602446e+00 9.746281001400546984e+00 7.355008708713770105e+00
5.922055618288218248e+00 9.692114440942336984e+00 8.322741909827179541e+00
8.096634829901004693e+00 9.800527355254963879e+00 1.844320783580548184e+00
1.233361851881940474e+00 4.930064307254669487e+00 4.967762194270770593e+00
