2.533749295133483681e+00 4.824800450748544245e-01 7.037153974786126476e+00
3.544467399447200684e+00 6.372415227499451662e-01 5.176799993446542736e+00
5.943598873749485811e+00 6.569509854440236385e-01 1.306331939933750297e+00
5.785210985259610084e+00 1.833171758300748078e+00 3.625754115077554740e+00
5.931501659087393463e+00 6.076730058029180537e-01 1.276777891268096266e+00
7.257570122466812990e+00 8.156978814206974349e-01 4.210837573800895406e+00
7.381228165812816933e+00 7.887343538552428202e-01 3.672871648794673316e+00
4.503341709291488471e+00 8.580673273322877437e-01 7.059021143428918066e+00
4.509463543619183667e+00 6.546665416026700157e-01 8.414943156780989142e+00
5.362348413144662373e+00 1.239707336353224054e+00 5.117466433834398920e+00
5.957677837273775978e+00 7.033150373760486129e-01 1.537054059694731745e+00
5.889087167620111529e+00 9.421021105872194878e-01 2.736350532740656316e+00
7.188098774102993360e+00 8.053387027572760370e-01 3.626697676257863989e+00
8.117960966839913084e+00 1.024065769618759170e+00 5.374995891322972952e+00
8.813850033462493627e+00 9.654324932439715123e-01 6.547532424605439161e+00
8.858465188042993432e+00 9.339440149239028877e-01 7.363275767032227748e+00
3.334151664123357506e+00 7.205244239003905093e-01 4.222192630705418281e+00
3.780679631229894255e+00 8.800373676315094151e-01 6.604871697591487845e+00
5.179325144538585945e+00 1.143462404807229937e+00 4.568789354383802959e+00
5.842447779528923135e+00 6.752083392203886980e-01 1.448296958901519549e+00
5.616605470831435021e+00 1.700779106096775628e+00 6.368584061426178167e+00
5.879380959838701237e+00 1.361766657426136451e+00 5.750587166893060598e+00
6.534964131016534061e+00 5.459208081852733319e-01 6.077035301037212456e-01
6.569072460950377668e+00 1.170829748303535922e+00 7.024673683446199135e+00
7.902902816276096587e+00 1.139337882677411873e+00 2.186450834680063071e+00
6.874930469881162409e+00 9.527250182146327351e-01 2.515014845547526079e+00
4.179012975226226168e+00 1.204441209323249051e+00 1.169905669341300358e+00
5.801995305118756718e+00 1.669009239966653124e-01 2.117003972363864950e+00
6.046891753961995519e+00 1.422894587122529586e+00 4.778437584280451844e+00
7.000253672639052738e+00 9.722218041851565795e-01 2.481460271289338770e+00
7.611840228604989989e+00 7.249363872033027789e-01 2.482222131294122391e+00
7.445568621941275111e+00 8.697190943601901258e-01 2.561419726687447440e+00
7.704650545808589435e+00 1.176476552295805167e+00 5.463119770316470003e+00
9.129618195819169557e+00 6.328399167919090962e-01 1.680279142231547063e+00
4.129367835570112000e+00 1.116538446221069458e+00 6.013832294285691660e+00
5.816388871360242518e+00 1.250598623538016207e+00 3.026477450026337390e+00
6.596874680345194975e+00 1.521996938169329905e+00 2.777906452045155294e+00
6.208527169878136576e+00 1.147349682780300029e+00 2.916955314342971839e+00
7.915721558211464171e+00 7.734314787801651603e-01 2.396755340266635059e+00
9.804551716746386703e+00 7.518738473822691448e-01 6.062744755175677014e+00
7.142112559227878354e-02 1.444439027355883809e+00 3.402172380792492845e+00
5.837809975822874975e+00 3.380351540501960184e-01 2.411946655854760646e+00
5.956244692999485224e+00 1.057460276531783983e+00 9.030147410067938196e+00
6.922241386795302098e+00 9.188110849432230554e-01 2.455679776219862109e+00
7.458297923599282342e+00 1.540313869503460609e+00 5.156622191924543408e+00
1.152932129718206244e+00 1.291310786674743083e-02 2.330947593986743893e+00
5.857049489520395724e+00 1.007463383223732301e+00 9.123699151049695644e+00
5.560630113448096878e+00 1.730683178900027208e+00 6.294334503538374648e+00
6.148164508253396221e+00 1.429148522576225488e+00 4.647531193315789899e+00
6.174361853559688917e+00 8.977578138414437081e-01 2.091592363094637363e+00
8.486659327687998911e+00 1.364500431415593518e+00 7.633245429954246930e+00
3.835867722946263658e+00 1.116238424146386743e+00 6.935013484973342024e+00
4.483648699583739017e+00 9.434695711905929372e-01 1.283951538529527703e+00
5.434399011588249451e+00 1.832230605430496428e+00 5.584165423522048144e+00
5.465753261669849650e+00 1.054309080092843853e+00 8.897871702896809509e+00
5.709728276460695362e+00 1.461651543857541702e+00 3.441519645910184888e+00
5.705535122865497577e+00 1.873909609186751535e+00 6.499410178042990260e+00
5.726596231176604768e+00 1.524700701329992247e+00 6.926291430938453786e+00
7.494453176614453760e+00 1.543088114325580351e+00 5.796234522868932260e+00
7.460307953850117357e+00 5.989508388903268532e-01 2.767536208560235966e+00
4.305834094722118977e+00 5.285419939288722446e-01 1.434269900998305536e+00
-2.929213296807044564e+00 7.632443589072501311e+00 1.367521547648625635e+01
6.045347212454520225e+00 1.552084945415681760e+00 4.671005849096105500e+00
8.755497292201056325e+00 1.313322062137773028e+00 6.757740121603767136e+00
9.418561995194602687e+00 1.063055701742533277e+00 2.872863657998592224e+00
1.464857938550153449e+01 -4.835964041001551195e+00 -3.661677084298601059e+00
9.105959064073065434e+00 -1.036533899667518716e-01 7.755691579499042199e-01
6.604469552853965197e+00 1.329713222654578253e+00 9.048076190996496848e+00
-2.435586317060514006e+01 -2.631157478075733991e+01 -5.667470692083570682e+00
8.690960129052552219e+00 1.258877560295493359e+00 3.592437801409250842e+00
1.618088599909207836e+00 1.317840830391794782e+00 5.853614859525393399e+00
5.791057707240407026e+00 2.281343919846050561e+00 2.883136679049779882e+00
5.415797823793128352e+00 1.739591666810082593e+00 5.745611734842166030e+00
5.566075504092380832e+00 1.675325582550845738e+00 6.280231106410979258e+00
4.327622547453557011e+00 1.979730024589331006e+00 5.586270326070506442e+00
5.830371943945729107e+00 1.844273764351342049e+00 5.014571894703817811e+00
5.933729308562012861e+00 1.754197154480972465e+00 5.175022014569059969e+00
3.393150364243365580e+00 2.563939603502197961e+00 5.632642856078150295e+00
6.446401427057663724e+00 1.296218608939454064e+00 9.076084502459288217e+00
9.117549911769792459e+00 1.494467844336307749e+00 7.146401014099565963e+00
5.542339463409322597e+00 1.718530096209346159e+00 5.447093303765046635e+00
6.055934318235484781e+00 1.514283677883416779e+00 5.706858424260087936e+00
5.589909064923716642e+00 1.647049140810150636e+00 6.338343637473665027e+00
6.266191609337314894e+00 1.474470252538902848e+00 4.404287982524923706e+00
4.065198628143745196e+01 2.890020525655219430e+01 2.057464165508870835e+01
8.102603018375585719e+00 1.331350480814844861e+00 3.455753064373191741e+00
7.186069838527428644e+00 2.114892415893190325e+00 4.885639024692203236e+00
8.926250340912348591e+00 1.555364846217287766e+00 4.958905969557340754e+00
5.343740791385407363e+00 1.829143674151515464e+00 5.955737157013840211e+00
5.308231178534940753e+00 1.575962389560161103e+00 5.812550526795936534e+00
7.757565200087032764e+00 2.632956358842522437e+00 -6.257376072805348466e-02
7.940993494682153653e+00 2.055076657271339702e+00 7.117350094988581510e+00
8.760355167320174274e+00 1.727957819831521302e+00 7.667192145004392501e+00
4.546984854097949835e+00 1.634592628340733489e+00 5.843398287899423060e+00
5.185555987300573655e+00 1.829641183551247829e+00 6.358428345076532651e+00
8.106805120616442650e+00 3.382310935738872537e-01 8.222809569945678021e+00
7.319118397888530581e+00 2.233619910275451925e+00 6.208529438182315729e+00
4.537661443425065499e+00 1.583282515357063325e+00 2.401194604652419073e+00
4.648616341520987127e+00 1.146377307880446228e+00 4.947391654134554173e+00
2.454543307260316887e+00 3.241562172919934870e+00 2.728553607311598128e+00
5.663995041414277232e+00 1.695080736983505254e+00 7.480609791255367291e+00
5.631004063844967433e+00 1.704044567053812465e+00 3.681498935763714897e+00
6.240012778979076913e+00 1.439736358465084631e+00 1.897302591356206491e+00
6.364420814096860113e+00 2.194126225373523198e+00 7.156317844400406969e+00
7.405733097071883542e+00 2.228464400227762710e+00 6.745694622823580566e+00
8.412390747284106851e+00 1.365842092195654223e+00 2.016431081869428876e+00
9.183937471940723185e+00 1.514144269948605626e+00 3.900679877612896806e+00
5.900038895004955819e+00 1.692086105765975956e+00 5.180945009390555356e+00
8.164457840015780121e+00 2.068185775024795059e-01 1.645162796873632871e+00
2.088581977858434691e+00 1.609189209200312165e+00 9.037691812810880521e+00
5.334145325325128084e+00 1.637210567188570609e+00 5.683405958208389563e+00
6.045624995910772626e+00 1.953930239049999962e+00 5.619400899968911567e+00
1.017181629455714820e+01 1.280161072098598307e+00 5.256367885919596361e+00
8.976140058069869809e+00 1.895719599527754262e+00 7.636993511907807175e+00
5.935696194049326024e+00 1.813631651877234408e+00 5.154185561175231634e+00
8.244300972851384302e+00 1.538473806297370183e+00 7.092324233731285288e-01
5.494009006123590222e-01 1.798332615522710398e+00 4.036045718760888690e+00
3.856052902221437151e+00 4.090342441246321847e+00 7.868937540625625005e+00
6.214756388809036025e+00 1.674816460992392120e+00 1.337575602016366272e+00
6.235465532451843096e+00 2.341819867319850701e+00 6.243507611006604563e+00
6.683783435595879396e+00 2.317520207143696886e+00 6.057987212496399820e+00
4.278517771075973641e+00 1.213669539062253167e+00 8.120317814832567649e+00
9.255632315981246805e+00 2.440792284370149279e+00 -1.196105760489240444e+00
7.252699055245768633e+00 2.080549458737974700e+00 5.947761956785369897e+00
7.908839468338943135e+00 2.184398933655945285e+00 7.075706910197235189e+00
7.940509723186131907e+00 2.361888346487520884e+00 6.918456582363786467e+00
8.920461670613148542e+00 1.935104577351049571e+00 7.139405897472290263e+00
5.013321617610967174e+00 1.984326469409486204e+00 6.525909433314865282e+00
5.335695707309766611e+00 2.389502539322123198e+00 3.057283074372786569e+00
6.806780709353850156e+00 -3.166688896471890891e-01 -8.730251139507883007e-01
5.800889828764383971e+00 1.915677572017455255e+00 6.529118845648383740e+00
6.098848711992376437e+00 2.217574105138043095e+00 7.290418160598422403e+00
6.148798382249184513e+00 2.258522927712479422e+00 6.607562741289488173e+00
6.305802000309061128e+00 2.219816711094137140e+00 7.196706114105277052e+00
7.362901459146612204e+00 2.604376640261610198e+00 7.498473685164547931e+00
7.767962289927069719e+00 2.845824919842336431e+00 7.142729346053993567e+00
8.745753725619936247e+00 1.911791763800819943e+00 4.669079894675781439e+00
5.312593915889387119e+00 2.051689630159818201e+00 4.572614482091825749e+00
5.323508623807352791e+00 2.317623885787219340e+00 3.145079801604443226e+00
5.931007277419140244e+00 2.171294522178938813e+00 5.734189162082299340e+00
6.167703047520316062e+00 2.111314337692935972e+00 3.154749600466369763e+00
8.012762422637321080e+00 1.816079478246175771e+00 1.457432092818437441e+00
5.304952170133505618e+00 1.989679880983423299e+00 5.706792798723823168e+00
5.229209886143876496e+00 2.457244044829118401e+00 3.431202649292001361e+00
5.972179787367103643e+00 2.183228270222194567e+00 5.488860134877375785e+00
7.537112022529518285e+00 2.064356432685885867e+00 5.866498568756512988e+00
7.781940104820989745e+00 2.524644494491922408e+00 5.914661567014498189e+00
1.279534350461189796e+00 2.230891903213713334e+00 5.118748079484543467e+00
5.249145837172040530e+00 2.102785980364479723e+00 6.303743315924105417e+00
5.241556608328245659e+00 2.139386654368788054e+00 3.144795137678565666e+00
5.472377571452669009e+00 1.880913795967447122e+00 4.151622138727115718e+00
4.866768036997642710e+00 2.477942766692663668e+00 4.906433996610826576e+00
5.131771878892723571e+00 6.062904842036105357e+00 1.134609882050645613e+00
8.907942592715530239e+00 1.064960728263843137e+01 -7.129830233785641624e+00
6.432906550444560168e+00 2.583431911197554776e+00 6.334691158556896795e+00
8.620375147469111710e+00 2.454476937768604206e+00 5.532568267007453855e+00
1.769929103676886939e+01 6.968136125154835270e+00 -1.597127453197084890e+01
7.483868556138137951e-01 -2.777526289612033406e+00 3.294988168671117279e+01
6.077079555132622879e+00 -2.239731504016691410e+00 5.026877423341412410e+00
1.932490223450858302e+00 -6.241417763442269617e+00 1.501133281197837555e+01
1.645823534050605019e+01 1.677197878852095414e+01 -1.541428276287523147e+01
8.805253950995378887e+00 2.398504538617174831e+00 7.795276323558825382e+00
8.945452775343028406e+00 2.311729818064369724e+00 5.271855334641670332e+00
4.699585266083180279e+00 2.613802229877978611e+00 5.712864781445369466e+00
1.411561508207459248e+01 -5.621023549501608763e+00 7.076344045724885845e+00
-3.764013850872216516e+00 1.009520681079410664e+01 -1.497862974095674593e+00
5.804977396529237055e+00 2.332958034219180021e+00 4.795800095390953643e+00
9.075454581069577031e+00 1.612538719473924687e+00 7.883675122536512703e+00
7.240951205804192270e+00 2.250658055323259354e+00 3.793133585768481808e+00
7.474136553464024502e+00 2.911263188746508135e+00 6.777507790196175108e+00
7.575103206634377528e+00 3.632147734273437845e+00 7.239096096127545010e+00
1.885084213489120586e+00 2.669807616214567414e+00 6.431435289451947313e+00
5.143621634464194514e+00 2.270528903426897838e+00 3.041991236907818585e+00
5.063520902636558851e+00 2.311125183131604643e+00 4.795002875807448106e+00
6.225768637635486158e+00 2.408473426299901909e+00 2.185260520826059594e+00
4.205433938626589097e+00 -4.087424555988216746e+00 6.190431690668593667e+00
1.605495738057145516e+00 -1.239319702839802773e+01 2.191557809405698976e+01
6.926885319486106862e-01 2.440848938111312982e+00 5.434882018733421027e+00
1.074782855501180245e+00 2.451822451375846423e+00 4.836331928546886871e+00
5.609564206113916818e+00 2.356185400538763020e+00 8.043639016472189374e-01
4.083104500497093170e+00 4.032761114399590952e+00 5.444097458958674807e+00
7.609104102708554862e+00 2.755819908464973267e+00 5.334367474044912072e+00
1.665907994089807165e+00 2.603560841137183335e+00 4.961839046421845367e+00
7.340500708472102787e+00 2.691790975878117997e+00 5.542270563256097127e+00
1.103847612089768759e+01 9.514862329968703847e+00 5.581940274560080795e+00
-6.245234023789658639e-01 -1.234566175386298648e+00 -1.798376740952343011e+00
5.490329811110544078e+00 2.720302288449173211e+00 7.266796304497582071e+00
5.613496335840210349e+00 2.682873165950916849e+00 5.767115625601653583e+00
5.241753135969638322e+00 2.126915344594130897e+00 3.087650236056792341e+00
5.598191638145632254e+00 2.680115898617379866e+00 5.748809451847504803e+00
6.747974935169047228e+00 3.205615686444757806e+00 7.261320967477628230e+00
6.454855114337185285e+00 2.814618932285449571e+00 6.198226354259215753e+00
7.541273616126394685e+00 3.815305544499768775e+00 7.375260683380004956e+00
7.552618185918689164e+00 2.726839105152322418e+00 5.402521726871407637e+00
7.369886947559921353e+00 4.765255524423398725e+00 8.011061100287488301e+00
8.483398617500146344e+00 2.703948622200547547e+00 4.969665468420389587e+00
8.536862683804743668e+00 2.744593132869337815e+00 5.558570446405628473e+00
7.583976949554993574e-01 2.768008354967792517e+00 6.697599233546689845e+00
5.836737647343436919e+00 7.023164090940565707e-01 4.301389532711651142e+00
6.782521498040203767e+00 2.668813307044858973e+00 1.665264711022898858e+00
7.767861386486819342e+00 2.761595388555713182e+00 5.823925301211717809e+00
-1.823949442711212843e+00 3.925960958209212759e+00 1.975772921463953224e+00
2.409575554322007207e+00 3.406387555382202059e+00 5.704211001682307547e+00
1.951169647040488897e+00 2.638695081067762960e+00 2.420018745216653500e+00
4.202503984067021747e+00 2.720275654145090982e+00 2.966342105050424394e+00
4.697865852859324676e+00 2.679379032795618620e+00 5.721717122143657797e+00
6.093932976775915833e+00 2.629989173746066555e+00 2.372883192634409166e+00
3.482929458878153639e+00 1.569010313791075806e+00 6.034382732263179783e+00
4.437020021540346804e+00 6.423576540549762903e+00 6.833120666176148106e+00
1.466984826267107467e+00 2.473950131111311457e+00 7.247006430089813378e+00
2.772977441411820010e+00 2.847984069383490358e+00 4.000586682163230989e+00
4.260454658798192185e+00 2.837311741269514798e+00 3.188571654831705793e+00
5.205672690701292460e+00 2.892546696979518384e+00 5.974145108468656318e+00
7.268783868049290220e+00 3.744987169145469696e+00 7.087535670823025491e+00
7.066574433435541813e+00 3.728415257469958277e+00 7.005301688541162086e+00
8.027245698147877917e+00 2.108774849325182110e+00 7.315056617671535477e+00
5.251488831857827222e+00 2.917811302630386905e+00 5.827893592894769270e+00
6.171438119138281664e+00 2.988099254725412379e+00 6.072606713027948189e+00
6.993133250823401426e+00 3.657684037232280971e+00 7.073561190974552382e+00
7.509503691692874128e+00 4.114725657373884182e+00 7.393598319325706214e+00
7.437004609433456537e+00 3.748205086970644473e+00 7.379404396417053036e+00
5.847632857290966157e+00 2.992814836560645730e+00 4.920923955536777861e+00
2.187699910494035116e+00 9.622116475352553433e-01 3.077304984444454217e+00
6.530795411027403574e+00 5.047462317339837412e+00 6.125643312253989947e+00
7.104686207534594899e+00 3.723143273070313342e+00 7.090883135191322850e+00
6.744648216768704074e+00 2.911267256793756530e+00 1.343173436738013482e+00
6.997159544581418977e+00 3.972655482277220873e+00 7.373850096067727122e+00
7.250506018585644696e+00 4.005693479215450381e+00 7.376288708662453786e+00
1.257570923944517638e+00 2.887143154966845593e+00 3.847354770991169293e-01
9.774787339781040529e+00 4.817628453954626799e+00 2.612980104387037983e+00
7.342470660309366792e+00 3.733232914492339738e+00 7.092600924391202710e+00
7.260612275496031387e+00 3.954523672089770070e+00 7.215900580431210187e+00
7.429460136531682579e+00 3.698508530611998690e+00 7.322877509565307363e+00
8.610524415718545654e+00 3.184811709739840957e+00 5.477200215521559556e+00
8.406713204988041088e-01 2.961818647637810997e+00 4.826020532889033987e+00
1.810575571320889310e+00 3.241292149796138666e+00 6.655451592607801281e+00
3.899540657649453568e+00 3.066423750329538400e+00 4.062147914652905811e+00
5.465707206817691066e+00 3.069761491046433033e+00 5.275849716135505574e+00
7.177801853492042028e+00 2.416752209693394438e+00 3.627791154494573789e+00
7.356866015807828063e+00 4.169269093549488048e+00 7.574087898727587032e+00
7.304248285502405125e+00 4.229446842955244534e+00 7.592922135711780207e+00
-3.493199914600131351e+00 6.359149927107091038e+00 6.070868420702212553e+00
3.791952408504557503e+00 3.250895373933945010e+00 6.546467540904863824e+00
4.944567186677049975e+00 3.135689304334367655e+00 5.974968593994409716e+00
4.161743260278723433e+00 3.686328476166536028e+00 1.854539258635013788e+00
5.454323310355254861e+00 3.783109008742984170e+00 4.255589739403937699e+00
7.816818077580796498e+00 1.471863370728407450e+00 5.623564061725584651e+00
8.805984459291298805e+00 5.037632114650111070e+00 4.986729724829999100e+00
1.640435806791873841e+00 3.171057472287756696e+00 6.502614975403681719e+00
4.638595543903862861e+00 3.180906289239473939e+00 5.999589645272905614e+00
4.886139510083681969e+00 3.257599539759859386e+00 3.435661831005301980e+00
5.880835854389967032e+00 3.482260993300234198e+00 6.206486946074559086e+00
6.646911033865871232e+00 3.310112301792652811e+00 6.110505912324729394e+00
7.347866284495671252e+00 3.903604282297689743e+00 7.132543276907028940e+00
7.444360742133640407e+00 4.237261515998517858e+00 7.531918770351930803e+00
7.209462824458363173e+00 3.711823812942288914e+00 7.104562402294196666e+00
9.059957868207007436e+00 2.617134408906314214e+00 7.144843787815529979e+00
7.245806086992025996e+00 3.929947441824126031e+00 7.466852485661908290e+00
7.405100643316512077e+00 3.779681025452229282e+00 7.338759840881635910e+00
8.434394730560761388e+00 3.233576198291021608e+00 1.031424748469048858e+00
8.350517882082921783e-01 3.215919144241914829e+00 6.794539318155544905e+00
3.956194471189377726e+00 3.281577710986039342e+00 4.736195707648157338e+00
7.100985632691886984e+00 3.641354015599359784e+00 3.848362108525396952e+00
1.910634033547434996e+00 2.531650153266298275e+00 2.735501846543841875e+00
5.388418795417208251e+00 3.347421481372077068e+00 4.778790028007417590e+00
8.327365198814725034e+00 4.046293671821249660e+00 6.621942637584983693e+00
7.733038037890104022e+00 3.911829011914931264e+00 7.854351129477569415e+00
7.968742360637303790e+00 3.786953228501981350e+00 7.703971732048765730e+00
8.857120504131140493e+00 3.203061795376227927e+00 4.283051157539633280e+00
1.706145702629321192e+01 7.446325750336997729e+00 -6.060703022441360055e+00
9.802631207401297786e-01 -1.118342605266373857e+00 1.670165099763399041e+01
8.991841435847734987e-01 3.311773970923417743e+00 6.912245370129005195e+00
2.008975074132686611e+00 3.355228716355493468e+00 6.284600243180095802e+00
2.886113540650143250e+00 3.411336395080636130e+00 6.322057344573630999e+00
5.175407230305195228e+00 3.507628528772745558e+00 4.446887527006109231e+00
7.321544444382857897e+00 3.939509692958435227e+00 7.209763561025197554e+00
7.561998572561926757e+00 4.132163539097185811e+00 7.484548225877620808e+00
7.438795292567551343e+00 4.176168228659829396e+00 7.741255882860228255e+00
7.373621276072370279e+00 4.168067762548096411e+00 7.585050371987460238e+00
7.448538029142531158e+00 3.441973026019204518e+00 7.801678330437997744e+00
6.851834772492470194e+00 3.603951668622511484e+00 7.679514924451029678e+00
8.235355683727725307e+00 3.585956793289318156e+00 7.644354275080216254e+00
7.065563445401276788e+00 4.751690531343718549e-01 4.066817863166777514e+00
5.407311780060352291e+00 3.349262441606945195e+00 1.711096711736552756e+00
5.884793774197381921e+00 3.488290157648055612e+00 6.200971701424020210e+00
8.409266768875726328e+00 3.183618350991264112e+00 5.470937773635130341e+00
6.461228383793683250e+00 3.515090302844120718e+00 3.082282357134775719e+00
7.454809218868161835e+00 3.857150321295093498e+00 7.197011936454462244e+00
7.543510010691248269e+00 4.308444755904630163e+00 7.849333533152103470e+00
7.533327020282857944e+00 3.607549563858993391e+00 6.767700939884912614e+00
7.285943067013895380e+00 3.875682250573659893e+00 7.414073140778370430e+00
7.240917181479796128e+00 3.913678602401107653e+00 7.427540885482806665e+00
7.285135147333939187e+00 4.268132490495963438e+00 7.683144364580572372e+00
7.366305263083241073e+00 3.594643968828331371e+00 6.913884610095367478e+00
-7.060680975524528336e+00 1.268708461135370236e+01 -3.713799552983894614e+01
5.164188797974395229e+00 3.606533613428183571e+00 4.260877392250845830e+00
7.473689660715837846e+00 4.039618728110468737e+00 7.584833913437561748e+00
7.694892142695712423e+00 3.866552337664213024e+00 7.382642903790022970e+00
7.293523073365060228e+00 3.652409218110405753e+00 6.714688292442922091e+00
7.305967778572751925e+00 3.903822833118298252e+00 7.158553547306246045e+00
1.004858652038149458e+01 2.424879186968799338e+00 -7.380369693778245921e-01
8.633884446550219138e+00 3.463800463831521181e+00 5.238540341832938374e+00
8.199906799012010694e+00 3.725984483293781402e+00 7.812625467062680684e+00
5.384956749293525746e+00 4.827142069836196647e+00 8.726737672416524205e+00
6.380740243952131685e+00 3.597590495420606160e+00 7.499923390351589170e+00
8.423012927553264362e+00 6.571645671850288473e+00 3.794755971192720345e+00
7.241936188798787200e+00 4.234728706502021822e+00 7.765029706331180392e+00
7.706580263616505277e+00 3.938884527880236242e+00 5.575748911594509138e+00
6.397800321768407628e+00 4.262188736872730033e+00 1.143672992701335644e+01
7.917754400568760786e+00 3.723155041816365696e+00 7.772051425606555597e+00
8.482224633469240160e+00 3.598006520614832837e+00 6.311444593486053023e+00
1.792638820253509291e+00 3.409565549669427043e+00 5.067064830653118968e+00
1.062453609343076266e+01 -5.602728913286298074e+00 4.584520951340593342e+01
2.732437405784858608e+00 3.658466417234381485e+00 5.223276395882899159e+00
5.227744186557053752e+00 3.585827425475181407e+00 2.901251056083173907e+00
3.018904495043855718e+00 -1.099476812900928913e+00 3.438495264630648141e+00
7.122864564656836706e+00 4.247585168746331519e+00 7.579899989464896848e+00
1.210713072323504491e+01 2.281676567124017563e+00 5.992487018126318787e+00
4.518322988934423634e+00 -1.062164032028528826e+00 8.559505790582961904e-01
1.348790257398092551e+00 3.653169953360921873e+00 2.383295461061507137e+00
2.185512484251950660e+00 3.670208785178314503e+00 5.735283477539553587e+00
2.341962629233988125e+00 3.683174217976665332e+00 5.800396208844802004e+00
4.911230730577252679e+00 3.805653839584426379e+00 4.733774379207217109e+00
5.776318749845459344e+00 3.833832368239697530e+00 6.157176112346432362e+00
5.622797645048049908e+00 3.962652484232691563e+00 5.095612110418108465e+00
7.199420917235244133e+00 3.663549370497177549e+00 7.135981893878053484e+00
4.495164868553611193e+00 8.120657293832072021e-01 2.684668894494606661e+00
1.093404642749094435e+01 1.222996888226481005e+01 6.907581366266375866e+00
7.152522229933776288e+00 3.526134947539130149e+00 7.265947311101007777e+00
7.705952508277354340e+00 4.104725253146140673e+00 7.341425011791102406e+00
7.644193716112944514e+00 3.947912759060884014e+00 7.404465227372025282e+00
7.465698616755723549e+00 4.001308381341376119e+00 7.664454329281745970e+00
6.047109023781520598e+00 3.982577195425758276e+00 6.546175153351867948e+00
5.668934001713600956e+00 3.744936919609829662e+00 3.748341437997170900e+00
6.889759159248690423e+00 4.124526463348354710e+00 6.932733998051821445e+00
7.622692850679149146e+00 3.705146473988713218e+00 5.828740183703331468e+00
-2.417489405666892299e+00 8.514993021521224392e+00 9.498085118881382627e+00
9.162192475651771417e-01 3.776526799379540833e+00 3.835857306026838831e+00
2.446476194412813943e+00 3.893416356869673578e+00 6.536051190054516624e+00
4.983455031851696582e+00 3.820251207214968581e+00 4.522840516554445855e+00
5.240968261807979367e+00 3.583731745421949277e+00 2.919250506124836164e+00
8.617634095864390886e+00 4.215110566301538242e+00 2.710612494868684053e+00
8.424556967510635985e+00 8.711783788691171537e+00 4.937896027871913063e+00
2.962220817675047968e+00 -4.574808857510991089e+00 6.939864253851879994e+00
7.340995340439124384e+00 4.484279028812441226e+00 8.009132256175643505e+00
7.005503569229277083e+00 4.300693929314191699e+00 1.336303026990990572e+00
7.349730870420890128e+00 4.137480532272368450e+00 1.881050565766372529e+00
7.224474092604936004e+00 3.653912030421141210e+00 7.509593667118203975e+00
7.885005424935442875e+00 5.466843657061857265e+00 3.624777300809549629e+00
8.587603693160753338e+00 3.478495064631937694e+00 5.347384954034564153e+00
1.502825689993374292e+00 3.852084053143109976e+00 6.670044252849466559e+00
3.232767629011546795e+00 -1.661410243509864992e+00 2.666704393336936540e+00
7.420153203605572401e+00 3.575223590686532837e+00 7.022975238583165414e+00
4.343537452868003967e+00 8.748387074249990292e+00 5.847569644147775136e+00
7.028806931683810433e+00 2.170163438934121558e+00 1.051917276671648693e+01
4.879921901437172416e+00 6.355460763130334811e+00 5.672173969735522903e+00
7.195545163940234801e+00 4.101443836492569162e+00 7.690628466382063877e+00
-2.051548682897932629e-01 9.589183995462459364e+00 1.106347415091154396e+01
2.195765496735720301e+00 3.922136666350419354e+00 2.852527379550013453e+00
2.102727501422187117e+00 3.691879740875942062e+00 5.219340510287326040e+00
4.453377563815664075e+00 5.335968272912765542e+00 7.829630574736974324e+00
5.802746062970596697e+00 4.125280862791061764e+00 5.071213584565057886e+00
6.316910498923141049e+00 4.047484299869704039e+00 6.823278425967113314e+00
1.006251649077036703e+01 -7.245330293626160989e-01 9.986893382337123981e+00
7.328611015838967013e+00 4.037957268537891942e+00 7.576414611320668513e+00
6.901973051615499344e+00 3.655277639009249846e+00 7.324515615337000796e+00
7.229139103294949464e+00 4.082920545824283209e+00 7.407292407136669254e+00
1.200972218695798066e+00 4.067485149547973577e+00 7.202446620476307793e+00
4.636505962802741188e+00 4.192450415847017275e+00 6.047313647404543246e+00
6.526025450274818951e+00 3.131082980044897823e+00 3.424210638337338963e+00
7.361618875359573266e+00 4.165600364327265659e+00 7.279391211919303828e+00
7.074540353176482554e+00 4.704770749812552388e+00 7.670265896132772099e+00
1.055352758287393655e+01 2.066233672615838124e+00 1.180791320273189449e+01
7.428696284825273111e+00 4.038012796363217305e+00 7.502960957740146597e+00
5.612843794972329547e+00 4.207058272768186669e+00 1.753504906739254299e+00
1.006776046567976302e+01 8.467849276873682385e+00 7.093406811204742368e+00
7.080809160140671743e+00 4.399439126721738091e+00 1.117479448306251122e+00
6.885702774782448188e+00 4.550075639799335825e+00 1.072473283687928536e+01
7.653916348374695033e+00 4.031883880649607121e+00 5.213409274667142768e+00
7.285297620618386816e+00 4.469060290395623802e+00 2.587209751973636340e+00
7.297031893175413231e+00 4.048405500248603239e+00 7.446897004154621413e+00
7.878502557045143462e+00 4.416318103239537329e+00 8.210127582513919720e-01
7.357215518306897906e+00 4.075351565194507586e+00 7.702973000213447108e+00
7.324174003329050109e+00 4.183743428656232055e+00 7.708092075702191792e+00
7.762528002275878691e+00 4.288496345395280684e+00 7.924515085471039555e+00
3.513209781843409818e+00 4.521649557084932880e+00 7.700705232335870676e+00
5.122896156409439961e+00 4.006149062093268931e+00 3.761523870252169832e+00
5.509354296649121352e+00 4.263914527232959273e+00 5.776613859906385429e+00
4.845597812497476120e+00 4.608437162411290089e+00 3.940382277215325857e+00
5.931724514717797270e+00 4.224107859574306900e+00 4.954931162268197298e+00
7.809503163136348292e+00 3.076293412012099715e+00 8.109784045430236787e+00
6.575796785683788670e+00 5.550745300265376159e+00 6.034516602737627800e+00
7.017595588814796059e+00 4.426378159437907023e+00 1.354571718426271110e+00
6.301751297996266210e+00 3.805857886327840944e+00 1.170891865947183774e+01
1.241810672702931129e+01 3.245316246847261610e+00 9.490626417648337920e+00
8.044138569069200884e+00 4.215319532266833313e+00 8.523512566103160992e+00
8.146307491586693317e+00 4.264974303796354782e+00 8.599606781158724900e+00
7.866916923356249924e+00 4.180455837577699896e+00 8.079967797930628137e+00
6.709846598529897399e+00 3.782803142211381697e+00 6.834037063973108062e+00
6.496267392954848674e+00 4.184547327973120012e+00 3.620955751782056087e+00
8.176503689082018411e+00 4.869698419710090320e+00 4.878487983144157880e+00
4.546834202507621825e+00 -6.123188347174184781e-02 8.155056124814265672e+00
7.130073378445379362e+00 4.480731829304132496e+00 2.563184779283197212e+00
7.728626460709167034e+00 4.006383335803319845e+00 7.861681994976265742e+00
5.005675236297426167e+00 4.108923080779691261e+00 4.642440429814884695e+00
5.177842113461192497e+00 4.403626123873322307e+00 5.756259665909595036e+00
5.516125573153599859e+00 4.285992650969360440e+00 4.846002197116879628e+00
5.327139604479137702e+00 3.904826666424371595e+00 4.024425511316168880e+00
6.762181501563934383e+00 4.474389077416917715e+00 7.670886143868942852e+00
7.455769076870488732e+00 3.969301561624325458e+00 7.222112080522059330e+00
7.297297085570328079e+00 4.345551054265667013e+00 2.432983368549528791e+00
7.065767450780255032e+00 3.848692055786540500e+00 7.622229873842430337e+00
1.028670042461359291e+00 4.452716904751428117e+00 8.002581641891509889e+00
1.621298133284550858e+00 4.361972611079598217e+00 7.223137031502119498e+00
4.355888516439147651e+00 6.058935457972389749e+00 9.461230090653664604e+00
5.992859415697630254e+00 4.619760769470526718e+00 6.316713983032781421e+00
3.130384344337166169e+00 6.236951359807783923e+00 8.018923709240315389e+00
9.525639442338565743e+00 2.902821463455990347e+00 6.022543554064884397e+00
2.660740169911495201e+00 4.761147575111703389e+00 5.236746845865434707e+00
9.841290730031710510e+00 4.504470451840520973e+00 -1.353923098352968424e+00
2.816672627470612866e+00 6.906585589286083682e+00 1.307337397155706782e+01
7.559636982074904310e+00 4.146124452653637604e+00 8.034730707267650374e+00
6.962363376730477782e+00 1.271679877591141761e+01 6.511019648019011896e+00
5.230056213736285819e+00 4.534442501927631319e+00 1.428262526915341724e+00
8.193297900375391407e+00 3.475764723703902881e+00 5.414410566098579736e+00
6.629161585287915770e+00 4.567332946578597230e+00 7.088083903181523482e+00
5.911434865954224627e+00 4.342028160759490163e+00 4.783027905072608554e+00
6.849337311741087397e+00 4.347945586635903581e+00 7.097048620970303645e+00
7.182812927509750978e+00 4.317007038432204347e+00 7.623610869807675883e+00
6.239922407961987716e+00 4.590599840010530563e+00 3.182294103827219445e+00
1.369479347456278617e+01 1.916443807683911427e+00 2.200998874762267743e-01
8.258723814500045890e+00 3.568071427713896071e+00 7.208836728931187210e+00
8.512463129201242040e+00 4.336795608926466095e+00 7.234278259110867637e+00
1.581724617699366675e+00 4.661053596249073117e+00 5.213514263093552259e+00
7.396603034922562436e+00 3.958626523851084045e+00 7.606066185703109994e+00
6.384225238775982803e+00 1.664654579688617186e+00 1.683745970998758423e+01
7.569303542489725700e+00 4.653109406622234268e+00 1.725014157451626229e+00
8.027089741829879443e+00 4.368011840514018473e+00 8.439313772001023395e+00
-1.469512243457532730e+00 -3.420921209092370852e+00 7.460582067011796603e+00
4.320418891192340460e+00 4.429747831024472227e+00 4.210731138251551542e+00
4.638361050292211019e+00 4.680122700535600977e+00 6.257696847326938538e+00
7.216227066269203405e+00 4.148266219058238669e+00 7.348443510304997872e+00
7.459000636117297134e+00 4.451789216389284043e+00 2.639035260991575260e+00
8.245125905592473714e+00 4.437181045121806555e+00 6.939669565032103193e+00
3.340627219310861484e+00 4.874471765386166666e+00 7.746000813333481005e+00
6.585642671397257786e+00 5.027992610711630839e+00 8.295506200689093390e+00
7.454892441841754369e+00 4.762406478105958740e+00 8.000277407473358693e+00
7.212582840705165310e+00 4.352998763907308444e+00 7.650793300281925724e+00
7.284907435751794225e+00 4.645719816332537278e+00 3.358324248847042615e+00
8.097813621884082380e+00 7.023431857541937440e+00 1.144309882264169520e-01
7.540875238735122110e+00 4.419506813889209518e+00 5.773825056043778048e+00
8.650893504203423845e+00 4.730124818703587586e+00 9.266326363359908003e-01
8.229978525431175029e+00 5.282172929916310267e+00 6.490885541421739013e+00
8.306094511867769370e+00 4.354771857755124209e+00 7.505063428336571363e+00
5.996937160720072768e+00 4.659806562997646395e+00 6.360625205321606579e+00
7.139598432849800780e+00 4.750951373441818504e+00 7.736809739203224012e+00
6.966611999150464030e+00 5.118959242565044754e+00 1.451695135226788391e+00
7.101909929753991157e+00 5.076530386252311899e+00 1.513278575608208332e+00
6.899955241563098696e+00 4.686058003211720724e+00 6.858175024932363861e+00
7.431904676467755877e+00 4.147587111838071827e+00 7.788262778065627501e+00
7.437525099555708508e+00 4.810201008912081910e+00 4.377610049156125172e+00
7.454803113589360208e+00 3.858712127822009563e+00 7.584024848648498462e+00
7.400652401719270301e+00 3.932729352043530469e+00 7.696747162118351859e+00
2.645974198637245589e+00 4.984567857305084893e+00 7.950346207256744790e+00
5.682958492823734886e+00 4.784431329815027389e+00 5.437221321405846908e+00
5.645952970736137999e+00 6.589132481022898169e+00 6.027761032368475824e+00
6.622402044731211745e+00 5.072312489356517240e+00 8.540540295565694606e+00
7.764700799016318378e+00 4.267961603464325293e+00 7.216568385835428145e+00
5.536555945074128182e+00 4.473993526655831054e+00 3.269274471423524897e+00
7.043780925055057374e+00 4.328575241402528029e+00 7.725071624838420803e+00
6.911773239838772120e+00 4.459422344852136177e+00 7.767937338092677280e+00
7.459586877548916917e+00 3.856741996841904552e+00 7.569045259808671489e+00
8.349717480373580969e+00 5.070451138267134894e+00 7.393512618179515883e+00
6.900105944982344752e+00 5.251596170004289021e+00 1.227128030786801993e+00
7.025838084557816998e+00 4.662505019905957226e+00 7.555654546654688275e+00
7.832169143808057399e+00 3.776518544361561425e+00 6.258268129410923919e+00
2.033724556462127353e+00 4.866821426341713774e+00 4.258552030184685755e+00
3.116106236586160705e+00 5.168873709506008218e+00 8.504997085073345175e+00
5.148834683512119703e+00 4.823019727294881598e+00 5.667366221308567376e+00
5.664901282161897811e+00 5.072486250386113227e+00 8.620694255165191056e-01
6.384084053506365208e+00 4.968081465941157404e+00 7.376035328113681011e+00
6.928440736219904084e-01 5.280911658840651057e+00 5.837792731012610759e+00
3.060928583855337060e+00 5.171260834478957236e+00 7.090370204663166476e+00
5.556051902746419024e+00 5.041178442263401394e+00 5.939001871155494605e+00
5.761938862246243076e+00 4.965627502234501556e+00 5.996324784773139349e+00
5.557964202687514010e+00 4.849340922402797460e+00 4.080929085181595362e+00
6.499359540741624919e+00 5.015936318450793685e+00 6.880070439148733286e+00
6.779440884901815068e+00 4.789173270540024063e+00 7.167272905792497539e+00
7.098707170231495667e+00 4.547973066459682911e+00 7.748102055025234414e+00
6.644506144305269757e+00 4.738377437084539956e+00 8.326390784989003535e+00
9.629531310174581193e+00 1.372570882023013361e+00 -1.465318322267370466e-01
6.863038797992973450e+00 4.824461200009594108e+00 6.777310223976790837e+00
5.214110995245062163e+00 5.550217159345874229e+00 8.633512007329748883e+00
5.802216675790188738e+00 3.256616984268041470e+00 5.050556677333586819e+00
6.141929772315952718e+00 5.330285804646011982e+00 8.696213137705436580e+00
8.177867633235642586e+00 5.623678432662450710e+00 8.926002283477474375e-01
6.378887528771031157e+00 5.098816227657868794e+00 7.996232334426826682e+00
7.265195824240631595e+00 5.229271954734201699e+00 5.067609485700955929e+00
7.254483010658049125e+00 5.395965557725391548e+00 9.645545695142506704e-01
7.307324671530896154e+00 4.536831699888177916e+00 7.602227493707685468e+00
5.531778057146061300e+00 4.997398819239167622e+00 5.466000287208879982e+00
1.391829786519218715e+01 -9.550455396092415228e+00 -9.084458200907814529e+00
-7.663898898802410375e-01 1.994068117051586952e+01 2.383299302159484512e+01
6.987214962979855670e+00 4.416261200910769347e+00 7.121613197549971019e+00
7.103844779308944979e+00 4.539789096172016869e+00 7.804340513352609143e+00
6.946395628820307699e+00 4.701908348668995430e+00 6.727464122951774428e+00
-1.257557280544588707e+01 1.226001801025905280e+01 -1.024580417802592569e+00
7.077577651482452659e+00 4.218401879511891828e+00 7.760958854083792602e+00
5.228044258910540698e+00 9.157238559343070960e+00 2.214493722594411906e+00
5.510909382239543852e+00 5.842292109034273651e+00 7.958332828514069313e+00
5.532867749796201551e+00 6.083595478089065978e+00 8.036050366081321172e+00
5.925244940599071697e+00 5.232799484466086781e+00 4.745809667065840287e+00
7.214896258005220275e+00 4.233034727283281562e+00 7.848157068014165461e+00
5.335965734400246241e+00 5.656742764002163248e+00 8.896123904358020695e+00
5.545302425943935631e+00 5.054282149008486158e+00 5.965028291404053995e+00
6.520882843961359754e+00 5.249711586458220225e+00 7.029820950707614813e+00
6.899063813271157031e+00 4.299775041026009603e+00 9.039354434233445090e+00
7.294500022702594677e+00 5.531903232130483516e+00 1.186209287397773426e+00
2.681033143644841488e+01 -1.610016715079953364e+00 3.930498403649114181e+00
7.274647345681920285e+00 5.501729662773463758e+00 7.747256886265279086e+00
6.950751898831867059e+00 4.850627186026683191e+00 6.810104542810773154e+00
7.309544695575327822e+00 4.588751981845401673e+00 7.641264957327006613e+00
7.561167962569772527e+00 4.792931868514923366e+00 7.323114294671318802e+00
8.130853762254648842e+00 4.927201193279436175e+00 8.564422578813429610e+00
1.368248974438008192e+00 5.320247200416607924e+00 5.780703270232397273e+00
3.186283537709335256e+00 5.370383642280460279e+00 7.175531423156390254e+00
5.383521908112370191e+00 6.249045441938684498e+00 7.942410529111393558e+00
5.776494372042749958e+00 5.258030894252506471e+00 4.692576187577516933e+00
6.398423338880946609e+00 4.071517755509301395e+00 6.958847750904390672e+00
7.017644338898255896e+00 5.401481304827634666e+00 1.202997492961229042e+00
7.176209912076380704e+00 5.256019502473283644e+00 1.094438114883063085e+00
1.440803843940267726e+00 5.521510990188152945e+00 6.583287075216505357e+00
5.392980419827892113e+00 5.354020678950953460e+00 3.381410341503617190e+00
5.340239159644012190e+00 5.970506770406498021e+00 8.293346647829441309e+00
5.643094971393507464e+00 5.647981409557504051e+00 7.911089216582571026e+00
5.910414811393074785e+01 -3.515132767505832589e+01 5.099179974432705365e+01
6.903867821990822051e+00 6.016204022137198848e+00 9.923495078724014817e+00
6.877854169431135034e+00 5.377512727696527328e+00 1.349132557826832279e+00
6.994658795984770805e+00 5.249950219735643131e+00 1.348153180538723461e+00
7.278306176080416634e+00 4.433206256790346522e+00 7.638588434627443746e+00
3.943991996095686847e+00 5.696777585074825900e+00 7.807804482644758792e+00
4.371244283378463713e+00 5.547014853406604828e+00 6.314664816201878139e+00
6.341340274510018915e+00 5.574010165079013035e+00 7.133314222774471247e+00
-4.557601112025574253e+01 4.671893866969897147e+01 -4.906222821703582326e+01
6.866606994204859760e+00 4.864728418266421883e+00 7.657295511785784825e+00
7.812135051257197205e+00 6.492114932474163602e+00 4.426922077291882474e+00
7.297172594974073334e+00 5.321058848868148061e+00 1.123265579990042617e+00
7.147789073887096833e+00 5.734074645881701571e+00 5.309124536834398000e+00
-2.245383598537037173e+00 1.402333631808568448e+01 7.177029338106445167e+00
6.195929711101660686e+00 4.576329992683587200e+00 6.805430244881970125e+00
2.846504423601034617e+00 5.603754533307215624e+00 7.265886072613835012e+00
5.534581860334476744e+00 5.116392275640656351e+00 7.598475355639402906e+00
6.149043563205530027e+00 5.766175960267279521e+00 5.852158212235904600e+00
6.315754927643872030e+00 5.708219069368587029e+00 5.805576770567274281e+00
6.450884347577123812e+00 5.800926738236505287e+00 5.457458882240731057e+00
8.637091484347319437e+00 5.686330920516283527e+00 1.008274534373640563e+00
1.302568488492364196e+01 -2.167108630718735718e+00 9.920606184255513327e+00
6.208932343615064298e+00 5.987724975910401426e+00 1.087172235999610770e+00
6.441137777621990246e+00 5.490643158365779541e+00 7.141082595051632786e+00
6.732819967879113854e+00 5.773674185576822104e+00 1.259188711395372362e+00
6.802473224260459972e+00 6.985883163875517887e+00 9.496499525109123319e-01
9.331317333517404222e+00 8.467503753020881874e+00 -4.732908586614392732e-02
7.054241208086381221e+00 6.012304797829813197e+00 4.951037248183570938e+00
7.631024381147481606e+00 4.839337610386557742e+00 7.738246246463474698e+00
7.334470145804159458e+00 5.084659422367368897e+00 7.350423578824495152e+00
1.018694852937758633e+00 5.821652533567375443e+00 6.633281588367209380e+00
3.336665705620979416e+00 6.012916614793375913e+00 8.824401922295299627e+00
5.520474121883574448e+00 5.969248252993404336e+00 8.082691877342909947e+00
6.351040265314122024e+00 6.869785453859116764e+00 9.145012387774055895e+00
3.989900517883853581e+00 2.912949091927615974e+00 2.327487373418211103e+00
7.235505528471607661e+00 5.987575870958919744e+00 4.917843698817206288e+00
7.345216241519890055e+00 7.586879802543950113e+00 6.000152532402577066e+00
6.226355431917682814e+00 6.152232491611126619e+00 4.812146109706857189e+00
7.627776826421497347e+00 5.857674207173653613e+00 3.569160393799856390e+00
3.721131287881694227e+00 4.453357518536453341e+00 1.039920271713248923e+01
6.605975639126651089e+00 4.460886468066862065e+00 2.596198084689940178e+00
6.231263623247285111e+00 6.045767474040127709e+00 5.464510295899319026e+00
7.243258508563301667e+00 1.033230171441210032e+01 6.285014393157762669e+00
5.569941552404529261e+00 5.162344515189131400e+00 7.717468122312117984e+00
6.415074932936599694e+00 5.859989847087947901e+00 7.875339132431793843e+00
6.962067519419339767e+00 5.656723242294037668e+00 1.392098756403849169e+00
7.240745049822527868e+00 5.821067901515104559e+00 5.028448468782329428e+00
7.520084212895966624e-01 6.284664695130636858e+00 4.030513044294639080e-01
6.546034546238790774e+00 6.050392935720385168e+00 4.970468120330907347e+00
7.462686591472487585e+00 5.950395154003853548e+00 4.135243345014458782e+00
6.828880588938503138e+00 5.635784022393032444e+00 7.640368440621980284e+00
7.558227853239701588e+00 5.618795908110511661e+00 7.060386631160353588e+00
8.491950853719055559e+00 6.192573949052541771e+00 2.217647296166695980e+00
6.476487868456180408e+00 6.483224029336519756e+00 1.120681309384812252e+00
6.268532421480422556e+00 6.465415279028262852e+00 6.853298633195922918e+00
6.297812423601205190e+00 6.043090346285686643e+00 8.421640005563347131e+00
6.342882427594577877e+00 5.976580175226370528e+00 8.446082402891292418e+00
6.687490371139512391e+00 6.114404688310627556e+00 5.512263368184396661e+00
7.079123303988952287e+00 5.884731662255953566e+00 4.930575433959313081e+00
3.751717435847234938e+00 6.407292608079538709e+00 6.346292386854840428e-01
6.227064389719577875e+00 6.273441340271742384e+00 6.263323747142005793e+00
6.482058165492766477e+00 9.747517510122264639e+00 5.768882270383157262e+00
9.678071595938207983e-01 6.449392601874464503e+00 8.064503175128033163e+00
5.460509661405369641e+00 6.518911122687241821e+00 8.038485117107599720e+00
5.942085323445875922e+00 6.591490927814580125e+00 7.912306806305355877e+00
4.831630467213927638e+00 1.884653517980956927e+00 4.702379029163155977e+00
6.272986949685485314e+00 7.512379983861388055e+00 5.851859989417334873e+00
6.283970462505524601e+00 6.202589101514943692e+00 5.932270072731448352e+00
6.713015574241605776e+00 2.430592003209707919e+00 7.025308443771605127e+00
6.847698826501670055e+00 6.284767188522408787e+00 5.568721034427094096e+00
7.456445484768694953e+00 5.837467668310164726e+00 6.839012521744054496e+00
5.141023150563254873e+00 6.621566436558698143e+00 6.471803621612599144e+00
6.327284020108426610e+00 6.308547397885082120e+00 6.895084661132738546e+00
6.047981283390621243e+00 6.481009864865897363e+00 7.818124897413916585e+00
6.301184697172915072e+00 6.483870308495542467e+00 6.858327436696482593e+00
5.387634894086755111e+00 7.469844696735751910e+00 8.906457748276910280e+00
6.312865670789151729e+00 6.536645127811568479e+00 1.229927141716995243e+00
6.006280497688669229e+00 4.679865314961645595e+00 7.713947735476582857e+00
7.431586484170794371e+00 5.531599781363468082e+00 4.297433018796741777e+00
5.243704068416933595e+00 6.997293589862218610e+00 7.455867133931141311e+00
5.923281662026217198e+00 6.727687553516688013e+00 9.429428848596482782e-01
6.011748647710879467e+00 5.377957507949904681e+00 7.338362772003486967e+00
5.632023189062884683e+00 8.118818366911762396e+00 8.499847250057408488e+00
5.894740484360423416e+00 6.906059966298380814e+00 1.586714601634869659e+00
6.373701628096821281e+00 6.405450940478090160e+00 5.392883161164307992e+00
5.332529042783792583e+00 7.028122014043465704e+00 7.678032165706360601e+00
6.201868468512978794e+00 6.947534364045727884e+00 1.089023065607363616e+00
5.951191829523819088e+00 6.511242886812414810e+00 5.953582658198422806e+00
6.433110153259651298e+00 6.491875071046520063e+00 4.655230176983868873e+00
6.312569614635496151e+00 6.363017551751497081e+00 4.935718596860743546e+00
9.112145123398526891e+00 6.698861082753930773e+00 1.404131373174430264e+00
1.286050584963238652e+00 6.744671241081452884e+00 6.271056270515790843e+00
4.788408909533858449e+00 6.936015127776044231e+00 7.491618071018249836e+00
5.832690524085575312e+00 6.679640356574893190e+00 6.078439020570263196e+00
5.858865949740008183e+00 6.776186612963795319e+00 7.958823023207994396e+00
6.168567240535526075e+00 6.483971706057327644e+00 4.714680847274831166e+00
6.404836303002195308e+00 6.247806772506034001e+00 6.787210091689825475e+00
5.516418241505411046e+00 5.937807153551436734e+00 7.769122917722700805e+00
5.531111822908590270e+00 6.104739799589624205e+00 6.280105853185244058e+00
6.474410298998199309e+00 6.311073376940194102e+00 5.429787231210505993e+00
-4.689860475871896028e+01 5.216686744517174645e+01 5.316201734835610182e+01
1.690774820329751460e+00 6.886655198204432615e+00 7.557321945645625760e+00
2.431073699974485081e+00 7.061234854906975222e+00 8.688687218656063749e+00
4.994775106028385814e+00 7.004628259862780482e+00 6.788978696871921237e+00
6.986388951651347767e+00 6.948696978233355637e+00 9.698223562189417279e+00
7.042736901355001855e+00 6.627536244085484363e+00 4.105184949782102244e+00
6.104173903663419054e+01 -3.904755238651103610e+01 -3.755309182962511727e+01
7.267726262259687209e-01 6.998515054974811633e+00 8.915122061490365013e+00
5.282501900714263066e+00 7.178851550244741198e+00 7.905592466144414132e+00
5.876688108761465301e+00 6.962808277899783960e+00 6.902827172332480998e+00
3.146785391354391948e+00 7.254226957458266511e+00 6.775116900156200828e+00
5.912940770892707754e+00 6.767079581755190532e+00 5.749727353402821706e+00
8.184553785743252874e+00 6.356794631489749214e+00 9.266881064841058446e+00
5.747594356143414629e+00 6.882794436887229139e+00 8.309885395327276214e+00
6.015327426551579926e+00 6.237212551292520502e+00 7.914192622393910526e+00
6.355460378961333312e+00 6.375886288782733224e+00 5.386866775036509125e+00
6.035335450018665782e+00 6.452009416240710671e+00 6.468744390199998584e+00
8.877905545109033625e+00 6.883296743565092690e+00 2.225857954075239231e+00
4.946320662984684979e+00 7.546117157728544633e+00 7.357455159624445074e+00
5.131654903244960764e+00 6.868062214268286780e+00 4.397179716944880745e+00
4.296514455666724075e+00 7.959080779681524831e+00 1.622937180443599248e+00
5.613811286001894274e+00 6.745487933407558145e+00 8.048128985903764132e+00
6.577593475020295344e+00 6.425678893759112498e+00 5.533409904181518790e-01
5.905894986155349358e+00 6.393500416848270973e+00 6.800611571078936990e+00
5.965651772378258499e+00 6.283880810954367568e+00 7.620392555459060802e+00
1.606652977798575410e+00 7.073859073227193761e+00 8.746465757480065051e+00
3.742733516753184109e+00 6.444401414310917175e+00 7.426025948558452328e+00
4.759511345342596123e+00 7.247708432532288469e+00 1.589975532987711659e+00
5.072674581096194402e+00 7.165641187668596146e+00 8.356857881428269019e-01
5.090624907315071113e+00 7.789754568005577084e+00 7.170278735921730373e+00
7.146345183299553483e+00 6.031500641525594730e+00 8.836113448361383460e-01
6.235078718776331463e+00 6.808488394859526949e+00 1.305594292965632341e+00
5.559671322664136106e+00 1.037233927064022154e+01 9.099767965570581651e+00
6.483275623463491399e+00 6.413634358932394086e+00 5.321033741026532482e+00
6.222002756687326830e+00 6.379358990427377307e+00 6.938601295559910120e+00
5.016631178776425060e+00 7.448762958544143054e+00 7.317558397497045064e+00
4.896187711737113091e+00 6.980323398674077140e+00 7.512403679075665863e+00
5.296538532704254898e+00 7.199330280198285692e+00 7.768348395819412389e+00
5.932470358736423144e+00 6.924749089295191062e+00 5.383330409605703082e+00
5.463441500152058872e+00 7.035004353378704778e+00 7.339244008165668021e+00
6.005138734751918506e+00 3.414324632619617717e+00 8.175070673908244601e+00
4.727417024199926487e+00 -6.398336145003291620e-01 1.333184227345991602e+01
5.033143259772235867e-01 7.382885174705416276e+00 5.090012926027080997e-01
2.252412217420791229e+00 7.204399615198378015e+00 8.530261919968470608e+00
4.851471461838698929e+00 7.560056738315457103e+00 7.490790686308520741e+00
5.604230757591046164e+00 7.293992386818802132e+00 8.076902813680199245e+00
8.383342686455081960e+00 1.527824677587286217e+01 -1.198450131570765365e+01
6.288455239495058358e+00 6.791112920813144882e+00 1.119523905641605754e+00
6.294453721167397653e+00 7.090783568128231629e+00 1.253097472043762206e+00
7.101941017268722511e+00 6.949407748656535766e+00 6.355381539812540836e+00
5.570252291320022309e+00 7.294969336859159270e+00 8.055359652334459497e+00
7.818557822497809617e+00 6.354581027110390856e+00 5.946333473365335465e+00
6.033778292968065671e+00 7.361240103732587414e+00 3.235955597578078269e+00
5.763616555656208895e+00 6.968872802894310325e+00 5.564330785764684428e+00
6.150129061635530192e+00 6.919073812884391828e+00 4.761389206638191318e+00
1.641871364056910032e+00 7.365880596253252754e+00 8.044479628173130337e+00
4.245658365530069922e+00 7.652729995947439079e+00 1.457113779762446937e+00
5.404639014357679905e+00 7.715397108764234346e+00 6.804821087184089734e+00
5.627128457959068797e+00 7.136967479680456528e+00 6.812074964553331391e+00
5.394701466501706122e+00 7.659399338594075068e+00 6.901390270713625874e+00
1.791777656089089898e+00 8.379126488387822036e+00 1.143393814711283163e+01
5.918271410882782746e+00 6.746110848581471586e+00 6.366568637119257801e+00
5.934637513107443141e+00 6.844376308047102953e+00 7.866697508656699256e+00
6.908877007901626399e+00 7.193809265556589061e+00 4.362669029039348167e+00
2.176395988128079395e+01 9.689674404986007517e+00 -2.347673566141668289e+01
5.124249661412432211e+00 8.215990259220870229e+00 6.071303685929979821e+00
1.302827387523029401e+00 9.113569761756600940e+00 1.095482825409122363e+01
5.312675552713114868e+00 7.551126882366252957e+00 6.900773455011265156e+00
1.131477818720007456e+01 6.850817765137931836e+00 -9.220666942621464912e-01
5.285988953585047057e+00 7.339402586040042920e+00 7.669255523873292901e+00
5.275817928468100604e+00 7.608401663995482345e+00 7.972410342874375333e-01
5.444526851107140075e+00 7.737870211879050331e+00 1.915277923788221592e+00
5.796499076619252122e+00 7.164077201381333637e+00 5.665588864929111068e+00
5.185892325901575006e+00 7.243026461325933418e+00 8.153893550686632352e+00
6.137384532039181551e+00 7.395774855479876564e+00 6.435593297979708360e+00
6.007919643482350303e+00 7.371523283112482616e+00 8.539358715471726313e+00
7.072034351030209720e+00 1.031130603463325812e+01 7.223815660176496678e+00
6.245338465852128262e-01 7.923949446837116106e+00 2.374313831872390423e+00
7.531458591718127593e+00 5.695399074836192455e+00 4.831969012189787804e+00
5.275517598567255995e+00 7.597676649106479552e+00 7.138021957819425722e+00
5.295804781726594079e+00 7.129094591598294173e+00 7.570124273612501398e+00
-7.519248283693057422e-01 8.368221321085108855e+00 1.360356858334812991e+01
5.063079083834137961e+00 7.357168053128673613e+00 8.054493892188654414e+00
5.163453400310385355e+00 7.718269440880781929e+00 8.481429495619840608e+00
5.789604831481638847e+00 7.287128574211221732e+00 8.452703348782357295e+00
7.114620640825340736e+00 7.061888250743777462e+00 6.385244614898773818e+00
5.846427677763079700e+00 2.149058726661051466e+00 1.154484007602206574e+01
-1.285457775779404344e+01 5.617361966754753411e+00 3.929899075399696073e+01
4.308766893144748700e+00 7.806541705072826076e+00 1.365621625479585877e+00
5.469816551904759017e+00 7.143337218738802008e+00 7.670955795700555413e+00
5.004944457848783834e+00 7.534314122984358875e+00 6.740794298272297702e+00
4.063857940971583815e+00 7.766287091609356708e+00 8.313776496542462979e+00
4.143527264809293342e+00 7.805284830865282686e+00 1.388455219510139838e+00
4.615135512355458047e+00 7.704862655179965714e+00 8.340304206078972271e+00
5.469696687169609106e+00 7.732300617216376182e+00 6.972017570986274393e+00
5.221243593838220676e+00 7.578897857961235829e+00 7.595688007667090957e+00
6.469365455170094492e+01 5.182728331659382093e+01 -9.243220602717426004e+01
5.558287910700034473e+00 4.281995481239130541e+00 8.536525268521261367e+00
7.044684006146372246e-01 8.103457795944983388e+00 6.876804670186309920e+00
1.064893644219049529e+00 7.931183598261164036e+00 6.597524971062849630e+00
1.515217065051869927e+00 7.873941991270731577e+00 6.567052674807138501e+00
1.701104748840209124e+00 7.890106824369617300e+00 6.438834104352440413e+00
5.385817507215269195e+00 7.483899394379621484e+00 6.966972398558217705e+00
5.339470028559984982e+00 7.424198863022953176e+00 8.178271789973624806e+00
6.107307893678729727e+00 8.155515439349544593e+00 2.183895305243381380e+00
-5.252491338905370810e+01 -3.574850497050899634e+01 1.053543819554220704e+02
5.800090074414466557e+00 7.210639775815199215e+00 6.491785722832935868e+00
6.509187561493023466e+00 7.919982853673030121e+00 3.549390878277830730e+00
6.549407654178739158e+00 8.122502714717413141e+00 2.594679266751469982e+00
8.961454309791578865e+00 7.762611552631440759e+00 7.294192416042171168e+00
-1.157412413240009430e+00 1.367033774345905961e+01 7.444479028162151124e+00
3.021305163079850864e+00 8.060195875561138479e+00 5.288227253416741824e-01
3.417157858638484313e+00 7.938748995114920604e+00 8.932729145812482230e+00
4.953264568496544840e+00 7.165476041620777892e+00 7.105440666903856339e+00
5.919962421779224826e+00 8.056621555309718019e+00 2.434729405460723139e+00
6.054045730916634227e+00 7.989774544713686311e+00 1.371638111350776512e+00
6.129321082905835993e+00 7.458900657737443041e+00 8.593003360705138149e+00
8.660941147151477448e-01 7.887085936563732247e+00 6.367407607946875103e+00
2.691343845401426904e+00 8.116838876452550977e+00 4.349465364214513685e-01
5.393636180713419215e+00 7.751782387209805947e+00 6.988217151098541358e+00
5.247238364694657875e+00 7.445593527429171132e+00 7.715704400998895096e+00
5.225688190018894730e+00 7.663125714049787263e+00 6.945257904900140389e+00
5.047813029364350612e+00 7.537155937037734788e+00 6.681708223388728385e+00
9.275935326252406909e+00 8.090028221811234488e+00 3.152722278370503339e+00
5.289513112799201444e+00 7.551250290661037923e+00 6.778844983343810249e+00
8.698139037613733748e+00 7.918274952744242867e+00 7.036701736609032309e+00
1.313464070330099931e+00 8.193307904125246566e+00 8.689031524057480027e+00
5.431479320291090929e+00 7.838635661903586183e+00 5.588464830300810426e+00
6.161858624830585107e-01 8.573866837684834152e+00 2.918762350569009012e+00
4.557686810782199949e+00 7.957290510756335422e+00 8.687704548024683504e+00
5.023752618447347551e+00 7.889575599765477065e+00 6.530196627119233987e+00
6.440958307157979235e+00 1.000275819109038977e+01 7.544032033914929158e+00
5.400835908327598744e+00 7.534946593079208554e+00 8.168542323996121013e+00
7.761410053762370254e+00 1.292521067668295132e+01 3.707385026917253246e+00
5.135042832123845713e+00 7.881042788714820446e+00 7.652880315777636611e+00
5.543471146519517667e+00 7.618335905960107013e+00 6.762843451185052146e+00
5.252663420395561111e+00 7.493973103434377947e+00 6.803722715604267890e+00
4.638866484631039455e+00 5.679445579653831899e+00 8.320513247798043466e+00
7.185670922982101416e+00 9.025103586794436694e+00 2.488407120136486128e+00
6.141483445164025445e-01 8.574662933160404066e+00 2.755151047269740250e+00
4.204297142420040601e+00 8.422936883942899300e+00 2.540573451399613880e+00
4.147214585649810381e+00 8.494472431239415755e+00 4.096838881914584007e+00
5.453913157558120339e+00 7.549252527954982028e+00 7.390881298571951419e+00
4.329741830639716405e+00 7.733141397886404533e+00 6.937991404078918123e+00
7.486045337113050202e+00 8.287151071949311998e+00 4.048037279450038106e+00
7.346615343592932668e+00 8.651782088992796105e+00 2.319068480328211557e+00
7.769673184111530517e+00 8.388285261575859408e+00 3.837170202022209597e+00
2.986045576385225608e+00 8.361880781718564748e+00 6.211718539682506979e+00
1.063326758680364392e+01 8.959947504998723389e+00 3.347426046936297084e+00
4.707739342935362892e+00 8.059432382097952541e+00 8.167698702029037250e+00
5.918779093432263494e+00 8.740313886963878787e+00 1.917405540515184192e+00
6.306053534657273474e+00 8.473994822060662457e+00 2.668004638613289625e+00
6.523548896039531364e+00 8.260014955892783561e+00 3.421930335099532261e+00
5.130403315765553529e+00 4.118805436938306030e+00 3.528077664007349679e-01
-9.107219879455050182e-02 -4.251988792134855544e+01 8.974759473485210748e+00
5.317577553586518846e+00 7.526460564553227428e+00 6.877142665018139311e+00
5.924104186183503096e+00 8.186276678050084854e+00 5.073415567427166373e+00
5.739825924664978984e+00 8.040912774000542385e+00 7.212129432165587772e+00
6.125501009038854860e+00 8.183264161174895079e+00 7.525563126248457024e+00
6.999083592724947067e+00 8.976743560683944523e+00 2.457319774186305317e+00
4.886211558028390023e+00 8.098555628820657049e+00 7.402222398431449690e+00
5.450905455110168774e+00 8.853404859325589626e+00 1.445089172866184546e+00
5.080175700005884920e+00 7.935046795808256448e+00 7.721678526458024550e+00
5.635593413944246954e+00 8.231983604054507353e+00 8.838449109038601037e+00
5.809963266339448040e+00 1.031328561923003306e+01 4.038933419424909133e+00
8.128759555932099090e+00 7.610997692241532775e+00 1.694104988802711098e+00
6.256667802428482084e+00 9.978926729738944346e+00 2.966407752256446262e+00
-5.446033928153420911e-01 9.866425824082893925e+00 3.149587235213076486e+00
1.906404734908673237e+00 7.808491875699180795e+00 3.539251592675001223e+00
4.846209492465801461e+00 8.080240615190097841e+00 7.969320659810493979e+00
-9.873572729105389856e-01 8.370684756896945800e+00 -8.289637500617302868e-01
5.382845441991822355e+00 8.114474429927691190e+00 7.837721658105882838e+00
6.847102847508821810e+00 6.784519365889297049e+00 -8.004890588428370535e-02
7.504578210037594843e+00 8.376452598172146935e+00 7.434257668415621190e+00
9.008526273387863270e+00 8.746090440030030777e+00 1.612898106635585194e+00
1.857700322286765982e+01 5.982055186313235140e+01 -1.655992449105666342e+00
3.162345695561787906e+00 8.743486831153864713e+00 3.562062911909411156e+00
4.311227756458297478e+00 8.506318072518253004e+00 4.131659936248807341e+00
4.755816870862714651e+00 8.300949155832208604e+00 7.000010731040664957e+00
4.972696455584589614e+00 8.349510171807130732e+00 7.370267305429463178e+00
5.451231584560846777e+00 8.891834841836358194e+00 1.591433183128615703e+00
5.548090074842509267e+00 8.099066420316125559e+00 6.584810580903109667e+00
5.704365257133352074e+00 8.164523191040856887e+00 8.152994707974393407e+00
6.391263838146662657e+00 6.561551820093818321e+00 9.085611027754675106e+00
6.498752826553015893e+00 8.821378440180078329e+00 2.381410703135570905e+00
5.404698019292776934e+00 7.682287526749504991e+00 7.494460765713327532e+00
6.700713956488313805e+00 7.073074145947767732e+00 1.620082632666104416e+00
2.100641627106793052e+01 5.665620433902347486e+00 2.010291879306378249e+01
4.492088866880965980e+00 8.454500985924074286e+00 6.273006120949616182e+00
5.445164769969252028e+00 7.987086732751981444e+00 6.886110964269239076e+00
3.617026824174049082e+00 1.129543325914669083e+01 8.505543972675836173e+00
5.330219910411665651e+00 1.033246034678493253e+01 8.773281976478211064e+00
1.063517284024453957e+01 1.244407414395550937e+01 2.443351194718085928e+00
-6.463371768829501818e+00 1.212058616595665228e+01 -1.564108054694951200e+01
8.375491905875749765e+00 8.596590925759961976e+00 7.480014200322001372e+00
4.376575507524171016e+00 8.578298269599947901e+00 6.177587518246898668e+00
4.730547487374215265e+00 8.804832600743976556e+00 2.339411387741948900e+00
5.578344935777229452e+00 8.820539499658986315e+00 1.303160272228941263e+00
6.265513971201351673e+00 8.765706827852612903e+00 2.069377930117449083e+00
1.374319801360178062e+01 1.054198338214898811e+01 -1.755795460370772609e+00
-2.230834833706991649e+00 6.571436620662055361e+00 1.481659395257281986e+01
7.304808206691625116e+00 1.100038247658170931e+01 3.793516323518016264e+00
7.280322437205570374e+00 8.890564796859157681e+00 2.733386418760140657e+00
7.683593784986202380e+00 8.643788484458248433e+00 4.296841964336694630e+00
4.973887427676099149e-01 9.107898241151707097e+00 2.453258981427069774e+00
4.446531191203299649e+00 8.892364883072398030e+00 1.110774553457506197e+00
6.425791282921123226e+00 8.694064802275232040e+00 2.166250474163644135e+00
7.287352115480995707e+00 5.044559254496412848e+00 7.163028620614715791e+00
1.905129385218285165e+01 -1.826991599429403124e+01 1.809059177871716173e+01
6.205189141963426636e+00 8.653831880308439750e+00 4.388188345073626095e+00
6.546755021427232535e+00 9.054116246993345385e+00 7.395663401872770493e+00
2.911220528885143821e+00 1.367579747297429371e+00 8.078100525188595782e+00
9.268317365963058663e+00 8.884384856575271883e+00 6.345628193088034941e+00
3.569927368369309129e+00 1.297395309840509015e+01 3.944710501407287406e+00
3.611993046427063092e+00 8.910195084101427909e+00 9.187962577313403045e+00
3.922253390264912376e+00 8.906556195157849132e+00 4.975155625561652251e+00
4.562726074459779291e+00 8.658303518468727589e+00 7.342187234104631699e+00
2.661011708384666008e+01 1.034141873392776390e+01 2.162503423203357755e+01
5.509340248829829534e+00 8.873679913912230433e+00 1.820000270217223992e+00
-8.207003077860152374e+00 3.632164649169441617e+01 -6.716380152835972339e+00
6.240844234167469473e+00 8.751089740081969381e+00 2.280205850917151000e+00
2.427530863212538748e+00 4.856810891863593938e+00 7.114608255745063836e+00
1.137936162273164165e+01 1.608585456293905835e+01 -3.461782709174598960e+00
-1.792648859419231400e+01 7.497591530557579986e+00 -6.672881547507085287e+00
7.347589830827780943e+00 8.723418786181971640e+00 2.529643003005903612e+00
7.041590958429142511e+00 8.729411452164205443e+00 2.414330422175603452e+00
7.794525971090418892e+00 8.924292606366069691e+00 3.131599929261391413e+00
5.027033805429674373e+00 9.484258941263535192e+00 7.935284532882251440e+00
5.205990191152797486e+00 8.827446190077075983e+00 1.363256254753727248e+00
5.279809079034882835e+00 9.004865207160664298e+00 4.323170783094868241e+00
5.157032542866249791e+00 8.489410063175952814e+00 9.461818910179182751e-01
5.796551004253206685e+00 8.603644942081981384e+00 1.868093340961076265e+00
7.415633514112538904e+00 8.731793133435774124e+00 2.621746909819556937e+00
-1.548700742624494087e+00 5.376083603973274450e+00 2.379837450629764817e+00
4.665999498167341386e+00 8.599935169215022768e+00 7.797552343386985996e+00
4.385681261936091424e+00 8.950033162004189080e+00 9.134497648947599302e+00
5.207188982419348910e+00 9.064453519943747040e+00 5.137600101249097051e+00
6.544093389395587934e+00 8.670446374403489642e+00 7.320805334524582264e+00
6.902659788778279015e+00 8.897662324365002817e+00 3.605938622090813617e+00
7.139708754516184364e+00 8.670361228565145240e+00 2.423361428039376708e+00
3.567655678400167396e+00 1.347072437058643146e+01 -5.055214641166445588e-01
3.736203364817356043e+00 9.064208396848316696e+00 7.073324298433163904e+00
6.865018946359480623e+00 9.468844699172763058e+00 1.016376223964697800e+01
3.004348698530663775e+00 7.777241036894697146e+00 5.009409181467475491e+00
5.438926441800781220e+00 8.587631238671605161e+00 6.443472247348156046e+00
6.094617263912758709e+00 9.149222761943210713e+00 8.375539142261394510e-01
6.268987124559828317e+00 8.821226914340531522e+00 5.673171077437226373e+00
8.157021744849220823e+00 9.157624707289640398e+00 3.546148675611997092e+00
4.443278379008044898e-01 9.409677094503328121e+00 2.579629344187674089e+00
4.873284480170528177e+00 9.111603835238227589e+00 1.897546638287661125e+00
6.274979660867471054e+00 8.613113807058629945e+00 2.299338093955239248e+00
6.493381883762020301e+00 8.823592705127463631e+00 2.443797404513639471e+00
1.126460713264897251e+01 5.236559019854420072e+00 5.740953943489880196e+00
7.709774392024083767e+00 9.182889823035694121e+00 3.205728817778472184e+00
8.284482161662827693e+00 9.274062661116602158e+00 8.290116479449871179e+00
3.223911428347309815e+00 1.249931005288840602e+01 1.120549406152128569e+01
3.086166506774684404e+00 9.363410896611325640e+00 4.942531353938792726e+00
4.618889703674643243e+00 7.573439724669388085e+00 6.877494145735361109e+00
5.354062558094147661e+00 9.112145589634378595e+00 4.018005430787254362e+00
6.325742423763478506e+00 8.668424924605664827e+00 7.525534792001152162e+00
7.450206116142076951e+00 9.300391389901871975e+00 1.742359446824351954e+00
6.763471191298218166e+00 8.134025599823560881e+00 2.107061325294912191e+00
8.307709682929020900e+00 9.340899660433443330e+00 2.687860815645997548e+00
-1.985968520801541182e+00 6.699218017151586935e+00 1.641906693399945549e+00
2.310247678635312774e+00 9.537441012945949481e+00 9.215262137000372888e+00
4.111671468998808088e+00 9.010684190532890270e+00 7.165315571323825239e+00
4.586778946005527047e+00 8.914490654426574068e+00 6.773498691545356998e+00
4.695716413725716798e+00 9.161871740633383610e+00 5.184686965621598809e+00
5.111201368492751307e+00 9.089182529028065005e+00 4.904255014935409385e+00
5.194077538379178627e+00 9.009361921079737101e+00 5.126844701385674163e+00
5.236442740823608943e+00 8.778017247416062929e+00 7.291148998842633233e+00
5.726609083982112658e+00 8.790005652506454936e+00 7.910573558726502696e+00
7.554587217198397653e+00 9.198052627822207228e+00 2.228640972909576856e+00
2.362494769425708796e+00 4.401307129695197773e+00 4.676092184678768859e+00
