2.340302674429491692e+00 2.712871099255524943e-01 7.127665643912128424e+00
3.322215523113313473e+00 3.482767520325565913e-01 5.147198590430797971e+00
5.904051232872524757e+00 3.828663695316332771e-01 1.077028561268698725e+00
5.847307874734543276e+00 1.186695298497302264e+00 3.015618210741626282e+00
5.935089094233445550e+00 3.384713940864780835e-01 8.282129005410161504e-01
7.389887952558213513e+00 4.546849619112260932e-01 4.181072680563869604e+00
7.469631063095904189e+00 4.701579113185084813e-01 3.610220035407699424e+00
4.326955356413668241e+00 5.218414036211943552e-01 7.242507958464214468e+00
4.365316798304881729e+00 4.146760302940589726e-01 8.611630428209235077e+00
5.228317640511836117e+00 7.133756169300538019e-01 5.040179465223451949e+00
6.032049430611385432e+00 4.565289213068964291e-01 1.359451943028857634e+00
6.047229521095360383e+00 5.737905190764295282e-01 2.344819402698252286e+00
7.393178470384638601e+00 4.878149371978052207e-01 3.476216905493590303e+00
8.324210923935421391e+00 6.012094356289680031e-01 5.296915924048194668e+00
9.051873068196702121e+00 5.732200570805903173e-01 6.567390915131019469e+00
9.081831423706917761e+00 5.621565316613468255e-01 7.495644121928309644e+00
3.122693213355794306e+00 4.733848102313936157e-01 4.130154539254872859e+00
3.535180900282709260e+00 5.688490007463078424e-01 6.690449870472125582e+00
4.989063412582435575e+00 7.085515289465567079e-01 4.440909024733377564e+00
5.607839149300579251e+00 4.628754997139215011e-01 1.236758052755553727e+00
5.496304564331325970e+00 9.355894650969591719e-01 6.495685093969198576e+00
5.925031993169036504e+00 7.994416014276543025e-01 5.763306360131272399e+00
6.593637859537660795e+00 3.749051816371357648e-01 3.360726703357234113e-01
6.623414824469015194e+00 7.160145828334592011e-01 7.217051657937947340e+00
7.989539459832139201e+00 7.904259648951327266e-01 2.148493108864642398e+00
7.333201506995004948e+00 6.195677160542045758e-01 2.450178478393032933e+00
4.037703295160377515e+00 7.184822417683410789e-01 1.092397563135111271e+00
5.795531604907315781e+00 9.637651616799711163e-02 2.107873470401804727e+00
6.147618193536510844e+00 9.720556112361887768e-01 4.582704103028932607e+00
7.035080628515427037e+00 7.077293969441690313e-01 2.369771037926958535e+00
7.655520246685741270e+00 5.200437658701424493e-01 2.283258292403488987e+00
7.685411227100955145e+00 5.862110902861749073e-01 2.289980040881893775e+00
7.824670549011513820e+00 7.590313063403237859e-01 5.386792904582240915e+00
9.321897563932367348e+00 4.698326627225158925e-01 1.517418082797368228e+00
3.851604702835606631e+00 7.698891891778465446e-01 6.047356711848360433e+00
5.705709551185488948e+00 8.360944266052861007e-01 2.956288711233911126e+00
5.986948773466115981e+00 6.270317483877809739e-01 2.497420173282949296e+00
6.338185777119349495e+00 8.089139218273821985e-01 2.814707774852438504e+00
7.926067967588238616e+00 5.133820127318832194e-01 2.382452790023473099e+00
8.995518586797414784e+00 7.824119206462037956e-01 5.630625785790151383e+00
3.364062388039715801e-01 5.724873401207052348e-01 2.766145778644164110e+00
5.972827282299235208e+00 6.769008050660171305e-01 2.548946416152028771e+00
5.954314311284063521e+00 7.613328869236555274e-01 9.195940107349601433e+00
6.956111752371099577e+00 7.089043649965470761e-01 2.075216046912893741e+00
8.821990678454755042e+00 8.390375825906082330e-01 5.564030306491395628e+00
5.723478333257320250e-01 6.373718115123291339e-01 2.800107584034828623e+00
5.748491715491491405e+00 7.652071488436708036e-01 9.469910290349073279e+00
5.728784292046595894e+00 1.234302404496801842e+00 6.686615367437552138e+00
6.178653386508431211e+00 1.004153061681668291e+00 4.328078103556959100e+00
6.210158932538807797e+00 7.031361793951274031e-01 1.815825340388626641e+00
8.646558287676700871e+00 9.748672071472881395e-01 7.863400152522421749e+00
3.590879192629854888e+00 8.930347436758039326e-01 7.120941627316420330e+00
4.447065983018807955e+00 8.014385789767937140e-01 1.025022799862072898e+00
5.078996882555413706e+00 1.288858351065071073e+00 5.473148622180923795e+00
5.313196409387185071e+00 8.217659707606942421e-01 9.119369801399267672e+00
5.498523875032428343e+00 1.067903947176626511e+00 3.297032589780959366e+00
5.604514771033655585e+00 1.189735497351740889e+00 6.565379646298400651e+00
5.604701658600819592e+00 1.058052120119225448e+00 7.267538446010240349e+00
7.650010170704022450e+00 1.091781115919332690e+00 5.793371468685245773e+00
7.799605188259807420e+00 5.549208938279508452e-01 2.365881918786576943e+00
4.058043713592484281e+00 6.596418914100663500e-01 1.118312844758443836e+00
-3.664177455325860477e-01 5.503264132012553489e+00 1.109782627630207763e+01
6.123077176652715004e+00 1.041372598507172453e+00 4.688141832298250655e+00
9.024261781667750171e+00 1.003480182332685988e+00 6.801885910550980796e+00
9.662357292587865132e+00 9.001750942725600391e-01 2.732697051638116825e+00
1.193117944944443209e+01 -3.193203222890319104e+00 -1.023797262904908356e+00
8.182629809794267572e+00 1.353083200110655193e-01 1.408478079136564087e+00
6.727251741395356532e+00 1.054778561691438465e+00 9.306854365209151325e+00
-1.365024860092959180e+01 -1.740900206287165020e+01 -1.275729659924582204e+00
8.933545646110953697e+00 1.031064721236348847e+00 3.455532723894579217e+00
1.404405396848270815e+00 1.110282289169263414e+00 5.879643128737011892e+00
5.083106037898375007e+00 1.492117634063204967e+00 3.572133686529961327e+00
4.922036693314626454e+00 1.311497895086032095e+00 5.958937236609592958e+00
5.322284842718121745e+00 1.262342920001584101e+00 6.104094682884263712e+00
4.385025685139857465e+00 1.525118210019009712e+00 5.592249844255526625e+00
5.972397245270900434e+00 1.348759531508789244e+00 4.981674984020171060e+00
6.054869180824798747e+00 1.266326199358054350e+00 5.073350685961142581e+00
4.311744257718688189e+00 1.870665250498040777e+00 4.666210763932185479e+00
6.393922306373200470e+00 1.085564170554851327e+00 9.394031134980732389e+00
9.489473757125260533e+00 1.193549217124504125e+00 7.227753849502506434e+00
5.284389674855405339e+00 1.294288084148307316e+00 5.542581076407713248e+00
5.846195502452850690e+00 1.276897682536215051e+00 6.232737005988176371e+00
5.606934248803581156e+00 1.352944548235037736e+00 6.590622764376599108e+00
6.474857386094510225e+00 1.203028261331579252e+00 4.205522517036316188e+00
3.005851319405053346e+01 1.971316176946647047e+01 1.636813279166005586e+01
8.301029462960812566e+00 1.142248573178529014e+00 3.313123596260577841e+00
8.929004056422940039e+00 1.414354882019400739e+00 4.970161356670491415e+00
9.317519437317562492e+00 1.260864413031087761e+00 4.831586755260149246e+00
5.049388575559808245e+00 1.365263368092789920e+00 6.069260635182492258e+00
5.018756192475382960e+00 1.378164737657264993e+00 6.001369858617501052e+00
7.970154546020442154e+00 1.660066450760702139e+00 2.658518943335942408e-01
8.097730102457104451e+00 1.515930685301120295e+00 7.258379670065747469e+00
9.017766317400042198e+00 1.399553198946579258e+00 7.900822674709852222e+00
4.153777626581648619e+00 1.345684201978199157e+00 5.881680882091166573e+00
4.868461096533267529e+00 1.481816443486931201e+00 6.638677806161789263e+00
6.951323882587139735e+00 5.014017149676135432e-01 7.161036500863208865e+00
7.369531521710854349e+00 1.621462674938507043e+00 5.978709980357013620e+00
4.313942006999678114e+00 1.377201712711248582e+00 2.159073235468948582e+00
4.856129994641842806e+00 1.268183427976932620e+00 3.970936409792948041e+00
3.239796506029844814e+00 2.431902622122620539e+00 3.591543790589105001e+00
5.602375957719048394e+00 1.378153829158979882e+00 7.176057547890768440e+00
5.557919019120049597e+00 1.434750430284438050e+00 3.548142489969387192e+00
6.266825592254669175e+00 1.319617742021340412e+00 1.607701938337379843e+00
6.293703086390756596e+00 1.696687155628512578e+00 7.416530707188162097e+00
7.489420351222858763e+00 1.723180127434106312e+00 6.871341553245090772e+00
8.637913258571650488e+00 1.250191444128216700e+00 1.826893608617968123e+00
9.490839093973324481e+00 1.340483352987437371e+00 3.762042443872393616e+00
5.768105138972023482e+00 1.534776287663985217e+00 5.133746055750370019e+00
8.103221600543770720e+00 8.886400612620444228e-01 8.074044181241863960e-01
1.931214761159478543e+00 1.482204154847088118e+00 9.191358195967243461e+00
5.161236010994892709e+00 1.464004937198830403e+00 5.381222014699041267e+00
6.153574820501535925e+00 1.762644012108859126e+00 5.520490817356953350e+00
8.922241718431662250e+00 1.435751969523617610e+00 4.974828112862754281e+00
9.380396380606292439e+00 1.643139017831018567e+00 7.819549962293713463e+00
5.851992542660756413e+00 1.585070395072881499e+00 4.908862716643983326e+00
8.449717837568918810e+00 1.444280741430993720e+00 4.612216211788670028e-01
3.264552112541065365e-01 1.660023150419062343e+00 3.958184273027820943e+00
3.952479117401107800e+00 3.291876981944211522e+00 6.455772811221603291e+00
6.215929895353422552e+00 1.566459911815832662e+00 9.958734580000976333e-01
6.221158257868563801e+00 1.941990911097851047e+00 6.286051365460476603e+00
6.794606285504613652e+00 1.927564355973634846e+00 5.995087550796888820e+00
5.484002323586574690e+00 1.255521939395286557e+00 5.975624176817126099e+00
8.305803385690646579e+00 2.024956774506609936e+00 6.641010645730025530e-01
7.449228772802962695e+00 1.837709644062366809e+00 6.104981776645385771e+00
8.240324043841919632e+00 1.900222850910430417e+00 7.088376754884112785e+00
8.287473267881013683e+00 1.883434363959253455e+00 7.095138656438486180e+00
9.313462336501158845e+00 1.723345748605345396e+00 7.183577973343227896e+00
4.637973685083376374e+00 1.787600861490663551e+00 6.823221711869592809e+00
5.053874663117269073e+00 1.919445640112245277e+00 2.856434089964790868e+00
6.147582096934735674e+00 1.808186059358591335e-01 1.919229498558449598e-01
5.591059958489329240e+00 1.744284253582701893e+00 6.837052862262524400e+00
5.885586486068515200e+00 1.917485841907869970e+00 7.661800884440772563e+00
6.115427612325714080e+00 1.919165782364758099e+00 6.821054321853488034e+00
6.361429770649776216e+00 1.892858313697282080e+00 7.571962225411844827e+00
7.417146726862887895e+00 2.099219733868799231e+00 7.852183388387935281e+00
8.020998232500367919e+00 2.237578041728095268e+00 6.816111310681694846e+00
9.036278073308581682e+00 1.734302435570626688e+00 4.457180397001967442e+00
4.884468764833645338e+00 1.981426066743635639e+00 4.596922450335545918e+00
5.278142502146595305e+00 2.017733730287454730e+00 2.910651976296353638e+00
5.842743932954591379e+00 1.928039775531327216e+00 5.769080361570195770e+00
5.862821102572056020e+00 1.828443632408380370e+00 3.548365064339853880e+00
8.177763162212121628e+00 1.726466923864593994e+00 1.247977035111789368e+00
5.011559086262003859e+00 1.860461744755577129e+00 5.694769911950574581e+00
5.180276986696108033e+00 2.199340036937917020e+00 3.109097226684671256e+00
6.113778521917762276e+00 1.820767305588830043e+00 5.438786607981556998e+00
7.902418996536916040e+00 1.848737321382250887e+00 6.176505884795647994e+00
8.118273812663405309e+00 2.136923907173894577e+00 5.818688080746568403e+00
1.048682611965164657e+00 2.009683933275996814e+00 5.121860229916384455e+00
4.973116851123469573e+00 1.963135325616133020e+00 6.497631567156970434e+00
5.056531296095437611e+00 2.054833124013791146e+00 2.816679738378461195e+00
5.968139563392022673e+00 1.871070172905917595e+00 3.399491062246680961e+00
4.813336515453622511e+00 2.061453274708858530e+00 4.468910102579607191e+00
5.112790118190464916e+00 4.777526656073351141e+00 1.512773948849234884e+00
7.776838322948865567e+00 7.906888263511402393e+00 -3.801428528654859473e+00
6.474202743863303411e+00 2.247974032974259906e+00 6.396289076648464800e+00
9.015211232571044064e+00 2.156118103705921829e+00 5.507353678945682063e+00
1.518858718196035618e+01 5.352628103898933176e+00 -8.208681607056565355e+00
3.542429823336677330e+00 -1.331962725997715591e+00 2.536364088776234382e+01
5.813157810267628456e+00 -1.093596696534324897e+00 4.263611509047635195e+00
2.967428092431716458e+00 -3.749366967487484992e+00 1.148313196831358773e+01
1.360941009442783489e+01 1.082801525158731160e+01 -8.000222287945803146e+00
9.194497070892186485e+00 2.170272950520289790e+00 8.007373879027737118e+00
9.404370758136838759e+00 2.128852321518967194e+00 5.150645494545371683e+00
4.297650295064674886e+00 2.323107405768371159e+00 5.790372998017356387e+00
1.046290555397911426e+01 -2.609419457564791323e+00 5.106225948046642316e+00
-3.167120117366790111e-01 6.862460797428141746e+00 -5.955684220221139913e-02
5.784814193579126851e+00 2.168791600290478350e+00 4.579826972743342495e+00
7.861024309944273369e+00 1.803562869999574936e+00 7.528714333192231933e+00
7.442952072916469319e+00 2.116139553454345013e+00 3.588421195120956142e+00
7.687966095371878694e+00 2.480464102491841238e+00 6.774095626125065550e+00
7.960633230803436433e+00 2.830534577334782309e+00 7.542138860180109816e+00
1.639780183022148119e+00 2.393895948382605443e+00 6.466579758115781118e+00
4.774546661455776331e+00 2.190157364493919179e+00 2.653736330049599079e+00
4.770076643468542876e+00 2.210977253844599311e+00 4.783754100306504498e+00
6.301407055588457595e+00 2.243768824739600376e+00 1.864839464661011359e+00
7.002321486669185191e+00 8.488328266402265232e-01 5.867739231981281556e+00
4.737069750036043914e+00 -6.600573657917935932e+00 1.429899861691785823e+01
3.933754420685366959e-01 2.309382225273624023e+00 5.456775213185161455e+00
7.950949147738752831e-01 2.304270871768325346e+00 4.747710365336393679e+00
5.540020572852108138e+00 2.267647122569113272e+00 4.889396341225377141e-01
5.105245562678105031e+00 3.168239680445516182e+00 6.178360838318971204e+00
7.774955542966251798e+00 2.475694084868712785e+00 5.070236047301495574e+00
1.466208992486752294e+00 2.451539180357591885e+00 4.904485327168858433e+00
7.592081007884061705e+00 2.496862533980412913e+00 5.194870505533169869e+00
8.636391536062010488e+00 4.089597583902206068e+00 5.718400119092811096e+00
1.817647460614634780e-01 2.003704338373242244e-01 -2.023556290006250924e-01
5.204894558573092134e+00 2.518730449110814895e+00 7.575631411585170838e+00
5.393395327669544770e+00 2.488837252911755726e+00 5.648590173944275428e+00
5.311218160847525738e+00 2.231203028772601460e+00 3.009479885008928601e+00
5.506728905280407815e+00 2.521456910177016564e+00 5.767730389570433047e+00
6.487784558780569810e+00 2.759954978175798601e+00 7.653361852129272336e+00
6.481660170643460006e+00 2.569277337660913485e+00 6.084934143704790799e+00
7.623013859415621596e+00 3.013249737950217888e+00 7.477641181887137556e+00
7.663668683092437206e+00 2.515163241319326559e+00 5.169220821137782806e+00
7.646529514969381935e+00 3.872778303171365177e+00 7.976962040010374899e+00
8.801562894895049283e+00 2.537854055517128948e+00 4.700592932349719533e+00
8.946177167073470216e+00 2.561275590403738533e+00 5.511299940138110642e+00
4.637296410831685534e-01 2.585550462586705844e+00 6.769844355929553359e+00
6.197996533336803893e+00 2.295390214320894628e+00 4.816600437429483961e+00
6.902463889757067150e+00 2.550145194896102474e+00 1.397463574378214446e+00
8.142708312963758743e+00 2.575747366122047577e+00 5.670352394321897194e+00
-1.070327431930786943e+00 3.411428739807124355e+00 2.610894215310835875e+00
2.058147658109894529e+00 3.039281541303594736e+00 6.052829688269491193e+00
1.787330861679349514e+00 2.566096062813326473e+00 2.188450200288855285e+00
3.917382425510418820e+00 2.597341749043621029e+00 2.639629985027110770e+00
4.308599786033832757e+00 2.585274099385800106e+00 5.633605366427119954e+00
6.094810857397343185e+00 2.562670292825781182e+00 2.039558119487875576e+00
2.275335114370728107e+00 1.879977759007668059e+00 5.178364005972905026e+00
3.192033842649775632e+00 4.855637563157581660e+00 5.008043236490680172e+00
1.443243979797331766e+00 2.437695386197314740e+00 7.095900609661590863e+00
2.514077390206659324e+00 2.727019316749180966e+00 3.859707486018944422e+00
3.961393475722149837e+00 2.703369205191984648e+00 3.027922856416682684e+00
5.029238154561126883e+00 2.736188774241418376e+00 6.004695132476708608e+00
7.232846257011612323e+00 3.207952038123268235e+00 6.939879457040841082e+00
7.082667464100503629e+00 3.163510081529050666e+00 6.801423708006544722e+00
8.147749161308281529e+00 2.209857981338681832e+00 7.534868944012242054e+00
4.858713511165568377e+00 2.767741191237253595e+00 5.918738137953639011e+00
6.077690921845361416e+00 2.818482310916594180e+00 5.997196881159407411e+00
7.097197468568065659e+00 3.208961142314055159e+00 6.924122732615281883e+00
7.393217341903971729e+00 3.301339983841121928e+00 7.965050422522917728e+00
8.002821290491850093e+00 3.236030814174945647e+00 7.797449942954138180e+00
5.825780483581921132e+00 2.866530461537052155e+00 4.687827000728193916e+00
4.343924765664553433e+00 1.995536978509012460e+00 2.741570622789496259e+00
6.337130730985522931e+00 3.166213160314024222e+00 5.183152734131095229e+00
6.709537066425546925e+00 3.166966502061405286e+00 7.495515649860491791e+00
6.786804879528252954e+00 2.833089716091657273e+00 9.921712577127490551e-01
7.077935445538130033e+00 3.154569962365842084e+00 6.907536640627199631e+00
7.922244082185114777e+00 3.475360872720457905e+00 7.899031157892835608e+00
1.124421005836143461e+00 2.843468349339558721e+00 2.363180693313141900e-01
7.653510991673451613e+00 3.647299033288704528e+00 2.535714358632517929e+00
6.945355003295521357e+00 3.388525221972672696e+00 7.008041248002486512e+00
7.747271918870341167e+00 3.286836937098982947e+00 7.548955706305152447e+00
8.094995277466139783e+00 3.295315172553922256e+00 7.758570149775353642e+00
9.098741216690365619e+00 3.022103989449566264e+00 5.401652469630747078e+00
5.243805651221795650e-01 2.902106065277440194e+00 4.756083543425264182e+00
1.438211185250505508e+00 3.052972417183881682e+00 6.785048253889333303e+00
3.593550053498319574e+00 2.968739749926103677e+00 3.898088442948734578e+00
5.265033368144526271e+00 2.953965556363737033e+00 5.162329873557551352e+00
6.690131847906037876e+00 2.542221611191842090e+00 2.950285721274992667e+00
7.671503435617692546e+00 3.623982439280406531e+00 7.659037426723360298e+00
8.008577969920224859e+00 3.341627316396178937e+00 7.975823596396216963e+00
-1.032208601297193606e+00 4.727011344684892258e+00 5.440555542730820981e+00
3.490466374064856048e+00 3.107774129530371354e+00 6.700890362199425354e+00
4.620780968402305788e+00 3.058505283022087795e+00 6.148042238809638960e+00
4.568159355800726296e+00 3.407110252835633624e+00 1.766234625449395690e+00
6.805345112938745444e+00 3.293957326481777859e+00 4.957336765912822685e+00
8.429373261993019284e+00 2.354418867156512718e+00 5.271642794714656688e+00
8.840859840942531633e+00 3.865500714775786939e+00 5.005123323266449376e+00
1.430290905828397463e+00 3.125228877093885416e+00 6.638549221908506048e+00
4.233296200846300650e+00 3.093041770618159436e+00 6.078863717626791896e+00
4.696346387012365398e+00 3.156301129520465043e+00 3.151469417245774007e+00
5.678734365226719483e+00 3.302593272824895010e+00 6.228932936974430845e+00
6.672740860277869501e+00 3.167751798378365624e+00 5.878139282626930751e+00
7.210781142172340452e+00 3.604233692555044222e+00 7.239738609630322230e+00
7.199209633799221741e+00 3.587029072278453690e+00 8.345098169726494319e+00
7.219378222430194114e+00 3.084945966833130715e+00 6.814951544133937666e+00
8.042140846048159375e+00 2.889202308504099648e+00 5.946594652443979001e+00
7.458731910022889267e+00 3.479244852720670522e+00 7.182496388888463201e+00
8.116152077567889478e+00 3.176868235647917427e+00 7.860259260265848980e+00
8.625911811827826625e+00 3.148142924862412872e+00 8.094035735792672881e-01
4.772610480644463582e-01 3.139282607455926133e+00 6.800207134299061096e+00
3.628903370387620786e+00 3.190357827220103637e+00 4.643347264039892508e+00
5.850633578946410118e+00 3.393664956521056375e+00 3.398425573562588564e+00
2.687338644573829427e+00 2.729022691703741010e+00 2.744004019111778714e+00
5.248091034377597275e+00 3.208562113523727000e+00 4.606231831467844984e+00
6.774524995470716071e+00 3.463812671305521285e+00 7.393177200005440319e+00
8.132484779691216303e+00 3.501977072406483593e+00 8.604041790089491215e+00
8.679378181839329187e+00 3.433504944539660819e+00 8.211221678673240376e+00
9.201026607578436156e+00 3.156311688482961841e+00 4.047515587633013112e+00
1.456814309576280841e+01 5.938894187443214179e+00 -2.181469691656472421e+00
3.979354744770324359e+00 2.733081056360322503e-01 1.283030934665265299e+01
6.134136228235061994e-01 3.242219168840150267e+00 7.116494030605368337e+00
1.770450968688922710e+00 3.293737600008046940e+00 6.298837333280610906e+00
2.671502493824809754e+00 3.290063712938654739e+00 6.400605165863353818e+00
4.903430100101132894e+00 3.338347317736063413e+00 4.290535889498886313e+00
6.995272710878119860e+00 3.443923438540176019e+00 7.038746520013762442e+00
7.076112538685152664e+00 3.684455467478798596e+00 8.115060865067647455e+00
7.568888846949450411e+00 3.770573830111390912e+00 7.745261208654900642e+00
7.768352389386484091e+00 3.540418580294575790e+00 7.961230040311956913e+00
7.970794044729936800e+00 3.296890400916140607e+00 6.906631617297676939e+00
7.971142870493171273e+00 3.514706294849604618e+00 7.195792618496775539e+00
8.979144364133254896e+00 3.463391740675757724e+00 7.877375129053046265e+00
4.108857656306152073e+00 1.818456478862021886e+00 4.454554761091175763e+00
5.295121565544548048e+00 3.278421342899784818e+00 1.358474436940793950e+00
5.657396015561195313e+00 3.324836561599651574e+00 6.275390349547956603e+00
8.648126830647013819e+00 3.182975942891973720e+00 5.071881526487633352e+00
6.574544437005252817e+00 3.441525509945445815e+00 2.786078049077075125e+00
7.027031263986186715e+00 3.691938456964330761e+00 7.078679656041481749e+00
7.328756947620453488e+00 3.858595347021536170e+00 7.685129775857815204e+00
7.422905867707903838e+00 3.439481919487168415e+00 7.212963368092403016e+00
7.711685805341393696e+00 3.530985380266816520e+00 7.281055962691624472e+00
7.648169757637090171e+00 3.568146651203414343e+00 7.267374272759178133e+00
7.865842797617091264e+00 3.877518221819534538e+00 7.902571032465578682e+00
8.043361015018096083e+00 3.472556841536236671e+00 6.674474783823416857e+00
-3.584582130055081528e+00 8.955407539765571912e+00 -2.035091405141039544e+01
4.961353110439008063e+00 3.515216215297401803e+00 3.969625908998920316e+00
7.084405301603363014e+00 3.674761420724700134e+00 8.108053150397353193e+00
7.609836648356266053e+00 3.660002553342841747e+00 7.703970383377740205e+00
7.484652479679910542e+00 3.527498630740136143e+00 6.310630803383658005e+00
7.833090415517334648e+00 3.606343984934123892e+00 7.215455314435025969e+00
9.660888855488330762e+00 2.775096110670791205e+00 1.360808735250896184e+00
9.060032917192586410e+00 3.428843213675961454e+00 5.018003245460559647e+00
8.926616581138448581e+00 3.456616824066219174e+00 7.888442686236263768e+00
7.108144057482103761e+00 4.334504012607024670e+00 8.196865221388927480e+00
6.811669978099671674e+00 3.676498226671398584e+00 7.456131665624094573e+00
7.914533973994819505e+00 5.562690890875233940e+00 3.420961984928506006e+00
7.735930706650691491e+00 3.854786076460889888e+00 7.928653282651591638e+00
8.059247658348962062e+00 3.624983441171276688e+00 5.909528600522364172e+00
7.315429788911909981e+00 3.917693124172622277e+00 9.288241582562903886e+00
8.542205636955703341e+00 3.597090473565395463e+00 8.084653212366793795e+00
9.029475549953545510e+00 3.543353264500145094e+00 6.233469332971122157e+00
1.519422182761470008e+00 3.458241161149391729e+00 5.000476015222107939e+00
6.912748251015502277e+00 -1.903991011724067262e+00 2.891486244483068191e+01
2.507509732615244236e+00 3.619133681002012271e+00 5.134301291147532531e+00
5.141753232902928517e+00 3.528381819659089480e+00 2.509501739654305119e+00
4.160297075916264298e+00 9.203683072969583989e-01 3.542509061429611972e+00
7.830006482454772154e+00 3.920301436596119959e+00 8.209027835858819344e+00
1.118228125212739599e+01 2.773918380772973702e+00 6.553763944196633773e+00
7.379505715350657136e-01 3.712450581157882290e+00 5.171926144665639491e+00
1.133583460020566536e+00 3.636311427115580308e+00 2.222643578113152163e+00
1.851038465342378370e+00 3.663552135942186982e+00 5.688939841969895994e+00
2.183271480465680980e+00 3.669476148225365719e+00 5.801843095247917859e+00
4.534982376757237255e+00 3.740259817029489398e+00 4.684834303014699941e+00
5.460046969469487088e+00 3.762181599041436009e+00 6.176711895321558288e+00
5.686618114967795456e+00 3.936269577153421295e+00 4.867435301737136122e+00
7.031822541080842370e+00 3.732036312072127160e+00 7.106631070932824201e+00
5.251768316125940750e+00 1.668571075160877104e+00 2.658955595630292379e+00
9.604792763174813786e+00 9.424411150756782263e+00 6.925182962063686887e+00
6.876203582037787143e+00 3.541263857727147357e+00 7.058225591514115216e+00
7.411593591307525486e+00 4.039039144224640054e+00 8.237985994281483926e+00
7.481923949157645026e+00 4.029533828633891090e+00 8.172996013484866040e+00
7.655616055431199385e+00 3.610719579081866026e+00 7.636312957583388794e+00
5.685157934494994514e+00 3.854063317482193440e+00 6.721468314955728829e+00
5.658775051626801833e+00 3.722658506783229182e+00 3.421252221682219208e+00
6.619335868606093243e+00 3.947550985776375754e+00 6.645565434286531570e+00
7.861247371161537600e+00 3.701797903975553972e+00 5.502792549254689192e+00
7.390156306081598903e-01 3.710948646794479444e+00 5.170423929535399310e+00
6.594965742345022530e-01 3.774810382558163369e+00 3.706483589467544082e+00
2.219735825689655773e+00 3.870984794798422612e+00 6.632000021888009300e+00
4.648794309970857519e+00 3.800302075742096442e+00 4.297677138671941677e+00
4.996813603076755150e+00 3.689744117979619986e+00 2.690213429327945605e+00
7.174197283097237587e+00 4.064563756338907652e+00 2.985613685711153487e+00
7.324982355387945177e+00 6.582696881949415157e+00 4.360079909981655177e+00
4.216537062787270251e+00 -1.851983328746454216e+00 6.981684635866136190e+00
7.131284649422197752e+00 4.194955450164323807e+00 8.838190896069896496e+00
7.022724743849555473e+00 4.040058810890603702e+00 1.021990572295519373e+00
7.527017697826750009e+00 3.970364359551937561e+00 1.634546710039608719e+00
7.477824418175620380e+00 3.796800132934719407e+00 7.193368865335570739e+00
8.038071779641132508e+00 4.974128002617196564e+00 4.583714304071248691e+00
9.098202204518491598e+00 3.631350630595596485e+00 5.154918833139991996e+00
1.166229455821521155e+00 3.864246075286767557e+00 6.654501468143827481e+00
2.031280060329702764e+00 1.405205027543251717e+00 5.089808946077716278e+00
7.552452592788062802e+00 3.691222278019615111e+00 6.989015516287092389e+00
5.280555142924297840e+00 7.256466666919943798e+00 6.291033991793359093e+00
7.340263272510810566e+00 2.541259502308203189e+00 9.726206759190755946e+00
5.860254159891920445e+00 5.491641775522754898e+00 7.217768137425714770e+00
7.790041056683639553e+00 4.011849150701515043e+00 7.872882209417648269e+00
5.025810430088684111e-01 6.431282629580278964e+00 8.843146479538154026e+00
1.987923261798063113e+00 3.929169533604929043e+00 2.679326505857150043e+00
3.274497296598896767e+00 3.774350027580955391e+00 4.449906484009924057e+00
4.622259688688849621e+00 4.736420223181205813e+00 6.777590730997157920e+00
5.670481575528144802e+00 3.943852895599889941e+00 4.886338628045070465e+00
6.409634302992591515e+00 4.063616805523353470e+00 6.697137110181775377e+00
9.320883211560332171e+00 6.347715120467825045e-01 9.304661930241907797e+00
7.834882332974287600e+00 3.913792827991907863e+00 7.928877233252638490e+00
7.207171305620244439e+00 3.884546862391430544e+00 7.267858050275791015e+00
7.838483202221450341e+00 3.898212255867580467e+00 8.092563872354997301e+00
8.629033864489522587e-01 4.047251034934920000e+00 7.360468716637082132e+00
4.203561000568069694e+00 4.144299610334287287e+00 6.081068082873983371e+00
5.811070151125868222e+00 3.518083200146382872e+00 4.301567014202284156e+00
6.872459386295602712e+00 4.142919516470406016e+00 7.307870659344795072e+00
7.067619648429630530e+00 4.523759405253810151e+00 8.611659308983771410e+00
9.637919676490465548e+00 2.726509820130997852e+00 1.116721017747302547e+01
7.735861285419124656e+00 4.128178484100988754e+00 8.191201199162271962e+00
5.533147665213585142e+00 4.164921012702512471e+00 1.450569979101286044e+00
9.156401426700588431e+00 7.074702316902267363e+00 7.523083588660114174e+00
7.146187708192543120e+00 4.282462348101663707e+00 6.737608478374788046e-01
6.959940774637884076e+00 4.455422329840675211e+00 1.038197233274159181e+01
7.645001056247600957e+00 4.006646259522288034e+00 6.014499511480384086e+00
7.413933634697750463e+00 4.298156699704350991e+00 2.574236688991623279e+00
7.754016879411537388e+00 4.126780025258439899e+00 8.179801010226144697e+00
8.018972690799987646e+00 4.278359858328481202e+00 5.030134961389571835e-01
7.712887842004695571e+00 4.031694774319729113e+00 7.823118667473147880e+00
7.787943140550620313e+00 3.949697824851226002e+00 8.003395004351830266e+00
8.378828095728504621e+00 4.185697204050629949e+00 8.429221569942981773e+00
3.271878996295682906e+00 4.365189087371682319e+00 7.905568907556107305e+00
4.839564286678672111e+00 4.087538300840344085e+00 3.431377717205190248e+00
5.284660505598917979e+00 4.214757449544446644e+00 5.787565390859928272e+00
5.088963486116788282e+00 4.495842592904505608e+00 4.259854874603029806e+00
6.115787303258575669e+00 4.195081226271705432e+00 4.729968570839398367e+00
7.408470485615051615e+00 3.204650289405663877e+00 7.578488421386063933e+00
6.634018868943542202e+00 5.047567880285564357e+00 6.108975408737866708e+00
7.037707712148698391e+00 4.345360164498573319e+00 1.116126598789044300e+00
6.742942509891705960e+00 3.982682968977766080e+00 1.055127418229029246e+01
7.551686839340883139e+00 4.189598746034707943e+00 8.206372160420503548e+00
8.375468572366699505e+00 4.303580137226350466e+00 9.055539591204762928e+00
8.705337972407459546e+00 4.227509277711180680e+00 9.174163591672003903e+00
8.668724226496486551e+00 4.169945473657152846e+00 8.621395129029966853e+00
6.285469907483974161e+00 3.898745053024888385e+00 6.119760840266309287e+00
6.582079368173612721e+00 4.209470982211869661e+00 3.405158830510426338e+00
7.762408028385307190e+00 4.579862425130798442e+00 6.963728327306716537e+00
5.367580048191616271e+00 1.301258618544205881e+00 8.276317103349647653e+00
7.571487794764399482e+00 4.401273087248129379e+00 2.260321159400935809e+00
8.452428992387361006e+00 4.214845567046098473e+00 8.355597928993477197e+00
4.658574415648756073e+00 4.224530377612207843e+00 4.472232834346543839e+00
4.769744530758817547e+00 4.367474525144797504e+00 5.698555680859827000e+00
5.242343120109033805e+00 4.314039309943540346e+00 4.636914961789388556e+00
5.194159688712000289e+00 4.055763630322886115e+00 3.759707017553384656e+00
7.075553379928273934e+00 4.273326455658512657e+00 7.374097311116644349e+00
7.093768090904026380e+00 4.423537079755384127e+00 7.474123371172542107e+00
7.420798799893940867e+00 4.376024651004962074e+00 2.244518016753659140e+00
7.991151421559331780e+00 4.148974005263751152e+00 7.836058565443927648e+00
7.677427876057332234e-01 4.430800070480705344e+00 8.179371453460593244e+00
1.380688272981359876e+00 4.388811534604104558e+00 7.380283053494750334e+00
4.886527545998630373e+00 5.327773998090347796e+00 8.825175556660799003e+00
5.837133218964927650e+00 4.551208364457338895e+00 6.369708037751402152e+00
3.803007311058088646e+00 5.690769668985224961e+00 7.706835882665278525e+00
8.544257561294912762e+00 3.313751380980102468e+00 6.173742275336805641e+00
7.672187153090428424e+00 4.173922692641786725e+00 8.160893158281057325e+00
9.150429925620835903e+00 4.486477375667031531e+00 -4.585995842668795786e-01
4.751621690171374368e+00 6.139618960235961431e+00 1.118012838683469923e+01
8.391792173983004588e+00 4.240580311134952041e+00 8.422013158848683290e+00
4.927598531891629108e+00 9.352134519074663643e+00 6.739332324642289151e+00
5.045904951936161176e+00 4.528490478567289479e+00 1.127215245059854709e+00
7.063715819973709564e+00 3.934210342883513789e+00 6.482734234748397384e+00
6.204641563253801451e+00 4.535890169000552419e+00 7.210325506146153529e+00
5.940396096626991529e+00 4.414861305822485704e+00 4.456829538275688840e+00
6.607563623874718850e+00 4.434419656391064279e+00 7.022296036423860244e+00
8.022386320558672068e+00 4.373696089143794374e+00 8.265786307785843334e+00
7.357458359308999718e+00 4.524266595306209560e+00 1.780866703097435444e+00
1.224193640254806681e+01 2.723950081505890353e+00 2.261890143535969067e+00
8.855451659903595285e+00 4.074922056172926688e+00 7.015863277090577554e+00
9.192192516912649936e+00 4.409455996663562694e+00 7.282030540744361957e+00
1.300718172049216914e+00 4.635322229352596857e+00 5.164775016060181301e+00
7.203473858473810942e+00 4.294276174149643133e+00 7.470487349157187040e+00
7.024187031902693334e+00 3.083017252880842385e+00 1.318055031103406627e+01
7.874014536828546795e+00 4.620545807558914753e+00 1.529841712813363230e+00
8.344363296617952841e+00 4.389713900274564651e+00 9.191275612576648157e+00
7.840714571859089266e-02 -4.101798006912229372e-02 7.320736092062550604e+00
3.989484941888764347e+00 4.512347760543517161e+00 4.000905372959394413e+00
4.256183613712680724e+00 4.684292206245552315e+00 6.327930716682244494e+00
7.080124051496342830e+00 4.347183662158388806e+00 7.449880522667706728e+00
7.587919125217165828e+00 4.486643477738705421e+00 2.433625207747183605e+00
8.879605908409157422e+00 4.540699196205657096e+00 6.688059902650460131e+00
3.066802243160804409e+00 4.821030585383262235e+00 7.945327408634447863e+00
6.345512160450718753e+00 4.929145665765267914e+00 8.981118119624785123e+00
7.169013367900123335e+00 4.982084413986433091e+00 8.344384472070480285e+00
7.507902834859020658e+00 4.589706173417335222e+00 8.175230866340209346e+00
7.528763807901624361e+00 4.660952619966336030e+00 3.189875934883643627e+00
7.952904863124730106e+00 5.833167022688704684e+00 4.634848547243112904e+00
7.880498384599974315e+00 4.562494589410182932e+00 5.557999710954693029e+00
8.929220156351959758e+00 4.720728718004536084e+00 7.162302388049378576e-01
8.815570355566997307e+00 4.965729815721061868e+00 6.652041958478045025e+00
8.956229223524005079e+00 4.534648156485682868e+00 7.663265283527573857e+00
5.701836105410055922e+00 4.710884731328778940e+00 6.249542716121806230e+00
7.154501414347472554e+00 4.794864449714683730e+00 8.177781555320761342e+00
7.049170679361921543e+00 4.953574986091365595e+00 1.210750544060142708e+00
7.074789040795935513e+00 4.969073645355935653e+00 1.317014447782834274e+00
7.024935264529045043e+00 4.738010737791152671e+00 6.667494202843527340e+00
7.370535754859139033e+00 4.593099971172729390e+00 8.031090062943547991e+00
7.701131157861087928e+00 4.796130867892579808e+00 4.137300079835871003e+00
8.012275616836038949e+00 4.382704008964205755e+00 8.268596970724697570e+00
7.976661387046103613e+00 4.469363147351516297e+00 7.820414920377253942e+00
2.338747309359967996e+00 4.946104425074302036e+00 8.151253754347019154e+00
5.428787365235898221e+00 4.823480146362240539e+00 5.170697060514459764e+00
5.661771087108888878e+00 5.523512344833076959e+00 5.520559781210195638e+00
6.439445102686574884e+00 4.983408389717367548e+00 9.004217833121625603e+00
7.451666828668295217e+00 4.747420945130512493e+00 8.064687055922243886e+00
6.435126291953136679e+00 4.857353610954462830e+00 2.345491719959191368e+00
7.330398479281565294e+00 4.579634379428672908e+00 7.943786129236785953e+00
7.248437828043011955e+00 4.575783427700699235e+00 8.241538956138246164e+00
8.009853293390849061e+00 4.371220492284807690e+00 8.283347550460852915e+00
8.755659173491679326e+00 5.119645383308883524e+00 7.093984169555266561e+00
6.733418898172782718e+00 5.124937524925071486e+00 8.360517092629984326e-01
6.803612697911594509e+00 4.714116411628308967e+00 8.003648947188946039e+00
8.382745664749480241e+00 4.173428182022326460e+00 6.252769658049354362e+00
1.791554264528599782e+00 4.929059885795282980e+00 4.108126163989877178e+00
2.857542932073990016e+00 5.114583517314520655e+00 8.775897476370243311e+00
4.754195119899095268e+00 4.908519186375939647e+00 5.560932985944797124e+00
5.539917702489368878e+00 5.038145748917447264e+00 5.377241691287304448e-01
6.054651192224385525e+00 4.968129400745448621e+00 7.572533169704494860e+00
7.238196154017261241e-01 5.202951814325052382e+00 5.530816689175836132e+00
2.734969821315321958e+00 5.138050782300059183e+00 7.133296189019027622e+00
5.114496277135367031e+00 5.064807335285324896e+00 6.057023615229739200e+00
5.432609885274757744e+00 5.065178279212674717e+00 5.694533565982133005e+00
5.413409650581068711e+00 4.952822960951747788e+00 3.777555134549180238e+00
6.307288976179170170e+00 5.076757504985578429e+00 6.750518632842794631e+00
6.810945829091080483e+00 4.914911830208206212e+00 8.126854370150882190e+00
6.975393734331420958e+00 4.887117778324531869e+00 7.792203726199402603e+00
6.811727526100444408e+00 4.850018063347000030e+00 8.643870425164431381e+00
8.936107758301588433e+00 2.766670967485513444e+00 -6.512130904826177180e-02
7.406250290427997207e+00 4.955392717572177474e+00 6.568399398790745636e+00
5.035221479899022690e+00 5.467233703988616078e+00 9.221869833578054454e+00
5.733419787506684351e+00 4.415099649560853656e+00 5.215994616412610085e+00
5.975454821508400016e+00 5.292635268111833824e+00 9.293416618663206563e+00
7.333207285803967856e+00 5.239118846871522628e+00 1.576028934531034986e+00
6.558793242994491735e+00 5.218566542390474794e+00 8.811327803921484403e+00
7.528367056823652703e+00 5.192806772616611610e+00 4.834329861919847815e+00
7.466064828135433373e+00 5.327241205393562495e+00 5.982885882839829028e-01
7.810057958286908075e+00 4.880906164409513970e+00 7.875229441661009133e+00
5.330106804838772305e+00 5.087753782005624004e+00 5.471875338625714846e+00
1.185548952725654104e+01 -5.328382956902826706e+00 -4.383005993762196795e+00
1.346170774949697613e+00 1.575628264254896393e+01 1.916697823007107360e+01
6.781922354941933406e+00 4.991639564359974912e+00 8.063276951382791324e+00
7.013496862654742259e+00 4.907121603951518196e+00 7.775655568619863622e+00
7.106558040444469704e+00 5.075378955957660310e+00 6.506683802756134227e+00
-2.867225837321195403e+00 8.880078122798252593e+00 1.073488737230431922e-01
7.112676444371882845e+00 4.797136424877641581e+00 8.258484960055385571e+00
6.125526479358970100e+00 7.736177554751663799e+00 1.463405773375134888e+00
5.165245472958509332e+00 5.552118781266003111e+00 7.930828085730479593e+00
5.166086345236365673e+00 5.735775743973240637e+00 8.094554039163432080e+00
5.805633924675568380e+00 5.311054193816053370e+00 4.357220355891030295e+00
7.103785955036320487e+00 4.652329301522043714e+00 8.187150251272196755e+00
5.030843824618442817e+00 5.476396354405806299e+00 9.312141775442750458e+00
5.328279432728454168e+00 5.240328288576519000e+00 5.949466824164670875e+00
6.420214621550242029e+00 5.353522909680794584e+00 6.972248878840758834e+00
6.856110688622015559e+00 4.660311172435372740e+00 9.450403783322769868e+00
7.137273818686011850e+00 5.440095787028726093e+00 7.052827269940221688e-01
1.724163043754514746e+01 1.801263940637158001e+00 2.638645311630555490e+00
7.101255222228862962e+00 5.314462052771123268e+00 7.416671710030381170e+00
7.182448680480940872e+00 5.066079324972458053e+00 6.576144487140640038e+00
7.649999700673742353e+00 5.043152600877954583e+00 7.533533855790111033e+00
8.096308794734826009e+00 5.099802723174084562e+00 7.215727287169157123e+00
8.540444286456487788e+00 5.179176906557732885e+00 8.981362175921285385e+00
1.099762915810779562e+00 5.403432604340377310e+00 5.764821315471657215e+00
2.947918301143705122e+00 5.424965003267214314e+00 7.279829150344853339e+00
5.277730518263036963e+00 5.679228540816203541e+00 8.159677744894446860e+00
5.653122640215803685e+00 5.378103762874808069e+00 4.498071895068550319e+00
6.848228225939295477e+00 4.928837008785871276e+00 7.208554802187804533e+00
7.188896409781103003e+00 5.448104020336569597e+00 1.005151722546840265e+00
7.619994125159553988e+00 5.314986517219860040e+00 6.272096027198466039e-01
1.184624775267804964e+00 5.554851263867053746e+00 6.620548680606582082e+00
5.223629304373928584e+00 5.453328906563025491e+00 3.111485295753266378e+00
5.171925112781842415e+00 5.834833048959579216e+00 8.831741967848188324e+00
5.133315791379724047e+00 5.670129130372442816e+00 7.986162521400542502e+00
4.167601779382015081e+01 -2.159150155676547200e+01 3.432897401834127038e+01
6.897496729685405725e+00 5.816901136539421202e+00 9.924829073940516722e+00
7.002285554980156590e+00 5.546697093600923445e+00 7.499939668845609919e-01
7.305181105175361012e+00 5.388581118769367961e+00 1.283946528068013571e+00
7.857825413700805228e+00 5.039648865917508935e+00 7.846265045236711089e+00
3.624031186474685473e+00 5.660975006316664171e+00 8.025374345892570815e+00
4.006194784803303044e+00 5.591525025564063611e+00 6.276338205664469427e+00
6.368970007872729155e+00 5.607077163153009636e+00 7.298748040179695806e+00
-2.823335317086010576e+01 3.308316953000961291e+01 -3.248830570023720554e+01
6.773150832933527710e+00 5.287781851514525400e+00 7.930389701932627489e+00
7.977815800520890122e+00 6.324253740577463923e+00 4.666296790730630306e+00
7.691241916041978044e+00 5.461696873590426549e+00 9.386423620309697347e-01
7.575440990956858300e+00 5.703167233530436420e+00 5.234207069377230681e+00
1.740123117039984457e-01 1.121350364134929656e+01 7.924230821766894195e+00
6.680006751018170874e+00 4.971997170111781550e+00 6.283609947390646155e+00
2.491491024945213795e+00 5.686666777799045391e+00 7.361917529303550367e+00
5.243805374762875005e+00 5.728906331351494075e+00 8.181423840718021978e+00
6.128654668275379969e+00 5.749625397654625658e+00 5.639286448348228120e+00
6.292140593401520654e+00 5.782590083031948325e+00 5.756410323250056749e+00
6.551099606232724248e+00 5.789957100307217885e+00 5.239455627299360430e+00
8.885077929330396529e+00 5.744985603860341072e+00 7.906908037710499437e-01
1.021874289774188682e+01 5.565724922097583516e-01 9.778738293596822118e+00
6.029743679741658369e+00 5.931558298549607144e+00 7.762939522203621268e-01
6.345128407412658156e+00 5.734210574777316438e+00 7.145774477819931469e+00
6.836622926484296592e+00 5.884922321830022618e+00 9.796105717437165739e-01
6.835909989740773796e+00 6.604513664679676488e+00 1.179170815668082684e+00
8.541486175045768903e+00 7.612043639926658223e+00 1.554202584296338618e-01
7.384141400916060860e+00 5.917629741542835831e+00 4.532319133799148858e+00
7.962435876281141134e+00 5.411652012503937570e+00 7.631498426716444961e+00
8.062613627699045438e+00 5.432050274648113408e+00 7.743210107018521526e+00
7.027078564150229800e-01 5.886057726932559575e+00 6.670244339161016001e+00
3.071794243829681470e+00 6.016273906605333011e+00 9.098849329258117180e+00
5.128206791764909234e+00 5.979955915963293123e+00 8.514127388902668514e+00
5.868434611123513278e+00 6.055721357242675573e+00 9.018885285639559157e+00
4.978550736033737323e+00 3.959162255436285527e+00 1.701031944468554880e+00
7.483129122905387121e+00 5.975243003432503919e+00 4.616001488006622466e+00
6.879691854938736917e+00 7.231079680711295588e+00 6.954588781857562907e+00
6.398908152366378665e+00 6.081387508572962730e+00 4.635018697506669838e+00
7.878015708838299602e+00 5.954250895261639087e+00 3.340707338142274718e+00
4.141668995951807375e+00 4.944244979982691746e+00 1.009125490890720656e+01
6.660726159653018286e+00 5.100916426546245219e+00 2.143728147518588312e+00
6.947101614744658704e+00 6.071419583062763081e+00 4.426024221086186650e+00
6.440996709780519858e+00 8.047310273961738147e+00 5.622378216547030405e+00
5.875840246890103202e+00 6.055088407670195849e+00 9.017766587169578685e+00
6.626032916705121067e+00 6.032890042606488201e+00 8.247309610992852313e+00
6.793859011744518561e+00 5.828838069475952288e+00 9.953156219491753331e-01
7.549788684448448528e+00 5.966231904916555528e+00 5.055026166833679113e+00
6.237374879206537548e-01 6.300839463379302785e+00 2.755229556388107959e-01
6.244191449682397810e+00 6.166536173612295002e+00 4.525004026722599271e+00
6.939648417075482634e+00 6.103112059480903184e+00 4.549551637084098488e+00
7.164263939478759724e+00 5.977668680337757223e+00 7.875576090111865213e+00
8.023780223850085491e+00 5.949578567201552204e+00 7.107748147112500803e+00
8.740721260934838810e+00 6.250670912228456721e+00 2.064424853531058091e+00
6.447423122895562742e+00 6.359386078420677713e+00 8.597381990524215478e-01
6.415927812599557356e+00 6.494260701746223496e+00 6.983847574417447746e+00
6.357276163709079775e+00 6.212145058237905637e+00 8.951311367975659294e+00
6.656329944854098457e+00 6.154500787020683816e+00 8.956369933803962624e+00
6.947272392916103101e+00 6.237059035965020648e+00 5.403717043480638971e+00
7.545863434437556805e+00 6.105745188402938339e+00 4.858103621428180752e+00
3.588245145052580298e+00 6.417422263352300149e+00 4.154793273571953938e-01
6.182947752465723923e+00 6.334956370315352636e+00 6.163109942816197950e+00
6.722021474274196606e+00 9.071399680841754076e+00 5.822013735223839248e+00
6.976193079373974593e-01 6.471195223909614214e+00 8.164205398620074661e+00
5.119684942451273812e+00 6.511815289500456849e+00 8.415558475753600831e+00
5.690414185253410473e+00 6.596129288658024059e+00 7.992781624336853241e+00
5.366903713577440449e+00 4.417300796598151891e+00 4.934439215717137728e+00
6.414735147405323801e+00 7.250430863527309810e+00 6.172805459370243497e+00
6.411676133828605906e+00 6.339921995093405371e+00 5.804053848195506404e+00
6.745393361243468888e+00 3.410546012376953762e+00 6.649249003827346627e+00
7.483687480816559656e+00 6.252732988594816632e+00 4.617697891668656851e+00
7.845853208992481953e+00 6.152463811702073571e+00 6.764377879396352711e+00
4.801899865753194163e+00 6.613876075856408576e+00 6.316889726405236161e+00
6.285394339200814251e+00 6.451700759749744662e+00 6.709256851037983083e+00
6.333051571091322884e+00 6.489152366851244302e+00 8.025095233639920167e+00
6.096469309169767037e+00 6.515589057664256778e+00 6.933580625272323772e+00
5.643601428127919206e+00 7.312421493460556476e+00 8.785001301051750033e+00
6.383275249298171694e+00 6.595527165731476238e+00 6.564223148553636200e-01
6.087258945822894063e+00 5.424307043877986345e+00 7.500243916794281596e+00
7.432612406817447059e+00 6.294955661253105461e+00 4.708490348393810976e+00
4.927834474453813840e+00 6.863504432696011293e+00 7.459975104466501250e+00
5.731691640264144461e+00 6.733291853554485229e+00 5.107484781997434498e-01
5.827920756788929069e+00 6.155366894892186025e+00 7.943988474146774337e+00
5.682934477375090054e+00 7.390262407788609877e+00 8.421886483088778519e+00
6.254317133398820339e+00 6.679558191425297053e+00 8.848286533966748246e-01
6.296092404118049046e+00 6.574970205145589830e+00 5.122188338173899069e+00
5.080596895614026387e+00 6.923298593553492530e+00 7.838815169810105843e+00
6.001902473737901644e+00 6.968747177820089789e+00 9.552579111618174634e-01
5.870253230238971831e+00 6.637090888798610422e+00 5.805747798824349104e+00
6.279663615381696928e+00 6.695616054761206470e+00 4.275564718077069060e+00
6.372872588480666067e+00 6.601367708218624841e+00 4.695187545671242191e+00
9.344022955903831473e+00 6.774095556452593314e+00 1.216106594939642127e+00
1.026199492375926781e+00 6.817428900655042590e+00 6.242053919727954536e+00
4.331404302784450877e+00 7.265662748354555056e+00 7.500075502247812054e+00
5.549841070254077913e+00 6.786008369793124828e+00 5.957013536448103608e+00
5.653490581365349321e+00 6.828626211163787652e+00 8.339406197908997953e+00
6.223648898703857846e+00 6.668302394996270088e+00 4.324487618502136144e+00
6.341694183898553661e+00 6.424270879922555189e+00 7.307445676848571381e+00
5.728820976474823468e+00 6.345538290188154740e+00 7.924303023817076408e+00
5.868792709940214181e+00 6.436508729170721033e+00 7.015605517153714388e+00
6.806579975485176348e+00 6.599852239788920549e+00 5.375036546383810787e+00
-2.661144781000203352e+01 3.527537828181439750e+01 3.630298269696572788e+01
1.426556128411469171e+00 6.943745373219040395e+00 7.608304523569527689e+00
1.739965180679013290e+00 7.059871492952400907e+00 8.965910276355117503e+00
4.562120220009638238e+00 6.986066401323343555e+00 6.651254636959314404e+00
6.975357363060895821e+00 7.028804363248370990e+00 9.490168204521575390e+00
7.243568404642554803e+00 6.799827218324829836e+00 3.835454595843023284e+00
4.105798573752971237e+01 -2.190729439843381954e+01 -2.056727504284574337e+01
4.883129661278519107e-01 7.050945696697217713e+00 9.051815528488724283e+00
4.767572675524282211e+00 7.101918884372804719e+00 8.295972991695077070e+00
5.579816015226857218e+00 7.034354856291381353e+00 6.961509028767647322e+00
3.743119669232829239e+00 7.198093181677210239e+00 7.611637440589070991e+00
5.673725649741833799e+00 6.914257078325606543e+00 5.516443334704748125e+00
7.256463381168329008e+00 6.641004622989686190e+00 9.309616584424684760e+00
5.658846392535975767e+00 6.960525336320689149e+00 8.989951260292096791e+00
6.160825263557168974e+00 6.627179444433489053e+00 8.014840292182483950e+00
6.448471310640193188e+00 6.689772297467118101e+00 5.338483192243927533e+00
6.256568730834281666e+00 6.761172905606550820e+00 6.590690978026732871e+00
9.132827910560116891e+00 6.982097390113751523e+00 2.091655268504481580e+00
4.288589156962671289e+00 7.381187995756536502e+00 7.478175962530130505e+00
4.893876425651052742e+00 7.004905942910649941e+00 4.177635123575659470e+00
4.694856838256846743e+00 7.696717109248059074e+00 1.301889600593808760e+00
5.725548832272945532e+00 6.890038590612835634e+00 8.584426053943142065e+00
6.262896627179342701e+00 6.896988190471320834e+00 9.285569933936373976e-01
6.370344454695420211e+00 6.794569477570730598e+00 6.666410941850177352e+00
6.288896908964193955e+00 6.579947477520554422e+00 8.195162825863953060e+00
1.765434904830662344e+00 7.125397303834901663e+00 8.882261068108030955e+00
3.706969418308308395e+00 6.788848894887390628e+00 7.522859319977211356e+00
4.575763175826742746e+00 7.239949433764568454e+00 1.431915370047006864e+00
4.894819483529401438e+00 7.186349249530021410e+00 5.331186623810094671e-01
5.028062291966110209e+00 7.526557348749483012e+00 7.222881862203623271e+00
6.555201480705653339e+00 6.449397205814811684e+00 7.815215414657156190e-01
5.930745658469013470e+00 6.984799631592807145e+00 8.590056149793862117e-01
5.723212859533901131e+00 9.523833658726509555e+00 9.275331524908207115e+00
6.749466247656865647e+00 6.804353370080069574e+00 5.078266509875206225e+00
6.491670194116456294e+00 6.686510686633356570e+00 6.850198096437551065e+00
4.392264715737223213e+00 7.398569824738950196e+00 7.462537400191360248e+00
4.285479498710399682e+00 7.060904480424483154e+00 7.600331232405149962e+00
5.001579528074636904e+00 7.292040396388520307e+00 7.884015785774316498e+00
5.783735886162083339e+00 7.145727459296614903e+00 5.035212018434135572e+00
5.539302578315413506e+00 7.186092576478863236e+00 7.450631896793032283e+00
5.893458595435410174e+00 4.658552067726383861e+00 8.767157310368585144e+00
5.188868502152184092e+00 1.563383144275228176e+00 9.765763627007494563e+00
3.689584280763071877e-01 7.428947502615395493e+00 3.916181995677355254e-01
2.061838092362592967e+00 7.331916575693004035e+00 8.633420320802709824e+00
4.314951295338920190e+00 7.270328665399738988e+00 7.519781870993560879e+00
5.041185784713081652e+00 7.399472004403357062e+00 8.324855725082848323e+00
7.880939344831281446e+00 1.311467551478117954e+01 -8.603461603506168842e+00
6.483907277205035236e+00 7.149514303596859577e+00 8.936336717987524159e-01
6.500368929597617473e+00 7.240823481086708036e+00 9.452032530263663190e-01
7.485917812394272453e+00 7.163925580906913559e+00 6.289799235708919412e+00
5.047152669748983911e+00 7.519982272757648190e+00 8.452403133292271775e+00
6.120000686237658805e+00 7.049235368649310551e+00 7.931211213161363460e+00
5.954706305358490326e+00 7.445986754218010262e+00 3.067800598010980373e+00
5.765403578498964343e+00 7.245250104072642472e+00 5.373117902371808974e+00
6.120747113983176391e+00 7.230149499639722421e+00 4.503720286181210675e+00
1.372814516203667345e+00 7.486314693612908577e+00 8.127938433674858132e+00
4.016422741015573727e+00 7.624545382598714838e+00 1.333140670263060157e+00
5.062141107808664664e+00 7.697197446860609915e+00 6.857952022485289234e+00
5.786807571573351794e+00 7.363514215341701252e+00 6.809663236158242761e+00
4.758726361119100190e+00 7.597355374170029485e+00 6.681212856813727008e+00
3.292184422918413844e+00 7.947541362742580162e+00 1.041781571688989594e+01
6.197993296654257023e+00 7.287817690290156136e+00 6.233746311506710214e+00
6.203060234580501486e+00 7.228572569082031052e+00 8.103488923470401062e+00
7.107971980257724809e+00 7.442471125893271200e+00 4.213328778031846689e+00
1.577340785236076215e+01 9.085575428988324376e+00 -1.278002700714315942e+01
5.038994063359164777e+00 7.805735186380514889e+00 7.065018104429261925e+00
2.008281702547180636e+00 8.830008201993855721e+00 1.022202477775774021e+01
5.100696286006460411e+00 7.720818614494465493e+00 7.111693800542282062e+00
9.138692338440735696e+00 7.250491993977912664e+00 1.390113799547323836e+00
5.195333437922656117e+00 7.539203474833879426e+00 8.423130615602604010e+00
5.173585878594829879e+00 7.728915591368978433e+00 4.615037440510622035e-01
5.281274899776130738e+00 7.794478552002829019e+00 1.771290792999432373e+00
5.607351523603371746e+00 7.507961230473366498e+00 5.411339161429717493e+00
5.313278249268005737e+00 7.590216522855523174e+00 8.218819295295311633e+00
6.284386298567936180e+00 7.525422108501231833e+00 6.272591075267356153e+00
6.280750963672747211e+00 7.573141257763115419e+00 9.038031577029039809e+00
7.045535833609337217e+00 9.293929234860971889e+00 7.700677992500622793e+00
4.629743495071283466e-01 7.935985516015086283e+00 2.252083429765789901e+00
6.612157670551107813e+00 6.419639097410838602e+00 5.797889906732020648e+00
5.059890891919889278e+00 7.859218316738110666e+00 6.767524187079446918e+00
5.148018196972668825e+00 7.523888937876266780e+00 8.470524039819935069e+00
1.152156050813240018e+00 8.231549294037971976e+00 1.095671529818364398e+01
5.224529860222389743e+00 7.614683894266874198e+00 8.432585247281734198e+00
5.108090739436589978e+00 7.673027205646850035e+00 8.645579735700971824e+00
5.934181578275807389e+00 7.554575642646705447e+00 8.961590351850471592e+00
7.474354435121967732e+00 7.463314013439958927e+00 6.418416714366300013e+00
4.007106438637684676e+00 4.938009532418222491e+00 1.080757698571838077e+01
-7.127520818649196954e+00 6.387864007906872033e+00 2.874319464605120444e+01
4.179893710137329244e+00 7.922362698343711429e+00 1.087060758039718689e+00
5.061709897674531611e+00 7.957909144102112364e+00 6.615172366434221018e+00
5.192328261040885629e+00 7.758832227653620350e+00 6.572219966579782913e+00
3.663609309083823540e+00 7.916252537957307212e+00 8.530744682874995988e+00
3.833797165873718438e+00 7.958364585300579108e+00 1.226698633601007948e+00
4.259398108660514382e+00 7.875999780710341014e+00 8.719812318983553467e+00
5.246873450960370278e+00 7.941965470593771670e+00 7.151669000030999257e+00
5.207973330409737756e+00 7.802272520181572801e+00 7.858870086514356146e+00
4.931584642442017241e+01 4.035989478061283364e+01 -6.646843196793003017e+01
6.134342860101206441e+00 5.861680079518057696e+00 8.458716746477977111e+00
4.523516799436131386e-01 8.069561023052436610e+00 6.517901572319207304e+00
8.578438541208670554e-01 8.031808306745022108e+00 6.575137321109860267e+00
1.314167856246211130e+00 7.988435484334029724e+00 6.651426170046956798e+00
1.525481717126513148e+00 8.029016315211848109e+00 6.342875940619646435e+00
5.321262097606818564e+00 7.798450016928102357e+00 6.542903017497556206e+00
5.542018208425737669e+00 7.780974574068300953e+00 8.670592353308638423e+00
6.070059746375026322e+00 8.166334085812325227e+00 2.006424210602164138e+00
-3.713973146894049648e+01 -2.423232711119087668e+01 7.941032602125716267e+01
6.000069490562371044e+00 7.656662740772199882e+00 6.402185641093008250e+00
6.560253831818167569e+00 8.032150441830154364e+00 3.449255187864097572e+00
6.624950088177155472e+00 8.127167626267983280e+00 2.480540169037058540e+00
9.280610992972315287e+00 7.937907174330502968e+00 7.412027618160089482e+00
3.106962730884857971e-01 1.104823695824157959e+01 8.604748203943712426e+00
2.920188542776675611e+00 8.132386240333211447e+00 3.519274306407538244e-01
3.160511286742329062e+00 8.064185269373417952e+00 9.204775873857288460e+00
4.863054805851586337e+00 7.561810160550427540e+00 7.116764366037257261e+00
5.750475273037176649e+00 8.125880134481736405e+00 2.365125937764507302e+00
6.057177605049757219e+00 8.108494758932099700e+00 1.039164396958102365e+00
6.464341629939136524e+00 7.833183251830153182e+00 8.942741414075696227e+00
4.952767879782198346e-01 8.165877068570306818e+00 6.771852107671998411e+00
2.489537012657413229e+00 8.202588024513378429e+00 2.608740987360338992e-01
5.059960700108043774e+00 7.829577891053906669e+00 6.759455482598851539e+00
5.108225008810070022e+00 7.908441274062633752e+00 7.791202005223007987e+00
5.419265467589388763e+00 7.965790400947478034e+00 6.624212340045495750e+00
5.258588193333483929e+00 7.854894982208570298e+00 6.948625619032604561e+00
9.542359012952159603e+00 8.197902581900031294e+00 3.049406371461125254e+00
5.062380785228566715e+00 7.804650727260305842e+00 6.390405720655764732e+00
8.963812098946119633e+00 8.145670911760955590e+00 7.075850198683570014e+00
1.085921069514909076e+00 8.331924772863898099e+00 8.806105012267170906e+00
5.281828987725328162e+00 8.152389354829351120e+00 5.341263151518696795e+00
4.533274347094627399e-01 8.565376670314714502e+00 2.892254609525840348e+00
4.337069592995445255e+00 8.230932503893560792e+00 9.126208692589671045e+00
4.630590771372808057e+00 8.213722466010320744e+00 6.252749247235507291e+00
5.921747395767624766e+00 9.437917276015305390e+00 7.940278268627055880e+00
5.370408502637515014e+00 8.057647428058817951e+00 8.674666247945328479e+00
7.218327191278534727e+00 1.100841273914715046e+01 2.752098745823941872e+00
4.679577764633414461e+00 8.287672581718361187e+00 8.250693234411839327e+00
5.291967844151003852e+00 8.201017259504105539e+00 6.968623775679096966e+00
5.239169088475132519e+00 8.056233380501863550e+00 6.296069999268819828e+00
4.844139209820612635e+00 6.912708365377437048e+00 8.449223738369809666e+00
7.491198999223074750e+00 8.775398406297437504e+00 2.444487855413038702e+00
4.682392464956611766e-01 8.642453450067609566e+00 2.563753088166687899e+00
3.986375562241609050e+00 8.562020497926834395e+00 2.430501582433140406e+00
4.129486319146837836e+00 8.583905169115979561e+00 3.955466608721037058e+00
5.063869675215372901e+00 8.121586742498717371e+00 7.300017624337565181e+00
4.371722187184096775e+00 8.149163558122257456e+00 7.044221315943106632e+00
7.647804121940589006e+00 8.469667262459120494e+00 4.024458398781450619e+00
7.625605212133218735e+00 8.674261672635324771e+00 1.918782187861340471e+00
8.053834761166328349e+00 8.542233072637404945e+00 3.772585529549367767e+00
2.704096580893237345e+00 8.549212031263554223e+00 6.165102219225752300e+00
7.266020175155714078e+00 8.901309248538499475e+00 1.904688899862900131e+00
4.683184547525445218e+00 8.336723375792519874e+00 8.259063408925969796e+00
5.701911935671864384e+00 8.763562299709583669e+00 1.722847430584062423e+00
6.184982022657809608e+00 8.619637442531269400e+00 2.675571908120967901e+00
6.541384109695360216e+00 8.498193329430529630e+00 3.387715544020641456e+00
5.756525867696783649e+00 6.206421797505610627e+00 9.322119906071795192e-01
4.539233279706053281e+00 -1.796404853616774489e+01 6.398680722657401176e+00
5.293260205894641857e+00 8.251740055368385285e+00 6.723899714694944407e+00
5.933891649183014927e+00 8.495382814449992992e+00 4.921064872627595399e+00
6.006714003789042522e+00 8.429246180451592352e+00 7.211139027635031340e+00
6.461530620242200484e+00 8.501389990930652729e+00 7.722685195173365713e+00
7.287502816874699363e+00 9.063772821962556847e+00 2.435339517750573890e+00
4.634013721668130081e+00 8.643046455309901788e+00 7.533799029101357903e+00
5.373658234427072244e+00 9.005570643491534355e+00 1.258539232467963176e+00
5.243909105637133194e+00 8.393563827416704370e+00 8.071809371192946614e+00
5.578908109636640411e+00 8.555519733168248209e+00 9.288300312607402631e+00
6.078820460133034231e+00 9.539711140013292123e+00 2.613026912946249780e+00
7.962219544620432465e+00 8.248090115567167757e+00 1.878870093734556157e+00
6.886208682792317681e+00 9.640326487622338902e+00 2.584563128232052254e+00
2.798736815648478204e-01 9.107369414937606322e+00 3.321375381594401599e+00
7.054460345546427202e-01 8.748020145331626196e+00 3.389434808567032942e+00
4.425679839592275400e+00 8.535694933291116726e+00 8.251710585816454113e+00
2.134335464347830502e+00 8.636628008965786307e+00 9.763571386129624163e-02
5.626212866667133383e+00 8.552444849590921550e+00 7.982573188100278827e+00
6.584633236604570783e+00 7.955598423704676847e+00 7.341064598575293143e-01
7.768126876459550800e+00 8.667185129430468038e+00 7.535530707975023113e+00
9.221420224159350809e+00 8.874574508423332730e+00 1.446130942823346643e+00
1.427368694027186002e+01 3.542143691638605674e+01 8.556784810554682874e-01
2.960745974878554065e+00 8.905674441562128507e+00 3.448598749348230186e+00
3.934719742907900830e+00 8.783097535202328388e+00 3.998379066411493099e+00
4.390488092690628008e+00 8.701672779816890468e+00 6.894257725774747492e+00
4.702637167128647988e+00 8.601744056308559649e+00 7.563613370100974009e+00
5.435743013178423233e+00 9.096529753326338508e+00 1.440831271515758960e+00
5.725631438627392100e+00 8.583156257572722936e+00 6.408283894594335450e+00
5.915954040298318617e+00 8.586012939077527051e+00 8.491316113714916014e+00
6.201652698472712721e+00 7.970959186710926403e+00 9.449236281408568416e+00
6.509222391510849803e+00 8.937029224475432798e+00 2.347078095164673250e+00
5.938133951983934011e+00 8.402660879131056859e+00 7.577227431441709626e+00
6.826973997928051041e+00 7.881085156122312085e+00 1.828863723258300489e+00
1.704641435252381498e+01 6.721968330244862955e+00 1.470144850735090003e+01
4.298247749465181400e+00 8.795142191635044071e+00 6.130134084475185041e+00
5.596245043971630473e+00 8.568612425288401724e+00 6.925538824265158766e+00
4.434878874460825848e+00 1.044844373641148749e+01 8.410114698187191706e+00
5.714983333797436060e+00 9.491256820485576284e+00 9.347136089625953659e+00
9.104635082530677437e+00 1.122754565196510335e+01 3.308735276341074005e+00
-2.188753672632011593e+00 1.123039974605921998e+01 -1.031208469702061770e+01
8.624355604409581488e+00 8.852813011579382163e+00 7.579574837412410560e+00
4.006601666251635052e+00 8.918071710995011614e+00 6.031696433555270076e+00
4.544179597995464448e+00 9.010530078053280434e+00 2.264216592706453923e+00
5.612598588378242326e+00 9.019903639489116998e+00 8.559134837132812423e-01
6.041711008564953467e+00 8.985243358027107163e+00 1.980563890307057928e+00
1.151583525866899294e+01 1.022267324005371592e+01 6.684964117863507749e-01
8.222007247290649690e-02 7.382557919655756251e+00 1.250429947049022061e+01
7.186287906389608793e+00 1.041634722918026412e+01 3.240966080737657684e+00
7.597425598543281033e+00 8.949011783851725355e+00 2.496157997432305820e+00
7.904882752233980625e+00 8.918275481631816604e+00 4.331609487498951694e+00
3.447963145097222570e-01 9.203111919715789568e+00 2.289859685784352283e+00
4.229036570363924774e+00 9.105234747691516972e+00 8.927354426328643067e-01
6.020128505009143538e+00 8.971071865018945601e+00 1.743845080966845762e+00
6.644168797809697935e+00 6.834792327087287234e+00 7.632848518018787942e+00
1.515076979676486602e+01 -1.023568037206094239e+01 1.447858937909189869e+01
6.219988901259046798e+00 8.974773228449679507e+00 4.288436963218003939e+00
6.627296198911908576e+00 9.066224422968161889e+00 7.474745509184602454e+00
4.265835606298008287e+00 4.162252010466682250e+00 6.053844707465994901e+00
9.499178856805110982e+00 9.093034628944009157e+00 6.355194418428896874e+00
1.647123345163128194e+00 1.044334387050419011e+01 3.331628057847765501e+00
3.423988524479902651e+00 9.151250355928905122e+00 9.420754648207644522e+00
3.698914547386902285e+00 9.142889000790335174e+00 4.873692707005878866e+00
4.162306487443102831e+00 9.021952367133938111e+00 7.405973406315727203e+00
1.951087202598125003e+01 1.006669791738077535e+01 1.724631313940606248e+01
5.362885477308747539e+00 8.963561653334647161e+00 1.241990206953129228e+00
-4.194204153902983734e+00 2.847066442121018781e+01 -3.117565907157274996e+00
6.213318879016525464e+00 9.104959882536615368e+00 2.175242556899914970e+00
4.012020589885454847e+00 6.594662904935516323e+00 6.115516111968674728e+00
9.834057789069694522e+00 1.372147846304304863e+01 -1.391423515213344952e+00
-1.101240766602407106e+01 8.114595562768313286e+00 -2.147700211415192850e+00
7.367323280948175679e+00 9.123451377448608568e+00 2.335303110339492338e+00
7.507512342669664385e+00 9.108560027420855576e+00 2.489652999991834648e+00
8.000351450588311764e+00 9.288043566508640936e+00 3.165514504228993165e+00
4.785067304703504831e+00 9.502647107039210894e+00 7.650248101928545097e+00
4.952688907875537616e+00 9.163589871900388317e+00 1.117016501084978852e+00
5.171597966337327712e+00 9.246240753734555895e+00 4.201742118134351500e+00
5.183925513458947698e+00 8.867101172634356487e+00 1.065223711570404408e+00
5.876139683773702771e+00 9.067515575892894475e+00 1.617385450931722701e+00
7.226408955486634866e+00 9.061436027166765328e+00 2.401715382515960950e+00
1.515215723731932473e-01 8.228159646560117224e+00 2.880033464859069525e+00
4.399594403577847146e+00 9.080266053704928453e+00 8.068988565309286543e+00
4.270099443400124706e+00 9.248423332400317776e+00 9.424534248427994143e+00
5.122580993217940026e+00 9.330610759125200104e+00 4.970217444770593573e+00
6.594395927077011166e+00 9.213080232073458831e+00 7.520450200745822045e+00
6.980889405543821091e+00 9.216334420824091822e+00 3.612143563075183472e+00
7.168078839208113173e+00 9.040244343909179747e+00 2.310817927710929975e+00
5.207747158024287337e+00 1.194680317227813759e+01 4.587404899433464855e-01
3.391763979834131693e+00 9.372613784670436488e+00 7.090413414340462239e+00
5.752778563435107628e+00 9.490615918367243609e+00 8.985852220782589939e+00
3.890094085164719218e+00 8.701859546475674279e+00 6.554162421328165067e+00
5.442238683781180697e+00 9.120331129941444459e+00 6.350420259768032594e+00
6.146325994522054081e+00 9.394991335721410763e+00 5.271936935164942550e-01
6.388711142892148587e+00 9.225265615012212095e+00 5.613186221764863149e+00
8.436435584785876074e+00 9.407405414706778046e+00 3.556614104483137417e+00
2.769900573582503855e-01 9.601756961864223783e+00 2.504519482764543614e+00
4.684072511248225545e+00 9.408746450153646634e+00 1.787990003549451146e+00
6.248316149728557534e+00 9.111223568334365197e+00 2.166410598602364512e+00
6.447598354981518121e+00 9.288104139377320934e+00 2.513302752444394272e+00
9.844769630159028395e+00 7.042408763557311602e+00 4.175272768002094459e+00
7.935533602976686751e+00 9.378800769609195953e+00 3.160569660787998281e+00
8.470155260973497136e+00 9.514307067397091089e+00 8.432112023057307226e+00
1.918817933510696738e+00 1.136788846334580505e+01 9.120955105416094000e+00
2.875699895018847041e+00 9.593589172019845179e+00 4.876312552094936414e+00
4.578395373046060257e+00 8.647455329513620725e+00 7.160412209998514577e+00
5.284560450658325692e+00 9.453548794808328992e+00 3.851032946398876611e+00
6.580275638262947702e+00 9.189131043066380400e+00 7.523114780824443848e+00
7.600143489953904208e+00 9.568564039523714371e+00 1.421141716313273351e+00
7.144299441215307134e+00 8.774207856048350962e+00 1.939789677460630912e+00
8.582829112291781470e+00 9.588344806667294051e+00 2.577398064010517409e+00
-1.009655911386608373e+00 8.105962514046748169e+00 3.752715014908332591e+00
2.147169209688991387e+00 9.723732907224801991e+00 9.348760922522505012e+00
3.852010592744163908e+00 9.456171978996509964e+00 7.209535547531711330e+00
4.414880421636601326e+00 9.404069081817914011e+00 6.698038730006897090e+00
4.497168489925958745e+00 9.510725810676049718e+00 5.111220080152491185e+00
4.958292947041440080e+00 9.488593348363444591e+00 4.722733220974533630e+00
5.224725915652832064e+00 9.423334249202245161e+00 5.188367469725684522e+00
5.277438877828599217e+00 9.339295286763142911e+00 7.330693653063143245e+00
5.836075416918487413e+00 9.307532254350380896e+00 8.160027346655340352e+00
7.857804169743838330e+00 9.544510831046661536e+00 2.008296833194681330e+00
1.785402325594207529e+00 4.661588543224393533e+00 4.795289470798898890e+00
