2.132420487993244240e+00 4.543214809069291704e-02 7.226129092054466518e+00
3.083900172003978035e+00 4.239250174585585534e-02 5.115751641193143406e+00
5.840466158421194542e+00 6.606699551619306388e-02 8.011246900159942896e-01
5.819076164192143352e+00 1.182365044849962299e-01 2.194020647267557411e+00
5.930632713088526131e+00 1.061671839545614560e-01 4.100721741639717921e-01
7.529622425943568231e+00 6.628591653395603245e-02 4.152957861875603562e+00
7.723597538867031709e+00 1.140061005628819901e-01 3.580453080395419985e+00
4.142806122025833204e+00 1.704211679597063822e-01 7.438845818098396734e+00
4.215390401313010571e+00 1.617731883552807615e-01 8.819894871570220118e+00
5.100554842484804396e+00 1.634610524818012611e-01 4.968266635038511403e+00
6.092349776818977602e+00 1.761342606547808276e-01 1.121972572193702611e+00
6.235435303031243492e+00 1.641352291118544082e-01 2.036409908872527819e+00
7.462029342268493792e+00 1.548820545627839218e-01 3.288416346288280501e+00
8.536142604520335908e+00 1.629155586189831861e-01 5.218870411217034544e+00
9.298735706244343646e+00 1.618815495869787291e-01 6.593166652434199193e+00
9.314908086491721306e+00 1.724985675572966171e-01 7.634334537796952702e+00
2.895909710867545783e+00 2.100351003247606929e-01 4.033718897186799879e+00
3.278580107518498821e+00 2.434335968995234301e-01 6.788153293362142904e+00
4.787035805789527032e+00 2.572441126028712777e-01 4.312887346367752173e+00
5.407587236333831981e+00 2.303847237768048561e-01 9.889320376261061529e-01
5.374689757232768095e+00 2.493728791327682326e-01 6.591307025698858624e+00
5.965399908314121369e+00 2.418097831232758899e-01 5.794087831370738684e+00
6.652583290390748694e+00 1.886184019623500241e-01 4.285282689363879849e-02
6.684677101624552087e+00 2.402801934619347990e-01 7.408852522527052287e+00
7.887124842911259037e+00 2.393832642547433776e-01 2.330133325951133205e+00
8.110100048742832968e+00 2.201530508179959100e-01 2.144157474927149920e+00
3.838847798806572342e+00 3.261717626830206163e-01 9.473505318349657589e-01
5.874260488554480020e+00 2.602342286647040259e-01 2.154862868575546653e+00
6.287535726435439898e+00 3.627530510652225981e-01 4.459613813750815225e+00
7.093749824894095113e+00 3.421535265769550804e-01 2.240278019187284642e+00
7.851944177117539780e+00 3.058586846056950970e-01 2.118319665619425862e+00
7.987737064744978355e+00 3.012582664057807946e-01 1.964718757543363559e+00
7.951809346186926142e+00 3.259707801445512754e-01 5.308981515081051761e+00
9.527222623957097625e+00 2.936913749778310434e-01 1.338154239465498385e+00
3.559557366231449471e+00 4.055357603572586900e-01 6.084342624497361740e+00
5.605326096255357271e+00 3.811732316072299342e-01 2.918304824777272710e+00
5.774634851142023351e+00 3.652077816517261821e-01 2.339432646415673833e+00
6.466564814718308796e+00 3.969069492294230450e-01 2.677201566909640285e+00
7.643095814162998991e+00 3.734214710383022551e-01 2.328017498381397488e+00
9.020672421138149488e+00 4.305294012601890152e-01 5.573979740772784908e+00
7.337209420132723148e-02 4.205137135266311388e-01 2.669112963650489334e+00
5.610556066033268507e+00 4.303508043486113932e-01 2.525904428945151547e+00
5.933084836162759501e+00 4.449319197481585997e-01 9.390731733719226426e+00
7.039087031637017766e+00 4.969668130264786043e-01 1.721239708327041207e+00
9.377183579179677153e+00 4.772102344385780182e-01 5.606098519651793843e+00
4.927192184226479865e-01 5.157589560924545902e-01 2.715815945420273270e+00
5.647554156830469907e+00 5.202128198978052120e-01 9.812989422270309348e+00
5.875541492493036699e+00 5.575744184860449426e-01 6.880443530570589772e+00
6.173708565789963743e+00 5.851202923990469484e-01 4.066935003222838851e+00
6.252242412767027524e+00 5.023606005455980572e-01 1.513484898428524295e+00
8.819096655488667835e+00 5.677681816199906528e-01 8.112061920726118203e+00
3.334452444218068745e+00 6.564646767764419355e-01 7.316929837586054752e+00
4.387143218191761562e+00 6.396569172809172255e-01 7.445146221803043973e-01
4.718802293060367248e+00 6.942990726030181525e-01 5.275651861024849509e+00
5.157258058887114416e+00 5.798521842829545969e-01 9.355859930054021945e+00
5.252524630822841267e+00 6.559028568329172693e-01 3.151977399822289083e+00
5.373855523014150926e+00 6.398847921430567132e-01 6.674740944197359305e+00
5.469649108466264842e+00 6.113036884770688406e-01 7.612229635086462665e+00
7.810959102928832998e+00 6.210342437381861647e-01 5.800473917236585564e+00
8.131363843173952333e+00 5.970189894295971911e-01 1.860927400360724793e+00
3.856431394415178016e+00 6.727167063613606057e-01 8.361560510582903838e-01
4.637333557997495248e+00 1.490472792721641904e+00 6.082988813617165036e+00
6.218986496427134192e+00 6.872480104403508872e-01 4.564577879229124058e+00
9.309917314889109008e+00 6.751535517167107647e-01 6.850059228821626434e+00
9.925847807186945815e+00 7.223145949180026504e-01 2.578139151382713656e+00
6.716161588770655833e+00 1.567488819973993086e-02 4.038763613626509930e+00
6.342114607654637304e+00 7.689233623566724685e-01 2.850599335208509721e+00
6.827755332730637505e+00 7.621453869949148530e-01 9.585918828121432256e+00
6.704025106384143839e+00 -4.719340640161969747e-01 7.071463518224449629e+00
9.191303555321749030e+00 7.805658099202179567e-01 3.311336814870724954e+00
1.178440555495684272e+00 8.872994211638870476e-01 5.908052828694568603e+00
4.600790979482431098e+00 8.934387241435310933e-01 3.698902511594691855e+00
4.643873329921270887e+00 9.270346476857956874e-01 6.262773252431287574e+00
4.893261058255713003e+00 8.867824907757164699e-01 5.760446126657416066e+00
4.869459326738248883e+00 8.932368211434541516e-01 5.737454649523147765e+00
6.074526481686484125e+00 8.534520603914198533e-01 4.864020623246459785e+00
6.156043935501450903e+00 8.680821679437633609e-01 5.158258707633016193e+00
6.282138086457388582e+00 7.932423523185098135e-01 2.902274183906501825e+00
6.354178315654964493e+00 8.675926332737998736e-01 9.727118792401196146e+00
9.873178881343346092e+00 8.778225169513447224e-01 7.313954724108666205e+00
4.712127730212656296e+00 9.340695655937779618e-01 5.758548430820014552e+00
5.580521091554702551e+00 9.420732438892198690e-01 6.765513414889571031e+00
5.792892250222527295e+00 9.265652435609010862e-01 6.997414772350339263e+00
6.668867329127524890e+00 9.127410772244216597e-01 4.042373071060271883e+00
9.908002751694633403e+00 2.249737592650741469e+00 8.365103766652381978e+00
8.511914345470341203e+00 9.348305625546651232e-01 3.162082206462997647e+00
9.126143339464803717e+00 9.611452527749524410e-01 4.806145850712589151e+00
9.728746406579238837e+00 9.591538355804777316e-01 4.720073498211537100e+00
4.489093220513966642e+00 9.926667971422651338e-01 6.021153967218661585e+00
4.796012400135877485e+00 1.039113565907126890e+00 6.390851636368855893e+00
8.169046043989693473e+00 9.863427245617587547e-01 3.456425858575734589e-01
8.246836723652924306e+00 1.007588888597367394e+00 7.365265944396388598e+00
9.281370258947390539e+00 1.058174610908283242e+00 8.152983177255741509e+00
3.751400042305994997e+00 1.066910875159062355e+00 5.908671299407010302e+00
4.562666740372571361e+00 1.130846855457891875e+00 6.935623145376689891e+00
4.851761308144554974e+00 1.119095410272627600e+00 5.253069836551348182e+00
7.472381353196322351e+00 1.106738838899504085e+00 5.909704816883040834e+00
4.067599904198729632e+00 1.151577921422812789e+00 1.904002468749063315e+00
4.779313013967285251e+00 1.151021007319094736e+00 3.582573436415769308e+00
4.802928055889194248e+00 1.137277794865909630e+00 5.188550521402033766e+00
5.497134214162977095e+00 1.170504267166781354e+00 6.822108381251328346e+00
5.486588804319826096e+00 1.152092115370244585e+00 3.406338392690657635e+00
6.299518665173518883e+00 1.182485242083371357e+00 1.291779729754231276e+00
6.283994852187152702e+00 1.198371608213422146e+00 7.687126568986467845e+00
7.569285871353124584e+00 1.211093026471641521e+00 7.011742340347468350e+00
8.877095339367912175e+00 1.125339529831782981e+00 1.618992274794287312e+00
9.821075709715259450e+00 1.149321542913223748e+00 3.615904700273756323e+00
5.663087827771652982e+00 1.259963956181728184e+00 5.066397622870308481e+00
8.071267430442849999e+00 1.248199945732130001e+00 1.820818396782171167e-01
1.763597473550802652e+00 1.345554920858079262e+00 9.357116972381476216e+00
5.110603312437110191e+00 1.310886986383929864e+00 5.239213964670138779e+00
6.258187762455186487e+00 1.329244897688938831e+00 5.418809741064920082e+00
9.239808030138798145e+00 1.297210841208545240e+00 4.926651518472185742e+00
9.790006568378874618e+00 1.362143232468952636e+00 8.001881230576941562e+00
5.842767156174032195e+00 1.365484638670709572e+00 4.652863894470116612e+00
8.676861284808257579e+00 1.353317916049930014e+00 1.939044145829386667e-01
8.436656936754471925e-02 1.500872970837624276e+00 3.876271125819319430e+00
4.495115535266000606e+00 1.838683416307829388e+00 3.740029689849015515e+00
6.218639769666273409e+00 1.443896834474007740e+00 6.270063696799859088e-01
6.204011877849288759e+00 1.514477901155662831e+00 6.332429461784359503e+00
6.902670821678244195e+00 1.521414492615005276e+00 5.942050795613894820e+00
7.007188377756129682e+00 1.473184354042584632e+00 3.199515318786787521e+00
7.125250723331753022e+00 1.467896028396035391e+00 3.042272173500906618e+00
7.612488833996559734e+00 1.464441333452264793e+00 6.102524775202955887e+00
8.408181604327733538e+00 1.507940873505739798e+00 7.244261902096855721e+00
8.787145766273402714e+00 1.512933437920769064e+00 7.171992641782818367e+00
9.724249922991690553e+00 1.499290819790223939e+00 7.231243671215796809e+00
4.273523540632667483e+00 1.579815775546176138e+00 7.120293905619103469e+00
4.652170872245574351e+00 1.589275965844648697e+00 2.563525756961924973e+00
4.956102852115416013e+00 1.206204680489142422e+00 2.485714300760390572e+00
5.346800268198001582e+00 1.537718109901336838e+00 7.155008000005373958e+00
5.672661844556962762e+00 1.604036667895419432e+00 8.040768837492258569e+00
6.071598247275680649e+00 1.547369525929592315e+00 7.040959509585201559e+00
6.336265713085252216e+00 1.535797421745455749e+00 7.975084473836192345e+00
7.470628675973093102e+00 1.599795479705546253e+00 8.208283546469431258e+00
8.168394159852184089e+00 1.564817908138463665e+00 6.551782042282319196e+00
9.342004878989675021e+00 1.541639846242568002e+00 4.246625767748825275e+00
4.698550595319749945e+00 1.663714076731169778e+00 4.496604826868628280e+00
5.110551739373589086e+00 1.651077782414735129e+00 2.911374032811174573e+00
5.749984735185523554e+00 1.654060293978968588e+00 5.800172928211563494e+00
5.898186997805956011e+00 1.632846317618859899e+00 3.459090910271835462e+00
8.352478432258253704e+00 1.638897311250647526e+00 1.019953221373149477e+00
4.711084710741422654e+00 1.707036732190045036e+00 5.704695630227503145e+00
5.195278922138041544e+00 1.753788603866039741e+00 2.467622768575519210e+00
6.227480888140307869e+00 1.667350143975215415e+00 5.412302659117479209e+00
8.362838411302451647e+00 1.683294356814611259e+00 6.436777209877994288e+00
8.461253161899483288e+00 1.730906702847632816e+00 5.719931409722523341e+00
8.050749327441645287e-01 1.770311178431126953e+00 5.127460312636037187e+00
4.694162342363318530e+00 1.799742932847925747e+00 6.702644926039937445e+00
5.281543519545882859e+00 1.831914194704477250e+00 2.652504460079120996e+00
6.131679891373162938e+00 1.741417935042578247e+00 3.120784287613727948e+00
4.483847301204265889e+00 1.881503825393760376e+00 4.228893083844879719e+00
5.219481672148989837e+00 2.302527819600677539e+00 2.430211081586409527e+00
5.616931968533233288e+00 2.681494415598504766e+00 2.682282528023995027e+00
6.515980983506047153e+00 1.889620890949537557e+00 6.437120629494057056e+00
9.422673662149207985e+00 1.847093348286873660e+00 5.490451732471370860e+00
1.036430182627331043e+01 2.288954927245591353e+00 6.586002001393946870e+00
8.852452103700983344e+00 1.429726472862286712e+00 1.091129882698873033e+01
5.335785237233964473e+00 1.376577681439879797e+00 2.863722147896047066e+00
4.976421849484601978e+00 1.108288317819206892e+00 4.724597046518852039e+00
9.381193962604930547e+00 1.953385258849696271e+00 3.025569320732155898e+00
9.596280086755509586e+00 1.920017027037260293e+00 8.199761666869351373e+00
9.881691021108920836e+00 1.934112754873824169e+00 5.029377262908126589e+00
3.887434373308447988e+00 2.063960806573694740e+00 5.862424081309197454e+00
4.922046809940997747e+00 2.005615742410242319e+00 2.030969461014780375e+00
4.893412443582451310e+00 1.999854391082898974e+00 2.182415459657820023e+00
5.768583152936267666e+00 1.989820251429280429e+00 4.386243971004066822e+00
6.437638180786260378e+00 2.047550473294916351e+00 7.118863621269742481e+00
7.662918556032295214e+00 1.986332924680515699e+00 3.375572632505308590e+00
7.913225817464297762e+00 2.062649439940348550e+00 6.808160608694894478e+00
8.241121050089665445e+00 2.113554894794376526e+00 7.938157236067446831e+00
1.366402172924352953e+00 2.080494039817552210e+00 6.499381838659456179e+00
4.405493223027438177e+00 2.083522325488300186e+00 2.329727837783715838e+00
4.439240382123837314e+00 2.075693398939804091e+00 4.731883104302644583e+00
6.389870310848801083e+00 2.066980214794040371e+00 1.524003513728386938e+00
7.896744711261719729e+00 2.130093399174088908e+00 5.592852338247921828e+00
9.431799469552329285e+00 2.067085020533187212e+00 2.924941548834206539e+00
7.508097018683032586e-02 2.164775506121688231e+00 5.483031528202681137e+00
4.998389362498274480e-01 2.135327017117412129e+00 4.669184672437605599e+00
5.465588731377553522e+00 2.171152327414699101e+00 1.477552223557007660e-01
6.324436991284359877e+00 2.174209904298381790e+00 6.972316358711008633e+00
7.711323728665540500e+00 2.214358162229357774e+00 5.009976253924593337e+00
1.260511899073310182e+00 2.263762026327448940e+00 4.849415561166152244e+00
7.997313040369238735e+00 2.243348755196546307e+00 4.902972560461976492e+00
8.134692681240904832e+00 2.239727196834407685e+00 5.809299409755778854e+00
1.415514190383842630e+00 2.367101312825495185e+00 2.246822339688895553e+00
4.914938476993037320e+00 2.310905446634119009e+00 7.896870654001480361e+00
5.157046214473881562e+00 2.305972068624748239e+00 5.504691400600843387e+00
5.221575712130714919e+00 2.304041535867324964e+00 2.870120024082082555e+00
5.398388495076606119e+00 2.331128747423663494e+00 5.834202693629869430e+00
6.249265107701157618e+00 2.343823401424770303e+00 8.068788593382825169e+00
6.503105969130439590e+00 2.313310412099169877e+00 5.972942584050032977e+00
7.629215988574093998e+00 2.373886259571887702e+00 7.679124543605284181e+00
7.878096340949642951e+00 2.290474674689773060e+00 4.680414957283709043e+00
8.234327534247620761e+00 2.423361835445389634e+00 7.775399691326728480e+00
9.132644942261688215e+00 2.355944646389994013e+00 4.428108574123232444e+00
9.365142021623098501e+00 2.349013469578264512e+00 5.476556370794355644e+00
1.531447780503293332e-01 2.391863848314209395e+00 6.852676320631911011e+00
6.451362070724618647e+00 2.447197122833220995e+00 4.864009534014128278e+00
7.038924743545170060e+00 2.424020702509759317e+00 1.105067763399675496e+00
8.532256551141799150e+00 2.374640043501274445e+00 5.520614719505486434e+00
3.795655562713384779e-01 2.526141857219603271e+00 3.779978572335814135e+00
1.545457086507237454e+00 2.512070257245734517e+00 6.723328036710337408e+00
1.638624483054102576e+00 2.498111650519802662e+00 1.899983617825179660e+00
3.606885320041937071e+00 2.467726282634807866e+00 2.302948076680166878e+00
3.910213009204671408e+00 2.451579098289953684e+00 5.561529608057230512e+00
6.115518374723055928e+00 2.471331919331821503e+00 1.658273512270919348e+00
3.051399139138138983e-01 2.565200480562926266e+00 3.728199846972361620e+00
1.476091438395543243e+00 2.480539628643932737e+00 2.317459462537179604e+00
1.577429296891841082e+00 2.544744039029497529e+00 6.654901898218808398e+00
2.249711286910063279e+00 2.590869203734488480e+00 3.709458493425822567e+00
3.621617284116336322e+00 2.529930480134257920e+00 2.854274585854526869e+00
4.796954182961646218e+00 2.547998040270706976e+00 6.183582122252607505e+00
7.209367457528065515e+00 2.631403810776078434e+00 6.718136345697108602e+00
7.549809623911047929e+00 2.585951268374428125e+00 6.799034815901326745e+00
8.142189397160871422e+00 2.553485402817755379e+00 7.677862603257892715e+00
4.498173796580980266e+00 2.639899628387505359e+00 5.881909104024764190e+00
5.984674017101145438e+00 2.647178725396954313e+00 5.929283113787265691e+00
7.125806096465078454e+00 2.652255145468304320e+00 6.506730769809917270e+00
7.319070080329513672e+00 2.720099671170100208e+00 8.506907083320916385e+00
8.531092105061221176e+00 2.684077207636391904e+00 8.149823114955101033e+00
5.790567249566546337e+00 2.739602038425497987e+00 4.461638570344423904e+00
5.985454089739286943e+00 2.718327752283726806e+00 2.300776468140209641e+00
6.275978995322285314e+00 2.706855558496639169e+00 4.743926572958754306e+00
6.480197639479913008e+00 2.715594979027877720e+00 7.876134080129391535e+00
6.834275308066478871e+00 2.742332177225795142e+00 6.181686695500021589e-01
7.031761478472232874e+00 2.768928999250414247e+00 6.856080798151136690e+00
8.772143517393629963e+00 2.770964198302705128e+00 8.298902303620533161e+00
9.788655658922910119e-01 2.796383970373065075e+00 7.326188674878353346e-02
6.116053145247562384e+00 2.774538856910234053e+00 2.527989443249715862e+00
6.619564335561591406e+00 2.845010492033596350e+00 7.058769285492978440e+00
8.076660150998444365e+00 2.794103662236831820e+00 7.918211721873408493e+00
8.459816147792782459e+00 2.856531690429163550e+00 8.319541648279951573e+00
9.579368004452520680e+00 2.795501625122963851e+00 5.335338661048346864e+00
1.790070279735835324e-01 2.831114475601716585e+00 4.692513305995282380e+00
1.168697587425307383e+00 2.894129318033733078e+00 7.060591541820138595e+00
3.267715960453279944e+00 2.860810654613588078e+00 3.735920851067386028e+00
5.051412709920792388e+00 2.830666368786519005e+00 5.060018012760593820e+00
5.617699952065086322e+00 2.897833980780724961e+00 1.940591035191176150e+00
7.575834496127544782e+00 2.907824604516850542e+00 7.945670963376468166e+00
8.718938207253401629e+00 2.895988069757515770e+00 7.839909598537192714e+00
1.241961133195320865e+00 2.999609387774014202e+00 4.812646336863402929e+00
3.194937102653339522e+00 2.958174050630727692e+00 6.871928585345070672e+00
4.292172825205739173e+00 2.968043938899361578e+00 6.334527699012586055e+00
5.519702497893224979e+00 2.936252066091571855e+00 1.891653140077208750e+00
7.500248105599307991e+00 2.945809809319780204e+00 5.060011323026776253e+00
8.920558972394291075e+00 2.923406866793667014e+00 4.830100250255522809e+00
9.011317785807744229e+00 2.917771565880206808e+00 5.101538712198948389e+00
1.074266107013441829e+00 3.028683449232107527e+00 6.648348440438220486e+00
3.812760066241656531e+00 2.996602012327623132e+00 6.155769254460333073e+00
4.524913548347068826e+00 3.053370859782957414e+00 2.857033722535391451e+00
5.474502696131451351e+00 3.005016388041951814e+00 6.223396652333216039e+00
6.699607098081953538e+00 3.035868233280261119e+00 5.660290540944226123e+00
6.983576332616779681e+00 3.075318878995456195e+00 7.542971239220072732e+00
7.093461934152023751e+00 3.107112509291085622e+00 9.032008524239916625e+00
7.237721240708584247e+00 2.994473621956417642e+00 6.822882633097521854e+00
7.629018906853977100e+00 3.047477738654272628e+00 5.318484701547204097e+00
7.710644782821697518e+00 3.025521127290870638e+00 7.106154050454913218e+00
8.506009139400909191e+00 3.066326565482415223e+00 8.419329121409987238e+00
8.835960364195944550e+00 3.050651022041543481e+00 5.681961827690340527e-01
1.021794880322260679e-01 3.060472335812296940e+00 6.825834597192679709e+00
3.289155233823905622e+00 3.093202144722017266e+00 4.550957370151268222e+00
3.872119961220384710e+00 3.058099029292724147e+00 2.812731005849053556e+00
4.020923605938737211e+00 3.066204676275030572e+00 2.861848799936055787e+00
5.092650644778669466e+00 3.070122340117092286e+00 4.443504332736020856e+00
6.324159482143765665e+00 3.122443257419988960e+00 7.692125777078575588e+00
8.480518739115558091e+00 3.138596625083373226e+00 9.264799280784030699e+00
9.278578973415669395e+00 3.139254463110428439e+00 8.685009838211989575e+00
9.564963476562775568e+00 3.112662140404186317e+00 3.796777477526985578e+00
9.737468089908484004e+00 3.070573648425583002e+00 5.246962847824251597e+00
9.683531844458764581e+00 3.041227519292935444e+00 5.324040444082596579e+00
2.970526347085754582e-01 3.146410990320127610e+00 7.318284973163615703e+00
1.524855572090686451e+00 3.215058227989494810e+00 6.306590274608279145e+00
2.446616673067729231e+00 3.157009737594981935e+00 6.480029765489138782e+00
4.607344017122366964e+00 3.177567355812957128e+00 4.143459083803864296e+00
6.579688999430044483e+00 3.186131350058729605e+00 7.148824688967247987e+00
6.792176652541161097e+00 3.221074185912798704e+00 8.482998947659506683e+00
7.752271740833622360e+00 3.202893770526635819e+00 7.933331817525342444e+00
8.058010724283310111e+00 3.286506699389899033e+00 8.501440672218929961e+00
8.434352276852628449e+00 3.203792588048083978e+00 6.106665234087914840e+00
8.751487610002122608e+00 3.233935848237440069e+00 7.116749681891074708e+00
9.717015957250946911e+00 3.202003184545992198e+00 7.928560392586424754e+00
1.326951477552194225e+00 3.221155599416499093e+00 4.862431090652700405e+00
5.163205980830943176e+00 3.212514720290766235e+00 9.765994607281671680e-01
5.413869849005367385e+00 3.263169559253368490e+00 6.415391691646025407e+00
8.904169898068611033e+00 3.221199629136289655e+00 4.624056218538397545e+00
6.715429806038363481e+00 3.354425326779215677e+00 2.444409195177006833e+00
6.983821995779852188e+00 3.358651039164419316e+00 7.027020191130617377e+00
7.212436336196478948e+00 3.338331336111685310e+00 7.532400828600547271e+00
7.431061349262792604e+00 3.397477782775689459e+00 7.664881200600770939e+00
7.953838581638986049e+00 3.357929970010780529e+00 7.050635005360133434e+00
8.226868144416464190e+00 3.345432035707933238e+00 7.221216347458480733e+00
8.262958607756877072e+00 3.355731897147561149e+00 8.386479537399397444e+00
8.647400931611745278e+00 3.320223808060673409e+00 6.560594259957285956e+00
1.513472550474262324e+00 3.455798393233800336e+00 4.191893235504650761e+00
4.731706193111406833e+00 3.411323415810855408e+00 3.712115210007985944e+00
6.715228645427337995e+00 3.441803258904652107e+00 8.768911435920202280e+00
7.582998964707863720e+00 3.451922642882051750e+00 8.071995166080977668e+00
7.669365830748420265e+00 3.434395118289396365e+00 6.002029051550403338e+00
8.449830342914708581e+00 3.386530644499023079e+00 7.195668945241646242e+00
8.826460471333874125e+00 3.420069836952524867e+00 5.203898874529306440e+00
9.539979601548722599e+00 3.429673173903466488e+00 4.726831588152996311e+00
9.538920710547364123e+00 3.372840943796638236e+00 8.170078883679245507e+00
9.816599809064719295e+00 3.466862333187317624e+00 7.322673079181743816e+00
6.393681887961389698e+00 3.510721233805627506e+00 7.872595807173037308e+00
6.746880602398348969e+00 3.610541724750978787e+00 2.872036967155592535e+00
7.984934845409430437e+00 3.477640350955899073e+00 8.604799224617330822e+00
8.358049245637172220e+00 3.456382408285741725e+00 6.192179650412999337e+00
8.833406744013307943e+00 3.429387309630538283e+00 5.116649851112438085e+00
9.151650680808479876e+00 3.502734949255706276e+00 8.383401123839389513e+00
9.577041277080553527e+00 3.486515326777617219e+00 6.167355181674318843e+00
1.219884755331068771e+00 3.559726446596558347e+00 4.955327041373705832e+00
1.416808945162551847e+00 3.551787365335786539e+00 4.100054755093797354e+00
2.280043118027207161e+00 3.581656664377380839e+00 5.040715068122342934e+00
5.014438065928981558e+00 3.519564482523355409e+00 2.143040535426274040e+00
5.731198849617624269e+00 3.618394334691451331e+00 3.654594650223120578e+00
8.146615946245958639e+00 3.580578559852878318e+00 9.039287052209395767e+00
9.686026540608899893e+00 3.554893075321127416e+00 7.382334091726534098e+00
4.134662799849919690e-01 3.643563385903431318e+00 4.992190992991591081e+00
9.000149735170561716e-01 3.623165718660375845e+00 2.046722593254310940e+00
1.528355413601266921e+00 3.653296950634782103e+00 5.661534729336443306e+00
2.001603782085268790e+00 3.642084795100219097e+00 5.800060094037915448e+00
4.151496817583594456e+00 3.676168948292032113e+00 4.623617910655674734e+00
5.136430016719207181e+00 3.669493022879815491e+00 6.220088615565343204e+00
5.553646005435290967e+00 3.676058883028044733e+00 4.624436572629860187e+00
6.683168618591793120e+00 3.650818565833402474e+00 7.345027283376728278e+00
6.679258938497411258e+00 3.510972514456612181e+00 2.854033824008271658e+00
6.871975046332241099e+00 3.906764461599078420e+00 6.951790129945573327e+00
7.089236386983809979e+00 3.658669989962905600e+00 6.817054598143667654e+00
7.228626632798283325e+00 3.697967604208954207e+00 8.967992596823865625e+00
7.416821849084694662e+00 3.703172332504863551e+00 8.646840745041878051e+00
7.723378954361791671e+00 3.661081408224311939e+00 7.971499835352869212e+00
5.319865581124969545e+00 3.712333704364210618e+00 6.923664733034593510e+00
5.653646803469588811e+00 3.697459394172040614e+00 3.066684898440977136e+00
6.345672471048164454e+00 3.746676856993358840e+00 6.420369160046549339e+00
8.115959548637794896e+00 3.737554376453161353e+00 5.218461767337570834e+00
3.486237505325920916e-01 3.771108494883506523e+00 5.324109289579158855e+00
3.781517787765410477e-01 3.781597607410854600e+00 3.562647027602924066e+00
1.985217975224126352e+00 3.831479032072796720e+00 6.725582774286934296e+00
4.294236972290122800e+00 3.782210422169344000e+00 4.088344978182270495e+00
4.747952668506962404e+00 3.779450498878325071e+00 2.387294055327891407e+00
5.107871875552310925e+00 3.825577110522028867e+00 3.399072790055263305e+00
5.819277953192717234e+00 3.746702162082883536e+00 3.763717258021227696e+00
6.698849230998212612e+00 3.556238492066832180e+00 6.956123781062197864e+00
6.861876815565641330e+00 3.828895343166810683e+00 9.562429701637832125e+00
7.050959823127411319e+00 3.802016240481449039e+00 6.864631917231602820e-01
7.717078099490320753e+00 3.801440703176965918e+00 1.378466670399939975e+00
7.799133759325473036e+00 3.805785754471476601e+00 6.742531884094479899e+00
8.021199387557405913e+00 4.078821394569490444e+00 6.646675007474453167e+00
9.574001461862605922e+00 3.786373184509000289e+00 5.020697045906284295e+00
7.909127294545372777e-01 3.872163116919551840e+00 6.611900095006754796e+00
9.016542632033446303e-01 3.860071505900814159e+00 7.189233358828334808e+00
7.518383235740964565e+00 3.912427228507526777e+00 7.462477210109915937e+00
7.228023393956879872e+00 4.351119889934435214e+00 7.373658939138946877e+00
7.885765586720756559e+00 3.508578432294561900e+00 7.810263497672563560e+00
7.925197288183384536e+00 3.939268049513569903e+00 9.865672661532153498e+00
8.137808908769379457e+00 3.891893344287866707e+00 8.083111646243672510e+00
1.097567250709319264e+00 3.916111145215131817e+00 7.010082070497213991e+00
1.768427196951444902e+00 3.940880767542848773e+00 2.492336030651939094e+00
5.001417684477034165e+00 3.941501630264850675e+00 3.451596801919478263e+00
4.974332753511427896e+00 3.981853981088376404e+00 5.365621986790618081e+00
5.751084202239074017e+00 3.959060481970192669e+00 4.686062800751477297e+00
6.853331269770258416e+00 3.999427901347977432e+00 6.577705796962598050e+00
7.759832203511334292e+00 3.449815309742453540e+00 7.797921138972871091e+00
7.872315972686606322e+00 3.913785355984325420e+00 8.347044115828056832e+00
7.936945074191482874e+00 3.934432810922143808e+00 7.021316783744495638e+00
8.295807147239804280e+00 3.926049846287696710e+00 8.181377795443317780e+00
4.894233634778635267e-01 4.031276090508800536e+00 7.541819694473450575e+00
3.807557903523983711e+00 4.067681574477030715e+00 6.125112831702967497e+00
4.821311627840916714e+00 4.051240987804693994e+00 5.496546183074801917e+00
6.483989750787559458e+00 4.072678208794960675e+00 7.538357716001311104e+00
7.285251315670707939e+00 4.062884390245367960e+00 9.480327068422614190e+00
7.871890597889385610e+00 3.979861082653449955e+00 9.827933797657051329e+00
8.326401163660040794e+00 4.002001430630864220e+00 8.849344277042952456e+00
5.428382027470588511e+00 4.134759531156465329e+00 1.133577899937456834e+00
7.126188999038781446e+00 4.195797933842810856e+00 8.217790436766197359e+00
7.206525112247565978e+00 4.153501835428944133e+00 2.253362225893522641e-01
7.096867500072223223e+00 4.261391966328297976e+00 9.241154246915504800e+00
7.406702485137181213e+00 3.987382850788471877e+00 7.892795880139555464e+00
7.598177109228149817e+00 4.139785346358608287e+00 2.495393105998006344e+00
7.974586543025901975e+00 4.115171422700119486e+00 8.914002575260544958e+00
8.153374268656140345e+00 4.105384557634184084e+00 1.534717513339057537e-01
8.498273927742209466e+00 4.055227527441227942e+00 8.069083873179039301e+00
8.652052091734928396e+00 4.092099196455026622e+00 8.101865531402996368e+00
8.988571123985899192e+00 4.114349584737718502e+00 9.021384340506639177e+00
3.024528335634518061e+00 4.202420195259222169e+00 8.127910557712882067e+00
4.527039415795262478e+00 4.185258049001642000e+00 3.096787900831304174e+00
5.053487401952846625e+00 4.185667596335370888e+00 5.847290039710969722e+00
5.654805321019202857e+00 4.168269387708757989e+00 5.092996720878262273e+00
6.300188678347971027e+00 4.163582759848118542e+00 4.502478051641565671e+00
6.729394806948613805e+00 4.160448921233558472e+00 6.467837656797394530e+00
6.830852002823487368e+00 4.153942960952178964e+00 6.486263558675724461e+00
7.063306939105787663e+00 4.223320909803082834e+00 8.506424714874918358e-01
7.181531125670058024e+00 4.174680668017911600e+00 9.370763394067616048e+00
7.589735106794076813e+00 4.171302817474105140e+00 8.826174925214996136e+00
8.735460411908153588e+00 4.211570181973665505e+00 9.636615822962927069e+00
9.222825758088891490e+00 4.200097111604587319e+00 9.719546072394889435e+00
9.399715558132939464e+00 4.160476726552586157e+00 9.080659823304156220e+00
5.601725216050534861e+00 4.199410629850730992e+00 5.027996729980609203e+00
6.676002495288992478e+00 4.246745555258635285e+00 3.183549645860407562e+00
7.082682333203647929e+00 4.233773620751170697e+00 9.442939768564459158e+00
7.085593773024790210e+00 4.135996346303575599e+00 8.226276284853810239e+00
7.990345482962146306e+00 4.247501033479202270e+00 1.998482707840405048e+00
8.911980849688376338e+00 4.264171399113368288e+00 8.734069964406261377e+00
4.297596160202420634e+00 4.336211874384213516e+00 4.298963301008662086e+00
4.336012636718207247e+00 4.346508974187751839e+00 5.655322557103688474e+00
4.971884150335720065e+00 4.353652610320388305e+00 4.415799010470255581e+00
5.038314941934789459e+00 4.284236581535576960e+00 3.504187834096990084e+00
7.121663571174539520e+00 4.327670562438473922e+00 7.392063949527388544e+00
7.254132396922615911e+00 4.314237383244895696e+00 7.594815183387787272e+00
7.563269262336483223e+00 4.364094381947080770e+00 2.148002312246631185e+00
8.693732499734251107e+00 4.317952380023818648e+00 7.720170404583164725e+00
4.878382449231383200e-01 4.408930580643707131e+00 8.374093767498244745e+00
1.116115346899435590e+00 4.425779116862952556e+00 7.561106791854834697e+00
5.643827078630422989e+00 4.422217422504018280e+00 7.889493607662113384e+00
5.653314819307970751e+00 4.460069647826190753e+00 6.338630696027458988e+00
5.386442639780701924e+00 4.671035241826806406e+00 7.030135570660655198e+00
6.345680431421473422e+00 4.191891145206872338e+00 6.661388481183901256e+00
8.041852081186213752e+00 4.385260607738318939e+00 8.486437430487972833e+00
8.486878472744534108e+00 4.430687504208321137e+00 5.019823911262033533e-01
8.442604914721144382e+00 4.673178810661975824e+00 7.236570791338208686e+00
9.244121662640496950e+00 4.384354380593219247e+00 8.585879695517947496e+00
2.175245856041854164e+00 4.542855809544820822e+00 7.046842417845393669e+00
4.848923710034106271e+00 4.525126509483661685e+00 8.192023026616704895e-01
5.547268108278731624e+00 4.501030019445133590e+00 8.055555410706755737e+00
5.834325141723795127e+00 4.472541039107900573e+00 7.357421494665231876e+00
5.971053671597984724e+00 4.482585177908438467e+00 4.151284720123897820e+00
6.401278412817160479e+00 4.514946088468791530e+00 7.006048725968277324e+00
8.460474923731885255e+00 4.460272095431487394e+00 9.004634613551312228e+00
8.572606999009494189e+00 4.470996154517258070e+00 2.704144024828578630e-01
9.290746658070570874e+00 4.283320957434253451e+00 6.212743669814757119e+00
9.446487639568120542e+00 4.520080635289899007e+00 6.780551411934723660e+00
9.856465612007967891e+00 4.479399185439397080e+00 7.352103361550192062e+00
1.011217657236181289e+00 4.580583056791879493e+00 5.116005651566805312e+00
6.800540692605095749e+00 4.590693956921977126e+00 7.541498889292869379e+00
7.675210253088762258e+00 4.532332075339865263e+00 9.537931356498715374e+00
8.186802214490983332e+00 4.578283656651833233e+00 1.326559013275637078e+00
8.664307385501768266e+00 4.563655119754317369e+00 9.854055132069630574e+00
2.238476048741853131e+00 4.669721348898881352e+00 7.159505512062639632e+00
3.642956075843519770e+00 4.598708118189756000e+00 3.788254301831105675e+00
3.874046120103301405e+00 4.682873044443810251e+00 6.407098736506492642e+00
7.122750830258430810e+00 4.643193903120660160e+00 7.470496812651182594e+00
7.738120096284648142e+00 4.597499541656524080e+00 2.137390668175012554e+00
9.533732033073807344e+00 4.657366168841247323e+00 6.414475289083974019e+00
2.788706026897614265e+00 4.761670758152821037e+00 8.159691421241717535e+00
6.022108829938039420e+00 4.740981955896525157e+00 9.410931991782458539e+00
6.642467060935589807e+00 4.718420801238707440e+00 8.390956246432914156e+00
7.709976316625342108e+00 4.737424414305586140e+00 8.618215201298399464e+00
7.791051482710456000e+00 4.684162092762253593e+00 3.016986305059329521e+00
7.837746510263200683e+00 4.687108656222227943e+00 9.613722436933597848e+00
8.236753665789722234e+00 4.685169508986660070e+00 5.343572747931210287e+00
9.244098982649866514e+00 4.712229737232846993e+00 4.939432626411341953e-01
9.420711703990981789e+00 4.710708371338705902e+00 6.953583707528514957e+00
9.577886574619796534e+00 4.712349190872244797e+00 7.827818152704427490e+00
5.430931779073670640e+00 4.790634774675034180e+00 6.228011587171045527e+00
6.770463017669320571e+00 4.823170881046900504e+00 8.480306741418152328e+00
6.995645833240732969e+00 4.821596703558914676e+00 8.314703369664303567e-01
7.203403577206253239e+00 4.818030775912923502e+00 1.175902203164236770e+00
7.202968792181014379e+00 4.812206928086976809e+00 6.480556138445952463e+00
7.514814888665533488e+00 4.761796225716904196e+00 8.012581314441501235e+00
7.987006300140905068e+00 4.791150605821678177e+00 3.897045218095501973e+00
8.529521742849293986e+00 4.747059959555119946e+00 8.789129049345081768e+00
8.566690102936831863e+00 4.760114710541338390e+00 7.849654975849335692e+00
2.018436754206578865e+00 4.907255319592420229e+00 8.371147447352571547e+00
5.144361014542896626e+00 4.883275506552624101e+00 4.892269325594870821e+00
5.742945674426191971e+00 4.898214744206803140e+00 5.241080428827507021e+00
6.300614190187509678e+00 4.911224815427920554e+00 9.651201780782429296e+00
6.831759597637257819e+00 4.876541302653533805e+00 9.048378104114791043e+00
6.896094145694559252e+00 4.929271229129629894e+00 1.727953785133847564e+00
7.517278563193682039e+00 4.826111138237997089e+00 8.610286893587312917e+00
7.859263174909986382e+00 4.845389619084413013e+00 8.396738041764656657e+00
8.640621183333420774e+00 4.826703552581221857e+00 8.466288528721822360e+00
9.036065493321395081e+00 4.936437323740573646e+00 6.532223021523845929e+00
6.586612868129975595e+00 5.000224945338354487e+00 4.262867047885017247e-01
6.794085536928882618e+00 4.881853274651941632e+00 8.529161888960615556e+00
9.005439628121743922e+00 4.857399333089833071e+00 6.463509158835158530e+00
1.538439848810028598e+00 4.997784230381290271e+00 3.951277692530368313e+00
2.587733459693771110e+00 5.053989171200783836e+00 9.064070561631922374e+00
4.328316527750319942e+00 4.997413839475156827e+00 5.433934305172805068e+00
5.393442993187944623e+00 5.005489251749324353e+00 1.915723454360920841e-01
5.751058271641726449e+00 5.000072226128667197e+00 7.776401519381303196e+00
9.267877964782981204e-01 5.099569029074999094e+00 5.088666821669399098e+00
2.413260628920034456e+00 5.148147517516630245e+00 7.189527543681000665e+00
4.710490622090842017e+00 5.090062904119060150e+00 6.128952921662643938e+00
5.174712503295953780e+00 5.122897773648902309e+00 5.362056302741533109e+00
5.255676081968130298e+00 5.063559959528664223e+00 3.472181951614691009e+00
6.133570602813635197e+00 5.131864544709686449e+00 6.625728410934522472e+00
6.949980178309925094e+00 5.047238258792074106e+00 8.837230687824403574e+00
7.144222806780085477e+00 5.106972204784058889e+00 7.957442276975252859e+00
7.162725594709671739e+00 5.074816062606584133e+00 9.032749290619586091e+00
7.598924192658619070e+00 5.197824556669507601e+00 2.222750010412618549e-01
7.863892752550929011e+00 5.084314601944127432e+00 6.364143093620723945e+00
4.625847008718507958e+00 5.220233255655771565e+00 9.731031839585181586e+00
5.627923816382620181e+00 5.168040054115754067e+00 5.115953384909309065e+00
5.799481445561079695e+00 5.235874004281329874e+00 9.899907126893298326e+00
6.858847357035664949e+00 5.146613055721286578e+00 1.949179516110554955e+00
6.862689154200058539e+00 5.190621316165247023e+00 9.842685396392111485e+00
7.804656526617238299e+00 5.164365737584290628e+00 4.592956158022976965e+00
7.884150839136340849e+00 5.207564018423322949e+00 3.822116457357642716e-01
8.277852943311229339e+00 5.161280557914900591e+00 8.000524767332446885e+00
4.981331429483189410e+00 5.257536981419180577e+00 5.538708952677520614e+00
7.893624365218998129e+00 2.748878314794509059e+00 4.601807689794018330e+00
5.372055929512664640e+00 7.773299289453510674e+00 1.025549146342584805e+01
6.769125258077483664e+00 5.311869404664800953e+00 9.664034607490103568e+00
6.839779639927774824e+00 5.225783645109906672e+00 7.840943921306915421e+00
7.274571820940217926e+00 5.231389978276414610e+00 6.208350895262956470e+00
7.408360586196863551e+00 5.300082738013301764e+00 1.296542307175943209e+00
7.474911820437534438e+00 5.214351187775466023e+00 8.699600209148025343e+00
7.673420609825536864e+00 5.225586929026849070e+00 2.725952064424757015e-01
4.638209220562303337e+00 5.389991030361644064e+00 7.925038837568735950e+00
4.945495462655552288e+00 5.398055853975145979e+00 8.102784198770509150e+00
5.791502331548347371e+00 5.379535713467205937e+00 4.021318836173836786e+00
7.239125709949041365e+00 5.300150496880628559e+00 8.462531399947199162e+00
4.912141518971600895e+00 5.405991743073145450e+00 9.843539222324995563e+00
5.083315321872829529e+00 5.409142712234089601e+00 5.978010291999967585e+00
6.296328268707705789e+00 5.439121615230405382e+00 6.926054356875050999e+00
6.816740242251094983e+00 5.395164895060997168e+00 9.713342577374866949e+00
7.224416854489563278e+00 5.403804858460118155e+00 1.231987924038897148e-01
7.199283718472174520e+00 5.420254565142439418e+00 1.259756666797963609e+00
7.235638298714583527e+00 5.387572748416618040e+00 7.421992388369518245e+00
7.523737054875753394e+00 5.373419772772352943e+00 6.519977974059747439e+00
8.009092922402082593e+00 5.368074497538426471e+00 7.498864798098225037e+00
8.607839751074100931e+00 5.375797722604726658e+00 7.151925792325334541e+00
8.953495092863828830e+00 5.430457650979785278e+00 9.391124289874349884e+00
7.978209847993809056e-01 5.494084123454831214e+00 5.749183902509228616e+00
2.698399483899447837e+00 5.482558103662716675e+00 7.391799814627172616e+00
4.882831233897612755e+00 5.537492563063740825e+00 8.390096454643456880e+00
5.408581338429584662e+00 5.520467441496309746e+00 4.249267270178407330e+00
7.124693110279149089e+00 5.473418824337320743e+00 7.137231960771168282e+00
7.362492757093320961e+00 5.506641145853612862e+00 7.255523767274407732e-01
7.992360306086268906e+00 5.491951563250283108e+00 1.120626797167909305e-01
9.065794080428456470e-01 5.595179375712900693e+00 6.660028453527546688e+00
5.040290840317271481e+00 5.557664622774692198e+00 2.829867352626989074e+00
5.070477374302205575e+00 5.615132941360167607e+00 9.386958375531563092e+00
5.121613572368872269e+00 5.624260910907830535e+00 8.377096017771030745e+00
8.551841962976332923e+00 4.178322536165008927e+00 2.665567838218501961e+00
6.833364735274152224e+00 5.490953981928848648e+00 9.582710503534537239e+00
6.911867730764109652e+00 5.576443274140042483e+00 2.162244807334985919e-01
7.683095745102821894e+00 5.556713528035293947e+00 1.163354307344881988e+00
8.336417079863474910e+00 5.498503741065413841e+00 8.203810187862718095e+00
3.295121936667466667e+00 5.632209793955026633e+00 8.234031315581882282e+00
3.628703807916307866e+00 5.642994027566706094e+00 6.237777895858993560e+00
6.222438664787070195e+00 5.687131808896179308e+00 7.511215282064787502e+00
4.721899120332642141e+00 7.171592122526967650e+00 -9.920228476015162666e-01
6.723259060991589209e+00 5.597155557737817588e+00 8.206660714350448416e+00
7.774324719438192588e+00 5.840834262472264449e+00 5.234421829640059087e+00
8.072139001030723904e+00 5.612125823169449745e+00 7.283076287404067761e-01
8.064966766139139764e+00 5.694931093759061369e+00 5.092818467771678570e+00
4.868837677075220860e+00 5.818969346878475335e+00 9.276322115269625357e+00
7.529616547616214461e+00 5.616906229741396750e+00 5.490821661574466717e+00
2.127458904275239426e+00 5.774241486018242497e+00 7.464109243331922272e+00
4.742117698163250239e+00 5.831826610691404511e+00 8.483922673240119394e+00
5.995079593153017861e+00 5.784946434040518781e+00 5.475571224746598631e+00
6.395226497687317213e+00 5.819581796145545383e+00 5.664394655359551223e+00
6.664028317932436885e+00 5.794612973701246617e+00 5.020997125773808634e+00
9.157772526181116035e+00 5.811415398857771919e+00 5.604962145201589641e-01
4.859617952596388513e+00 5.839770035715097229e+00 9.284690418517774546e+00
5.824931844282380311e+00 5.887505218964404818e+00 4.448740432023668978e-01
6.354510338906771416e+00 5.878002780530289684e+00 7.142871436970700039e+00
6.670219874395329818e+00 5.852558846453169927e+00 5.709615235029249503e-01
6.733439554042176312e+00 5.921777320937034794e+00 1.606124423441232407e+00
6.921738126468418351e+00 5.914012870980893233e+00 7.338270879169738192e-01
7.573501621199874023e+00 5.877009935836380095e+00 4.181782581204135596e+00
8.381644787059979507e+00 5.817976493895303136e+00 7.663943968201848200e+00
8.679195508284225369e+00 5.829338693409797933e+00 7.994113027958478668e+00
3.641960928710054057e-01 5.954588351958143733e+00 6.709352676539458216e+00
2.792333352270190971e+00 6.013750640196034780e+00 9.389244184725304976e+00
4.686618144734748803e+00 5.965542580704573439e+00 8.895314399178744225e+00
5.828111529316871042e+00 5.952652389518779508e+00 9.501708484506622199e+00
6.945926827974618689e+00 5.932684953210999979e+00 7.208224117549321130e-01
7.936730685774218585e+00 5.992063988478066427e+00 4.344796932358940822e+00
5.686123474965214974e+00 6.275805950834775437e+00 8.630945131506679857e+00
6.456923776702974571e+00 6.082502892429467067e+00 4.379667480938740809e+00
8.162191474596580676e+00 6.044193957148660701e+00 3.118437493795622739e+00
5.160651195178576955e+00 5.899036989934790753e+00 9.188278629406845255e+00
6.794580883724027132e+00 6.058283431281020981e+00 1.539060325516107941e+00
7.062350302565743476e+00 6.122797755786285379e+00 3.982049679781138884e+00
5.747709500531061444e+00 6.201173696106630828e+00 5.028151715274544742e+00
5.751792666282684152e+00 6.217368208018159592e+00 9.751620784188276048e+00
6.841598117430100601e+00 6.200530486220602988e+00 8.637627557097042441e+00
6.873967353400666447e+00 6.183102723950034907e+00 4.902597094211030848e-01
7.847049893772088502e+00 6.207779470878022288e+00 5.029967095063110349e+00
4.784021651353058679e-01 6.314959554856793389e+00 1.373392861452909508e-01
6.093461512665345303e+00 6.244384438048694363e+00 4.168436391017833920e+00
7.089225185089646608e+00 6.241358703252732454e+00 4.377279055432381938e+00
7.524166496358340339e+00 6.286925184491943597e+00 8.104656167004538503e+00
8.499238555080054880e+00 6.279989522362274812e+00 7.155173109787325458e+00
9.009270646662459470e+00 6.313916308176620085e+00 1.903757283183222349e+00
6.368751386799328174e+00 6.349864342266671180e+00 5.254035938852770204e-01
6.343352583098237574e+00 6.368413539695516157e+00 7.015333488769066150e+00
6.454078281015172003e+00 6.364499055057309285e+00 9.503311353362960290e+00
6.949944735030454623e+00 6.368364531821548269e+00 9.475518796828140466e+00
7.215843055675644990e+00 6.382875862334825179e+00 5.308192209057366107e+00
8.058584806244727616e+00 6.351774617242266885e+00 4.701405844177659610e+00
3.411024512825882482e+00 6.428132476741760470e+00 1.813903461169039666e-01
6.115848123438119899e+00 6.417839203449644536e+00 6.056242603031971150e+00
6.984841060558871106e+00 7.457009133447494165e+00 5.969847870707290838e+00
4.066928469925787937e-01 6.492892989296938921e+00 8.274972461131204327e+00
4.752295382561964487e+00 6.515914399708720772e+00 8.779657045742395027e+00
5.429799134382160553e+00 6.530051137717133081e+00 8.040543702472682241e+00
5.680774474889129344e+00 6.465228427752998996e+00 5.057338615530069248e+00
6.431309422821275490e+00 6.562036332162884733e+00 6.912577419379767107e+00
6.554771252661942604e+00 6.505143071656805276e+00 5.680576360993184082e+00
6.932775699743887188e+00 5.472206378448521313e+00 6.221084340975684412e+00
7.875383057157188560e+00 6.501517769165889860e+00 4.239188115033169169e+00
8.247983012825290672e+00 6.460260672257756909e+00 6.694763718373007322e+00
4.459933547536191867e+00 6.618269350788025918e+00 6.166966352348248748e+00
6.305327472284097290e+00 6.547474898619547901e+00 6.507426884333884942e+00
6.642849370743688198e+00 6.558349058356880867e+00 8.205356151292992450e+00
5.886545775383953405e+00 6.640365098807884614e+00 6.951626931946339738e+00
6.054201536821597784e+00 6.780848799499688440e+00 8.051897756752364188e+00
6.438429206200907196e+00 6.699275475187238094e+00 1.085740655539800120e-01
6.476061531822027817e+00 6.643964453622340116e+00 6.925886795128138651e+00
7.680361605582320728e+00 6.661009841932569842e+00 4.582238644153223461e+00
4.599491283828903931e+00 6.754210840859313336e+00 7.474573619541686753e+00
5.558852842765076296e+00 6.737119572377997301e+00 6.708299307366102915e-02
5.567344290374107274e+00 6.772334223975184031e+00 8.547665150062567108e+00
5.743652197111721591e+00 6.788831532124332213e+00 8.393926029635037978e+00
6.310074438660273621e+00 6.733733839223679851e+00 6.738403746047624265e-01
6.278803804913588138e+00 6.747042364620549293e+00 4.914041051675955174e+00
4.791309771774366233e+00 6.862659687261763786e+00 7.996458725258182909e+00
5.748845001729351978e+00 6.825978867799971539e+00 7.318366395659309243e-01
5.786274792901425990e+00 6.791103287673331934e+00 5.680648074891951893e+00
6.376740975696646885e+00 6.814233739191804418e+00 3.977513190603667592e+00
6.459392592065913874e+00 6.833562466853518202e+00 4.451219194916742339e+00
9.593785999285799448e+00 6.860672540938072217e+00 1.014932569405053497e+00
7.478371088129297517e-01 6.895164375790353795e+00 6.211204585458224514e+00
3.768195931560140544e+00 6.940768416817404862e+00 7.521736868504454776e+00
5.270737240060204165e+00 6.880941908525405992e+00 5.841989325699332269e+00
5.381698183388711421e+00 6.886909694092325118e+00 8.731172432369385561e+00
6.049047352486339513e+00 6.910975779574756395e+00 3.886127903397732730e+00
6.067044318774151179e+00 6.844013029410949578e+00 8.065400597844190500e+00
6.184935909760875816e+00 6.890212363091014147e+00 8.266765164475124550e+00
6.627977603670540674e+00 6.917873712002202247e+00 8.423553811712856998e+00
7.132910158910640064e+00 6.904248071313271673e+00 5.303851008703233560e+00
7.553946004961742844e+00 6.903353593879923977e+00 7.995662659330191602e+00
1.142656416888506055e+00 7.004236612870651690e+00 7.664615251381816208e+00
1.478943422687843068e+00 6.998427333675018680e+00 9.286189696608417421e+00
4.129466624035422306e+00 6.989606062249329455e+00 6.524203348837237293e+00
6.737404204030456256e+00 6.963247725384150044e+00 8.707710181619871648e+00
7.460747115416887176e+00 6.969114818728963989e+00 3.569579634559358894e+00
7.448684257573168210e+00 6.924460019027374180e+00 7.972409202677312123e+00
2.259352695608143335e-01 7.100713430874105114e+00 9.204303652668659907e+00
4.288528205845426378e+00 7.063110951322992825e+00 8.673702522993583131e+00
5.160302905364009263e+00 7.133732468430288520e+00 7.045099722398715514e+00
5.308458817930924667e+00 7.035718873899407200e+00 9.003459205127866127e+00
5.418219109856988958e+00 7.071993659974062041e+00 5.289620961122027509e+00
5.304760404070549384e+00 7.035678465916441304e+00 9.000344867851140407e+00
5.518961171635424989e+00 7.042864856127042827e+00 9.682085111414791001e+00
5.990719550933069293e+00 6.989293665745506701e+00 8.155815359012223098e+00
6.565593078881469147e+00 7.009215498450271475e+00 5.225741268923771443e+00
6.549698652146679123e+00 7.023898753105794590e+00 6.795504718183598136e+00
9.405551172434641671e+00 7.087704227277357383e+00 1.946539586661706345e+00
3.605375192239511861e+00 7.194363572046731825e+00 7.716761119604495178e+00
4.639496339126868207e+00 7.143086643522973844e+00 3.954783362836942651e+00
5.490598731410488043e+00 7.165530606700913907e+00 8.669902004693703645e-01
5.882209565921311167e+00 7.096275039723121125e+00 9.052198605470715975e+00
6.262791599963836831e+00 7.100459774810477853e+00 7.828213681189620798e-01
6.840041084879779021e+00 7.140561207322026149e+00 6.502423042193598235e+00
6.812368942869754918e+00 7.086295487670470017e+00 8.663977318422283247e+00
1.455546261529137908e+00 7.239913128754864147e+00 8.988273736058919994e+00
3.893445452719100697e+00 7.214750336298447309e+00 7.553341579504198933e+00
4.377964817506424744e+00 7.245519124006504441e+00 1.259274924520498828e+00
4.698200748965284390e+00 7.212365983378303369e+00 2.115922779737089421e-01
5.074669693509271440e+00 7.234590240950511841e+00 7.071745304767331319e+00
5.396356000786106222e+00 7.210431257931251281e+00 8.696360050853723100e-01
5.825585986527257454e+00 7.200337213402573155e+00 3.952010196731384761e-01
5.880033746299889508e+00 7.435928074190163883e+00 9.582706128344796070e+00
7.002476050155761911e+00 7.166938450426209251e+00 4.863523026576899611e+00
6.696281381888511852e+00 7.207688431997132383e+00 6.906317657616566130e+00
3.408138468783258546e+00 7.328679394892543719e+00 7.734580712950327452e+00
3.751898804483033700e+00 7.305830882994662545e+00 7.688884703628612982e+00
4.743738258352592219e+00 7.399062620394293077e+00 8.022609049905621958e+00
5.615994367056896586e+00 7.361016199455177933e+00 4.714339133651321845e+00
5.604360759318548268e+00 7.377165522250601626e+00 7.557091077701285187e+00
5.891545079633326409e+00 7.119297864862461189e+00 9.547380127953331908e+00
6.181106173138251947e+00 5.860585284748370150e+00 2.819745583707980785e+00
2.218871052014330658e-01 7.479831020008445464e+00 2.641056545254402699e-01
1.846954385860880343e+00 7.454929757525686540e+00 8.752724405329569635e+00
4.012804461680278933e+00 7.423767393992647179e+00 7.282318020619729104e+00
4.783165900055407427e+00 7.476615163268590436e+00 8.518761000488773050e+00
6.919894355963116084e+00 8.978168250414807261e+00 -2.133157867926265716e+00
6.567985509808253575e+00 7.398680129501840952e+00 6.246685841910694093e-01
6.805698271903596996e+00 7.441566634446407313e+00 6.821059967950815484e-01
7.879580247012405003e+00 7.414570760811899142e+00 6.237348334079333867e+00
4.538359603870455672e+00 7.569029214741656020e+00 8.898172931265381891e+00
4.495812811568677070e+00 7.553799521063401023e+00 9.855415015865133910e+00
5.867023783506951418e+00 7.533512717495064237e+00 2.887780239510227887e+00
5.800229051487005627e+00 7.527917702903915043e+00 5.201980995871701374e+00
6.100039711555186983e+00 7.530191121115786146e+00 4.251877334697341304e+00
1.083399497336432038e+00 7.612291295377633382e+00 8.217848261832886081e+00
3.776873120538144057e+00 7.623508683371358785e+00 1.188919746213954243e+00
4.843312032426363878e+00 7.632936653152119888e+00 6.725665985821049020e+00
5.930106755612110092e+00 7.607403770730635451e+00 6.823511059038437132e+00
4.209167638898279051e+00 7.660310433336429803e+00 6.480862742763547679e+00
4.464491742493885695e+00 7.673148378392918190e+00 9.625794701607029324e+00
6.348062847326261249e+00 7.688625102719891302e+00 6.205436300199801636e+00
6.427638966004273868e+00 7.620433307227184372e+00 8.329713859428839129e+00
7.326333915256475038e+00 7.687775395874539619e+00 4.068499405153455761e+00
4.359045418699813546e+00 7.918129275026371872e+00 7.592319464661752448e+00
5.180066259599379386e+00 7.791436006063999997e+00 7.291984151875148257e+00
3.498901707145341433e+00 8.157684381262484408e+00 8.676922575192522302e+00
4.581932234204343146e+00 7.857294133767510402e+00 7.286004747050242258e+00
4.904981770939748742e+00 7.896383947447309204e+00 5.881202706513931844e+00
4.940322126783867063e+00 7.831602787637068630e+00 8.899810759939692062e+00
5.059893058434798974e+00 7.855553247477813805e+00 1.035701342125073254e-01
5.102614665547712036e+00 7.858750038776234348e+00 1.616229998620542840e+00
5.406389944805896519e+00 7.805373468459569253e+00 5.139077913073434090e+00
5.424408358988596746e+00 7.824580675420382825e+00 8.404439250156524821e+00
6.573049294128878728e+00 7.766699931380308897e+00 5.999570468445880600e+00
6.568365220445980590e+00 7.798239325225587493e+00 9.550151253923134576e+00
6.959096747709438091e+00 7.850224968105806944e+00 8.328693752905998338e+00
2.846636251702742149e-01 7.948724716225320286e+00 2.121746515861011595e+00
4.627776690983074204e+00 7.579498767257073055e+00 7.598266842100152019e+00
4.616543643492689419e+00 7.934343290183373476e+00 6.504452719934535665e+00
4.744212548574895827e+00 7.883269594813580028e+00 9.065303073487495311e+00
4.899923235846468828e+00 7.888554616753644666e+00 5.864238877789375692e+00
5.279809209535654801e+00 7.876688128312047787e+00 8.855721771029019251e+00
5.272747724553409121e+00 7.886072882827733110e+00 9.153926229668131853e+00
6.092791181944069656e+00 7.849013087427829660e+00 9.463737741695695149e+00
7.831171433705860885e+00 7.852568630403716554e+00 6.450477563646778378e+00
2.010354901850857523e+00 8.025209076174283140e+00 9.942001186613119046e+00
3.770697072074679745e+00 7.847627786026631469e+00 8.658938579283500303e+00
4.022348933079547884e+00 8.023126459749127193e+00 8.155930374132803751e-01
4.985018934201517204e+00 7.999168577960469761e+00 6.132134529243455034e+00
5.532268054993113360e+00 8.012459717459776698e+00 6.522432158609157149e+00
3.234823741333236136e+00 8.056762978896195193e+00 8.743003933931813521e+00
3.538713815028489140e+00 8.103252187889726343e+00 1.059022615982199600e+00
3.899292139525653234e+00 8.055963018324536762e+00 9.105569716885991483e+00
4.995298427783525952e+00 8.018253218614322719e+00 7.229132417380398579e+00
5.297685270113085210e+00 8.086109624755964731e+00 7.990052925994852728e+00
2.009700342134600248e+01 1.857100598193966690e+01 -1.713560903979334071e+01
6.957071565342211272e+00 8.021071829395069130e+00 8.222715943541752281e+00
1.068508794425839237e-01 8.154951177106159577e+00 6.438872406899298184e+00
6.164676775707880196e-01 8.140385616946298697e+00 6.550926665680641747e+00
1.105369198433385769e+00 8.111178550639532858e+00 6.733963957791893051e+00
1.319081756774683312e+00 8.172213709804914572e+00 6.252341379261303622e+00
4.967187567163988682e+00 8.153916619988773817e+00 6.401340680808722539e+00
5.740916616085360857e+00 8.144050540737506338e+00 9.102691109191074048e+00
6.015471037906729990e+00 8.175265691886652419e+00 1.821934960624385980e+00
-7.906850822972131709e+00 -2.350919240084895279e+00 3.011483207901338233e+01
6.238759265416652156e+00 8.123307087195334120e+00 6.332669714417209939e+00
6.617226791989539336e+00 8.153085903334972073e+00 3.338210409702123016e+00
6.702651364267969036e+00 8.130096501208232240e+00 2.347541711824280952e+00
9.617249501436310410e+00 8.120569519198234332e+00 7.531493466596338671e+00
1.854362307955115252e+00 8.186854820006528755e+00 9.947057940062999037e+00
2.799047947059619013e+00 8.213454158087625245e+00 1.563632056308720264e-01
2.885270024900517427e+00 8.194262243078419772e+00 9.499120415194218126e+00
4.803750382183805456e+00 8.167724040323223633e+00 7.145656389160960131e+00
5.571625818508547212e+00 8.209581013832771390e+00 2.277473830909758856e+00
6.063421378721571386e+00 8.235101312594739653e+00 6.863515684745230550e-01
6.783842626530068642e+00 8.195935718945280613e+00 9.303280585925532975e+00
1.990614258515419621e-01 8.328066377073930937e+00 6.899670773719563499e+00
2.276114862647293791e+00 8.297484190535318049e+00 7.519466453372902759e-02
4.575480917037599404e+00 8.248465871439375263e+00 6.704246821794808575e+00
4.873247672902740746e+00 8.256585347784191953e+00 7.972670877165684900e+00
5.479973217041527178e+00 8.290502639918329919e+00 6.429775532049809783e+00
5.479804427194306271e+00 8.247005723631581020e+00 7.039219141182281092e+00
9.830882212935142306e+00 8.301079017363967694e+00 2.930029419517467204e+00
5.002791224673781123e+00 8.361812752813694516e+00 6.224163100297976037e+00
9.249590792665896899e+00 8.383900669082127166e+00 7.110817090538835927e+00
8.380134889900969775e-01 8.481398196204411377e+00 8.932362408643001572e+00
5.118401571163785135e+00 8.471463877633597761e+00 5.090840301296339909e+00
2.522063582341844135e-01 8.559400541551143604e+00 2.848870603812421631e+00
4.112351043701171882e+00 8.518376220880933047e+00 9.575579581935439677e+00
4.243657750650714711e+00 8.508921543596567716e+00 6.006460026257069096e+00
5.236207374971991513e+00 8.511145198699786363e+00 8.542270146144494092e+00
5.330018570607348849e+00 8.516635933937248382e+00 9.182444073804600038e+00
6.533552213238877471e+00 8.558482811872238472e+00 1.591557983060345016e+00
4.335650329557653393e+00 8.587142109681593638e+00 8.701476034048278407e+00
4.742801824613317230e+00 8.609228000630590572e+00 7.120139386242156476e+00
5.221199825565212116e+00 8.560199214980590554e+00 5.927813416252766032e+00
5.254745294667044320e+00 8.605188954082310104e+00 8.389402672519935322e+00
7.777341652541938544e+00 8.652706893153801815e+00 2.518335207202769155e+00
3.060379464489335621e-01 8.708118260680301148e+00 2.384462150558566140e+00
3.753545306407289228e+00 8.707961652697928656e+00 2.309913392330724236e+00
3.969502346885030342e+00 8.707185376706945590e+00 3.793576359206793480e+00
4.551397122699532893e+00 8.674305402343719607e+00 6.970080378591434922e+00
4.695493776802991626e+00 8.677129738106323487e+00 7.291184027432734638e+00
7.831244933225170790e+00 8.665285682212092055e+00 4.001501007810216670e+00
7.911119515189281692e+00 8.696558651491109515e+00 1.506436307656026763e+00
8.352447202304226437e+00 8.699042363661458666e+00 3.714281608562295833e+00
2.409883106890516657e+00 8.742802195500722462e+00 6.114533508440726628e+00
4.420565544234347222e+00 8.768332032784872609e+00 6.956315091009612761e-01
4.551463606083269831e+00 8.761106865793120591e+00 8.501499668367978657e+00
5.526762030833932471e+00 8.806273787669130826e+00 1.614976557908199162e+00
6.041951033119003611e+00 8.783406251084970862e+00 2.665732557769695088e+00
6.557989394390948412e+00 8.746923627242425781e+00 3.357147351059264206e+00
6.657770197349345054e+00 8.736310513268840339e+00 1.629491520285421435e+00
9.745492113959727476e+00 8.787301556123471968e+00 3.568884187852119361e+00
5.291183910599542628e+00 8.828494601385942886e+00 6.631714531073440000e+00
5.933864337340774675e+00 8.811150831566273212e+00 4.770023056126777128e+00
6.254602728749498297e+00 8.787704805628017368e+00 7.206344472110480126e+00
6.816057189299348451e+00 8.825135636968530761e+00 7.927956408427881740e+00
7.770564698773165802e+00 8.895969965158089465e+00 2.169427169417411427e+00
4.180113371160069313e+00 8.942731523692833306e+00 7.642475001525316003e+00
5.172609113410620907e+00 8.927818892635169590e+00 9.331739013052213760e-01
5.449050812646152764e+00 8.856627880065468972e+00 8.448498912657699478e+00
5.508608873350801183e+00 8.894807138598602947e+00 9.755269943204632810e+00
6.423316106657324553e+00 8.932147275580017975e+00 1.382541076061161833e+00
7.521950622116952978e+00 8.947889717451873892e+00 2.142498963764996045e+00
7.856898875429510376e+00 8.971918585794767864e+00 1.981415913826503505e+00
1.198892870684752920e-01 9.008148399920594684e+00 3.425416889925892772e+00
4.393898612285758176e-01 9.021456678732874934e+00 3.305770679317025174e+00
4.022950964019090137e+00 8.958338692368394973e+00 8.539409311939724745e+00
4.568033539395386811e+00 8.984803160938035660e+00 7.486747221423202259e-01
5.923655232299891438e+00 8.942535775537608700e+00 8.086176038870931393e+00
6.301075383113881045e+00 8.989357002794072571e+00 1.167719744721725572e+00
8.042624614966070951e+00 8.974004345727333742e+00 7.639186914899172898e+00
9.454992145580439100e+00 9.008808181778839241e+00 1.264600126260467583e+00
9.592094177009959921e+00 8.956649875204231392e+00 3.593671120797678142e+00
2.743927025545722209e+00 9.077717115202579734e+00 3.327346515337360700e+00
3.672508924431884481e+00 9.046440295332315529e+00 3.872182111422659112e+00
4.016706456308105189e+00 9.079451090793638102e+00 6.796804114517740025e+00
4.600230604195678197e+00 9.034838850315347614e+00 7.751666063433251708e+00
5.368064167760848271e+00 9.121352513051730782e+00 1.128736946605352731e+00
5.896773170672318543e+00 9.042591516365783733e+00 6.247705292275744782e+00
6.142318325649631205e+00 9.013604210232173841e+00 8.835016372531558915e+00
6.226228865916017874e+00 9.043609720713213562e+00 9.867845866915109454e+00
6.417959918469861691e+00 9.080478214154338090e+00 2.321204229136708541e+00
6.439756091879850430e+00 9.085244203640572280e+00 7.583863371551915478e+00
6.967799843880977839e+00 9.160216965620831431e+00 2.336265693203507077e+00
9.455873886393213468e+00 8.706928849645226620e+00 4.403773052065432125e+00
4.083431289078090387e+00 9.160548711251866649e+00 5.982171372446473789e+00
5.729865602276317027e+00 9.092732961437389960e+00 6.999015728053008090e+00
5.671044141588533982e+00 9.147521306458560986e+00 8.234172570333727847e+00
5.988749043715051457e+00 9.144186238503495545e+00 9.744546112319381947e+00
6.628632209007540688e+00 9.194376986925361095e+00 4.675873402373776244e+00
5.949871399820041873e+00 9.520235406067229178e+00 -1.465399627292733320e-01
8.891109215654340758e+00 9.122347653433656944e+00 7.682330728567714928e+00
3.634102888477289017e+00 9.247432475473626567e+00 5.900665334479235469e+00
4.345448883491959791e+00 9.229172231194871401e+00 2.180688033303975537e+00
5.628011796283706403e+00 9.220662819132902754e+00 4.099618549798672573e-01
5.840587496788315569e+00 9.210697859157436440e+00 1.900313097486814762e+00
7.164776585919545582e+00 9.503737587585167290e+00 5.322739983260452057e+00
4.578416436588618410e+00 8.866555254867041214e+00 7.973912696621450635e+00
6.932334898217641594e+00 9.228132852349954618e+00 2.247711481390525456e+00
7.636252391189388256e+00 9.162239038414794479e+00 2.086334711432909828e+00
8.142906273116942373e+00 9.204113061958540953e+00 4.369498702350304242e+00
1.745538314080730680e-01 9.309798802244733551e+00 2.115395577208549316e+00
3.983493158716962412e+00 9.338306430565415539e+00 6.612972389876269341e-01
5.460967747832336627e+00 9.281400855194586796e+00 1.315672964166368031e+00
5.532923666583499767e+00 9.264772607315379105e+00 8.241913845854895726e+00
7.700015285622415995e+00 5.072542735690111826e+00 7.580542617887864765e+00
6.219625871542289630e+00 9.323191342446184748e+00 4.171746542374917155e+00
6.569233650113970313e+00 9.245619136447622566e+00 7.659033980513855866e+00
6.998987709242721067e+00 9.310840149455390957e+00 2.462426964360918902e+00
9.745684806440580772e+00 9.315179063996675168e+00 6.370474310288003927e+00
7.475256556115930096e-01 9.426697549531741771e+00 3.148359548165947874e+00
3.220095885429306470e+00 9.411111625842512041e+00 9.672162107734703085e+00
3.461955164431929965e+00 9.390984527842602958e+00 4.765794614168291865e+00
3.729145536595070531e+00 9.349132674922792319e+00 7.430689077296330325e+00
5.987068738159464942e+00 9.520515367287664787e+00 8.891006137210661464e+00
5.257438706892862967e+00 9.355537380746291376e+00 7.507482214142626731e-01
3.438509138356578454e+00 1.353263602457353443e+01 3.727074539014459731e+00
6.245249517247795090e+00 9.387307727560003201e+00 2.022822993926663759e+00
6.724228602043495151e+00 9.297970270409432914e+00 4.643709820957194090e+00
6.944680237807373757e+00 9.313156425842986863e+00 2.463926701060993540e+00
2.171683218885790190e+00 9.272238328465478574e+00 6.465731486258184724e+00
7.300810258083419768e+00 9.460247496446102744e+00 1.871538232508188848e+00
7.890733234356033243e+00 9.465780381545252808e+00 2.564194083587502782e+00
8.190260534318380081e+00 9.499071584325630369e+00 3.075003502578189885e+00
4.530644219464894817e+00 9.539531989392814992e+00 7.305604413261082897e+00
4.726804183901186285e+00 9.521264128540110505e+00 8.748112042460182147e-01
5.051754287464951254e+00 9.502579486095088512e+00 4.065852232571749880e+00
5.391503566312317197e+00 9.457204678404398379e+00 1.389701354549406798e+00
5.938371733257822527e+00 9.519593715264768718e+00 1.312580184457746935e+00
7.203458868458900710e+00 9.484656016682981416e+00 2.327323642403553716e+00
8.478234731646256961e-01 9.620718835153054371e+00 2.922867765865959200e+00
4.119987433127768384e+00 9.572603697442286119e+00 8.359020863999703010e+00
4.149032184664286582e+00 9.570735394822012410e+00 9.734492055096145791e+00
5.041034647407680147e+00 9.605096289411413579e+00 4.848146226559943983e+00
6.891623143606466328e+00 9.609209054097469505e+00 7.445005817581103358e+00
7.068479790972271637e+00 9.565165412316092741e+00 3.617243778686223266e+00
7.417853973117021660e+00 9.574907354025906869e+00 2.535039675616637123e+00
7.703364274045211069e+00 9.607233858505267676e+00 1.879716234393983720e+00
3.033285521723791067e+00 9.691855507141676540e+00 7.106114703011332523e+00
4.610667658386901735e+00 9.649900691550445941e+00 7.977211862445654944e+00
4.863493023799313697e+00 9.684128229489843420e+00 8.043087343003678669e+00
5.438108487939347313e+00 9.667421115894157424e+00 6.272890270365031995e+00
6.201197854142798782e+00 9.662417501268485864e+00 1.973803781718566630e-01
6.531882404481937243e+00 9.654939852898142050e+00 5.571378437674711748e+00
8.732791139949348747e+00 9.675164120041996441e+00 3.566409789550283094e+00
9.104142614934632172e-02 9.799084239925518247e+00 2.417859086585125272e+00
4.485196886074910516e+00 9.723115633149753023e+00 1.672554966992580106e+00
6.080264897187561246e+00 9.725761975177681151e+00 2.029636925408958792e+00
6.368767162468723875e+00 9.763070645964440075e+00 2.547874061595281958e+00
7.558579921574633431e+00 9.714509383851964941e+00 1.838588728999845490e+00
8.211080680230260498e+00 9.777509573610714710e+00 3.256846265455335399e+00
8.669373131901769725e+00 9.770175431391784571e+00 8.581799611901711700e+00
2.211948800822861050e-01 9.852463060037644382e+00 6.369386789548545202e+00
2.649742500451905958e+00 9.839199515160734322e+00 4.805104523693697338e+00
4.581489704606497071e+00 9.768707821451060980e+00 7.452398635199327437e+00
5.206644637166965239e+00 9.818939304843960159e+00 3.683417830023802075e+00
6.803711335167732521e+00 9.807908462798925697e+00 7.753830338789055254e+00
7.762257006265848247e+00 9.851134602311027777e+00 1.066913945471951175e+00
7.696599663374436240e+00 9.796314906488335694e+00 1.961783993988472918e+00
8.883405974266119998e+00 9.852275645142924532e+00 2.462698237231224496e+00
3.045372273995363699e-01 9.946634734426432090e+00 6.526679917689183874e+00
1.965901464719032710e+00 9.925713902636163155e+00 9.494135015933604649e+00
3.577469834294444873e+00 9.927276781220824020e+00 7.246831378162857717e+00
4.239439430695616906e+00 9.904784156157349528e+00 6.615919878546702826e+00
4.291948083122261615e+00 9.878493285154259951e+00 5.031976945012824665e+00
4.803948871919632602e+00 9.908687880408084681e+00 4.559269368617122176e+00
5.222807472542482010e+00 9.885729399738185208e+00 5.166247769756359354e+00
5.330384069801928248e+00 9.918812467122794629e+00 7.367050205543732133e+00
5.957572446786500997e+00 9.855343178695214590e+00 8.390624624749126070e+00
8.206603269131514722e+00 9.912191330829489999e+00 1.772132672088276184e+00
1.005488025666888330e+00 5.013288965740237302e+00 5.036258125789924378e+00
