2.185253164800867953e+00 1.027488513871972903e-01 7.200782998657973444e+00
3.144568990127015518e+00 1.199816680320139606e-01 5.123454512999304988e+00
5.858004164646520628e+00 1.446872793272195312e-01 8.724744615578527984e-01
5.882350196728676650e+00 4.625106502968621136e-01 2.374184499240900248e+00
5.933429926840188884e+00 1.607534133601514481e-01 5.132887783905057955e-01
7.493796793166454862e+00 1.654583088375877753e-01 4.160279964436509381e+00
7.661587253522843532e+00 2.048468960054249388e-01 3.592812318484837508e+00
4.188899929129293653e+00 2.594524710286264524e-01 7.389145279710707115e+00
4.253343263797564333e+00 2.257861863774477396e-01 8.767194202812362391e+00
5.132203278259407142e+00 3.039211243580787758e-01 4.985636203841930403e+00
6.078722123082487272e+00 2.477217156161118372e-01 1.185409294132808267e+00
6.188108410301127904e+00 2.694764521651569211e-01 2.112014634887880771e+00
7.441654413607539098e+00 2.419300381156418434e-01 3.331610850569129312e+00
8.485945294175646580e+00 2.703552441361337655e-01 5.238283579855551153e+00
9.236791556989270902e+00 2.659673681422015656e-01 6.586734597997571328e+00
9.255822816983849677e+00 2.713367807156176204e-01 7.599464476997599860e+00
2.953657610816725843e+00 2.769425307605392628e-01 4.057756180087654485e+00
3.343091131055540899e+00 3.256861208991783108e-01 6.762508598575609042e+00
4.837895095992484684e+00 3.718638789731323335e-01 4.345440315132533371e+00
5.454135451139890733e+00 2.870161307516847504e-01 1.052883987096079110e+00
5.402418322642929205e+00 4.161785529770066216e-01 6.565840879060464985e+00
5.955877303802124878e+00 3.803189848292706232e-01 5.782772025733107668e+00
6.637548834568822720e+00 2.358739456039770643e-01 1.169513462612487009e-01
6.670180942841743565e+00 3.593543840331857031e-01 7.361382734524710258e+00
7.836259765060491489e+00 3.633087643828519786e-01 2.237841996024538371e+00
7.896537335946996805e+00 3.707041972026421939e-01 2.185122406990799071e+00
3.886395573026408812e+00 4.081377648170746442e-01 9.898589428306692195e-01
5.831471969686313983e+00 1.821362827331190481e-01 2.179019820394616058e+00
6.249091442156142762e+00 5.020338786010259957e-01 4.489654418555490523e+00
7.077257814181580287e+00 4.222446146944270895e-01 2.286898975448873550e+00
7.923346522476489184e+00 3.543774530851941940e-01 2.172970059512866925e+00
7.919319359478663500e+00 3.476343533462670221e-01 2.173967091973057375e+00
7.919437224623048444e+00 4.355180798590022606e-01 5.328425099539466636e+00
9.475426971776901297e+00 3.393718903487169536e-01 1.383777132771138785e+00
3.633314318534379694e+00 4.978058498028923307e-01 6.074282784814638347e+00
5.628343846923494098e+00 4.999189355311919325e-01 2.925705475361973118e+00
5.806228924429122529e+00 3.999158279632898383e-01 2.365949274820934090e+00
6.432769543465047590e+00 5.111222326913045233e-01 2.716344567592362758e+00
7.682772787945056692e+00 4.048857158428598169e-01 2.327819609714004478e+00
8.980355980560032592e+00 5.272674553799182595e-01 5.577694842143742449e+00
1.378009753578989527e-01 4.586738514213579698e-01 2.693510698946973037e+00
5.693438062562474755e+00 4.944817204168758806e-01 2.545250898336758549e+00
5.939185376892659463e+00 5.246542470364674582e-01 9.340354551525491544e+00
7.014122809224622834e+00 5.520396274210762622e-01 1.807652567878788918e+00
9.272045777240679243e+00 5.610509728687114173e-01 5.606733696527592237e+00
5.159709340993307025e-01 5.479655453473381010e-01 2.737886693918940129e+00
5.672332891409581634e+00 5.814125549974989982e-01 9.727474182750363241e+00
5.847386915306357125e+00 7.186662593151231793e-01 6.836926664383913277e+00
6.175130204666659850e+00 6.907994387220189880e-01 4.128734806145875957e+00
6.241434730813945286e+00 5.528760022366452365e-01 1.590983999303041019e+00
8.774001285023814489e+00 6.715467860955079971e-01 8.047403618625372346e+00
3.399022165480111379e+00 7.164724669993716155e-01 7.267129394703485623e+00
4.403946864766888680e+00 6.818778956265427738e-01 8.161165879809638701e-01
4.812812669163461621e+00 8.480354124065901944e-01 5.318775409579744817e+00
5.196181942457721803e+00 6.407480159549906462e-01 9.295791480048459121e+00
5.311197030822637721e+00 7.637390474770668902e-01 3.185160177325351061e+00
5.426670331243223622e+00 7.740430825783767288e-01 6.642253514266633907e+00
5.503800101373596654e+00 7.217155404318182921e-01 7.528663765907289473e+00
7.770579722267407341e+00 7.398335103137738678e-01 5.797837317096824705e+00
8.053841920145062616e+00 5.932851152848752641e-01 1.954484850594654599e+00
3.908812108427453413e+00 6.872460737157635169e-01 9.034365289516290698e-01
2.765686389385694888e+00 2.954722196667400880e+00 7.955009543612767686e+00
6.190194616802231486e+00 7.789750958654488855e-01 4.601546287352683784e+00
9.237409389664264836e+00 7.585302853085377217e-01 6.838345414969788649e+00
9.858821611526293438e+00 7.683703087725438641e-01 2.618089683882256047e+00
8.649124699057139765e+00 -1.192961720864037289e+00 2.162934273023505050e+00
7.027379781984634199e+00 5.258072385888818978e-01 2.274971788628104008e+00
6.804212564005105435e+00 8.355330588612510656e-01 9.515114466217234224e+00
-7.990458368242064902e-01 -6.720466551848570447e+00 3.995797414138015924e+00
9.126360125586838734e+00 8.454969534041010260e-01 3.347731337498509152e+00
1.235764290329051107e+00 9.438380358653860602e-01 5.900536936773896457e+00
4.690202107518043562e+00 1.013221442943751160e+00 3.720281379985345804e+00
4.750099272692923869e+00 1.074309274542283976e+00 6.210784347615311063e+00
5.067875086877045909e+00 9.601687597375754279e-01 5.904146434291308587e+00
4.624799860458957745e+00 1.094200312164982591e+00 5.640098506654023680e+00
6.063501103521358182e+00 9.500296604764565389e-01 4.905827094393003129e+00
6.110186332705838552e+00 9.867912012856048243e-01 5.122692979134996882e+00
5.551688274478120633e+00 1.148430571231612518e+00 3.550103120179729288e+00
6.363633843615581043e+00 9.218859155470161548e-01 9.643025440865997666e+00
9.776670614659149550e+00 9.577433532684214157e-01 7.292436165291989347e+00
4.909502970172538561e+00 1.012610405103414823e+00 5.689478782761598019e+00
5.594693564347496206e+00 1.074019716949698999e+00 6.761073734289678505e+00
5.764587815337645083e+00 1.031002780093528859e+00 6.900517026736245896e+00
6.621127840195511816e+00 9.852956606383379556e-01 4.080766487118763663e+00
1.734046246359106647e+01 8.685436014336289645e+00 1.131766185943062197e+01
8.458694792706744181e+00 9.886593995285117842e-01 3.200734716203558428e+00
9.074586216225771551e+00 1.064290636459217732e+00 4.843988200149091483e+00
9.626619473965602580e+00 1.035235296729901666e+00 4.747448601668265766e+00
4.639994521193230526e+00 1.068066091293455644e+00 6.002398059645611461e+00
4.802291909441173345e+00 1.091153988415591414e+00 6.290547058581806183e+00
8.133000686669939583e+00 1.060759849737624272e+00 3.936238186160759822e-01
8.212175233482968295e+00 1.130840116653818228e+00 7.349304991715585267e+00
9.214678651971791368e+00 1.144723698125559963e+00 8.089181321027702154e+00
3.852167624844460736e+00 1.136012587516923800e+00 5.901818467271380264e+00
4.637826749142866412e+00 1.218396165742213766e+00 6.860083399254646608e+00
5.519817304644529798e+00 8.900313615963049152e-01 5.842264830985413049e+00
7.446587049205403375e+00 1.233454688372960462e+00 5.925130857716927935e+00
4.131399205179462797e+00 1.210026396958059802e+00 1.969712238260074244e+00
4.829898247389675880e+00 1.217059930731968720e+00 3.619386487810266395e+00
4.297064352248304964e+00 1.524584792586376913e+00 4.694995937835193089e+00
5.559662833039507923e+00 1.190741453567779384e+00 6.771136348002479544e+00
5.500449956986386724e+00 1.233088358461766454e+00 3.431795186286382915e+00
6.290783906078086574e+00 1.218753902349521745e+00 1.372769754057774350e+00
6.286457221113263216e+00 1.321192031321478666e+00 7.617968281804216701e+00
7.551222124297550131e+00 1.337637962572675976e+00 6.976604919829910934e+00
8.816684152299732347e+00 1.157487546898307018e+00 1.672250898505349248e+00
9.737030756851819291e+00 1.199071981381905960e+00 3.652544520534260375e+00
5.682588111540027853e+00 1.325839019203927327e+00 5.083987024003773669e+00
8.063280027164518415e+00 1.253299543693886964e+00 2.724879680107426538e-01
1.806055700826975974e+00 1.380157975897554623e+00 9.314984881457004207e+00
5.112078161991112424e+00 1.340725314879636754e+00 5.268810396996586931e+00
6.223500530835444522e+00 1.440261767406370907e+00 5.422189201847019469e+00
9.161228229875382212e+00 1.345961092286117378e+00 4.943098091741211064e+00
9.687299792818265587e+00 1.434790029223718122e+00 7.957186560956658994e+00
5.841764609950887532e+00 1.422554550578496890e+00 4.712693306095743218e+00
8.620567370583909650e+00 1.377111098279178103e+00 2.612924265842577753e-01
1.462967559263191331e-01 1.542700136589976179e+00 3.896702701797795321e+00
4.243830081298931134e+00 2.366093496472832847e+00 4.721879046236296062e+00
6.217705207143282564e+00 1.475878571102705372e+00 7.208359790562650637e-01
6.208847620658182187e+00 1.622873540749145249e+00 6.319295588486708581e+00
6.876040265080442637e+00 1.623124482036872429e+00 5.953701101656573513e+00
6.923227068741688583e+00 1.488290101180594460e+00 3.356150447172858708e+00
7.118942019242288310e+00 1.543100235002547116e+00 2.986767022536466420e+00
7.572336032359737956e+00 1.559118642746395000e+00 6.103481781420661001e+00
8.357531143345273250e+00 1.604899991543665028e+00 7.206677769113769116e+00
8.673644311621528047e+00 1.602505279863768672e+00 7.152978319100890658e+00
9.620662819892762840e+00 1.556181753813372204e+00 7.219532367421633623e+00
4.363270555086287139e+00 1.632297300622306491e+00 7.045901385750376278e+00
4.753408319150415728e+00 1.666228142054740013e+00 2.637968851076808452e+00
5.377613758177243852e+00 8.163543331579572460e-01 1.602095572804359325e+00
5.406432178603673755e+00 1.593041774978106062e+00 7.074866770221152734e+00
5.725538825380226626e+00 1.682416337309159404e+00 7.945884562091752201e+00
6.086246062895584785e+00 1.642208831457939722e+00 6.985612577089591824e+00
6.344024906080649728e+00 1.626696238316586163e+00 7.874918196215563881e+00
7.458048924717146200e+00 1.720840355287558410e+00 8.118164578849427215e+00
8.145925527195242211e+00 1.702642299068702236e+00 6.524363139251372345e+00
9.265078980387441376e+00 1.591742633519202421e+00 4.298407116047903820e+00
4.751991659232359666e+00 1.739633274847143030e+00 4.523198686155438963e+00
5.162113951138708856e+00 1.728866514410390298e+00 2.911722267239712281e+00
5.772468572460982550e+00 1.723489032931384557e+00 5.790808191103194780e+00
5.884597097366400575e+00 1.683706709794100309e+00 3.483516472567837141e+00
8.308745471936417104e+00 1.660956742833467281e+00 1.077986066304304602e+00
4.787671991706071495e+00 1.744695292887700422e+00 5.699420379462612374e+00
5.229359133456532582e+00 1.873202554979502166e+00 2.659107225847064271e+00
6.209003762047659691e+00 1.703018840900708986e+00 5.437709874919264053e+00
8.235784734976302701e+00 1.754157705736579587e+00 6.463812332423080953e+00
8.377902269947069769e+00 1.831706211979160726e+00 5.744189895988855099e+00
8.664306699494809250e-01 1.830942449560873930e+00 5.125936642166479373e+00
4.763230483530191961e+00 1.841763913328668512e+00 6.650067352032463575e+00
5.131305535054359268e+00 1.941154864024610571e+00 2.666438237330650551e+00
6.091349982494810966e+00 1.774245705491267699e+00 3.187400651466152368e+00
4.569078471043999556e+00 1.928388359168148991e+00 4.280101420742526308e+00
5.164244459965432021e+00 3.213330018935978138e+00 2.057693230619187297e+00
6.409813641228920389e+00 4.603696025398364533e+00 2.541018886031939372e-01
6.505836419198022469e+00 1.980660156548899486e+00 6.427630567172659681e+00
9.320473804053719391e+00 1.925962924888185324e+00 5.494094629003745567e+00
1.216081796779759294e+01 3.414477627324652875e+00 1.124571062404413624e+00
6.897079398420494556e+00 4.075045162465329440e-01 1.624668280250418206e+01
5.507637883494550302e+00 4.166976612659551993e-01 3.370308072058497917e+00
4.224799391002859394e+00 -7.187070181563011140e-01 7.224106983413960847e+00
1.017699709994647783e+01 3.688632633374639092e+00 9.166953347548283393e-01
9.496131459176876177e+00 1.984712406252025607e+00 8.157197348488518074e+00
9.761636967949595345e+00 1.984718098656865326e+00 5.059999236205315221e+00
3.990098243937938882e+00 2.126683896153964248e+00 5.845090472997070741e+00
6.043284027177399764e+00 1.076595955421521644e+00 2.750611814792216503e+00
3.875080672106628654e+00 2.982732918819940959e+00 1.712260204218972515e+00
5.771505443401615310e+00 2.034300060242403951e+00 4.431192785607748874e+00
6.413964214984076762e+00 2.193445720039380653e+00 7.010224921476300608e+00
7.606036135493875250e+00 2.018355470138786245e+00 3.429136633161677494e+00
7.857275088224714210e+00 2.165810602819787434e+00 6.797731076941387229e+00
8.173507778582804306e+00 2.288902928186490993e+00 7.846477019797783115e+00
1.437183943631896721e+00 2.160883985638089921e+00 6.490277114094075372e+00
4.502980648444845357e+00 2.108646425964963544e+00 2.407291988498343027e+00
4.526061254123102451e+00 2.109499386634965390e+00 4.746295963394549844e+00
6.366145066565195521e+00 2.111630257802135091e+00 1.610289822967986950e+00
7.875191088456148236e+00 2.216480695056101347e+00 5.637963976022583701e+00
8.494161256518010461e+00 3.822627119207547830e-01 5.141415085471860991e+00
1.555503202811397701e-01 2.201588054337906719e+00 5.475911040607749136e+00
5.734865146189453977e-01 2.179178220319700987e+00 4.687581938788834890e+00
5.484288273729872820e+00 2.195774410206855265e+00 2.347478708750609933e-01
6.401011946725846613e+00 2.215159293599955337e+00 6.983855324390505714e+00
7.721491364340126395e+00 2.291138909164498472e+00 5.040014041548815271e+00
1.311982803663264363e+00 2.314576413910625075e+00 4.864152345165306812e+00
7.881603816159401532e+00 2.313230593333931218e+00 4.934869527519595955e+00
8.058289430090178840e+00 2.296886984117442410e+00 5.807606475829429016e+00
1.187289871175367884e+00 1.949808623970259447e+00 1.749657914686752580e+00
4.986595241644482535e+00 2.363142565214527480e+00 7.815953036197402781e+00
5.213777910298396989e+00 2.350283590012833379e+00 5.535770811630819743e+00
5.250038963549986448e+00 2.288840957456133918e+00 2.905019262451868922e+00
5.429091260008682696e+00 2.379967554328550339e+00 5.818983445974065916e+00
6.308205084487132908e+00 2.445697130410009912e+00 7.962346249936409492e+00
6.498204297952236530e+00 2.377617079926794386e+00 6.000034459094237604e+00
7.627948945415914395e+00 2.526240519368867954e+00 7.625365380404521609e+00
7.845883589903200672e+00 2.330796726093258719e+00 4.822967287034177986e+00
8.071276706980187399e+00 2.708186916029541980e+00 7.732439513640323447e+00
9.049649957712407655e+00 2.402434860361171154e+00 4.496785337297540153e+00
9.261484060653549122e+00 2.406553852084806877e+00 5.484041632097390817e+00
2.311021044365506039e-01 2.440702809422357067e+00 6.831161696068113187e+00
6.410746373318072955e+00 2.515899304020235761e+00 4.901494486312314436e+00
7.003593623789754474e+00 2.456175034633440113e+00 1.179764690489495393e+00
8.438820689565261546e+00 2.427382708949325174e+00 5.556434508194342925e+00
-9.530411440996740258e-02 2.806087253145796101e+00 3.404497223926203020e+00
1.714211538209717611e+00 2.682408875578613738e+00 6.475587779770639152e+00
1.672686698984556575e+00 2.513940094722714402e+00 1.981930472875974569e+00
3.687249999646547316e+00 2.499044667601302727e+00 2.387736640843333369e+00
4.009846708535423687e+00 2.484140974051742390e+00 5.580495201954419393e+00
6.107003413355981181e+00 2.495394985577062741e+00 1.755296758178325423e+00
9.174757041880722275e-01 2.333224821421033823e+00 4.175687943802407709e+00
1.830594398604615591e+00 2.956419270840155988e+00 2.870458104050568338e+00
1.504012769513139558e+00 2.476935939299863776e+00 6.842644090202599116e+00
2.315682048609484234e+00 2.625782089613037051e+00 3.747216582406927898e+00
3.711538380737860798e+00 2.574195020939156642e+00 2.898706028695148262e+00
4.858435630852169673e+00 2.595070398906718534e+00 6.139641172433908167e+00
7.155344567979737391e+00 2.787903214632553972e+00 6.710279917184084120e+00
7.458374367014417139e+00 2.710115317789954403e+00 6.808266019546089787e+00
8.137727932340913739e+00 2.537920385051911865e+00 7.698696018371643746e+00
4.585962566503711813e+00 2.672381637865555604e+00 5.888975962869890779e+00
6.007684670815349293e+00 2.690041492379867449e+00 5.945052878188148426e+00
7.140821356346087612e+00 2.750636265803243496e+00 6.648609857924753008e+00
7.332053809560795443e+00 2.858213468230430543e+00 8.373764412151357917e+00
8.425688439891013459e+00 2.865825328795398974e+00 8.111440653853073002e+00
5.799685698663177291e+00 2.771202977695036651e+00 4.515689708908046107e+00
5.985145218651519272e+00 2.755241202283398305e+00 2.403809827943218291e+00
6.268584395818466604e+00 2.715232784781932196e+00 4.801264992923526265e+00
6.532622999524836160e+00 2.823555806925709177e+00 7.780755125964949670e+00
6.822015131713033753e+00 2.765958223050575704e+00 7.129865173110077059e-01
7.094166834431129054e+00 2.870963379706109375e+00 6.822140769877021782e+00
8.566167311472074886e+00 2.886224933920963132e+00 8.187672197870064394e+00
1.016127865895226634e+00 2.808353074049747988e+00 1.150891968701896195e-01
6.067713688854816212e+00 2.788288485575167286e+00 2.544535381890773884e+00
6.686660644517100849e+00 2.968185009991204382e+00 7.039166758503064614e+00
8.021602669323614876e+00 2.894768597126974985e+00 7.849153036966852071e+00
8.408374064051564289e+00 2.985130361396289178e+00 8.189929041827227252e+00
9.465585443891876949e+00 2.869538604901788581e+00 5.350646615905464643e+00
2.673012670361003540e-01 2.849306651811057023e+00 4.706441217530059618e+00
1.236602424466299865e+00 2.933488521952190453e+00 6.993072611401269789e+00
3.349929664790392447e+00 2.888104003343500814e+00 3.775701993308887783e+00
5.105776939864335340e+00 2.861505489449477135e+00 5.084163874639562763e+00
6.037659837386275541e+00 2.748463197576354045e+00 2.245087155812410806e+00
7.594662093884601006e+00 3.069565900192895214e+00 7.858482808149101828e+00
8.556792063970362960e+00 2.967635897265378464e+00 7.843015836177564815e+00
1.330680814377894983e+00 3.096617026609726153e+00 4.844537979053829879e+00
3.268894606363639710e+00 2.996597136743731404e+00 6.827821650037281032e+00
4.374602109854306420e+00 2.992443203808542229e+00 6.287587882073090384e+00
5.148863977326851860e+00 3.098142225709479725e+00 1.795194498386835757e+00
7.486312514096010062e+00 2.981421255871996134e+00 5.159707650383081656e+00
8.857237955478764135e+00 2.980318990701686488e+00 4.928242426136463905e+00
8.911528231192672678e+00 2.965062322032264497e+00 5.102643993389266441e+00
1.163329843312918666e+00 3.054335054684313100e+00 6.642098844092926946e+00
3.918391019922045082e+00 3.022220827817360789e+00 6.138125302147434681e+00
4.567288805550743902e+00 3.067515943633241537e+00 2.922821474318026080e+00
5.521069382154535354e+00 3.071564866209323341e+00 6.228986598234266481e+00
6.692451085979957526e+00 3.068272304763373537e+00 5.713065290515134009e+00
7.031422463730182315e+00 3.208151241741057369e+00 7.468703210130961168e+00
7.116424554528401281e+00 3.225037154151760177e+00 8.868245185583461421e+00
7.188276542692900506e+00 3.025734217745467358e+00 6.857449449866606095e+00
7.574085637239265978e+00 3.061082895495363942e+00 5.346554066005136718e+00
7.647993072133706605e+00 3.131766426020296201e+00 7.115529366822121560e+00
8.366958166232418392e+00 3.100617937421236814e+00 8.264838489963555190e+00
8.782326701346661935e+00 3.075380042639712652e+00 6.298834562280182237e-01
1.963786977377688092e-01 3.080649638635799548e+00 6.818203514378678776e+00
3.373861908979042479e+00 3.118127313178394644e+00 4.573626692984698039e+00
4.339714510478128950e+00 3.131774407399534610e+00 2.966926927844027784e+00
3.720717782991324718e+00 2.997740043503889673e+00 2.833906017146927692e+00
5.132906342619508955e+00 3.104225344595139546e+00 4.482797493222262730e+00
6.430777714470012008e+00 3.205604377475031797e+00 7.616849940856478263e+00
8.396912267891645243e+00 3.228371912605884297e+00 9.105561452585595461e+00
9.134993805155676938e+00 3.208079908893628485e+00 8.570038839945066655e+00
9.474971691114086880e+00 3.122491846244745517e+00 3.861702065231901848e+00
1.154282554001710359e+01 4.127233060140127918e+00 2.498092224625673374e+00
7.593834833884931967e+00 1.982886924717264687e+00 8.119259512739242624e+00
3.771295212315065593e-01 3.171914861976461886e+00 7.268096471966531524e+00
1.586814489283038032e+00 3.237739219214749831e+00 6.303884106726417969e+00
2.504185636745755339e+00 3.191534228086425173e+00 6.459700593698451954e+00
4.683284632087804766e+00 3.216514319775917397e+00 4.178853858845571700e+00
6.676196846731524026e+00 3.253658184974623335e+00 7.119104961105382934e+00
6.855243977388567167e+00 3.331720650479915058e+00 8.378674398375835608e+00
7.702962646340916208e+00 3.331694865815705953e+00 7.877805791494948195e+00
8.027088729693360847e+00 3.457220597442892007e+00 8.359726026225835938e+00
8.327713550997660974e+00 3.286643643061936793e+00 6.171715367814845976e+00
8.569400688716481085e+00 3.302559881198124714e+00 7.130344900662174190e+00
9.547175895523189126e+00 3.264357067692576386e+00 7.905846101803016168e+00
1.361937871048292115e+00 3.209933214682735070e+00 4.870276712007784781e+00
5.197955469550684882e+00 3.228008613892813905e+00 1.072733853429443940e+00
5.479459651031630685e+00 3.287558501170768643e+00 6.372643809055523079e+00
8.836520401896708066e+00 3.213680400629781442e+00 4.736018671176482897e+00
6.679325330381431058e+00 3.381448620706676511e+00 2.539237311075996484e+00
6.986367569765869590e+00 3.437314487032157473e+00 7.037497025156849162e+00
7.256674117677867741e+00 3.416928592007834276e+00 7.510250750209152670e+00
7.405729783255511123e+00 3.476219119013984393e+00 7.616508222652614180e+00
7.886232875372283679e+00 3.417829927604601359e+00 7.110341038542488334e+00
8.147338426045099169e+00 3.419831220406792660e+00 7.209657496912419639e+00
8.102909063199179585e+00 3.408779104615387467e+00 8.316107048143321023e+00
8.506509926794809218e+00 3.358342563681443682e+00 6.589240543792765692e+00
5.910645889942238718e-01 4.476403438301110427e+00 -1.971031764959929600e-01
4.793017348194300808e+00 3.437475811763266442e+00 3.773488565933230454e+00
6.806400781284123624e+00 3.507827286339453732e+00 8.619472316734867690e+00
7.626065366223524933e+00 3.544495153229531237e+00 7.938471722838878364e+00
7.622514643466718809e+00 3.454133872825406293e+00 6.070923171221357606e+00
8.253504391770903226e+00 3.404376026701941615e+00 7.206592405395914724e+00
9.107691945917885334e+00 3.218626191400877801e+00 3.947388020054319213e+00
9.419884813018622793e+00 3.425808298726430667e+00 4.802390156238707242e+00
9.381967492836173150e+00 3.394713535179737285e+00 8.104166138440245248e+00
9.263716375867108610e+00 3.670614931227706990e+00 7.479319444260847050e+00
6.493008160792059336e+00 3.557018665678439717e+00 7.769589610381486544e+00
7.192820483871839699e+00 4.332241538326839780e+00 3.052553466213425715e+00
7.965485661310335530e+00 3.508123845997793033e+00 8.414136581131604231e+00
8.278517696014894511e+00 3.427710283182482165e+00 6.239755342079170930e+00
8.388033756921204898e+00 3.584075996660435415e+00 6.458419410515823245e+00
9.005804509957833659e+00 3.526223716857072255e+00 8.308745366266974131e+00
9.440398819172532541e+00 3.500153061460748560e+00 6.181603754274211937e+00
1.298749874331213583e+00 3.532721588705133975e+00 4.963556181423949276e+00
2.459688750722872630e+00 2.539285007927921001e+00 8.584458840379030065e+00
2.336565036327216571e+00 3.591336278060907272e+00 5.063175202112192075e+00
5.048376122714252290e+00 3.520976908447971176e+00 2.239216836844246217e+00
5.618729346366690969e+00 3.441119980321003968e+00 3.731387094693891182e+00
8.072369014840155899e+00 3.659455931017214336e+00 8.849092319883435920e+00
9.933237808057857166e+00 3.395602591828901229e+00 7.218976902540475749e+00
5.009568651782309034e-01 3.653979120514011747e+00 5.030861606875165926e+00
9.597249217985970304e-01 3.625408019313845820e+00 2.091985622693055991e+00
1.608697491089704723e+00 3.656475657511480737e+00 5.666372669755290303e+00
2.048556918549429007e+00 3.650162992334912815e+00 5.800044321582589646e+00
4.247472750664111452e+00 3.692069765255029168e+00 4.639821306161879377e+00
5.216699924152705670e+00 3.694138684716495646e+00 6.208254447340818771e+00
5.588538053192542598e+00 3.729342176695959132e+00 4.676528250749167448e+00
6.762386950943742647e+00 3.688253074779774821e+00 7.282532101066687247e+00
6.166600111796344486e+00 2.813624662758523520e+00 2.768977416977932648e+00
7.919213657248314497e+00 5.972208026260256375e+00 6.940461883188371317e+00
7.032768230521401875e+00 3.689534203430363757e+00 6.887798655651510948e+00
7.262794095024743157e+00 3.786879902929356057e+00 8.796748032988841004e+00
7.424036209289926802e+00 3.788954942136011805e+00 8.522690236790062102e+00
7.660906207598792150e+00 3.653238370105385879e+00 7.915662086337226455e+00
5.411958261426913275e+00 3.750802598824336087e+00 6.872377799818227828e+00
5.655088897409560111e+00 3.699691854271816904e+00 3.157397207278657802e+00
6.410061540070447705e+00 3.794727844635088942e+00 6.473202493419357495e+00
8.055867286290487428e+00 3.726279526555337007e+00 5.287099661500802128e+00
4.454631786974574403e-01 3.762500038329616103e+00 5.301286187507601610e+00
4.508958723039117045e-01 3.778833191675754044e+00 3.599880326946796938e+00
2.045273454349718190e+00 3.844326841706271480e+00 6.701561904151141391e+00
4.384689238313407067e+00 3.786109132693938228e+00 4.141146863250131815e+00
4.810194375757755658e+00 3.757908084546372152e+00 2.466886208839799366e+00
5.381572776936963010e+00 3.917966151187862067e+00 3.395214810606910660e+00
5.909914507358530855e+00 3.956875813107832318e+00 3.801962977304975677e+00
5.755913535243846191e+00 1.523574236183888875e+00 6.997397830441622446e+00
6.931500387710795685e+00 3.918816283717799109e+00 9.382675567205254197e+00
7.043293975762405346e+00 3.860430648292914491e+00 7.719128988316328321e-01
7.668329824920951054e+00 3.843741299331224326e+00 1.443752770741375535e+00
7.743597938263526714e+00 3.814664007242761556e+00 6.847120078912243279e+00
8.069562086895452069e+00 4.395984888305680904e+00 5.850186202043795802e+00
9.453795575029120712e+00 3.746394998339682481e+00 5.057489049154727745e+00
8.862208499202122169e-01 3.871132428372501266e+00 6.621782365610135557e+00
1.008014414312308649e+00 3.883857728226943529e+00 7.119821103106072080e+00
7.511570499380132659e+00 3.900833079991383734e+00 7.299400807712141948e+00
6.505907920930104282e+00 5.436360697609823767e+00 6.959522096100171140e+00
7.692008573085022505e+00 3.097564433544825135e+00 8.589510348163109654e+00
7.211505286714927188e+00 4.458258796090152742e+00 9.026651976130855459e+00
8.130334647718740371e+00 3.937918697133069745e+00 8.068210407259396533e+00
1.125147776057072946e+00 3.909756501092676917e+00 7.009879259867556556e+00
1.823869964953332090e+00 3.937378765861336838e+00 2.540014068167150807e+00
4.813761004962747059e+00 3.874657314694013088e+00 3.604013818347479248e+00
4.977498216477613369e+00 4.042321867261851054e+00 5.457158653312379926e+00
5.733475360447730651e+00 3.969363116386674939e+00 4.748927393044837686e+00
6.720565390068305334e+00 4.058266532168571139e+00 6.601039956691811206e+00
8.365364937852053373e+00 2.355683995291093513e+00 8.403045923622274316e+00
7.835058563129947196e+00 3.919847373358416043e+00 8.239206774069961270e+00
7.724089437210771791e+00 3.969280935432554003e+00 7.099266678242415196e+00
8.102126828619448773e+00 3.920291929251751739e+00 8.085919856902673786e+00
5.843089432010831752e-01 4.034996910747176813e+00 7.495339251437910910e+00
3.905628333486336423e+00 4.086907978533546704e+00 6.113643766395876256e+00
4.975706668990333981e+00 4.045320300399143143e+00 5.463399622487605356e+00
6.576556408843778456e+00 4.091879984666905834e+00 7.477107992829392202e+00
7.171553587612830682e+00 4.219038166938358536e+00 9.239624260599011762e+00
8.479299996325053712e+00 3.549817574740048443e+00 1.030360402969206568e+01
8.196496698092825994e+00 4.032042253730310222e+00 8.707152881375542108e+00
5.456444497449586706e+00 4.140646815201526110e+00 1.212910721764447253e+00
7.912025814482444019e+00 5.304048263048424694e+00 7.987006332226256333e+00
7.191545533757305542e+00 4.187309929841642742e+00 3.379544678221319542e-01
7.029928026705198008e+00 4.341928631583997777e+00 9.757936887791919034e+00
7.534768375320060940e+00 3.923921671799534217e+00 7.153065155949350995e+00
7.548160003909520910e+00 4.175953880380153471e+00 2.518390559675482532e+00
7.908357554601421313e+00 4.123716964062963619e+00 8.741150431563115220e+00
8.117262435359897665e+00 4.147913178386546385e+00 2.473401845922965914e-01
8.378651580571359503e+00 4.082973292067893389e+00 8.005109559868202496e+00
8.394349733511203837e+00 4.021752159757258305e+00 8.108036673846637399e+00
8.854434002581328400e+00 4.145062261058514608e+00 8.876410406676711773e+00
3.086654845118953272e+00 4.243933103851494693e+00 8.070908343585985634e+00
4.607943992545266987e+00 4.159959047545981115e+00 3.180205288862305135e+00
5.114048857125061076e+00 4.191190957731148359e+00 5.829678387949838836e+00
5.451257708104361832e+00 4.292741605522918391e+00 4.785764907272036517e+00
6.254157066138906096e+00 4.170055428806938025e+00 4.559013571084863159e+00
6.929689690794187840e+00 3.788583254301373771e+00 6.790984734077722962e+00
6.724608368753640875e+00 4.415802247637317990e+00 6.354074910670944654e+00
7.056860816938890224e+00 4.256676941717288720e+00 9.188260563513208634e-01
7.197694267527340095e+00 4.222211767849927355e+00 9.199310898032123873e+00
7.567256123375264210e+00 4.178174164794802081e+00 8.678421851666410447e+00
8.645083457596207666e+00 4.233117919280194208e+00 9.490445308933622925e+00
9.096243771769675135e+00 4.206570539077424620e+00 9.585338909428726240e+00
9.223816942743326308e+00 4.161827501562358478e+00 8.971790375664976835e+00
5.838572263982999111e+00 4.083087733922504903e+00 5.383447070938915502e+00
6.651599057080128219e+00 4.234296293480471540e+00 3.238843133279682984e+00
7.178733887688423465e+00 4.196025869837294309e+00 9.289438924594984215e+00
6.415800754993524535e+00 3.057319695148632555e+00 8.296806876234402495e+00
7.893294467079718046e+00 4.281748983848767232e+00 2.057746595800520328e+00
8.775896704341441534e+00 4.246192853618548035e+00 8.658212153464857508e+00
4.388179152330328847e+00 4.309160243305925064e+00 4.342187443758925625e+00
4.443838578534453632e+00 4.350599452388308030e+00 5.664100798393698177e+00
5.032184690599841304e+00 4.340209014439581736e+00 4.471504337102803817e+00
5.078738722760922641e+00 4.217888723346890245e+00 3.566504240244026125e+00
7.169609122479774221e+00 4.337212676645142651e+00 7.455252389518513212e+00
7.202328583683820895e+00 4.294395802615113666e+00 7.505358284307430239e+00
7.559002835877704385e+00 4.398214961245222376e+00 2.206287282970673225e+00
8.532521352279152538e+00 4.285627076003885705e+00 7.741116694300240297e+00
5.587602524317463182e-01 4.414611195116551201e+00 8.324342801855046048e+00
1.185028639197846623e+00 4.416832857985002470e+00 7.514689335182170637e+00
5.675237327672300935e+00 4.515488332169641517e+00 7.907560235099823309e+00
5.701628022780413474e+00 4.481630755960753554e+00 6.353155796467174987e+00
4.758498415415767013e+00 5.038247611515846991e+00 7.291775139752021850e+00
7.165246231080890205e+00 3.857707569830854943e+00 6.420940800702779505e+00
7.943831633007956583e+00 4.345717533691303203e+00 8.401813471578007508e+00
8.436926351366738075e+00 4.458640127360019356e+00 5.093287467089251397e-01
7.099683525804200812e+00 5.215142323624196941e+00 8.752000977166360940e+00
9.053941781038345127e+00 4.343641441135268622e+00 8.532265875326489279e+00
2.563737548338161698e+00 5.174715876791347036e+00 7.043256982322141369e+00
4.898523570504878855e+00 4.526402368265872944e+00 8.963176229627994873e-01
5.708133283461768848e+00 4.494386441887884942e+00 7.870878839729316567e+00
5.922887777479283855e+00 4.491288328384651862e+00 7.314214563345672104e+00
5.963071687374301710e+00 4.464479603384441830e+00 4.226270377640862996e+00
6.447301216491443832e+00 4.495638620414293740e+00 7.006709053167964996e+00
8.354462288956876037e+00 4.428269541156807598e+00 8.843065365063628391e+00
8.481817941997075394e+00 4.474355133954893482e+00 4.042454563815763846e-01
1.042176285272959291e+01 3.708344054682654267e+00 4.744713723012387696e+00
9.285969751393997385e+00 4.553073003069796343e+00 6.809924816449928642e+00
9.691793087415641494e+00 4.461259328331405705e+00 7.332977979699922599e+00
1.083110910273691996e+00 4.595857172221474052e+00 5.128641362153082639e+00
6.883395058609553807e+00 4.563204555352124991e+00 7.502449186053246066e+00
7.662590463853039324e+00 4.541559742398837862e+00 9.379378082528051053e+00
8.107639900353985851e+00 4.590313993716351071e+00 1.378755086899810411e+00
8.581886318171438433e+00 4.523137672499702333e+00 9.694600419631504096e+00
1.998809452844269696e+00 4.066678661390681349e+00 7.120305443436692805e+00
3.730081988932861137e+00 4.577342008713769950e+00 3.841279979180344473e+00
3.968454940889881932e+00 4.683602779193422272e+00 6.386911874508381715e+00
7.085534820049526061e+00 4.544903951389666297e+00 7.470006518850460964e+00
7.660135834729425497e+00 4.546098035283496763e+00 2.180062954835786382e+00
9.369053334696225477e+00 4.625481127134510650e+00 6.477860323330792980e+00
2.858248547209871759e+00 4.777283941436364145e+00 8.104783428860262262e+00
6.096741288254712288e+00 4.787114669038257553e+00 9.300972967181959206e+00
6.803556292377376913e+00 4.823150426573526772e+00 8.380823902461152386e+00
7.580626517710452816e+00 4.731973321245785513e+00 8.471474549965089196e+00
7.728725180982888077e+00 4.676434245184092120e+00 3.059060394764718804e+00
7.726439018593571184e+00 4.600556604087839396e+00 9.419531823896223344e+00
8.148559591953235426e+00 4.669534542094461393e+00 5.400063148835780424e+00
9.163187142694926735e+00 4.715002602592471170e+00 5.504873838029630262e-01
9.274706528578491316e+00 4.629051862898382552e+00 6.903889032808478099e+00
9.424719750819875230e+00 4.667868775983154528e+00 7.785744123806285444e+00
5.498431916680278420e+00 4.771397947642688209e+00 6.233481008008248558e+00
6.937268633669307683e+00 4.784116645606680152e+00 8.439108154634725523e+00
7.008109453799157507e+00 4.856650173345776089e+00 9.216085174322546925e-01
7.173140480489098358e+00 4.860066857118555461e+00 1.218885270347112471e+00
7.159378117706308942e+00 4.793517908508124314e+00 6.529998971903590466e+00
7.455486688138684315e+00 4.711364676239145233e+00 8.001414925362087871e+00
7.915121994471688183e+00 4.792055912075054103e+00 3.957321988489369780e+00
8.408558148224539508e+00 4.656688151453478142e+00 8.663205596580230150e+00
8.424703822045266577e+00 4.693579984722556553e+00 7.836555917692320072e+00
2.099315067939090174e+00 4.917301463798804839e+00 8.314588466347851536e+00
5.214703564451065532e+00 4.866502539841035535e+00 4.961152113986933898e+00
5.730482035685993125e+00 4.916252022744617811e+00 5.267246930596797938e+00
6.338241224877044999e+00 4.934339108059691448e+00 9.493110228448866650e+00
6.898013215118273145e+00 4.900531370786458396e+00 8.869409984833188432e+00
6.899009102384769498e+00 4.965920127601761713e+00 1.786000596270688412e+00
7.548463854731950029e+00 4.756494960386073778e+00 8.493683219674450058e+00
7.731178330258413389e+00 4.752132294264875156e+00 8.355275090272677119e+00
8.485861168721092085e+00 4.741024538862479432e+00 8.410104867172911725e+00
8.992006736239172682e+00 5.042800959685276752e+00 6.732202278815085705e+00
6.624677788330327388e+00 5.034737031447603428e+00 5.308405954122508152e-01
6.682174435232425935e+00 4.815560409735736513e+00 8.344813595548540519e+00
8.826608957599363592e+00 4.616234886379642965e+00 6.356207995673765154e+00
1.602375942433807543e+00 4.979807500471769899e+00 3.990879508054580249e+00
2.655982106544572119e+00 5.069857836329282996e+00 8.990929162788170004e+00
4.435625173208605609e+00 4.975281693724217469e+00 5.467748970847482681e+00
5.430883406406913139e+00 5.014480602770847284e+00 2.790840123688089203e-01
5.824116756486940716e+00 4.990450013590733036e+00 7.725521514364579012e+00
8.932256543735567211e-01 5.093902339944117230e+00 5.188407761948829133e+00
2.490409048616410992e+00 5.140022613494116044e+00 7.178519877429980767e+00
4.810250822146925564e+00 5.083633516196330859e+00 6.112209862488445999e+00
5.220177325247034261e+00 5.114060963632707235e+00 5.413343565275130054e+00
5.295370370991437703e+00 5.035332954966447616e+00 3.547779044061551978e+00
6.174128703040557831e+00 5.115837654846111526e+00 6.657081304616317752e+00
6.972647268868685799e+00 4.973310513286138601e+00 8.732903973348248527e+00
7.101175087451945700e+00 5.042714226632202923e+00 7.917052961816282597e+00
7.094417276208682566e+00 5.009668165443120991e+00 8.847976048600537879e+00
8.041322918106267537e+00 4.470168978907459234e+00 1.329048396257409004e-01
7.754603213970253428e+00 5.052442674305927639e+00 6.413163548054118479e+00
4.725529411390207990e+00 5.276740038961455603e+00 9.620348450327174561e+00
5.650738854605733330e+00 5.116572527718852292e+00 5.183976935052010404e+00
5.841779990355698615e+00 5.251229751083377195e+00 9.748315525848797236e+00
6.862490178694275578e+00 5.116100398328721433e+00 1.951394156286768711e+00
6.789394176218666033e+00 5.245812096767714650e+00 9.567624319621197415e+00
7.735460047165917175e+00 5.171280662372801373e+00 4.653678409171243757e+00
7.748287603475198182e+00 5.235941074893293745e+00 4.254265843539378755e-01
8.165838270217927075e+00 5.088860787876178016e+00 7.967825293266898257e+00
5.087516464014788298e+00 5.209519698521159370e+00 5.554214683482078030e+00
9.368568288561032631e+00 -2.433149738152030617e-01 1.276476180651149317e+00
3.885803373569410191e+00 1.072352998793965284e+01 1.355307168282767449e+01
6.789793113340849118e+00 5.374929379710113864e+00 9.240858197805708940e+00
6.873048739143902353e+00 5.162242139394038531e+00 7.807040271267491782e+00
7.227567380516171092e+00 5.197641050817631836e+00 6.278244955377180858e+00
7.309276994170600616e+00 5.332854303574363186e+00 1.307475697633057043e+00
7.380956286339505290e+00 5.097418926823665153e+00 8.564389397697366846e+00
7.198984062030294062e+00 5.993711929544674355e+00 6.120994475416431380e-01
4.766600070111413068e+00 5.423131878127112060e+00 7.918156867223252071e+00
5.005006904779596866e+00 5.457596363225208691e+00 8.093988344029410698e+00
5.796795210465573334e+00 5.362015056051609108e+00 4.102294688855799620e+00
7.209124669347698244e+00 5.185629298750529692e+00 8.398960845983616252e+00
4.954604592723396372e+00 5.426879187362668056e+00 9.687241021932891272e+00
5.145208106184304242e+00 5.369224578795291691e+00 5.972034145767856295e+00
6.322754660862427656e+00 5.413331890142023539e+00 6.937892381937023956e+00
6.796570323434183436e+00 5.106416789545587420e+00 9.645412816653930577e+00
7.209338084165032967e+00 5.408400316172659927e+00 2.712505844627181029e-01
7.227811621281888144e+00 5.378821399020329963e+00 1.293056407461235624e+00
7.164600276697422387e+00 5.316293167310677248e+00 7.394154078616700154e+00
7.440556539743522713e+00 5.302217279074964651e+00 6.537387069115128568e+00
7.919140929131032181e+00 5.291426793500507486e+00 7.503163008034125170e+00
8.482040620807092424e+00 5.306297271342087285e+00 7.164453339251602770e+00
8.850766635668335880e+00 5.368137988566158647e+00 9.289785078926213302e+00
8.754570144018960498e-01 5.471547097450104147e+00 5.753496881147174946e+00
2.761267308390200625e+00 5.467475983978960841e+00 7.364626618320994744e+00
5.012009325607675869e+00 5.605548707128233055e+00 8.303440520451852436e+00
5.468379284020922881e+00 5.485651877517506492e+00 4.312348363462565004e+00
7.085698641102902151e+00 5.395260630131854640e+00 7.178111894470693422e+00
7.314524513754630419e+00 5.492736161587740362e+00 7.982451181616077029e-01
7.901640759646230805e+00 5.445219659354791908e+00 2.405294536276406936e-01
9.776221205385319246e-01 5.584794421113063123e+00 6.649927905827157204e+00
5.087140291634100642e+00 5.531459113717768439e+00 2.900647907143662607e+00
5.086354091124855259e+00 5.686371532473543766e+00 9.234646471912299148e+00
5.104463514585978245e+00 5.627924467965499389e+00 8.314017613523866146e+00
2.076051603872142692e+01 -5.318434896841154114e+00 1.433225679103289885e+01
6.840874409376686671e+00 5.530733320068641490e+00 9.706290628812029198e+00
6.931430727617113874e+00 5.573619597817468296e+00 3.565449531892919688e-01
7.584475651583389322e+00 5.513027208721581474e+00 1.195139684753281806e+00
8.224036001536029872e+00 5.391030832286507923e+00 8.116814248652193697e+00
3.377658120660856245e+00 5.639838508175382792e+00 8.181839371458922372e+00
3.723261485877366717e+00 5.630067135660132394e+00 6.247139536689820360e+00
6.265267025703339598e+00 5.661621352670987761e+00 7.462974066446326660e+00
-7.421012953903707299e+00 1.671929180558432293e+01 -1.259827396661894738e+01
6.732029999799006958e+00 5.527621349217719526e+00 8.135219665825367485e+00
7.927183479027709367e+00 6.026471194986016577e+00 5.018307893173570733e+00
7.975012248003563897e+00 5.573114960700241483e+00 7.819232600066604588e-01
7.934745047565950671e+00 5.691616779958739158e+00 5.136622732290984317e+00
3.133719113760764508e+00 7.789155260905454625e+00 8.810218291198292917e+00
7.241208939784604226e+00 5.395354366562352233e+00 5.752741478792808394e+00
2.218549941171262141e+00 5.752036996712073247e+00 7.438300805720674092e+00
4.862957282864211805e+00 5.819984800230795230e+00 8.428533486654323781e+00
6.025908729202750003e+00 5.775494510024314465e+00 5.514481898579036923e+00
6.372836851557058147e+00 5.811302473467039320e+00 5.690116248244091679e+00
6.636688231355980072e+00 5.793401397327388125e+00 5.076002001750291370e+00
9.087492599785793601e+00 5.794562451855336249e+00 6.188999683452135470e-01
6.791682304802653114e+00 3.888948956708255800e+00 9.524496326975450344e+00
5.878842190576554216e+00 5.898068100314588946e+00 5.289617653572188383e-01
6.356558748562226135e+00 5.843283297973140833e+00 7.138293078838271022e+00
6.732309513877905438e+00 5.843385451824398835e+00 7.092137534179018266e-01
6.780751108772035352e+00 6.097630857109169078e+00 1.502556831705138096e+00
7.532704700810936238e+00 6.545321810853510947e+00 4.911710964486413200e-01
7.521850263721935548e+00 5.882546637192108463e+00 4.264626976643665301e+00
8.275751578474789483e+00 5.719950304118180284e+00 7.648698612623497262e+00
8.532443931721639174e+00 5.732126145174121667e+00 7.935418248978447053e+00
4.502063243385447944e-01 5.937361545870913915e+00 6.699272935589421607e+00
2.863328894739565200e+00 6.014672391890877989e+00 9.315487135173947664e+00
4.803705913973769448e+00 5.970867298412207091e+00 8.809023715294973300e+00
5.835420467180277626e+00 5.967397018397291752e+00 9.380531446288056685e+00
6.216497658490020228e+00 5.218450463950160767e+00 1.051243422241629588e+00
7.826609952617907595e+00 5.984482816843851971e+00 4.411149182540656355e+00
6.162075861566736812e+00 6.632491984175358901e+00 8.051180844567261019e+00
6.443704830540830208e+00 6.080341109318828430e+00 4.445139245505185244e+00
8.090043773277065142e+00 6.022013683020636776e+00 3.173938861135602973e+00
4.735057424169866636e+00 5.556896649046262127e+00 9.577486307589655468e+00
6.740625070037557620e+00 5.813596423115933831e+00 1.683050741828215457e+00
7.032009865364649670e+00 6.109152373963857130e+00 4.087082751378216194e+00
5.782169310287859965e+00 6.224543328867245151e+00 5.091984087074665766e+00
5.771789422955251325e+00 6.189283459061966752e+00 9.578868959790735715e+00
6.787422415234615869e+00 6.160793131525559296e+00 8.537778251097707383e+00
6.840270050508071797e+00 6.094997146977136460e+00 6.184684415177751360e-01
7.759138114265234698e+00 6.147566247000614048e+00 5.046021571357353963e+00
5.157536653674054117e-01 6.311779309759637968e+00 1.726011448962034844e-01
6.128457594543692544e+00 6.224523398107287164e+00 4.255176502206157174e+00
7.049741138717275923e+00 6.208111554840957780e+00 4.425886927292278727e+00
7.432680364418175145e+00 6.216888780700763562e+00 8.046838004987865389e+00
8.381042558978542445e+00 6.197539033516266116e+00 7.143908464837924299e+00
8.940549650278898142e+00 6.297964582913654574e+00 1.944363352201953443e+00
6.394808769382015257e+00 6.343830410410531861e+00 6.128717441645155084e-01
6.376457158759933463e+00 6.418199202949351978e+00 6.983289791116261469e+00
6.428682116874091967e+00 6.326770639866933443e+00 9.364438915533348506e+00
6.877447663251292198e+00 6.313097171737839020e+00 9.344866770351270446e+00
7.150486929082886078e+00 6.344349373626715582e+00 5.334602208730315986e+00
7.925142890678971597e+00 6.294568619646444319e+00 4.739022531837345120e+00
3.456316067035834827e+00 6.425344721766995448e+00 2.407233865931485695e-01
6.135406408205817286e+00 6.395322527691068792e+00 6.083078461065219322e+00
6.922289237439967380e+00 8.097772095711214035e+00 5.904698691971118407e+00
4.806562729121840460e-01 6.487553821059227843e+00 8.246557165249518206e+00
4.847366583168664533e+00 6.511947043828109294e+00 8.692319319640626318e+00
5.488331648472459356e+00 6.546569034886632998e+00 8.028851020116366755e+00
5.744750929125086891e+00 6.394502355663425064e+00 5.111700813882233518e+00
6.442731475373040695e+00 6.810252411900176384e+00 6.667823674794369992e+00
6.522091900056593339e+00 6.463010241655101851e+00 5.712771903170089871e+00
6.873730762891987922e+00 4.720286509986906687e+00 6.342811523463320000e+00
7.779960242280678173e+00 6.442636264575494209e+00 4.325530912160877151e+00
8.146672751971525628e+00 6.384527534332724130e+00 6.708498063387571264e+00
4.545127480822564792e+00 6.617096519221849604e+00 6.203601341487306797e+00
6.304279958037278142e+00 6.516108340422240630e+00 6.558693315818445058e+00
6.572607676256794207e+00 6.539989080684541101e+00 8.166815026839888247e+00
5.940224361016590571e+00 6.609464602637507902e+00 6.947792181918400090e+00
5.923418000750810819e+00 7.025309637483257319e+00 8.366713212698613233e+00
6.426886686281227945e+00 6.671813385811746322e+00 2.419228732760106970e-01
6.334942378294542209e+00 6.253056760549483784e+00 7.132654729437178709e+00
7.612877106900692858e+00 6.576742953880890141e+00 4.617652837171986491e+00
4.681312921209213940e+00 6.780599690210355135e+00 7.470680301991469818e+00
5.601067147995700601e+00 6.735820228037278312e+00 1.779220310606355882e-01
5.618562407096982625e+00 6.783892652385741684e+00 8.454150775453946665e+00
5.732413140610043811e+00 6.772755509328959533e+00 8.348319350488567991e+00
6.306732021663383314e+00 6.720803054159892653e+00 7.322205277096057729e-01
6.282247010272081766e+00 6.703638858403110135e+00 4.965114481067708141e+00
4.865130064984515279e+00 6.876345206091101225e+00 7.957447468351542597e+00
5.785878826626866811e+00 6.846935845667518450e+00 7.885075895964205328e-01
5.807189032422590991e+00 6.751491438792374566e+00 5.710949160979238215e+00
6.347117130523542983e+00 6.774926731968859528e+00 4.066178543562104508e+00
6.437604943533427715e+00 6.775930648044935722e+00 4.512338618550119307e+00
9.530079354167224182e+00 6.838748509716154445e+00 1.066095563332805307e+00
8.187178352493490463e-01 6.875542290824774305e+00 6.218921561294191491e+00
3.883470820290424896e+00 7.036288764336597445e+00 7.536493037752663327e+00
5.338737200319335408e+00 6.859145052779128449e+00 5.869972411319611894e+00
5.442867221670518951e+00 6.873009900198385758e+00 8.652242359714085396e+00
6.098190141205194870e+00 6.861102202529127503e+00 3.977159188678349722e+00
6.157679809061953335e+00 6.661573190036025771e+00 7.800634052341601787e+00
6.031123704489909088e+00 6.816694331976386856e+00 8.119514516655684133e+00
6.381461243471282074e+00 6.794362009443740469e+00 7.891515425535597927e+00
7.052055557958251342e+00 6.827690013812342862e+00 5.324076408152526696e+00
-2.265322163228298713e+00 1.500408496800489644e+01 1.607060430860699540e+01
1.214910669570290924e+00 6.988878501428913204e+00 7.649967903087526722e+00
1.544009647791224626e+00 7.009197737086146240e+00 9.210833647889174358e+00
4.237602229674270582e+00 6.988579250632282580e+00 6.554544873032505770e+00
6.865376768431314503e+00 7.019498678086302235e+00 9.055563931387665022e+00
7.406181188447924946e+00 6.926854778882092667e+00 3.635660342162998937e+00
1.707530493321323206e+01 -1.337424519531749567e+00 -1.827982583081328993e-01
2.926659373593971658e-01 7.088118925140046045e+00 9.165350247388037275e+00
4.402498098245769320e+00 7.069630162950867991e+00 8.587233222675191513e+00
5.240635861742600099e+00 7.129006934726445976e+00 7.030337359541043440e+00
4.686403750064684459e+00 7.096052490721739048e+00 8.525512540879683243e+00
5.481151116900648823e+00 7.033043554172174083e+00 5.346283088189416333e+00
6.038321102623473990e+00 6.906376119566536964e+00 9.186248635418969855e+00
5.560038713351449502e+00 7.026527899502234220e+00 9.506273273476269381e+00
6.073385932621953920e+00 6.794474057821238588e+00 8.149002534096229766e+00
6.536856307179815140e+00 6.930233152035950361e+00 5.256700738147992880e+00
6.530343844986882473e+00 6.959107945251754579e+00 6.808334334260494280e+00
9.336118206896824034e+00 7.061080425295993557e+00 1.983409053558495838e+00
3.831260229653508986e+00 7.242198912597362259e+00 7.628723792577824625e+00
4.703643272005876952e+00 7.108991872431250414e+00 4.010531772690126395e+00
5.215512538595199032e+00 7.340682766750987298e+00 9.856326468141471953e-01
5.836528445200162452e+00 7.043505155093603420e+00 8.944115996043906947e+00
6.268715133435824427e+00 7.055360947988891240e+00 8.193770376977204117e-01
6.739101386209288336e+00 7.059025817895745902e+00 6.534176842650511574e+00
6.666660112300585084e+00 6.938760395236140077e+00 8.554856164354664116e+00
1.534765880792290371e+00 7.215118657058008367e+00 8.955814157813923870e+00
3.906703045503383098e+00 7.222212737289872564e+00 7.586146838709561635e+00
4.427712981710217655e+00 7.243169810447307455e+00 1.303824103345073482e+00
4.748998929965626559e+00 7.205228762817753818e+00 2.927639686238132644e-01
5.074878023945752048e+00 7.267633374763194709e+00 7.110333857973616389e+00
5.779667011353664563e+00 6.978800311578018167e+00 8.389155635957822321e-01
5.846841785656713419e+00 7.153822657183383171e+00 5.072429351626949190e-01
5.824745656406686400e+00 8.239406878661259981e+00 9.519842590200386923e+00
6.940698867019237994e+00 7.078145056668282642e+00 4.916427402703899219e+00
6.592633904697888347e+00 7.072901632648543213e+00 6.849266871056562955e+00
3.631390275668016088e+00 7.266306978293170182e+00 7.692037547496493488e+00
3.799559865678907578e+00 7.214813647909402050e+00 7.632884180298219690e+00
4.805279856897709756e+00 7.375234201850656035e+00 7.985870172496484898e+00
5.657799146214483876e+00 7.308233353438713387e+00 4.792899157140690036e+00
5.588776854420857809e+00 7.329013562554926864e+00 7.532661120277396094e+00
5.889017518373163895e+00 6.218049399272982392e+00 9.296353795347236826e+00
5.801261221111248645e+00 4.272563889285996730e+00 5.381667491290945016e+00
2.594416834970433294e-01 7.466789742385936179e+00 2.966266657930407002e-01
1.902364601840938363e+00 7.423905718163382517e+00 8.721432311313602526e+00
4.108554929858657445e+00 7.378042024846535263e+00 7.325225201201411629e+00
4.845488734376568907e+00 7.451909032120083154e+00 8.458119596505451199e+00
7.275581281949168755e+00 1.050787842623431345e+01 -4.527907057697975191e+00
6.582265653506024883e+00 7.345873584738445317e+00 6.954511707953544564e-01
6.692666511029060850e+00 7.385344808854724441e+00 7.345252050411068545e-01
7.780156254424697160e+00 7.350182627136137903e+00 6.249676029013597756e+00
4.648709899598108208e+00 7.553992148287916208e+00 8.790542981563440605e+00
4.545707136722762165e+00 7.551547597200209516e+00 9.668446392984691329e+00
5.889352408169227004e+00 7.511425429785166585e+00 2.932611506816493296e+00
5.790384201312403611e+00 7.458000629530930681e+00 5.245077514396972340e+00
6.103891616438854584e+00 7.455874481596719505e+00 4.314277711122312731e+00
1.156855613924909765e+00 7.580329420439645638e+00 8.194663132744723910e+00
3.837659513152710922e+00 7.622463598685984110e+00 1.226364262533458538e+00
4.897790178560291530e+00 7.638943145336945406e+00 6.754659551031449993e+00
5.896271129771131214e+00 7.548374153106572670e+00 6.818682614828062150e+00
4.343315448629109454e+00 7.642465691680757622e+00 6.526947021132563087e+00
4.537545485468566397e+00 7.615370846538382921e+00 9.531977931347769939e+00
6.325200065480657940e+00 7.628999560249521750e+00 6.219652776244513959e+00
6.375038597107790750e+00 7.522821197547527206e+00 8.274295584367020950e+00
7.271836454745667311e+00 7.627188906306506588e+00 4.105150464623046780e+00
8.576790604780285321e+00 8.356431256408786368e+00 7.048501870877893483e-02
5.153572959280217525e+00 7.773247885370341947e+00 7.256338512638157212e+00
2.917062708472682786e+00 8.434768728992082742e+00 9.269666463869517870e+00
4.693523518757348967e+00 7.835773402177586888e+00 7.259978420300846835e+00
6.450088484970979863e+00 7.688456811177615258e+00 4.233600288932720446e+00
4.978597108881835709e+00 7.777409640346917286e+00 8.827817800339618159e+00
5.089559990895631714e+00 7.823421981275090253e+00 1.940689912645141846e-01
5.148635168514134719e+00 7.842179764643741890e+00 1.656137033364364797e+00
5.454961277028655076e+00 7.733866202184758620e+00 5.209437728123152311e+00
5.400776685181735814e+00 7.766007677697580824e+00 8.353882028379278069e+00
6.488050208764981619e+00 7.668217402714539332e+00 6.059118882714302323e+00
6.494950658672581589e+00 7.740492505253659061e+00 9.422491043931030319e+00
6.886540742610593568e+00 7.922093748147687187e+00 8.205671010798717191e+00
3.303300084188747210e-01 7.945322659044012248e+00 2.154888720556636272e+00
5.367830222784167660e+00 7.188585700687639246e+00 6.923957599850002254e+00
4.724988672816308188e+00 7.911592109495175329e+00 6.552832234531065225e+00
4.848020754710097968e+00 7.796286004408145232e+00 8.904856952956965443e+00
3.501600622374557048e+00 8.036302123503485717e+00 7.720885053631432626e+00
5.257733609266017183e+00 7.808275915553342550e+00 8.792264075088089825e+00
5.273039534157008212e+00 7.819424227049367460e+00 8.970864669411524162e+00
6.050857136017183002e+00 7.768708969659893881e+00 9.338932284709912324e+00
7.741640371789332953e+00 7.755977513119164612e+00 6.442659627605191730e+00
2.011351998244450989e+00 8.055962655852829002e+00 9.880797772740248064e+00
-2.504435523324415880e-01 7.311772033034625196e+00 1.606822357437367188e+01
4.063658185057879457e+00 7.998719628958800953e+00 8.835328161881333964e-01
5.009968425157636851e+00 7.973180595739728815e+00 6.192813435562442237e+00
5.493336021679030345e+00 7.990045434247857514e+00 6.539359714039103544e+00
3.350062458968587009e+00 8.023140408043513361e+00 8.687648303944722983e+00
3.611909060778551339e+00 8.067473618046875572e+00 1.101570125808308820e+00
3.990443594589906162e+00 8.010244263174072898e+00 9.006031503480549816e+00
4.990268244904951800e+00 7.957932127296054148e+00 7.193430610947222803e+00
5.277027102446997020e+00 8.014711259844888858e+00 7.958008525061215366e+00
3.086212352198933218e+01 2.659873803955979454e+01 -3.531132009528739957e+01
6.843981269222696895e+00 7.760510903284563611e+00 8.240781369663180200e+00
1.936094098131606045e-01 8.132971050977641170e+00 6.456784866977622883e+00
6.790694611848202555e-01 8.112885293710201395e+00 6.556918425625271496e+00
1.158666789385867535e+00 8.080081835371057508e+00 6.713348313951865265e+00
1.372934586350422537e+00 8.136414516259044660e+00 6.274351877348578022e+00
5.005525231856579715e+00 8.090170303553836817e+00 6.394448182152686400e+00
5.693925695891890015e+00 8.051818454141553616e+00 8.996938307198860230e+00
6.030325307878619867e+00 8.172921477089355236e+00 1.868721369338850025e+00
-1.867715243827784377e+01 -1.041267202932415969e+01 4.827683911863987731e+01
6.173358476978298981e+00 8.007811654496803655e+00 6.349638472978742065e+00
6.603215084171168314e+00 8.123436235938701344e+00 3.366251116942198252e+00
6.683041008416513939e+00 8.129759081326508152e+00 2.382250399711391964e+00
9.532300078598160198e+00 8.074364510188690502e+00 7.501767523775158431e+00
1.968582013817048892e+00 8.096338112089954464e+00 9.886233786498356935e+00
2.830676101267446398e+00 8.192675053726350853e+00 2.065851042774355939e-01
2.956628504608267427e+00 8.155601311442868706e+00 9.425044598791584960e+00
4.885231821686739195e+00 8.069617045959093460e+00 7.144764000495321454e+00
5.617021705241759477e+00 8.187844879591732905e+00 2.300806285766102466e+00
6.062144969575250286e+00 8.201921149499540320e+00 7.750917755384155727e-01
6.705037242496658223e+00 8.105751294709966359e+00 9.212380137258074697e+00
2.740320879301746393e-01 8.288289810840847593e+00 6.869274648698411312e+00
2.330016186767909225e+00 8.273421772054916801e+00 1.223460665466935826e-01
4.689569164432664472e+00 8.156076843117968878e+00 6.730529502331040526e+00
4.926258284020283540e+00 8.174889807471501513e+00 7.926343452084305241e+00
5.441261243915233692e+00 8.166067370252520163e+00 6.473239821910048875e+00
5.433241958919996506e+00 8.151154206634675603e+00 7.016853181030938913e+00
9.757454994076722343e+00 8.276156550289510250e+00 2.961421937803518034e+00
5.045076895841652309e+00 8.206630175649518577e+00 6.300924297317988199e+00
9.177048150107827595e+00 8.324095655985530584e+00 7.103350688619332942e+00
9.007599110373634144e-01 8.443116384986462108e+00 8.899974759100604871e+00
5.158656489724048555e+00 8.393053536495598266e+00 5.154939049183037802e+00
3.042600663482389334e-01 8.559434684885550482e+00 2.860290828104196326e+00
4.169414385392999911e+00 8.445948667855498471e+00 9.462127261110151011e+00
4.341134677703437639e+00 8.436804581525287006e+00 6.065730154544916708e+00
5.286682609409821154e+00 8.535073678146343212e+00 8.379028632821666989e+00
5.340135048414509811e+00 8.405406306658381510e+00 9.055585378416438402e+00
6.557852750424455479e+00 8.631352739094669602e+00 1.668405100037914757e+00
4.418582554432916254e+00 8.518797223672297747e+00 8.591586100801668735e+00
4.793039003371867501e+00 8.537850386010600090e+00 7.166939129611430204e+00
5.225863936019030653e+00 8.438719325930025050e+00 6.011635058742777815e+00
5.240019944940224050e+00 8.410476420079509907e+00 8.407614153381786082e+00
7.703724540518765096e+00 8.677336461134572687e+00 2.502303572253282482e+00
3.475463237833474883e-01 8.691363062445585541e+00 2.428289853749539429e+00
3.812700518991707366e+00 8.671196452884686323e+00 2.341108457132336618e+00
4.011881349134131192e+00 8.674771174407940322e+00 3.834530125175649840e+00
4.682183107876498163e+00 8.541997681689196042e+00 7.038802609097549734e+00
4.691216905277808102e+00 8.522597282469451585e+00 7.167818053357134289e+00
7.783590112574088060e+00 8.615730668479228527e+00 4.007326785868323249e+00
7.838349447835766703e+00 8.692695993345893157e+00 1.609100181375278105e+00
8.277028386095299339e+00 8.659746253901975166e+00 3.728391645957970457e+00
2.484623751179465323e+00 8.694474632680481818e+00 6.127400787666396731e+00
4.499831398713724617e+00 8.781441487011107938e+00 7.745731387237508869e-01
4.586367871268106633e+00 8.645837904159218823e+00 8.433033785001653015e+00
5.570792997438500649e+00 8.791913066888739081e+00 1.644535823556638299e+00
6.080165014255118905e+00 8.742422707622628408e+00 2.669456537729884449e+00
6.554304281548328781e+00 8.685888070273724892e+00 3.364403319464229991e+00
6.573276315112446255e+00 8.659421928370392152e+00 1.676083122246473378e+00
9.620607146105985663e+00 8.802301115540950960e+00 3.588171311264209962e+00
5.295512851426247281e+00 8.691750132302177079e+00 6.651444251468591418e+00
5.933414754322220652e+00 8.735601931221498972e+00 4.805546749889010094e+00
6.191871920623373882e+00 8.700286886347459614e+00 7.205660807775819521e+00
6.726862259733131566e+00 8.743235770350866076e+00 7.876367445133977796e+00
7.663862239951971134e+00 8.985922485158644335e+00 2.146120668334410730e+00
4.287198593772637345e+00 8.873557219154333708e+00 7.614759060600931662e+00
5.227089442157263122e+00 8.933036477727075209e+00 1.021294235751383228e+00
5.422873219477116535e+00 8.725464669645509375e+00 8.354960934076165913e+00
5.521801257406793617e+00 8.809628117185090090e+00 9.638385735668999033e+00
6.395001351659010069e+00 8.879982723028188474e+00 1.440764097637473595e+00
7.604967048205883096e+00 9.012027921479623060e+00 2.173535974102915436e+00
7.632775743024933668e+00 8.997629851442855653e+00 2.162960117611418820e+00
2.078579197946162915e-01 8.984026721702969454e+00 3.413479652380776219e+00
4.604721886909719508e-01 9.001852281740720940e+00 3.314861102816204497e+00
4.122350905179223091e+00 8.853435811040059278e+00 8.465729948154372408e+00
4.596736187383445582e+00 8.910665967349210348e+00 8.092611966964939896e-01
5.849813747525720586e+00 8.857063184384367460e+00 8.057420821163340463e+00
6.314050702683241312e+00 8.926014914377351062e+00 1.316677261878613336e+00
7.973318538942335110e+00 8.896674013121497637e+00 7.613016060728360124e+00
9.394904788500943127e+00 8.974896908317578692e+00 1.311064594679986595e+00
9.569895605130538385e+00 8.854750216345792069e+00 3.596578364391771032e+00
2.799351041811172891e+00 9.034213406853004003e+00 3.358384165210057226e+00
3.737622650201497088e+00 8.981260333727947298e+00 3.904659026703651392e+00
4.110926002603056517e+00 8.985711102780227222e+00 6.820675503063418965e+00
4.632791163973070780e+00 8.923989343905391891e+00 7.707878851354521998e+00
5.400802554081914231e+00 9.105320765562330720e+00 1.213540670771542818e+00
5.853862855738487525e+00 8.931899512117373874e+00 6.289401122115540588e+00
6.084989839284061119e+00 8.907320969352564788e+00 8.748253754755822342e+00
6.151623736897421146e+00 8.976909291886901343e+00 9.748298825150540026e+00
6.452283926603007203e+00 9.044917002555786567e+00 2.330706879653599906e+00
6.429129185612909581e+00 9.034887792048666100e+00 7.587866244677167415e+00
6.925010267502593742e+00 8.830442875134638214e+00 2.163218264882271313e+00
1.227157428919024795e+01 7.984355091854533626e+00 8.203596670073284969e+00
4.138884743544048561e+00 9.067670350622730524e+00 6.019210745907009219e+00
5.696759289664583115e+00 8.966189419464731358e+00 6.972169467187859127e+00
5.447671289908229575e+00 9.281474695505306016e+00 8.233126810796482786e+00
5.995402683872070426e+00 9.031284430697871457e+00 9.665749632971431637e+00
7.219181527975481849e+00 9.683096536831174106e+00 4.359377514573361978e+00
2.947721134258409315e+00 1.015624790997121352e+01 -3.903088451061905495e+00
8.823032348771485900e+00 9.054344020470015408e+00 7.656463630308619983e+00
3.727543572914034709e+00 9.165541833679533568e+00 5.932806144039142637e+00
4.395888864043795863e+00 9.173888313557020169e+00 2.202670727525442018e+00
5.625892954591211748e+00 9.170706144741290089e+00 5.195443009299386405e-01
5.890288349329357409e+00 9.151285773377258792e+00 1.921468866839163958e+00
8.794728692915054324e+00 9.800777782556217232e+00 3.606157540854304955e+00
2.899156692936871060e+00 8.340322009574506978e+00 9.677135616606992841e+00
7.017165230355884020e+00 9.577772149032895754e+00 2.584212162415442826e+00
7.641324507221539442e+00 8.985834167831617592e+00 2.166656503101226150e+00
8.082073469541331434e+00 9.131234521160511264e+00 4.360187579571658034e+00
2.181277557954254820e-01 9.282375593998450469e+00 2.159182439677335363e+00
4.046259302887817988e+00 9.279596403388028492e+00 7.200079731625473878e-01
5.465054227023440347e+00 9.267746634289991903e+00 1.379452430775315319e+00
5.726357673735945397e+00 8.828416917446759271e+00 8.136846848443063607e+00
1.046188711435883434e+01 -5.819156320773536395e-01 1.013621909310192670e+01
6.222455145499532492e+00 9.234605056065285922e+00 4.204045916833093699e+00
6.465320785674711246e+00 9.077404471147733744e+00 7.603260764795052751e+00
6.016210710116936866e+00 7.551646864008432658e+00 3.666696362401232534e+00
9.682908357263100285e+00 9.258966553865869642e+00 6.366374234540924881e+00
7.849011306319424452e-01 9.400917979155096305e+00 3.136881426859595923e+00
3.272981705003169317e+00 9.346250012790275008e+00 9.608000435318565735e+00
3.522255374430091734e+00 9.328278800761884426e+00 4.793593031679542982e+00
3.841086639842562711e+00 9.273374073715714871e+00 7.432156868922646709e+00
1.097908000535043627e+01 9.731105502733843338e+00 1.198051377580188692e+01
5.286460985401882695e+00 9.265457058565047532e+00 8.563531141273843517e-01
6.242382722519588256e-01 1.904216044614089753e+01 1.203593784837456049e+00
6.254378788621171914e+00 9.306250367134694557e+00 2.066767177631013030e+00
6.059938918288499288e+00 8.635650634142486126e+00 4.982923968120581470e+00
7.964198752327074970e+00 1.085156800413147238e+01 1.117190658202379172e+00
-2.699616387596273981e+00 8.851529559036391603e+00 3.289037154822237241e+00
7.322039143880759937e+00 9.386133464352697686e+00 1.988657125098734380e+00
7.796806803980500966e+00 9.381498751329948149e+00 2.550640965433170315e+00
8.122527432832114869e+00 9.457727550272849726e+00 3.087736519917335887e+00
4.571568015732333734e+00 9.439504939106994286e+00 7.341126593307615522e+00
4.781110463562888491e+00 9.431690712637802676e+00 9.347672379630870276e-01
5.082778018588519409e+00 9.437795641934611623e+00 4.101313746788116887e+00
5.448955335086892227e+00 9.259238759677280939e+00 1.362408806370600800e+00
5.927319898282592092e+00 9.411602437045306857e+00 1.386278339155393446e+00
7.165837062762268062e+00 9.339805888769904030e+00 2.362896570752640368e+00
8.634427656925893757e-01 9.551455118914310205e+00 2.970768105496132350e+00
4.189609621040451870e+00 9.448744565327288569e+00 8.283684753942129220e+00
4.179970336075444770e+00 9.489114559854311182e+00 9.655484121659879904e+00
5.062536876764663241e+00 9.533878608487750483e+00 4.879138759814034998e+00
6.813089878537624600e+00 9.498529583260797438e+00 7.457044210907172399e+00
7.044979821918848195e+00 9.475283992206639638e+00 3.615797152583528629e+00
7.356292231969649542e+00 9.440997808249132817e+00 2.480827545440198900e+00
7.181873388095620037e+00 1.004755056332606244e+01 1.660208489701233470e+00
3.124497282630164019e+00 9.610925518710738302e+00 7.101985413453860474e+00
4.685017452917024983e+00 9.510111863954080036e+00 7.927008259978228111e+00
4.822521781620262793e+00 9.531328906778149701e+00 7.971481054834995916e+00
5.440644442703554517e+00 9.528568949122107057e+00 6.290467208179684633e+00
6.187475905173948298e+00 9.593105757407393241e+00 2.805044308946568199e-01
6.495021258540742082e+00 9.545271768509543620e+00 5.581090644930918998e+00
8.656723782239563292e+00 9.604143119716431087e+00 3.562756304656835127e+00
1.385122415381480621e-01 9.749782162170872013e+00 2.439955198825752181e+00
4.535496907799106303e+00 9.643816299517535384e+00 1.702318812123213121e+00
6.116480373645623914e+00 9.585530431321759082e+00 2.062755796547500520e+00
6.391416446043074906e+00 9.641371770580022371e+00 2.541665168698318489e+00
8.023323632483975842e+00 9.167196890400923337e+00 2.325346334115566016e+00
8.158032611968799586e+00 9.662616763684745536e+00 3.239427346499754279e+00
8.618408994006761858e+00 9.705230998693107125e+00 8.543754107418262578e+00
3.926383613091693481e-01 9.946974412331508475e+00 6.592173105507405317e+00
2.707570654629195328e+00 9.776780588198183963e+00 4.823445022056993103e+00
4.602638819477432364e+00 9.578789022425981514e+00 7.428867652290603196e+00
5.226976786712144829e+00 9.726297099494301435e+00 3.725477018636902393e+00
6.751231501979558125e+00 9.669443506184672188e+00 7.702154638829909139e+00
7.721124800114983699e+00 9.778702089206106507e+00 1.158748367441974958e+00
7.559595559124777431e+00 9.521998850899924705e+00 1.920336788245804449e+00
8.805773693947502423e+00 9.785115824368137538e+00 2.490880534266550761e+00
2.322989312799310646e-01 9.768165398765617624e+00 6.298286092122112656e+00
2.012691156563431782e+00 9.874993535304225745e+00 9.457074310950442708e+00
3.647572680505959397e+00 9.807434244801465084e+00 7.238049486930499654e+00
4.283903268818832544e+00 9.779038448060221711e+00 6.636581531053269423e+00
4.343955307764916007e+00 9.785346898900133539e+00 5.052684375493279312e+00
4.842846308855299320e+00 9.802696588147380652e+00 4.599714840028981122e+00
5.225496254845919175e+00 9.768723122560658112e+00 5.176444661415165349e+00
5.317185425437051194e+00 9.773314974807540523e+00 7.356774740157607795e+00
5.927619299155487020e+00 9.717704649979417297e+00 8.333359995970614165e+00
8.113678185698864453e+00 9.817933411317081749e+00 1.833116955246103519e+00
1.186606861552105485e+00 4.952748761965601432e+00 4.985965616236684994e+00
