2.279537057645187215e+00 2.050697448752004104e-01 7.156201048328026282e+00
3.252555945318503561e+00 2.584277787033142371e-01 5.137790371887875018e+00
5.887141941234570020e+00 2.879519731734791477e-01 9.995245791109097500e-01
5.863241451075946742e+00 9.459003972105016755e-01 2.793987543404001794e+00
5.936846545656713658e+00 2.619268718471272628e-01 7.045981734674677810e-01
7.430641996488187573e+00 3.414999533140440358e-01 4.172561928631082218e+00
7.547429197765503694e+00 3.658841081952256546e-01 3.607889813777252375e+00
4.272274419772488230e+00 4.184559669920521197e-01 7.300111330219566597e+00
4.321182542114939906e+00 3.403418488785761031e-01 8.672738151762661829e+00
5.189500432361414894e+00 5.521169850201645968e-01 5.018166143082591013e+00
6.051550385915021479e+00 3.753686323695900051e-01 1.294375353604793499e+00
6.102799725267768594e+00 4.546045752301535181e-01 2.249863953912179415e+00
7.408924217049682071e+00 3.928768733557904680e-01 3.414032602034376751e+00
8.387372907834887314e+00 4.715873055468721153e-01 5.273474396004598219e+00
9.125107842732145258e+00 4.520095804604032930e-01 6.574798965678791518e+00
9.150510066910319651e+00 4.474471325146481826e-01 7.536574661305747824e+00
3.056327352717719492e+00 3.960706897567239371e-01 4.101431156322485450e+00
3.459388453131106544e+00 4.729427813598980346e-01 6.718307735472009767e+00
4.929389833045702218e+00 5.758241781642052803e-01 4.402889862899403539e+00
5.543991377149676936e+00 3.934172927180988877e-01 1.166740869544300896e+00
5.456566019067431661e+00 7.261214920231098269e-01 6.522832810760281319e+00
5.937341882366793833e+00 6.326701602554328785e-01 5.769541432654660795e+00
6.611233529005175136e+00 3.203299679456364513e-01 2.497592628683586724e-01
6.642031843826713633e+00 5.750006713682533910e-01 7.275619299373381921e+00
7.993910577076610124e+00 6.488530938003705950e-01 2.162695568284239922e+00
7.508412119161114617e+00 5.208889826745171092e-01 2.410340040713949250e+00
3.975283028190635726e+00 5.704212757984786775e-01 1.060396570815150818e+00
5.800947272416408396e+00 1.028763763738715364e-01 2.120344224235587216e+00
6.187656784703365886e+00 7.775567867842522185e-01 4.541632260774505880e+00
7.048513010029427761e+00 6.007467354480328092e-01 2.339351110105813092e+00
7.743947016146359275e+00 3.934247402356669809e-01 2.210378038254879662e+00
7.751010790684635055e+00 5.546782391784769173e-01 2.254859814166910059e+00
7.862225970668441200e+00 6.313839302643429185e-01 5.363396738908497774e+00
9.382062010104252892e+00 4.185771734658874088e-01 1.465289145987954456e+00
3.765632881928662634e+00 6.626844593438294684e-01 6.057726084089463114e+00
5.672626010488395210e+00 7.047357222941859067e-01 2.943353415555770791e+00
5.927266859910313102e+00 5.238337745399117562e-01 2.429601616434952316e+00
6.376938479050918929e+00 6.968834454736649864e-01 2.777532287408136291e+00
7.858743973963491669e+00 4.512173840702534688e-01 2.371792486724078941e+00
8.921830739816234868e+00 7.009845638984301130e-01 5.585443615524503969e+00
2.562164607546580930e-01 5.273403589525308410e-01 2.737340804533586969e+00
5.861774579567601506e+00 6.100244613996549381e-01 2.556050319456343534e+00
5.949023974488261146e+00 6.680088570055382480e-01 9.251863799345768413e+00
6.976432842430603465e+00 6.477084726192240405e-01 1.969522048957234706e+00
9.067564473744544884e+00 7.100881602755553246e-01 5.605001964563142813e+00
5.529163901127999159e-01 6.033990298616543901e-01 2.776203480197531714e+00
5.717892768300993467e+00 6.922835245174906449e-01 9.572302285007719291e+00
5.781990620705323991e+00 1.026334748365135940e+00 6.752576445775080316e+00
6.177740761921041823e+00 8.802896835881047766e-01 4.244467313149848486e+00
6.222189653640403328e+00 6.439380418657947303e-01 1.728484710691088333e+00
8.696364061487678043e+00 8.553846521297472361e-01 7.935174715970298109e+00
3.515186857963693345e+00 8.236176211081818188e-01 7.178461495898601719e+00
4.431630880948457474e+00 7.554392745999529701e-01 9.432949206567599054e-01
4.971744314585103908e+00 1.114453391269267346e+00 5.409570161993674020e+00
5.266665760777380356e+00 7.502281130022506739e-01 9.188582607642848288e+00
5.428273899741767217e+00 9.491468989557685365e-01 3.252511001479126751e+00
5.529400832826019574e+00 1.022199631512771933e+00 6.593283063104840913e+00
5.564856275821079556e+00 9.234262258338170604e-01 7.372413020023182995e+00
7.697909991161558274e+00 9.527810991052885203e-01 5.794234206560572531e+00
7.897957694101277681e+00 5.664981734420566628e-01 2.178831398082533344e+00
4.001202562779623051e+00 6.966919044564017227e-01 1.026555485903631437e+00
6.687056533684971882e-01 4.651456320616730977e+00 1.005849536773879471e+01
6.146735068814114022e+00 9.410597246191148013e-01 4.659720406568252038e+00
9.108190409782924490e+00 9.070897534820884234e-01 6.816258376642819528e+00
9.739237772464415244e+00 8.487517667304779190e-01 2.688025270490716601e+00
1.084054441700261506e+01 -2.531536366486141887e+00 3.513532595421135774e-02
7.801670199545525541e+00 2.508533995124352378e-01 1.678851051129005789e+00
6.758984021581659007e+00 9.683088694468118263e-01 9.388591166807827904e+00
-9.367314558798780055e+00 -1.384720028940494174e+01 4.812058870747961681e-01
9.009368780501120000e+00 9.589437319801163984e-01 3.412986509326488171e+00
1.338107544749051137e+00 1.044801557040638595e+00 5.887657859578297348e+00
4.863478064586590932e+00 1.241556924813855822e+00 3.752506112037905961e+00
4.827830697125524928e+00 1.192249661760471646e+00 6.093597410198050568e+00
5.241350426671851359e+00 1.136481104359036376e+00 6.040361324328681114e+00
4.444213127305011390e+00 1.366951124441051046e+00 5.602976536828052190e+00
6.047130794071599702e+00 1.166605228547310968e+00 5.028707453451308318e+00
6.040389123482524880e+00 1.168945067272850302e+00 5.012628428210050835e+00
4.713516944045810675e+00 1.614527972265916489e+00 4.288370869257934537e+00
6.381506193290977791e+00 1.020746042008898069e+00 9.492135498964152873e+00
9.603159810992615064e+00 1.100570305622892153e+00 7.253220394081265177e+00
5.157872162662713755e+00 1.178475024824831685e+00 5.590627805809734063e+00
5.744039968114044825e+00 1.223858365103184020e+00 6.444455924531024671e+00
5.666069179761231922e+00 1.234490005610461960e+00 6.709389803271037067e+00
6.534018374561232356e+00 1.117414608699663248e+00 4.153112411225981404e+00
2.582027474536925382e+01 1.603781680982788416e+01 1.468515263535586612e+01
8.363076231283351092e+00 1.082637802747127953e+00 3.268888078415699283e+00
8.984273282430489616e+00 1.258645373700845616e+00 4.914713653794045456e+00
9.440584332804776935e+00 1.171569552276994663e+00 4.797510337912687106e+00
4.911884521135563730e+00 1.221282947496162619e+00 6.017762644968096986e+00
4.931495880737760018e+00 1.315167350180358241e+00 6.095631705718380644e+00
8.051221348050580318e+00 1.278333619958858858e+00 4.214137894361714709e-01
8.144307363285770762e+00 1.361315980645468660e+00 7.298309203538248191e+00
9.095395775631455848e+00 1.299150521647519430e+00 7.974922672941191948e+00
4.033850982816229447e+00 1.261789667138070614e+00 5.890162400138776455e+00
4.776195418202974885e+00 1.376887323350041603e+00 6.725498369436268220e+00
6.479238389616948979e+00 6.059926746143671217e-01 6.724004590312822494e+00
7.399729100694058204e+00 1.465827487316899269e+00 5.956419065116337563e+00
4.243000034344325044e+00 1.312019377230444928e+00 2.084714269757821370e+00
4.912702322891434825e+00 1.309292698948041789e+00 3.706164204826386310e+00
3.576761571869635503e+00 2.119053242169223861e+00 3.952199089040415281e+00
5.592119015325715203e+00 1.279475068210237598e+00 7.016442746350398885e+00
5.536961407646424860e+00 1.354298097388200173e+00 3.501680920851209855e+00
6.275762030114922396e+00 1.280807142647919949e+00 1.516248635814693824e+00
6.290460403814071455e+00 1.546689688535935581e+00 7.494463492567227547e+00
7.514727350285556717e+00 1.569345120708539154e+00 6.912291388990460028e+00
8.708436340793650032e+00 1.213697876351771621e+00 1.766685441484872499e+00
9.587275131697424513e+00 1.285543094531861996e+00 3.718778421958759406e+00
5.728331972744701517e+00 1.452846701498031523e+00 5.115258083703325909e+00
8.069269304352969741e+00 1.177820844914698739e+00 4.917332302064925664e-01
1.882049712230537297e+00 1.442198300932880484e+00 9.239828353182350185e+00
5.136756774915037127e+00 1.413716729207123324e+00 5.332427868561770978e+00
6.161967652882378133e+00 1.666978658337436414e+00 5.439704799260014489e+00
9.017904182340926056e+00 1.419186865562515720e+00 4.967766334002503115e+00
9.502116726005599645e+00 1.561934894302158483e+00 7.874363267751903095e+00
5.845509969910482440e+00 1.524118350523385068e+00 4.826007142798684590e+00
8.517786523917962427e+00 1.418065767873680771e+00 3.823586860457708347e-01
2.560977524658638038e-01 1.614907571695939570e+00 3.933788602499507014e+00
4.025413579488024141e+00 2.980372605352276771e+00 5.872972911649908312e+00
6.216376659404719618e+00 1.531553845367246147e+00 8.882419586298844205e-01
6.216390589731711991e+00 1.816927161902172738e+00 6.299331798680636751e+00
6.827074461308088260e+00 1.807153072239048974e+00 5.977954257210001288e+00
5.968644909114338759e+00 1.324525286007643521e+00 5.097866697516053591e+00
7.915875389007210217e+00 1.862004656900216659e+00 1.428166699170740461e+00
7.498236472041925893e+00 1.728764408931408703e+00 6.105114147375281242e+00
8.274126357849631574e+00 1.784439390391265867e+00 7.135516102367668978e+00
8.455799135279987055e+00 1.768831293237208557e+00 7.117730980701036714e+00
9.434704625432781100e+00 1.657633096268720241e+00 7.197739189840516971e+00
4.527872930519182937e+00 1.726330500809169610e+00 6.911602849634141066e+00
4.932416554352102800e+00 1.810465122203328781e+00 2.769589916192030987e+00
5.885132813055912848e+00 3.945457273793064878e-01 6.416324345718920075e-01
5.518696700879355710e+00 1.686511824507221036e+00 6.930000304530970823e+00
5.822196324833832648e+00 1.824279876666891065e+00 7.773276410250598900e+00
6.104459839569830848e+00 1.812105323574840332e+00 6.886050833071163169e+00
6.355890721085920347e+00 1.789282352405718202e+00 7.692213292912866152e+00
7.433902601805058019e+00 1.948568167350003044e+00 7.958632710892622697e+00
8.088771759174090192e+00 2.034200400642572237e+00 6.685837086334599277e+00
9.126446946457628329e+00 1.678828042560357225e+00 4.393249072254687526e+00
4.835826772485901870e+00 1.883440839773139475e+00 4.571255937334484543e+00
5.242825613266250073e+00 1.891832631550478094e+00 2.907022790963844194e+00
5.814492395041990669e+00 1.848038336722913844e+00 5.777754802548131785e+00
5.869107722070324940e+00 1.770696501858577854e+00 3.525168421648650963e+00
8.230562230159391035e+00 1.699481631227941492e+00 1.181281574802292011e+00
4.923306939210887023e+00 1.814723170974177346e+00 5.694887782493147199e+00
5.192967575791402446e+00 2.088897935242836290e+00 2.959607272954423607e+00
6.173054734749841899e+00 1.743206390761271818e+00 5.479337047506257719e+00
8.018401112499674355e+00 1.802077037425494854e+00 6.303988103797601106e+00
8.222789594858349815e+00 2.015278410643913887e+00 5.788749873251999745e+00
9.765383189538948683e-01 1.939611609549456217e+00 5.123125890555360940e+00
4.889524743597409184e+00 1.915716199163881139e+00 6.557404369824510582e+00
5.063756463061258373e+00 2.016492730359885410e+00 2.735611242024946321e+00
6.019585526884147164e+00 1.833059645532367998e+00 3.312292115345572441e+00
4.715678023475858183e+00 2.013494646377541386e+00 4.388536774466731849e+00
5.120874186834167396e+00 4.258295452180772322e+00 1.682689545784953555e+00
7.322454472187443386e+00 6.806979328954706254e+00 -2.460723510315689477e+00
6.486554955310943171e+00 2.143458021695983540e+00 6.410981244754568209e+00
9.136121463891807792e+00 2.065389783948830438e+00 5.501560335174284333e+00
1.418232003590452273e+01 4.706345133027568295e+00 -5.100716660054130713e+00
4.660377159462658625e+00 -7.530556643657653204e-01 2.232701277013395469e+01
5.708935234986078022e+00 -6.087077448015056902e-01 3.962133756433302789e+00
3.383795210857242886e+00 -2.746210919140061435e+00 1.006730586613192990e+01
1.246825962523225151e+01 8.449128855329091081e+00 -5.031829336088246230e+00
9.313962501292479601e+00 2.097946268042097273e+00 8.068623879084865891e+00
9.545729275967854477e+00 2.072576447430701130e+00 5.114494331718497655e+00
4.175686567969013829e+00 2.243429950274220985e+00 5.812364716128260334e+00
8.994933901627215178e+00 -1.394293605287102888e+00 4.318497082234745932e+00
1.072677892525999876e+00 5.568127282437089320e+00 5.235656508322072966e-01
5.779338059628200241e+00 2.115792609075497488e+00 4.518633625971387957e+00
7.362124814457061461e+00 1.921145876409354969e+00 7.353851170374571922e+00
7.506180841651373115e+00 2.076613957374578767e+00 3.525154077620432425e+00
7.755138482374180242e+00 2.354925942571039599e+00 6.781877992978252223e+00
8.046362745813960160e+00 2.619261580368441589e+00 7.661776050810283678e+00
1.561490411219490060e+00 2.303821407644532915e+00 6.476319897067629228e+00
4.667047170951923007e+00 2.157987468930842478e+00 2.549677000687534889e+00
4.673453615917098070e+00 2.172752325252065297e+00 4.769629328353016007e+00
6.326020650298396220e+00 2.191977768147298278e+00 1.764893629323093460e+00
7.855854830143124801e+00 2.378797759206507934e+00 5.740895402900961564e+00
5.990115463651838112e+00 -4.279992078005786738e+00 1.124965594571857785e+01
2.997917531380847045e-01 2.267184728664316751e+00 5.463874131282726587e+00
7.077713105656109338e-01 2.256065972939112374e+00 4.722442953434448754e+00
5.518044611246470943e+00 2.239593067769169998e+00 3.894730366958880641e-01
5.543721240950436169e+00 2.826513715950570660e+00 6.467627144244708859e+00
7.789492404866402708e+00 2.421414369575670023e+00 5.009945699512590167e+00
1.404152385216260512e+00 2.400840854770560195e+00 4.888415322760726767e+00
7.699906680322419206e+00 2.425626583612602083e+00 5.081799495687037371e+00
7.900281091163959601e+00 2.391756288405492370e+00 5.786578812471701028e+00
5.111544912247223404e-01 7.796635416906609883e-01 4.429650293866390642e-01
5.117542378424631444e+00 2.456983682868406405e+00 7.670039409760065041e+00
5.319345072668385299e+00 2.432856796275748579e+00 5.599355203653623825e+00
5.295719659158923065e+00 2.263423963637652303e+00 2.968383103387401523e+00
5.479761460648584048e+00 2.466581151724326570e+00 5.790166358246469969e+00
6.415909031897154335e+00 2.633887752230293700e+00 7.774482299536064289e+00
6.488597449690235663e+00 2.493355430378815019e+00 6.051385137203720177e+00
7.627724529484972038e+00 2.812049077459262580e+00 7.534950421104100293e+00
7.707363186606512429e+00 2.422539690662985912e+00 5.085763994024240731e+00
7.786577333078399832e+00 3.454065995289011592e+00 7.903778455445018558e+00
8.899823201932825611e+00 2.484988516115879342e+00 4.619265263261135956e+00
9.071947482791086870e+00 2.501944926395704982e+00 5.499819198317098312e+00
3.718771780097367974e-01 2.528676632153812331e+00 6.793581419125086285e+00
6.323031135000393377e+00 2.656832515082685475e+00 4.961131290207692501e+00
6.941413002933449761e+00 2.513365474766611207e+00 1.312391642172819672e+00
8.262530621280955501e+00 2.517716989161352448e+00 5.624247040618740812e+00
-7.548647841734889008e-01 3.207824704132100191e+00 2.871181796078630555e+00
1.936076078427791058e+00 2.910688266669912316e+00 6.194088172801269998e+00
1.739946349898824351e+00 2.544534918183171346e+00 2.111717684521279281e+00
3.828042013322896508e+00 2.558638798575950446e+00 2.539887510769706758e+00
4.190652090501233218e+00 2.544180900492146513e+00 5.611738313407253820e+00
6.097664588638762595e+00 2.537810440416976121e+00 1.929622482989820753e+00
1.813700125482607284e+00 2.021241738088660256e+00 4.838393496955036177e+00
2.725041008790785479e+00 4.223143228183263709e+00 4.288286746510445724e+00
1.453785124882275293e+00 2.440108904887072327e+00 7.020215327960315221e+00
2.434905288239066934e+00 2.687687872752014151e+00 3.814923546011490529e+00
3.865416966395314624e+00 2.655146914022147087e+00 2.976759302833161591e+00
4.964810867082069201e+00 2.680044371794057856e+00 6.058811484327696562e+00
7.158792827320622720e+00 3.037303148519527429e+00 6.881378820461239165e+00
7.251349750319469045e+00 2.965353390623505447e+00 6.826720541794522923e+00
8.165467906250585273e+00 2.287876795918934114e+00 7.591597326772401289e+00
4.747786904211256598e+00 2.730404839002373407e+00 5.904730146568873295e+00
6.049964556960858886e+00 2.767331686367678678e+00 5.975770161764074828e+00
7.186132379218209465e+00 3.079808217919988600e+00 6.871782681049945829e+00
7.365137838460027453e+00 3.118030007761596778e+00 8.131011639852404826e+00
8.231540670410451455e+00 3.179359299259575167e+00 7.950109255927792162e+00
5.815682224632464425e+00 2.829147183596477433e+00 4.617709826344811752e+00
5.231983087545506450e+00 2.422615941354182123e+00 2.619324982706858318e+00
6.269254278500685729e+00 2.713968981063163532e+00 4.918623320962121070e+00
6.634004640923985008e+00 3.025600375304236422e+00 7.609777912571813019e+00
6.800304126789344039e+00 2.807292172980697664e+00 8.824939218670533325e-01
7.105150489252827661e+00 3.031316028402517571e+00 6.743124849542484256e+00
8.125431768714484804e+00 3.278434230743481059e+00 8.011250983835928707e+00
1.082142134866079353e+00 2.829721937340606175e+00 1.890560659716332415e-01
6.781188480351719505e+00 3.188524751086379005e+00 2.522539360322289426e+00
6.826644076687340856e+00 3.206292629852279141e+00 7.012392601377689161e+00
7.865567368591650066e+00 3.107429632815556619e+00 7.661343769977534635e+00
8.200710583516698904e+00 3.162498418195511807e+00 7.959429599232981545e+00
9.246181318338470234e+00 2.967492894608274590e+00 5.380773744759494548e+00
4.241986227436593815e-01 2.881408208893654788e+00 4.735186657195066928e+00
1.359652040439690790e+00 3.004941018303303402e+00 6.870679851405863126e+00
3.497776835703577003e+00 2.937349125177347808e+00 3.848734739983319830e+00
5.202182159109068671e+00 2.917664219421501226e+00 5.130226457383907146e+00
6.482723013671051859e+00 2.602523411767548200e+00 2.701424550102670352e+00
7.635354236703088660e+00 3.381792714677305689e+00 7.714421022391791283e+00
8.228282216413415284e+00 3.115918077595206892e+00 7.911520566518617237e+00
-2.997925810045670714e-02 4.073704525965411882e+00 5.189245905578638407e+00
3.402247266131919190e+00 3.064186575154671743e+00 6.750892481653837152e+00
4.523702363437779539e+00 3.033652186680386720e+00 6.203113606749527165e+00
4.752408192327478353e+00 3.300063658393822763e+00 1.760066816622887220e+00
7.332993595601450920e+00 3.107892406960476084e+00 5.265754117710224946e+00
8.646316962431656705e+00 2.733521381710362519e+00 5.148539438596563045e+00
8.822576556619939225e+00 3.387089288998901715e+00 5.034397284135589956e+00
1.324629971205129486e+00 3.099223935804378272e+00 6.637051994263624799e+00
4.111762803740429462e+00 3.066383204812499930e+00 6.105325835606269180e+00
4.640562554871159762e+00 3.120976663867406575e+00 3.060614252551753456e+00
5.603818796512499922e+00 3.212485755289978151e+00 6.250855361414888733e+00
6.680299657529017665e+00 3.127704819693408300e+00 5.811426323367781421e+00
7.128895230892540624e+00 3.450821723008063557e+00 7.333813464139087301e+00
7.163501386388813508e+00 3.440226861894505994e+00 8.561137459313808762e+00
7.131856006593944031e+00 3.003983757115738396e+00 6.824510496157208728e+00
7.599528311120691271e+00 3.019703659610307511e+00 5.478158039641677135e+00
7.535882828496019314e+00 3.333022302268338066e+00 7.143958798725703829e+00
8.254572601908769514e+00 3.065172153970470159e+00 7.983569907180454450e+00
8.687119001833462306e+00 3.119765561692843914e+00 7.394685139538448304e-01
3.665702380649595860e-01 3.116557717833464025e+00 6.806482062154532997e+00
3.528053481184366458e+00 3.161896037586068076e+00 4.615683918473836300e+00
5.342903820800020576e+00 3.304575939975639365e+00 3.244131715869297938e+00
3.017897297026160608e+00 2.815703528068002726e+00 2.763384772053666172e+00
5.202945492787709902e+00 3.166954378629486477e+00 4.556119022423173348e+00
6.631860038168908567e+00 3.357140971897104365e+00 7.483224663196625492e+00
8.239666157995591433e+00 3.391690212374544267e+00 8.807891561165531513e+00
8.864821380039831666e+00 3.340082591073819884e+00 8.356513394895415558e+00
9.308531499454899105e+00 3.142790110100259326e+00 3.974727925149160512e+00
1.356550657595054865e+01 5.335249480954342260e+00 -6.253087965176429286e-01
5.182207506880105896e+00 8.357836410408727712e-01 1.127220007647135880e+01
5.210950797960550718e-01 3.215931395222115796e+00 7.176815107637910529e+00
1.698052519304235286e+00 3.274161291918239236e+00 6.301368914552529787e+00
2.605744983932043901e+00 3.251839582934843875e+00 6.424308354606257154e+00
4.817625813470508334e+00 3.289456861259919318e+00 4.245098911885864190e+00
6.865883847527769923e+00 3.368636180982589767e+00 7.071265925428995125e+00
6.971834721095178544e+00 3.535718345849869770e+00 8.198882577936881688e+00
7.618424831300320221e+00 3.599328300211546150e+00 7.782834019523008351e+00
7.870519551617164211e+00 3.476589594773574987e+00 8.131960079770664152e+00
8.107387026120147056e+00 3.329803280407395150e+00 6.572730307089425850e+00
8.220865081077420200e+00 3.427356818396510185e+00 7.164004122128088348e+00
9.222094974499590592e+00 3.381540885186915091e+00 7.878258043222404083e+00
2.948293360133372509e+00 2.383989564585605514e+00 4.626043877422594264e+00
5.258031305104848840e+00 3.257530168019635575e+00 1.246439678518135530e+00
5.599815936856012755e+00 3.311010141941627793e+00 6.288600379794548445e+00
8.721010572834112295e+00 3.192250412919209079e+00 4.936943718631633615e+00
6.613574699874408935e+00 3.419798116128768495e+00 2.692612001657796572e+00
7.017002058429380185e+00 3.591147902541789172e+00 7.055211048092106196e+00
7.340530938638416103e+00 3.633710343909942964e+00 7.565423392106172429e+00
7.366556727136067906e+00 3.512537236652152561e+00 7.430621587538462691e+00
7.777235826085497017e+00 3.519214132472200163e+00 7.219918208055615239e+00
7.871381672241909655e+00 3.445194646689092366e+00 7.235682199938325176e+00
7.941346906838422370e+00 3.723145878385330398e+00 8.078536116220503160e+00
8.236481788562262096e+00 3.432786772614525805e+00 6.638766865559993846e+00
-2.193719241487990246e+00 7.462558011035412164e+00 -1.363491575847811887e+01
4.897118428610340857e+00 3.485833833354194944e+00 3.889115233219971657e+00
6.976999315005343760e+00 3.615794222781331779e+00 8.335884725338850387e+00
7.570288626470924598e+00 3.652068346908581287e+00 7.831135676684159108e+00
7.538185192184702288e+00 3.496144390262791113e+00 6.209770021397446271e+00
7.999127913653030220e+00 3.553921869610659368e+00 7.196403572112870961e+00
9.488441127357067018e+00 2.920022826342719036e+00 2.214022149833220432e+00
9.203718429068260320e+00 3.424782391291114170e+00 4.931582502163359472e+00
9.097652111935522257e+00 3.433445215092030267e+00 7.980291096399668049e+00
7.846068579437488921e+00 4.154485938162866709e+00 7.930158754012992972e+00
6.679146953359572869e+00 3.631498965320012040e+00 7.583366886817612063e+00
7.681875683347074713e+00 5.156823376820278249e+00 3.289361670104468338e+00
7.873760403320497758e+00 3.660534201795836218e+00 8.117213945717985268e+00
8.156120920979645916e+00 3.500450062776828908e+00 6.070704259656910295e+00
7.679499775338797463e+00 3.796058539348895700e+00 8.369667636601210603e+00
8.731115989020366897e+00 3.568389122534521007e+00 8.173470499297854630e+00
9.193051213748326234e+00 3.525896439223894063e+00 6.211914798720455266e+00
1.434491976234290700e+00 3.482066200601781070e+00 4.983091744888899832e+00
5.427906265907763483e+00 -4.240455867038544491e-01 2.214114929454785141e+01
2.439129208668826099e+00 3.608096151841279298e+00 5.105898568878786570e+00
5.107331060750462726e+00 3.522267620952381328e+00 2.402611750940015334e+00
4.634984349908157775e+00 1.752415736665097867e+00 3.596109536180882582e+00
7.933108832155665979e+00 3.808142247988849594e+00 8.482165603481938376e+00
1.078574610614751705e+01 2.977323085389210089e+00 6.776862055629019110e+00
6.524071937461576320e-01 3.678668108722345842e+00 5.100495990592558648e+00
1.065673266384784545e+00 3.631497996808439765e+00 2.171730082759296909e+00
1.754339844118905756e+00 3.660947486261888262e+00 5.678560344435661378e+00
2.130799256558326249e+00 3.662575997455686405e+00 5.801126765539981633e+00
4.421652079432811355e+00 3.720950879504172804e+00 4.667783598614594354e+00
5.363300701557418115e+00 3.736499538262384235e+00 6.187484137206521240e+00
5.650606095154992126e+00 3.839637597532666646e+00 4.779854401822054122e+00
6.917369440536603520e+00 3.733725222981346903e+00 7.179571850562400215e+00
5.562572995221651162e+00 2.040065452067122642e+00 2.679928177808242218e+00
9.057250200258810224e+00 8.285670849940178329e+00 6.928425546055940742e+00
6.901899695724152295e+00 3.611628719767734363e+00 6.968647368859754998e+00
7.337206373656016467e+00 3.941090536649658915e+00 8.476955187729092955e+00
7.450996859655557358e+00 3.932383175321130242e+00 8.310077361566698073e+00
7.697515050415944415e+00 3.604994156454285115e+00 7.723287654295113214e+00
5.576665847065636505e+00 3.814389155384247942e+00 6.780575234392093975e+00
5.657076903768042619e+00 3.713881969315649290e+00 3.319609789203693317e+00
6.534074682299557679e+00 3.882610156620642350e+00 6.571071989014500403e+00
7.939925444932002918e+00 3.710539242508257729e+00 5.415231480727182856e+00
6.207541492862300725e-01 3.740309818767696193e+00 5.246574128105327972e+00
5.782929672418639644e-01 3.775503375751710244e+00 3.664893152744962190e+00
2.150786047819707836e+00 3.862136320829522518e+00 6.660336303509286182e+00
4.546154226832833878e+00 3.794305334181011347e+00 4.234685399669141148e+00
4.923026485123602747e+00 3.716789746884075818e+00 2.604401592599639770e+00
6.579248097917389515e+00 4.013983162000897664e+00 3.108805096127062129e+00
6.859641679507724632e+00 5.706594413379530550e+00 4.153032656301137493e+00
4.723664734444237290e+00 -7.452827044994146943e-01 6.994635888455176698e+00
7.056476807882183344e+00 4.089497321740545033e+00 9.058188788118112456e+00
7.030141449956984978e+00 3.967935364463629710e+00 9.237067021106997178e-01
7.582265068740349889e+00 3.919930594874325713e+00 1.559501691870318840e+00
7.601342118994038444e+00 3.829333319557599147e+00 7.050932164299012150e+00
8.066154946335299059e+00 4.775428286134496325e+00 4.988137389842210112e+00
9.240562599553951983e+00 3.677962133587930893e+00 5.118115282618700412e+00
1.057664456885021531e+00 3.867779698362329377e+00 6.644214661458365256e+00
1.569526968723956362e+00 2.651294807118246943e+00 6.062874239636214746e+00
7.541223584729506157e+00 3.740092771186177778e+00 7.077388507438977960e+00
5.679058543593233921e+00 6.650764244573561079e+00 6.508220514249952515e+00
7.460156042766444173e+00 2.709376502917989704e+00 9.373754426818045715e+00
6.287426983714074602e+00 5.147623526734061983e+00 7.837817015721656233e+00
7.918169102422206507e+00 3.979968787945766362e+00 7.909961205273200235e+00
8.050898802824424383e-01 5.166997715318505158e+00 7.942195832651561815e+00
1.923116233792544261e+00 3.931816823186237819e+00 2.624721672372551051e+00
3.770161926792090057e+00 3.807758014693777504e+00 4.157051516920645895e+00
4.722763752758840639e+00 4.502519969741440420e+00 6.342970919547418873e+00
5.696721884161689786e+00 3.975325383156326886e+00 4.848406861633794307e+00
6.496644321310496295e+00 4.070329480496531538e+00 6.658686107818344802e+00
9.012330300272065386e+00 1.194449788589694084e+00 9.017686269175525737e+00
7.810763661835655292e+00 3.920384689189400085e+00 8.047344810705888918e+00
7.386233158434887258e+00 3.938337694788217824e+00 7.205802039946913595e+00
7.979062580092099566e+00 3.945605560009479262e+00 8.090672968149199562e+00
7.546178750121067536e-01 4.041642090824213440e+00 7.412178648274980297e+00
4.084636450767422211e+00 4.121281452213259477e+00 6.093619038061468984e+00
5.521526469334476772e+00 3.684007342730681422e+00 4.678264161357066797e+00
6.749229077805930288e+00 4.123967377737817408e+00 7.371913647215132315e+00
7.090610863387340146e+00 4.424989919664958471e+00 8.859877044584614225e+00
9.260029023915802071e+00 2.996549130314901888e+00 1.089400028357917982e+01
7.943629465282285196e+00 4.085551366628944692e+00 8.428776265852359728e+00
5.506090147587517691e+00 4.152276205993048919e+00 1.355108060452149932e+00
8.761324271880647885e+00 6.502347874636254410e+00 7.686055364935604928e+00
7.164414873508410331e+00 4.245784780284258986e+00 5.406101841395427599e-01
6.984697519862010040e+00 4.416794417371659343e+00 1.020359592944293503e+01
7.619671712257389373e+00 3.987791568097018846e+00 6.372255471229781421e+00
7.463744504079569353e+00 4.247776085711955751e+00 2.555496128901338704e+00
7.800066163747766623e+00 4.135867281658106798e+00 8.408917781920303369e+00
8.058514259762308285e+00 4.230337755393455801e+00 4.036071057580078447e-01
7.976875612633039125e+00 4.073387871904064816e+00 7.864958528424343953e+00
8.051045734629488138e+00 3.936433704346618434e+00 8.127195543146363832e+00
8.589967800687524857e+00 4.208877699098877656e+00 8.576336759151626410e+00
3.198346365114800971e+00 4.317194205923502892e+00 7.970057778714560115e+00
4.749998602839419881e+00 4.114910568026510340e+00 3.332079361487030322e+00
5.217198648178920095e+00 4.202698112529882124e+00 5.798718149777659647e+00
5.208217425923511890e+00 4.437490416695387907e+00 4.416694853872544790e+00
6.170307162764575359e+00 4.184652688175031443e+00 4.661930006302728913e+00
7.255652330489709811e+00 3.359406204424154829e+00 7.311233828049768846e+00
6.658551682445560616e+00 4.837308731405075335e+00 6.174664220100960499e+00
7.044804211891388945e+00 4.312392453103414347e+00 1.038872116971884418e+00
6.920620960203897276e+00 4.062854357008474082e+00 1.005136917934137841e+01
7.546194262480504733e+00 4.192067470943648289e+00 8.408767543547988055e+00
8.482442904970618258e+00 4.274169449678603350e+00 9.226284207046248298e+00
8.862582890713518680e+00 4.218768242331690566e+00 9.339221619621506321e+00
8.894186844332033104e+00 4.166002434995178305e+00 8.765717580609827309e+00
6.133834635048846629e+00 3.956689450764842242e+00 5.864424568759215362e+00
6.609985045283385929e+00 4.219089837444184532e+00 3.340387062008606467e+00
7.552948937158070919e+00 4.441728058629148990e+00 7.825027049735341578e+00
5.707644486917985205e+00 1.872381628254498054e+00 8.302750007707334845e+00
7.707132732754750748e+00 4.350359607318433852e+00 2.173248576838762158e+00
8.543577316907160935e+00 4.209655045666992557e+00 8.537470600349495342e+00
4.551874731196646096e+00 4.258313938723489400e+00 4.420419686859098363e+00
4.641762369702053803e+00 4.358696280545397705e+00 5.682852625982197203e+00
5.153972335585427444e+00 4.318824405969779789e+00 4.576246912313608917e+00
5.150123574628887368e+00 4.112394040988034405e+00 3.681612159677860152e+00
7.122255841619364425e+00 4.251988992569341264e+00 7.398402781430849728e+00
7.166615929893541903e+00 4.421867727485311761e+00 7.510763967228854199e+00
7.494427290722130763e+00 4.424166024810703313e+00 2.224180665381006783e+00
8.222024242742721256e+00 4.212375635260418250e+00 7.793036016722322046e+00
6.856920608037166964e-01 4.424120708996486684e+00 8.235952200344353713e+00
1.305349677591371993e+00 4.398760329628095711e+00 7.431812369898400661e+00
5.133606889440175181e+00 5.046480203132792219e+00 8.536105164669312018e+00
5.784407176770862691e+00 4.522314551371676039e+00 6.365766926211789745e+00
4.103998054683351882e+00 5.469733678202936211e+00 7.573467624054297964e+00
8.102185945202524664e+00 3.493724202235739540e+00 6.244541498232140775e+00
7.773509929711071464e+00 4.261874924196835224e+00 8.253823720606471070e+00
8.862242944408938783e+00 4.480324396142076004e+00 -8.226820012290750328e-02
5.532215845729464121e+00 5.829779913560368065e+00 1.039783265149615588e+01
8.687020050314623987e+00 4.262807928663880475e+00 8.444843171925809244e+00
4.117741683355598425e+00 7.968578709844829966e+00 6.834567969318523950e+00
4.987547790541003501e+00 4.528114008737094132e+00 1.034823305069019206e+00
6.597506638204230889e+00 4.119105681015847509e+00 6.946801006009250656e+00
6.088712933766121438e+00 4.520137045374857721e+00 7.250948898874714388e+00
5.949395980509556203e+00 4.433828404078496987e+00 4.363707533519384008e+00
6.541553071884732340e+00 4.462581685777818663e+00 7.013412047299260266e+00
8.158649384048041853e+00 4.375185579613771303e+00 8.525924514654020570e+00
7.802025576979621846e+00 4.500146912572426494e+00 1.241960594635239445e+00
1.164711009693124666e+01 3.050348717409598009e+00 3.085155407885331158e+00
9.023538969187180570e+00 4.284098113667432983e+00 6.948797707937078627e+00
9.391907818203170777e+00 4.429694710285180470e+00 7.301206483811466086e+00
1.214060972759612778e+00 4.622475541306061864e+00 5.150761062377215538e+00
7.092347505043702149e+00 4.445056076567127867e+00 7.444047066193212103e+00
7.278715639558731354e+00 3.653908843114984428e+00 1.170311622633820470e+01
7.967633726003011674e+00 4.610382185354125362e+00 1.471543658955317024e+00
8.436149532740383705e+00 4.445709452650985938e+00 9.397218096441905644e+00
7.084535310418351717e-01 1.320300712281839761e+00 7.261261800821382728e+00
3.887364241671920517e+00 4.538410460415829739e+00 3.937279985943110017e+00
4.140687559553381192e+00 4.684273640552198081e+00 6.351103639265621936e+00
7.023392247885666961e+00 4.388531751271282921e+00 7.468014797267592542e+00
7.588993063524736016e+00 4.477005778222271637e+00 2.342231342390320048e+00
9.073383011065640602e+00 4.571078511057799609e+00 6.603953972654228011e+00
2.983845226952260177e+00 4.803893250135695681e+00 8.007566549760909425e+00
6.240718237590321849e+00 4.868657167701941013e+00 9.108060994404262090e+00
7.027359538874143219e+00 4.971218929415565313e+00 8.379603563094793373e+00
7.564563376077153123e+00 4.673837807922746279e+00 8.339759801017448737e+00
7.608346367481150452e+00 4.664359731659502017e+00 3.137001262220497910e+00
7.861477672402133798e+00 5.346964289785252511e+00 6.460512876278629690e+00
7.986312338993814208e+00 4.609508090033147987e+00 5.499914294971702589e+00
9.019623930900113606e+00 4.718590420455917034e+00 6.513787014194555303e-01
8.998520912390766568e+00 4.814841574779535449e+00 6.731314810827602635e+00
9.144116496878044842e+00 4.587439520074894084e+00 7.711521328454626456e+00
5.620226694529193878e+00 4.735597319733551913e+00 6.241827031292944916e+00
7.087939572181285008e+00 4.738327811212400320e+00 8.296413109418720566e+00
7.030971654293411532e+00 4.915827201955852210e+00 1.090077283288892307e+00
7.115721641888078430e+00 4.930142371340856755e+00 1.286856111050442841e+00
7.075490632962052828e+00 4.759197645802040633e+00 6.612657200861170814e+00
7.367209820550424837e+00 4.635527149482027376e+00 8.011128080081320491e+00
7.785525266516106768e+00 4.793947713634213237e+00 4.065733113845746871e+00
8.183036799424204588e+00 4.483146874913312985e+00 8.422522588141294619e+00
8.160167533948474272e+00 4.565662416262964207e+00 7.822904292854706121e+00
2.244352678225410624e+00 4.934634943326231316e+00 8.214786577871810991e+00
5.343462729412202350e+00 4.837303085770341404e+00 5.087902316783237566e+00
5.689602660879613083e+00 5.088101134198741882e+00 5.338404952019125460e+00
6.406661319743081506e+00 4.968649846178888829e+00 9.202587890030827111e+00
7.247711502109033255e+00 4.845697114986014853e+00 8.406729610419882093e+00
6.802236208453012800e+00 5.010736870419607136e+00 1.994501371123786004e+00
7.445555414700653962e+00 4.655158904173169354e+00 8.109645557011829098e+00
7.424278785685726412e+00 4.621585525639794412e+00 8.307943527937414530e+00
8.194695467110035381e+00 4.565756642130461174e+00 8.323217415948032993e+00
8.859978393259780205e+00 5.109189682589338588e+00 6.971850021344932813e+00
6.690228085618619147e+00 5.090142346845553334e+00 7.164280175285786534e-01
6.731639220074143282e+00 4.739004237643985817e+00 8.124487741133130214e+00
8.553346474292338186e+00 4.325818532053848919e+00 6.275643818403505492e+00
1.716857518134470295e+00 4.948800311010385755e+00 4.061738154441179027e+00
2.778008483530437722e+00 5.097212367017326606e+00 8.860271685760597649e+00
4.632163377378604174e+00 4.934191835943463111e+00 5.529214492410497783e+00
5.497667769545072858e+00 5.029118017371107641e+00 4.358868774136900881e-01
5.959143864993626138e+00 4.973052698341394517e+00 7.633515988304597322e+00
7.648697066112440934e-01 5.169258890987869393e+00 5.413198086343536275e+00
2.637108182062767980e+00 5.134891883980310823e+00 7.149299597182045218e+00
4.992860644786341062e+00 5.071857768824283852e+00 6.079897720683674400e+00
5.302162284438772133e+00 5.108566206904428419e+00 5.578876706949993824e+00
5.367177151896487253e+00 4.984821466505930943e+00 3.685819796991565589e+00
6.253161311467125394e+00 5.091775870602350373e+00 6.713294781315923387e+00
6.887220277418945713e+00 4.929741834770348774e+00 8.426356104871727482e+00
7.024087919949142389e+00 4.933604540089270074e+00 7.850796181472392554e+00
6.895581903089992082e+00 4.884403280605252640e+00 8.693236161119953564e+00
8.645577640726781254e+00 3.330287633065518449e+00 -1.391420102445529647e-02
7.547983350370325972e+00 4.993823647060491311e+00 6.504894682844485132e+00
4.914429232949086845e+00 5.401173383572730025e+00 9.427987952229027968e+00
5.703785023578233471e+00 4.883966542247066833e+00 5.284540319042111634e+00
5.922494228629702206e+00 5.276926273990184768e+00 9.474225675762832921e+00
6.967036848692898410e+00 5.079263943736427755e+00 1.852506035406083607e+00
6.638192669453605532e+00 5.238228936430598282e+00 9.092582386136379924e+00
7.609985708484700240e+00 5.184111579597580288e+00 4.762717730669022487e+00
7.559579914746288765e+00 5.288789646835097003e+00 5.237211913377616268e-01
7.952876350885807355e+00 4.963263720758274822e+00 7.912708758224871630e+00
5.281269138282915776e+00 5.109551477635394079e+00 5.509116790714378098e+00
1.102876853936064450e+01 -3.636747339724016648e+00 -2.499709739425489463e+00
2.191982619607967919e+00 1.408062857477079532e+01 1.729821409698934787e+01
6.766725947854528300e+00 5.153229761219082050e+00 8.481445031683067626e+00
6.952248178663531064e+00 5.031041042276719111e+00 7.767989068427069377e+00
7.147771200052273066e+00 5.126667381945967605e+00 6.409896666920692709e+00
1.022181988421252186e+00 7.525519805468807277e+00 5.636234331640670447e-01
7.165714091652840345e+00 4.915589884657857844e+00 8.302379648123567435e+00
6.492453742388344828e+00 7.162228295436421810e+00 1.176738058482573290e+00
5.006052984935103645e+00 5.490278022653573231e+00 7.915882486707164212e+00
5.113067952568115970e+00 5.596296141754283582e+00 8.097971717304263350e+00
5.804278585387839584e+00 5.329958860690718225e+00 4.253169265415841949e+00
7.180955076148292093e+00 4.903867566932203381e+00 8.315902939410921846e+00
5.000176761397555403e+00 5.452536183844938655e+00 9.409075204453728247e+00
5.256282148055388959e+00 5.292931190501413141e+00 5.959116342197364524e+00
6.384084060920715231e+00 5.377832281039902185e+00 6.957358033623172844e+00
6.838849762418814038e+00 4.807767286395463913e+00 9.549763059182065916e+00
7.169884564714665842e+00 5.425286123409669869e+00 5.340794196312045328e-01
1.340841209820248281e+01 3.167192538763642595e+00 2.123201505176075976e+00
7.034062395297331349e+00 5.200919896515024732e+00 7.317227146731251075e+00
7.288082280166393367e+00 5.163763687689906234e+00 6.565766883618257665e+00
7.756852162054050481e+00 5.147420367687230325e+00 7.519626084653690867e+00
8.250926024417045923e+00 5.182525863957819112e+00 7.193025620482057292e+00
8.663765606197230795e+00 5.254416586303698899e+00 9.104645494833635055e+00
1.012866740739928550e+00 5.430448439177974151e+00 5.760807334139636637e+00
2.873864179521902429e+00 5.441244702520585008e+00 7.312641661483831435e+00
5.222821178176912049e+00 5.649986248228345609e+00 8.230479114859056367e+00
5.578731464320544120e+00 5.421314890185950475e+00 4.425188106200156568e+00
7.028766884661089343e+00 5.232260768026050002e+00 7.282797741408455927e+00
7.236909932536944368e+00 5.466536605123049064e+00 9.265393048308698809e-01
7.738833412468430595e+00 5.364848467344068617e+00 4.738174333057609822e-01
1.103708034158068063e+00 5.566308139665334664e+00 6.632046403067276330e+00
5.170320304286698310e+00 5.484032745932913677e+00 3.028233118957283310e+00
5.131688456753151328e+00 5.783591314934509953e+00 8.989682697971844050e+00
5.066696632555935054e+00 5.680420655543523267e+00 8.090704063740744800e+00
3.470452931278340714e+01 -1.616739565391735312e+01 2.766365250893593242e+01
6.885102972163618773e+00 5.728111245679874841e+00 9.880106502254475842e+00
6.971548806129971965e+00 5.561380634674363499e+00 5.977934301521743432e-01
7.410256923998138845e+00 5.435285850220685333e+00 1.251882724669156843e+00
8.006971465163660540e+00 5.187577323642982741e+00 7.953314297860281101e+00
3.525831446659357216e+00 5.652749510305544511e+00 8.087541813564984139e+00
3.893794237895690458e+00 5.606629275011545843e+00 6.264693255006575257e+00
6.336803305084961480e+00 5.624277678979600736e+00 7.365590882784321280e+00
-2.129611727347794670e+01 2.762872031141479923e+01 -2.585854607821436701e+01
6.755011217703458470e+00 5.389360660059816510e+00 8.010426818331136900e+00
7.996504500453134767e+00 6.233669683673135786e+00 4.778859844246158062e+00
7.803049233063832801e+00 5.505179610051273542e+00 8.778462401887573430e-01
7.713343045672059972e+00 5.698239086893613248e+00 5.199626294747238475e+00
1.151389129163572722e+00 1.008005155132757302e+01 8.222409374023477824e+00
6.875503250589790838e+00 5.122087194414130629e+00 6.092780975770804019e+00
2.383474885973870805e+00 5.712122552018128019e+00 7.391716820012632638e+00
5.090156620475065452e+00 5.778634954771540322e+00 8.298593048707388675e+00
6.085071765134068222e+00 5.759307194679502473e+00 5.587054610419293965e+00
6.326710375900097993e+00 5.794125894694881040e+00 5.732076165054142081e+00
6.585053181630068586e+00 5.790871437980435132e+00 5.174614172306588600e+00
8.963812741796456152e+00 5.764194939457809141e+00 7.231530492037651081e-01
9.084191821868522254e+00 1.656624786106067670e+00 9.711470148142852921e+00
5.971288016291643075e+00 5.916748435165473552e+00 6.790721414620511931e-01
6.352926713615294041e+00 5.781214461882210998e+00 7.135070646279046080e+00
6.823711857208945908e+00 5.851510697872185141e+00 9.011574712082882632e-01
6.824237675973146011e+00 6.439987282550329262e+00 1.283219365973881088e+00
8.213422031013852376e+00 7.261571512894325231e+00 2.550614346852071446e-01
7.434518519634991662e+00 5.898954117597192237e+00 4.421093946577791201e+00
8.084270265114835041e+00 5.536683323555084968e+00 7.633919633809203908e+00
8.253564013099870422e+00 5.553531548264941442e+00 7.823904000642690093e+00
6.035974435846375163e-01 5.906248545454465315e+00 6.681546632393255081e+00
2.989736433473822785e+00 6.016039442171331686e+00 9.183837612271561923e+00
5.001768267833349491e+00 5.978494430820644467e+00 8.634515630972799727e+00
5.866105384837736025e+00 6.008290060629716045e+00 9.147805207057089660e+00
5.386393799411790084e+00 4.380426366415241191e+00 1.472253978113492678e+00
7.623282444334142482e+00 5.976284655718886007e+00 4.534935850223529741e+00
6.660890441519875971e+00 7.050457441649817802e+00 7.329539052520031461e+00
6.417444605305607119e+00 6.079355485355550925e+00 4.561450958233292496e+00
7.961444866800372111e+00 5.981639524220923931e+00 3.274335115431891818e+00
4.325731178642840291e+00 5.145564204359272864e+00 9.940349733189552950e+00
6.684931670213819288e+00 5.346994083635694395e+00 1.983234950407539721e+00
6.978266606694834451e+00 6.086511368121405141e+00 4.286667119626941691e+00
6.101253413556913863e+00 7.101221799682541302e+00 5.366292527572847249e+00
5.821989545276464284e+00 6.125221041267453259e+00 9.252516565528882353e+00
6.690544025177407761e+00 6.083807472528149241e+00 8.361633868304634731e+00
6.788987003276404586e+00 5.944691958482835936e+00 8.344771564656406904e-01
7.632309285491206019e+00 6.031794300166912315e+00 5.057334119153642504e+00
5.819803559706501206e-01 6.305998904567649888e+00 2.350707500673507311e-01
6.195078450221152444e+00 6.189964722355307813e+00 4.415828044724297463e+00
6.981076775760509001e+00 6.146715873046497691e+00 4.507269613612269410e+00
7.270151735165654827e+00 6.075476110997509949e+00 7.943562648026960105e+00
8.165047657898504951e+00 6.048113344344145048e+00 7.121702856807411663e+00
8.818951390127379497e+00 6.269051516437547100e+00 2.016987384794752813e+00
6.432000172438463892e+00 6.343130968676697456e+00 7.645538084445058225e-01
6.416758601478415258e+00 6.471109853456337824e+00 6.990359389871699136e+00
6.383772818533006266e+00 6.257854773613957811e+00 9.114610113531515623e+00
6.744741659555051783e+00 6.215090185996521299e+00 9.109961777001952754e+00
7.029308637230769818e+00 6.278089548515619178e+00 5.377226643194162214e+00
7.691485349247351166e+00 6.180600042177312403e+00 4.813561085638185411e+00
3.536691746548325632e+00 6.420388946701701016e+00 3.467000538199497273e-01
6.165342620345480640e+00 6.355223463812042617e+00 6.131135806448104297e+00
6.800180894627480654e+00 8.764660272661572549e+00 5.846128150739938079e+00
6.124680403282655172e-01 6.477893511985575614e+00 8.196282830555082555e+00
5.012397428488124973e+00 6.510909322142476974e+00 8.527264698447657665e+00
5.603897589343062258e+00 6.582422396728502711e+00 8.007588358753331192e+00
5.604373399284861001e+00 5.432162608703613671e+00 5.047883036868130446e+00
6.434076841907591771e+00 7.118115179354823852e+00 6.324398600209057975e+00
6.456730374765684566e+00 6.386319566473671827e+00 5.766397710751041572e+00
6.791500197601829214e+00 3.844123838678251914e+00 6.526864906013958745e+00
7.604251706487216822e+00 6.330519504576672674e+00 4.493322197756242531e+00
7.964723419039168917e+00 6.245093740734791510e+00 6.741773816625332927e+00
4.699551301739941067e+00 6.614123808341140887e+00 6.271516582523904759e+00
6.296433959748632070e+00 6.471464785981723367e+00 6.650583407693023474e+00
6.430428601098919117e+00 6.508692645638496366e+00 8.079601031638503628e+00
6.035531989395759744e+00 6.552248182345043581e+00 6.939297188256887239e+00
5.746067754864247590e+00 7.234722983160336796e+00 8.669468733554772655e+00
6.402779346119509718e+00 6.624238117746338084e+00 4.854976388618609806e-01
6.153851324270103618e+00 5.712224289122714183e+00 7.388517349827780301e+00
7.498723683258091022e+00 6.413844632498596710e+00 4.677542347726772576e+00
4.830386742352153817e+00 6.829327059419142643e+00 7.463676442283057710e+00
5.678454658714366055e+00 6.734105908896266257e+00 3.785508148927501093e-01
5.759283994543380913e+00 6.481230873006222026e+00 8.164175805666317842e+00
5.684490370980277874e+00 7.068295504198349732e+00 8.369422318944421235e+00
6.283985751292850530e+00 6.705167507000028948e+00 8.337643073051678178e-01
6.288843528608095923e+00 6.624608541181171262e+00 5.057801625739182683e+00
4.996503018070344915e+00 6.902880472313962734e+00 7.886341525050909240e+00
5.909295035870119506e+00 6.926613418113104714e+00 8.980799366702981734e-01
5.844500505331523321e+00 6.680247087651576265e+00 5.765837540206112166e+00
6.277981603947820233e+00 6.711559230773090690e+00 4.220013718665175162e+00
6.397721137795704394e+00 6.671289710938777873e+00 4.622313377789257771e+00
9.417033279717379912e+00 6.799360636385424428e+00 1.157144011021207897e+00
9.447884011096806534e-01 6.840254575459675301e+00 6.232940640931364129e+00
4.082808017142108170e+00 7.314014605036835981e+00 7.556353644105579193e+00
5.464811110621536905e+00 6.815422966982632502e+00 5.921121416812033189e+00
5.569773635787258037e+00 6.841147496326008159e+00 8.467023466395501075e+00
6.201124189889493543e+00 6.763148654310229269e+00 4.155637815727383000e+00
6.289984532847849863e+00 6.499575554759352336e+00 7.482694690790614445e+00
5.828623591723841812e+00 6.501466531683290917e+00 7.983412707492691496e+00
6.034235001848736957e+00 6.571050764153498314e+00 7.306220980984386770e+00
6.904938439221606217e+00 6.689807587995402649e+00 5.355424113215747184e+00
-1.849638296286909167e+01 2.851859503966786491e+01 2.955917893889196080e+01
1.343578978690315839e+00 6.961496740327301147e+00 7.624464171504522270e+00
1.661655493055316235e+00 7.034842554157715533e+00 9.069078095830892750e+00
4.432949468823161432e+00 6.986113302146232940e+00 6.612152654479150904e+00
6.953435790250839688e+00 7.040496488312328438e+00 9.367439166569061726e+00
7.307538203882679717e+00 6.850738190090532420e+00 3.755782665791988606e+00
3.306423235297557284e+01 -1.505099773309843592e+01 -1.377276056303419693e+01
4.115908236757699346e-01 7.065655623522506090e+00 9.096289000992825891e+00
4.620515074454007554e+00 7.086487175503900282e+00 8.413282211356989393e+00
5.461756006275711783e+00 7.064845186760145168e+00 6.982542418495201630e+00
4.031643506256919807e+00 7.164777158841108218e+00 7.934607315370456604e+00
5.596797904635770315e+00 6.960649416082643981e+00 5.447749958884706700e+00
6.860126739700760368e+00 6.737827598302998489e+00 9.291811889247483691e+00
5.622982804347984143e+00 6.987054852946791073e+00 9.195127657500686169e+00
6.143322633869320093e+00 6.697039392423249637e+00 8.071645268412215302e+00
6.483883689518799009e+00 6.785389669921824130e+00 5.306810338882803180e+00
6.364775588721624189e+00 6.863311934548947058e+00 6.685277723835848285e+00
9.212851777259519537e+00 7.013072123024625348e+00 2.049143239224878510e+00
4.141983507140710508e+00 7.319103294725446851e+00 7.570781115681356255e+00
4.819188998660710155e+00 7.046421289938278321e+00 4.111135072282412928e+00
4.861978472032326692e+00 7.581378245089352319e+00 1.186260482923726878e+00
5.768208168317892515e+00 6.942593603604075625e+00 8.736656885993445698e+00
6.267639189234534669e+00 6.964211369547246733e+00 8.844538717400259875e-01
6.529756024488868604e+00 6.903749736797283987e+00 6.609801833480812405e+00
6.437074726153580784e+00 6.721697394494628774e+00 8.356000143066673047e+00
1.676189116854475802e+00 7.165972028005178629e+00 8.904845505064363564e+00
3.736497959003552527e+00 6.929714538425301384e+00 7.553383295275557074e+00
4.517041084677850371e+00 7.240095353935807054e+00 1.382230544665123961e+00
4.838076461933050965e+00 7.193389585977858047e+00 4.384097260965146292e-01
5.035115962563287084e+00 7.428174549192327447e+00 7.191519347100481241e+00
6.287209175290920271e+00 6.608863191523083103e+00 7.802108614209594117e-01
5.890400819020018552e+00 7.057389533934447456e+00 7.146911168962836181e-01
5.752654733239535467e+00 9.111535148514981586e+00 9.362353148602490904e+00
6.826387006390309153e+00 6.914745794099091292e+00 5.012424645590217054e+00
6.524058874132047769e+00 6.806652755823053624e+00 6.847107524918924604e+00
4.154578015849979877e+00 7.245833828487085349e+00 7.524696615539159694e+00
4.085245503272339818e+00 7.149891624108823507e+00 7.592234142488912596e+00
4.922818506814540918e+00 7.325167389910287596e+00 7.923284475658393333e+00
5.734225141515058688e+00 7.211241127928917471e+00 4.936359629797015813e+00
5.559057498760261673e+00 7.241460440976924318e+00 7.484251291022017583e+00
5.882376665188553844e+00 5.174938016988613221e+00 8.960518480661590957e+00
5.381256707885423651e+00 2.457707402002463404e+00 8.318281913760671387e+00
3.259378069068211703e-01 7.443469956836041845e+00 3.542498015502296149e-01
2.000147759526327285e+00 7.368653390389727775e+00 8.667537708386106488e+00
4.258468775677970442e+00 7.288002748035281364e+00 7.411044702597888723e+00
4.959048797024716571e+00 7.411410676485457927e+00 8.358567942249663929e+00
7.679541994822402629e+00 1.224731874745027937e+01 -7.247753847160545604e+00
6.562503841032605756e+00 7.275080219600138065e+00 8.426282149188956128e-01
6.538779935032562385e+00 7.255697862031975198e+00 8.282996328562486354e-01
7.602427786600022053e+00 7.236720186686755873e+00 6.273115352345497442e+00
4.869266871997101731e+00 7.532216562236426327e+00 8.593150699221766331e+00
5.397247540506907804e+00 7.297099183586559512e+00 8.702161124651741630e+00
5.929401780461548199e+00 7.472082991850424349e+00 3.014921445997188698e+00
5.773780089523074643e+00 7.330881177490978118e+00 5.320515119803842730e+00
6.113865365392921802e+00 7.321467823806710129e+00 4.427588090427705403e+00
1.288094548018310359e+00 7.523331199041023432e+00 8.154005914112103071e+00
3.946154264909369047e+00 7.622704616544153211e+00 1.291870824302662646e+00
4.997306837371566779e+00 7.662008558120552593e+00 6.814505339738893497e+00
5.831312944348349347e+00 7.437231641528366133e+00 6.812862844757035852e+00
4.589913331357569959e+00 7.612482747265922889e+00 6.616994672862715809e+00
3.903860583532421380e+00 7.766689325333672400e+00 9.990061756151822792e+00
6.308389619564968243e+00 7.493595230191722578e+00 6.198899466203531716e+00
6.275209382436525374e+00 7.345226063272502159e+00 8.172856711976756117e+00
7.172108860025666388e+00 7.516499460367318086e+00 4.170054038207717362e+00
1.337614808275173672e+01 8.843522492335019081e+00 -8.499440038898223193e+00
5.084861234973808486e+00 7.756076487121648100e+00 7.175320426274737429e+00
2.302419988821576169e+00 8.706422152327604636e+00 9.914937718408699752e+00
4.938760202665589460e+00 7.809163789530533251e+00 7.177730574226746540e+00
8.251823408114736580e+00 7.401823108637608506e+00 2.329819294517938566e+00
5.066838139695004628e+00 7.627754034410509476e+00 8.582484396598614396e+00
5.140923900585438133e+00 7.766198334850712648e+00 3.562263467374735537e-01
5.229676599347920174e+00 7.813194238876739917e+00 1.726565203519058400e+00
5.548073199530829669e+00 7.601184693557630823e+00 5.331725963161416004e+00
5.352746960477640314e+00 7.662712357097395177e+00 8.266823351065330172e+00
6.307699394785149849e+00 7.517801247351936667e+00 6.214014198316081483e+00
6.364727749066985574e+00 7.638932657244856372e+00 9.190792973295645041e+00
7.010495270931945910e+00 8.852285606707397392e+00 7.879297966776183770e+00
4.110832514367142032e-01 7.939545907473095632e+00 2.213955458710721302e+00
6.198241663248666100e+00 6.686674156164981397e+00 6.166742001171025223e+00
4.927849854262791318e+00 7.878635379168831498e+00 6.657136803458726604e+00
5.054438567048051389e+00 7.690259641872609464e+00 8.711174709817232298e+00
1.923913399984662487e+00 8.171690365065089168e+00 9.886395277734633780e+00
5.271261433866223811e+00 7.707592451061210603e+00 8.614206088198896438e+00
5.170061316472572166e+00 7.682415837558359328e+00 8.693072113126293132e+00
5.978119420831922604e+00 7.638434650743709753e+00 9.113343833109812664e+00
7.580323455884374617e+00 7.580470751557465192e+00 6.427902381829412093e+00
3.281644417520608314e+00 6.058304462631493692e+00 1.048662087468840554e+01
-4.836006052973090164e+00 6.695995602623879606e+00 2.451966004389105436e+01
4.135440593754387884e+00 7.953689784502042670e+00 1.006263996127827909e+00
5.058231295704865182e+00 7.984285231477256772e+00 6.426656571448866373e+00
5.324685240277664100e+00 7.895461015077730238e+00 6.554599447097500864e+00
3.540948873737748137e+00 7.959988375485474776e+00 8.593930750892770476e+00
3.745373875691381915e+00 8.002127485436488996e+00 1.177549300793593101e+00
4.152537426483212002e+00 7.929006224671207193e+00 8.833102538418689420e+00
5.107635071133417526e+00 7.962441904415831218e+00 7.159658252720388916e+00
5.238595471569205131e+00 7.886183732848587979e+00 7.900699692297962429e+00
4.316466449391859328e+01 3.577289174875659228e+01 -5.608282515280895097e+01
6.379419619344123049e+00 6.497175234068908622e+00 8.388390390594564039e+00
3.497874266732186044e-01 8.094186701848233412e+00 6.491929768380758858e+00
7.885773210791349186e-01 8.063689455272831097e+00 6.567909964577795634e+00
1.253077301732857585e+00 8.024417281989030926e+00 6.676094692060207336e+00
1.466538220325682262e+00 8.071563151633707633e+00 6.315238440362841210e+00
5.213828253247128508e+00 7.941652888727958270e+00 6.442534607804857316e+00
5.604562143510859684e+00 7.889391437059439127e+00 8.803497235151848344e+00
6.055569182108522241e+00 8.169556905049335072e+00 1.952152222142274240e+00
-3.098559893374282126e+01 -1.962581524632642527e+01 6.903260123785605629e+01
6.066455750826737159e+00 7.797108292341093261e+00 6.380440836759782464e+00
6.576842492103882165e+00 8.068338167910226844e+00 3.416950358866815307e+00
6.647673760596794601e+00 8.128832554333911276e+00 2.443262837205475435e+00
9.380371422461712072e+00 7.991538144914677844e+00 7.447945754708958255e+00
9.061229957065839447e-01 9.990742218542498776e+00 9.063531901241800526e+00
2.885684559293892448e+00 8.155579369505154830e+00 2.951654408920343364e-01
3.081121466084792537e+00 8.101002917992662589e+00 9.290651988663084282e+00
4.900214266564463017e+00 7.744616407571669470e+00 7.121264128035532437e+00
5.698213145471374474e+00 8.149868982200818124e+00 2.340831656691463092e+00
6.058425284706281388e+00 8.144917475447840616e+00 9.352357781805157311e-01
6.560523465147142019e+00 7.942013783952399208e+00 9.049249027142794333e+00
4.080765311627031489e-01 8.215198453111991483e+00 6.811999148727915454e+00
2.426545864737196467e+00 8.230220822348364607e+00 2.063535799287686268e-01
4.901754322203559333e+00 7.969938631952082631e+00 6.773646055759892981e+00
5.032764573660001517e+00 8.020309958798446104e+00 7.844568201614404046e+00
5.437841541328532813e+00 7.991842071085116572e+00 6.577159850799533913e+00
5.337308983264017925e+00 7.972409355368924366e+00 6.975577747914073257e+00
9.626749480156034267e+00 8.230030474068474433e+00 3.015684900912087407e+00
5.006877720613046812e+00 7.920967847641309234e+00 6.362033766681659763e+00
9.048035448059900787e+00 8.215949640554349287e+00 7.089877015955877937e+00
1.013308101936846617e+00 8.375214911116623639e+00 8.842825852114039265e+00
5.233724794839488936e+00 8.248605100656748235e+00 5.267053048586343600e+00
3.962340867215592977e-01 8.561174372471276328e+00 2.879105570272904036e+00
4.270676385205930181e+00 8.315574712720758654e+00 9.258930894174522308e+00
4.515393127551209140e+00 8.304145692167899995e+00 6.176251088289681057e+00
5.705607272436850508e+00 9.167419699958635704e+00 8.092628334308043847e+00
5.358949988774583062e+00 8.199001612840433495e+00 8.825955523428675065e+00
6.996334674411135879e+00 1.021841343457750284e+01 2.376114014879562308e+00
4.588201964681726253e+00 8.409669183989631591e+00 8.379875152834275198e+00
5.133885438719375749e+00 8.349558572500026088e+00 7.037457297910178156e+00
5.234710972114952732e+00 8.212606301474481896e+00 6.174873979233764132e+00
4.964628833784574979e+00 7.416713000608057271e+00 8.454855239676899004e+00
7.573783973519491397e+00 8.730583883551808810e+00 2.467649272871453192e+00
4.210100058586148108e-01 8.661673833497935959e+00 2.508912713148621076e+00
3.918258569726091434e+00 8.605120137385554813e+00 2.395655604690657192e+00
4.084819867035409224e+00 8.618543768455005250e+00 3.907520635434328593e+00
4.919607104683477949e+00 8.290178330033405985e+00 7.221311572485264563e+00
4.447945483738389605e+00 8.290807432364591278e+00 7.088674385394060806e+00
7.700320119517148676e+00 8.527162558085949584e+00 4.017654725033700025e+00
7.707894148627166153e+00 8.684228355119106624e+00 1.795058884442455760e+00
8.141773766529581735e+00 8.589059268499084965e+00 3.754730653587742051e+00
2.617647063307154909e+00 8.606666930547714145e+00 6.150278520932832116e+00
5.896805266193063666e+00 8.858223484458566332e+00 1.355366265903934719e+00
4.633238596224919625e+00 8.428162797845423881e+00 8.333263176737604638e+00
5.649047454133830470e+00 8.771908794971054135e+00 1.693245882748546371e+00
6.145253151889209065e+00 8.667424674169039278e+00 2.674341079224007434e+00
6.546683028404136628e+00 8.572241799747898128e+00 3.378179362267916819e+00
6.028122264954637544e+00 7.043471744568337911e+00 1.184888109026690950e+00
6.391462815877815729e+00 -8.139945588390219200e+00 5.368182644564672756e+00
5.296667482929743542e+00 8.433301024316628869e+00 6.692052648346813015e+00
5.935384860661096162e+00 8.590902698562665307e+00 4.875285327554929715e+00
6.080624854464330653e+00 8.538440833344381531e+00 7.208015155788189077e+00
6.565245440138285815e+00 8.596746934204249513e+00 7.783266432915908695e+00
7.410169989757228848e+00 9.030142409494851918e+00 2.342489892144965502e+00
4.488658783772982552e+00 8.738371640249370742e+00 7.565524449634542847e+00
5.328281453701393389e+00 8.961315552683878138e+00 1.183932742132893567e+00
5.308617293741294318e+00 8.520455800132642921e+00 8.181814229255161663e+00
5.554558814625669250e+00 8.653935443342712475e+00 9.426985875910284918e+00
6.201533463841483851e+00 9.196830312429614906e+00 2.037897712665525773e+00
7.872872311686291091e+00 8.498707876041970977e+00 1.971837661771806971e+00
7.135619818529188585e+00 9.465619836516243168e+00 2.436515314746038552e+00
3.844530001437841404e-01 8.944267961645580911e+00 3.381721295737317501e+00
4.769195377306857386e-01 8.963321160601186222e+00 3.338290054833886078e+00
4.303663814045291858e+00 8.662702750411467534e+00 8.336900604823597405e+00
3.393256649797026014e+00 8.734280929603951193e+00 4.799916377017499070e-01
5.709054924865736069e+00 8.675457932083455503e+00 8.015562558080880251e+00
6.469757142033669695e+00 8.409418070717411098e+00 1.091502418052841872e+00
7.849410763995757989e+00 8.757756251484710930e+00 7.566130723862602103e+00
9.289022664706346077e+00 8.914096636096839887e+00 1.393337383112609906e+00
1.255211506417592737e+01 2.566090201009182792e+01 1.860478511321176143e+00
2.897549576269095262e+00 8.956309332966513992e+00 3.413236591964664335e+00
3.855943962285630633e+00 8.862393705536257826e+00 3.961671372911458100e+00
4.280034251641266607e+00 8.814565658120626424e+00 6.863415710975822925e+00
4.685059024219574653e+00 8.727796878169145955e+00 7.626127728953321139e+00
5.431122347403300132e+00 9.112311902597204138e+00 1.369307459462897114e+00
5.776992804664297765e+00 8.723774583332756904e+00 6.360404702144363043e+00
5.982074731524733124e+00 8.712855533548683695e+00 8.592877620033174679e+00
6.110206210270418659e+00 8.511485621183886963e+00 9.545240219765480205e+00
6.494171766513643362e+00 8.977512300735815742e+00 2.341469046318649383e+00
6.125348520218809156e+00 8.648644103586219600e+00 7.588075560930153785e+00
6.865599238144919347e+00 8.198781100010064549e+00 1.929510545548456246e+00
1.545892992176216296e+01 7.143986107803062424e+00 1.253801852034449382e+01
4.235921037498473041e+00 8.902268185968015501e+00 6.085695084195557492e+00
5.637010938393250292e+00 8.729597101569522621e+00 6.941298651498509997e+00
4.769701637843243525e+00 1.008253106901879903e+01 8.361067354072515556e+00
5.905713246373135661e+00 9.166900863785821585e+00 9.506786708399824093e+00
8.482652443249801166e+00 1.072598025087443396e+01 3.658410400844242183e+00
-4.776544244628085911e-01 1.087341493674325932e+01 -8.178128464978568601e+00
8.702347386567135246e+00 8.932484407065373944e+00 7.610098840140041787e+00
3.895545338272341507e+00 9.016872756013469825e+00 5.991431153184645808e+00
4.485967742460939434e+00 9.074820272058110149e+00 2.240321940470868967e+00
5.618979462364286803e+00 9.080103501488961726e+00 7.211176855860260693e-01
5.980516399070549660e+00 9.046970613768346325e+00 1.957488273875780838e+00
1.061682299756525083e+01 1.008878116975293793e+01 1.644030131291897234e+00
1.014712784786028443e+00 7.704862581978039415e+00 1.157052635587724865e+01
7.132614014630677346e+00 1.015584773863191259e+01 3.022392853696181270e+00
7.649663289029308366e+00 8.963144983130506560e+00 2.362717050453277956e+00
7.974269819129951031e+00 9.002507207658076993e+00 4.342756237161136568e+00
2.952622955191805953e-01 9.234046936799197525e+00 2.238196407643063157e+00
4.158711389651261747e+00 9.173492682021480604e+00 8.250471905485620150e-01
5.831654171770807693e+00 9.077464092810512142e+00 1.622007343899986465e+00
6.352803174738527403e+00 7.516551881876537777e+00 7.808099852725295165e+00
1.358941145212416757e+01 -7.020091052918404628e+00 1.303269193653625813e+01
6.222585016076619624e+00 9.076391389788218689e+00 4.256458698164848897e+00
6.567451379215421881e+00 9.066286440668804403e+00 7.518272955027683224e+00
4.826696868911504623e+00 5.298629776187471663e+00 5.241110980225879956e+00
9.571459681650862805e+00 9.158465963694956358e+00 6.359148414945527072e+00
8.868995542576985081e-01 9.416845339420820693e+00 3.090904326353002940e+00
3.365160958808124825e+00 9.227719103446453630e+00 9.494075299422146230e+00
3.629457909366461621e+00 9.216001853893908802e+00 4.842285608034791800e+00
4.034953317145521190e+00 9.124982475137418447e+00 7.420548008148662333e+00
1.666908445965982111e+01 9.956028557737685247e+00 1.549308450190399533e+01
5.339063142593790445e+00 9.094753723309157323e+00 1.064220974310801537e+00
-2.588561433910548715e+00 2.532906484704143679e+01 -1.677598097008287770e+00
6.260084026382595646e+00 9.171959992415430918e+00 2.136987231186681324e+00
4.680904119254221563e+00 7.284160107401936202e+00 5.726125074657711700e+00
9.213284245037788978e+00 1.277024752514404682e+01 -5.591162808158542941e-01
-8.244283425054781844e+00 8.360977336760820222e+00 -3.364962599035297708e-01
7.364184600127604341e+00 9.239904692281877274e+00 2.190463853351598100e+00
7.626264877235342077e+00 9.221819709277893296e+00 2.517646591903704767e+00
8.015239911533448947e+00 9.402916554941157301e+00 3.133380088059391166e+00
4.697444927254849745e+00 9.461979177673315533e+00 7.522336375364879757e+00
4.881781230372673086e+00 9.269042085624526806e+00 1.043709188208315819e+00
5.137217755389399620e+00 9.321565876736860545e+00 4.162626015577213678e+00
5.225061323649680567e+00 9.020461028242536372e+00 1.154838690646594834e+00
5.899054118415262948e+00 9.211577170135125670e+00 1.519261592384071324e+00
7.164922374477351141e+00 9.144174662250618368e+00 2.414938770199462237e+00
8.522993369776468153e-01 9.365563724812345114e+00 3.081063107363103626e+00
4.316926550113931782e+00 9.226076250428956627e+00 8.153119366478993157e+00
4.234507426178185874e+00 9.342791444315718508e+00 9.515299313324232955e+00
5.099347300357103485e+00 9.409272615307823884e+00 4.933381396494967319e+00
6.670538793798955979e+00 9.305706291770317051e+00 7.489890920751218317e+00
7.005665481549072204e+00 9.317200044074612109e+00 3.613990125714545698e+00
7.242939069463912638e+00 9.200556004556819545e+00 2.361687978734737126e+00
5.865793089167861574e+00 1.132517901123727810e+01 8.525109718301018269e-01
3.286206671304398252e+00 9.466717325965886332e+00 7.094887703811540547e+00
5.297554480250887821e+00 9.473652163437840557e+00 8.497529304918870707e+00
4.280225515890502486e+00 9.048459593060446338e+00 7.180201627497803329e+00
5.442172851906716957e+00 9.281977332066116304e+00 6.325420049213180462e+00
6.162594998780865474e+00 9.472369908425999796e+00 4.300665752673815678e-01
6.430081214575400494e+00 9.351396574973389164e+00 5.599123690896322003e+00
8.523424377032100097e+00 9.484758130357866079e+00 3.559559790210751196e+00
2.227594598503504497e-01 9.660540684557092916e+00 2.479326904317557645e+00
4.625589916082128106e+00 9.501234277443451504e+00 1.754354699015554964e+00
6.184922216777140491e+00 9.321352619047255317e+00 2.119395282087924048e+00
6.427901215091172737e+00 9.426747001512190138e+00 2.526987269383045742e+00
9.251077792503572539e+00 7.756022359824546797e+00 3.554820245624291886e+00
8.055642205061008809e+00 9.440688017142122135e+00 3.191681794636523684e+00
8.528325358456894989e+00 9.589447256612775305e+00 8.476079494503419909e+00
1.403649405282335172e+00 1.090261816594839850e+01 8.280326019414115279e+00
2.809796263044692655e+00 9.665561800713215135e+00 4.855599069554815905e+00
4.595468592180356637e+00 9.034137927098653265e+00 7.274025679512667431e+00
5.262431676466302832e+00 9.560657806462083741e+00 3.801095459540644761e+00
6.658527389730164892e+00 9.409441232136300570e+00 7.599548065800537877e+00
7.647531757428742694e+00 9.651233118720028870e+00 1.319475063553176453e+00
7.290184379900954248e+00 9.032099900294399575e+00 1.904523085337004762e+00
8.669805281115719353e+00 9.665387353567830075e+00 2.543205757042085402e+00
-6.044088820577020460e-01 8.664465467727527681e+00 4.600328230954455755e+00
2.095142425528075059e+00 9.783181438028302424e+00 9.391340453512228237e+00
3.771299775682258826e+00 9.594743137952905343e+00 7.221179799155837742e+00
4.363159041215121547e+00 9.553149444329919859e+00 6.673450186096501646e+00
4.436687979720953301e+00 9.618906362991857861e+00 5.088318559629249727e+00
4.912607026561921053e+00 9.612506637692071365e+00 4.673007982313124309e+00
5.226587424482350919e+00 9.559545851207346345e+00 5.186467637790575402e+00
5.292894700881817016e+00 9.511060748082023508e+00 7.340961184269321649e+00
5.873280950514671694e+00 9.470828522682204209e+00 8.230756604739010385e+00
7.955662583454008896e+00 9.651381540809335746e+00 1.939867694410009946e+00
1.575978674772156918e+00 4.762431141285832226e+00 4.852638962691077751e+00
