2.733707991848098207e+00 7.016635228428401705e-01 6.945381783581820123e+00
3.776939700905200148e+00 9.393857063805640673e-01 5.208136107551765370e+00
5.948367429226231629e+00 1.008500303889066974e+00 1.780911376761602272e+00
5.703745844653790087e+00 2.383846626679844150e+00 4.173437735821202921e+00
5.980798931450625133e+00 8.782929285263081365e-01 1.687414395606891215e+00
7.115719901112985468e+00 1.188060201426403673e+00 4.242817820961156450e+00
7.259783423951357229e+00 1.114050380490804404e+00 3.817138768736661358e+00
4.685192508047887117e+00 1.215288904578499363e+00 6.868904759724030029e+00
4.658616642169290500e+00 9.059360079096769880e-01 8.208727782479790847e+00
5.527756735238465780e+00 1.813742897876922555e+00 5.214563683015239981e+00
6.003033962839470661e+00 8.663670888106629331e-01 1.580583982868689841e+00
5.788375406779000087e+00 1.313800054629619130e+00 3.117772252558886681e+00
7.007732931676908805e+00 1.140820332993155439e+00 3.716241460796756435e+00
7.879599553867871364e+00 1.472095206617263230e+00 5.458741229112805016e+00
8.559994654644267342e+00 1.382631640776126325e+00 6.537799414768400652e+00
8.620502642187483744e+00 1.332173407116402197e+00 7.222822193001002589e+00
3.553550257131550261e+00 9.758098708123748022e-01 4.318239838069507286e+00
4.041811518874575349e+00 1.216428921394701490e+00 6.523733004523510459e+00
5.382594469235923995e+00 1.611275752922312066e+00 4.721398529715383319e+00
5.943776683554430562e+00 8.987412460761208255e-01 1.634885130039420709e+00
5.562808819982135056e+00 2.314030259619823227e+00 6.035052068196232966e+00
5.821750571914189543e+00 2.028430228344376030e+00 5.726266294743670215e+00
6.477216031710208988e+00 7.227205725435277284e-01 8.874538293338360972e-01
6.509434826636591787e+00 1.664825731939698183e+00 6.821225256313519836e+00
7.784830000486143931e+00 1.435291149759365670e+00 2.282089477239111819e+00
6.642491687080470442e+00 1.281392781802184633e+00 2.494236692694745905e+00
4.340289922810685930e+00 1.605446406577287100e+00 1.291855366061760213e+00
5.821579354338386025e+00 3.112001567399371726e-01 2.184085953417742143e+00
6.069949814433789115e+00 1.944548406172848409e+00 4.882056475019373565e+00
6.765406238209717316e+00 1.129704685789080454e+00 2.771915421191853746e+00
7.485948456367459869e+00 9.378934117425812289e-01 2.723616534643216625e+00
7.285006357042540515e+00 1.147567874964039003e+00 2.819159082815070771e+00
7.571444033405019702e+00 1.631286243776268741e+00 5.553445892716271537e+00
8.931968885496900157e+00 7.995422317889967490e-01 1.845627455647454784e+00
4.420849803926409471e+00 1.483522448913901171e+00 5.979558886277420271e+00
5.935423582821925947e+00 1.650335891755015938e+00 3.129278435121970237e+00
7.105104478809222357e+00 2.313255860855178092e+00 3.054198637055821397e+00
6.079503139396507549e+00 1.489952591811032789e+00 3.028430130157817146e+00
7.810686787362600469e+00 1.049137804999794366e+00 2.454309960314493111e+00
1.038816369041366450e+01 7.877097949402597221e-01 6.408160547064117196e+00
-1.645556470482651523e+00 4.057336412998406416e+00 5.349640310064203597e+00
5.704693159810956260e+00 1.171393447207389471e-01 2.309959726969722293e+00
5.947934688730741826e+00 1.248336734892550925e+00 8.767667293286089958e+00
6.939541307234798673e+00 1.241231539549953133e+00 2.786865517208857224e+00
6.311523803285243872e+00 2.190546318406714654e+00 4.878536535885650061e+00
3.193165807082832153e+00 -2.353927422579959572e+00 5.511586744334149301e-01
5.973438753952340363e+00 1.383361111420141398e+00 8.843541995871202488e+00
5.613249232698116487e+00 1.979522520423715459e+00 6.011543479148983238e+00
5.940514884091475878e+00 1.905412503511841660e+00 4.950441953144394169e+00
6.146025879526372471e+00 1.110408900841038049e+00 2.367142853276208214e+00
8.323897681898916545e+00 1.785773029264901446e+00 7.392022581712625495e+00
4.093445052354155678e+00 1.350514557389267845e+00 6.733304688328298759e+00
4.523995220294672492e+00 1.091837320281688894e+00 1.544454937903619651e+00
5.741376044190371175e+00 2.201148668689638210e+00 5.732369831575537589e+00
5.634118987246807819e+00 1.300315457211671077e+00 8.670810299509179586e+00
5.898467852871070782e+00 1.884845518766070205e+00 3.612613743829061530e+00
5.744561532510668478e+00 2.505618413802657152e+00 6.314560159381973570e+00
5.846800462639570206e+00 2.046164248709946065e+00 6.553491342335821201e+00
7.327914983233001500e+00 2.026208228095760511e+00 5.797437996657368586e+00
7.153543901708516728e+00 7.490597875841888964e-01 3.060440750797682963e+00
4.538315885611940104e+00 4.873746190172154602e-01 1.724109186330438304e+00
-4.963534697817789443e+00 9.332490273205410247e+00 1.572450687025103200e+01
5.994784562443316922e+00 2.032866270005174059e+00 4.812886627501771208e+00
8.477994017051496911e+00 1.639317697459501844e+00 6.716819367920455974e+00
9.167352815625543272e+00 1.231102925924290048e+00 3.015610704407665210e+00
1.681597999752858641e+01 -6.142915521369738840e+00 -5.765268105289857559e+00
9.818416720982444446e+00 -2.578105339393774731e-01 3.031758322032970243e-01
6.507865850029567412e+00 1.504707041742436857e+00 8.739315014939041504e+00
-3.291930173408822213e+01 -3.343253156775603685e+01 -9.180478989664957012e+00
8.436741960578991950e+00 1.493337940916836137e+00 3.735387057625295437e+00
1.840231908043146181e+00 1.530677645164864931e+00 5.828160967429640849e+00
6.320762548128866953e+00 2.931874820322264874e+00 2.367285244349679463e+00
5.803966315806820653e+00 2.197104458593424958e+00 5.602081213018985650e+00
5.757015049499123016e+00 2.199114299069604872e+00 6.248345965542337233e+00
4.392955466537675768e+00 2.404105354912320358e+00 5.597655287094422505e+00
5.830303712930603233e+00 2.308200301038191071e+00 5.189317526531376679e+00
5.750877824311791287e+00 2.280823178403649454e+00 5.286076199710298518e+00
2.738248314045123699e+00 3.165555997485565598e+00 6.412015191325090235e+00
6.459512974283580178e+00 1.630823560728443145e+00 8.784350000062872255e+00
8.716946388444707594e+00 1.816374924571935612e+00 7.065138691318762376e+00
5.744136783731256024e+00 2.206138995100600741e+00 5.499821361369083839e+00
6.140740456481220022e+00 1.856839191723120841e+00 5.279772705808041700e+00
5.742542085850995903e+00 2.435353462071562891e+00 6.304705340685147874e+00
6.029537086371584031e+00 1.784445885605430160e+00 4.681989227344105942e+00
4.912553521417415681e+01 3.624900898233951807e+01 2.393931389807320542e+01
7.893625070346148576e+00 1.528611544525505295e+00 3.606452649674481314e+00
5.715714731749484301e+00 2.731860659830292803e+00 4.884270122792720770e+00
8.532957464219089516e+00 1.867937173467013157e+00 5.087222817029710242e+00
5.687687111469239554e+00 2.210165587949771471e+00 5.729820909853025945e+00
5.720199214005724286e+00 2.182956729395848061e+00 5.696681435635452928e+00
7.571502642965519669e+00 3.428578582875208891e+00 -2.673421714776541558e-01
7.657170726470386768e+00 2.704644838120938477e+00 6.961299172368858201e+00
8.514906252885058535e+00 2.113598239325584327e+00 7.437273619524699342e+00
4.967564759176729794e+00 1.962597221379145163e+00 5.799156996928785723e+00
5.581508673988726521e+00 2.226868510286928782e+00 6.135013334375273075e+00
9.005683731675869552e+00 2.831094502049992245e-01 9.031701001513681604e+00
7.402623470007670292e+00 3.203331268439448376e+00 7.127683032993793688e+00
4.766068838231031890e+00 1.792507485882932627e+00 2.655254566449150033e+00
4.557888185322565455e+00 1.147962505385024201e+00 5.755969775750806150e+00
1.873450666555137811e+00 3.902513925901503367e+00 2.081588370134631383e+00
5.757268062493710481e+00 2.044015130791034363e+00 7.627590717683335519e+00
5.740518888684515986e+00 2.011677194760772114e+00 3.812917253899883896e+00
6.215855242540971659e+00 1.562222520537615900e+00 2.196647487802303012e+00
6.381361999033920540e+00 2.577818352238357313e+00 6.771433465669510099e+00
7.303826109950990464e+00 2.787979514422722183e+00 6.624427938279436212e+00
8.174224100845865593e+00 1.484286404312234131e+00 2.215208109517249557e+00
8.865853460554653509e+00 1.694090110938609950e+00 4.042193662910220198e+00
5.971540348787852892e+00 2.021639631512737623e+00 5.306127531994688340e+00
8.185244119100188342e+00 -2.875529016405228844e-01 2.359782133636883383e+00
2.252679262298880936e+00 1.739700773699092595e+00 8.879420914669772458e+00
5.611282089702774201e+00 1.899796575702954682e+00 5.978706558620624278e+00
5.864325004316059520e+00 2.240294543962970231e+00 5.689851672487937329e+00
1.112191941412458540e+01 1.202422266975599285e+00 5.494957184082020163e+00
8.508342897853196973e+00 2.111563848553378975e+00 7.438374521462565170e+00
5.964054041965704656e+00 1.952132850446392176e+00 5.334480981874359706e+00
8.050702217040690556e+00 1.641497485794055189e+00 9.629015553263918781e-01
7.767003278172286418e-01 1.936586328338628427e+00 4.115441480668376784e+00
3.849642824768163329e+00 4.763828310781929254e+00 8.938421523536851154e+00
6.212686630788716968e+00 1.783835414712836354e+00 1.692113341196009646e+00
6.255003089166005559e+00 2.765867651496695778e+00 6.212202502878573895e+00
6.545498602332585847e+00 2.740429051059365406e+00 6.138527978020515974e+00
3.360481516792724221e+00 1.244954236839923789e+00 9.779557221703296221e+00
9.998354840150982525e+00 2.784100596036463759e+00 -2.642352237026859285e+00
6.908750271813918431e+00 2.024771539796274222e+00 5.120328628097829515e+00
7.645634203483588465e+00 2.533410399382624689e+00 7.017814668875674400e+00
7.586973590922074351e+00 2.792794537679181843e+00 6.829768769240965653e+00
8.508359021372518427e+00 2.160384191185149128e+00 7.100796960157374826e+00
5.481917156689060100e+00 2.199009615496531289e+00 6.164359835819691824e+00
5.382565824762802542e+00 2.657781607511737754e+00 3.284396245972921680e+00
7.331071066512627965e+00 -6.869566850642777611e-01 -1.687006951412385325e+00
5.844530999393426463e+00 2.104947750176680898e+00 6.160201924870024826e+00
6.387834069630196510e+00 2.601698349379683251e+00 6.858540824532076030e+00
6.187139820196996709e+00 2.624979002608439416e+00 6.370523992532730162e+00
6.257390281734867443e+00 2.689178773966116154e+00 6.937357588505085104e+00
7.293094833000021815e+00 3.200379167224435939e+00 7.116891416025966421e+00
7.441006844653562879e+00 3.517649824210602016e+00 7.371301831546851702e+00
8.440909839847369867e+00 2.103258511851144430e+00 4.891152704441565469e+00
5.847583199359846162e+00 2.037672931928232956e+00 4.615884436751656494e+00
5.461994688443189361e+00 2.506963831116653996e+00 3.494829340393610373e+00
5.978275873235204152e+00 2.385808464636493653e+00 5.659239297651288858e+00
6.574605154131106133e+00 2.432174135031433870e+00 2.612947856537009450e+00
7.846631249064964564e+00 1.908288112533108816e+00 1.680985941736056200e+00
5.721829621096322427e+00 2.073914589289011179e+00 5.718719286780524769e+00
5.328220622540105644e+00 2.647564668182266878e+00 3.671873278309347732e+00
5.840842640419115384e+00 2.453642614426253310e+00 5.629844919527538849e+00
7.155291416163628071e+00 2.347404210325143570e+00 5.643827731367568212e+00
7.361907156114883222e+00 2.934428572956943704e+00 5.983717337027659511e+00
1.513905506306205684e+00 2.462933142393430863e+00 5.113065581319061081e+00
5.595193598018758152e+00 2.212803374044570948e+00 6.022133427544398288e+00
5.523952890346530253e+00 2.408366848280166561e+00 3.381042757761911766e+00
4.916130607471100866e+00 1.885705467790300016e+00 5.091430175622829957e+00
4.914675719124804942e+00 2.985665344934808729e+00 5.343426131870475437e+00
5.188636400176942054e+00 7.092383919716209739e+00 8.920796074571235579e-01
9.809728977475787204e+00 1.283814411551388801e+01 -9.778849780488801713e+00
6.385990442539677403e+00 2.958192001354679412e+00 6.254680213453834625e+00
8.194680705120731545e+00 2.795092813000620513e+00 5.572892979747413378e+00
1.970526647682994792e+01 8.260210900196646833e+00 -2.217685345880300218e+01
-1.486218455309594511e+00 -3.932968801589535435e+00 3.901537929442495312e+01
6.288567151593068338e+00 -3.101738575023413880e+00 5.640897588134444973e+00
1.108140077821451186e+00 -8.225260340577209561e+00 1.782587610720329252e+01
1.873532852161194739e+01 2.152505185968492185e+01 -2.134182011283597546e+01
8.391831757904405720e+00 2.634282947716840795e+00 7.552039997489137235e+00
8.459287172078123973e+00 2.521070543034201528e+00 5.406011266075441135e+00
5.130168106723950849e+00 2.829839901029301608e+00 5.838742628433648996e+00
1.702712893067228350e+01 -8.016549068509782217e+00 8.650892356795887750e+00
-6.508037319575749713e+00 1.267505750508355433e+01 -2.638210431392197464e+00
5.828725013291641943e+00 2.492863934562850048e+00 5.052149772813285367e+00
9.982872730262249306e+00 1.536932140302658123e+00 8.069155913886882914e+00
7.045924294212568384e+00 2.427378994967130055e+00 3.994715541242769064e+00
7.235496301560106147e+00 3.436600876335401011e+00 6.832816762569301261e+00
6.842669820457462748e+00 4.506280901582906395e+00 7.385028697724550284e+00
2.135524704910857441e+00 2.952672150650429206e+00 6.390209058057481073e+00
5.618012386754470455e+00 2.292110579769512047e+00 3.435335197170563237e+00
5.327645213830609627e+00 2.437123788946663261e+00 4.820244149849376214e+00
6.147805322113274684e+00 2.587757708004917667e+00 2.540861929523247742e+00
1.972407172150970389e+00 -7.995922744103350688e+00 6.445506302638793095e+00
-8.988599529578324976e-01 -1.702321305632622739e+01 2.800517419562039834e+01
1.004447006659652031e+00 2.574826730347457016e+00 5.411786708639700016e+00
1.367558645364898462e+00 2.598138319561116294e+00 4.939851694202220145e+00
5.680389096627100010e+00 2.447194122961316332e+00 1.129349779889808669e+00
3.359299590133534075e+00 4.727051172124241418e+00 4.874814214176950600e+00
7.438136620145085587e+00 2.954129942843401579e+00 5.631792488761485416e+00
1.870317439437688911e+00 2.754440552396108632e+00 5.027273398792400982e+00
7.171249797260173864e+00 2.923208912165054407e+00 5.852844037955763135e+00
1.291240195301971383e+01 1.382680114166376839e+01 5.476087824133294646e+00
-1.256960664475101686e+00 -2.371586452641923692e+00 -3.061662778011737807e+00
5.807081684061425442e+00 2.945821937742314489e+00 6.936616793610580700e+00
6.047447584188123670e+00 2.992913364414996558e+00 6.005438526307837144e+00
5.165845973424971760e+00 2.251671278849765034e+00 3.300805304590201938e+00
5.480916581922945952e+00 2.722148887300336551e+00 5.630358354585034419e+00
7.100451903745151228e+00 3.859468538433668883e+00 6.930522617770440874e+00
6.411628535625021996e+00 3.045542889356723126e+00 6.318334838672591047e+00
6.879995323662809525e+00 4.392977623096188111e+00 7.330396407168401574e+00
7.330760063671091231e+00 3.013851135607922060e+00 5.727022570981144867e+00
6.997129821272061179e+00 5.194331353334350254e+00 7.732814060312456661e+00
8.144849490964961802e+00 2.885978936555440910e+00 5.268320639327498611e+00
8.108799709461065319e+00 2.938214900230440740e+00 5.617806573866708675e+00
1.068545357924801653e+00 2.962259555379361142e+00 6.629408519467949290e+00
5.567279922799285075e+00 -4.764733579901654359e-01 3.942667118957947636e+00
6.662743115258518145e+00 2.795766731138964900e+00 1.939472177294008670e+00
7.428698724415109922e+00 2.962863426397325473e+00 6.004873935203766777e+00
-2.396011676787777933e+00 4.342691527209842306e+00 1.483802520606861908e+00
2.734683034091554887e+00 3.754199547478539678e+00 5.449726398546169470e+00
2.127392249113761569e+00 2.714754271931349994e+00 2.657183586514814344e+00
4.514759820860291484e+00 2.877308704633198211e+00 3.333222179788406514e+00
5.147399901110372156e+00 2.866166219640993162e+00 5.619720951333769143e+00
6.128100351620750175e+00 2.699902358712635397e+00 2.738436622875316306e+00
4.522685661377013666e+00 1.374759413154176713e+00 6.709646890244392203e+00
5.591203702642104645e+00 7.679821692892844887e+00 8.274518377343422770e+00
1.540054288922410253e+00 2.545082522844901440e+00 7.331135151945874284e+00
3.044439752306186797e+00 2.971945677544967523e+00 4.146903510786662750e+00
4.553653851930532070e+00 2.937126394588399414e+00 3.332653198235081327e+00
5.536890530228343543e+00 3.028005653172399558e+00 5.975988346636752269e+00
7.256671897634747737e+00 4.465826648243888641e+00 7.712293799194477550e+00
7.241175510797460468e+00 4.396244004805420325e+00 7.473925527031018312e+00
7.833672689218492025e+00 2.158068464277278053e+00 7.023287300532064847e+00
5.527197617319187017e+00 3.076003754168788795e+00 5.697916861790142562e+00
6.284054546707617206e+00 3.162746191907710447e+00 6.171726686849382304e+00
7.354002289866286901e+00 4.448761090632134874e+00 7.577246341569343180e+00
7.317982651049993237e+00 4.622252715408465384e+00 7.183220315059850591e+00
6.871778395575086407e+00 4.680131418788472608e+00 7.073569207381563473e+00
5.804267031212120287e+00 3.108477624807776785e+00 5.235648520044640541e+00
5.058534604563313941e-01 1.721541036478276832e-01 3.373560925673290800e+00
6.652541642411444300e+00 6.534336237481763732e+00 6.941844418429473862e+00
7.607420814150176014e+00 4.350756492432434897e+00 7.091050584989705641e+00
6.698449212051933443e+00 2.984346411405639721e+00 1.713239600931204532e+00
7.313811866197805323e+00 4.655027178361191176e+00 7.596875602522910498e+00
7.070094375117387031e+00 4.205557999212269138e+00 7.280836713922584025e+00
1.393348343414742008e+00 2.932076362905776001e+00 5.358424290567074255e-01
1.140693837006817724e+01 5.755366900719580237e+00 2.710346113496348686e+00
7.116344236084193753e+00 4.346030558855193071e+00 7.488626617666506391e+00
7.154633333757184133e+00 4.348340174509667477e+00 7.516297726106795807e+00
6.939100993242000470e+00 3.963049631217877344e+00 6.914504768966425630e+00
8.047322798258496945e+00 3.368536937771263062e+00 5.582980273409090088e+00
1.165704227733497689e+00 3.014017974935595312e+00 4.901585035109734534e+00
2.170080124857410642e+00 3.379133104229634199e+00 6.585119853906028276e+00
4.224839021607778022e+00 3.170888695113329270e+00 4.241818987938197338e+00
5.680303885508842576e+00 3.181417335370229527e+00 5.409000797887530965e+00
7.504601583438095247e+00 2.324022626982623851e+00 4.248416889987189471e+00
6.893328234460913251e+00 4.274203634807992813e+00 7.394436514880297295e+00
6.854690902952050635e+00 4.682637257333540859e+00 7.004389056509402245e+00
-5.431549702361843757e+00 7.661748749407924386e+00 6.574510944620906905e+00
4.119441641711778068e+00 3.398619743154798201e+00 6.393399549206861820e+00
5.299454004274350538e+00 3.193728476047583698e+00 5.812282730521051377e+00
3.887522672099987808e+00 3.913511910319256160e+00 1.996687153123504199e+00
4.402225859085344695e+00 4.187971632287005974e+00 3.758315453298768816e+00
7.255804839122772520e+00 8.647556362377555317e-01 5.909161380421057430e+00
8.672462746882249718e+00 5.954355295616841737e+00 5.014113152533981932e+00
1.888195754904387513e+00 3.281046024378980519e+00 6.300117840840321115e+00
5.108887489760046918e+00 3.258835454983678215e+00 5.910437391549939079e+00
5.097408643455283439e+00 3.356347835874706309e+00 3.729725279968692409e+00
6.120725725217812219e+00 3.688367235803601929e+00 6.181849150680644556e+00
6.622848154662975162e+00 3.482271062569077369e+00 6.379137628679400152e+00
7.135997050993331925e+00 4.271467461456674997e+00 7.531777828712925782e+00
7.343957767094795308e+00 4.493507903508993984e+00 6.885558837742872029e+00
7.223751218047912204e+00 4.407414392373789624e+00 7.469914607555677044e+00
9.750305014792687075e+00 2.452037825581729891e+00 8.087674503979542351e+00
7.093085240847225137e+00 4.331230745144239336e+00 7.177378445934657236e+00
6.745154069326984470e+00 4.808589942969630826e+00 7.189668108935844515e+00
8.239572997878969574e+00 3.319999435715745850e+00 1.262248917693303607e+00
1.201036971381323371e+00 3.393261625595173747e+00 6.710197374791560421e+00
4.309036591271757644e+00 3.376040799083775745e+00 4.841228564439488125e+00
8.051106202776331600e+00 3.857372688853303977e+00 4.275168563670842303e+00
1.341374693168170484e+00 2.402144065831492092e+00 2.751967826289625219e+00
5.536379879069724730e+00 3.499074283290824816e+00 4.970312243946425568e+00
1.097858484611275642e+01 4.760919972320104776e+00 5.383768328402516623e+00
6.795342997030589416e+00 4.227192306588735349e+00 7.065049291552680799e+00
6.851410434019642892e+00 4.321832648774599051e+00 7.163486372261846924e+00
8.495968093410892763e+00 3.257976556733848561e+00 4.534710046577071552e+00
1.904802564361391148e+01 8.650668542425059115e+00 -9.156216940223540490e+00
-1.413087813746167321e+00 -2.224141838238884006e+00 1.978518727469880645e+01
1.197677301367785496e+00 3.274319169857745848e+00 6.781785271861096476e+00
2.254605232977356710e+00 3.423599576611551676e+00 6.271866539044561151e+00
3.111916905172922299e+00 3.536932277539921898e+00 6.237880236052985694e+00
5.372330490272117842e+00 3.707959756944037455e+00 4.627674920934564007e+00
7.389648138862972893e+00 4.256588814565533951e+00 7.609865227232686102e+00
7.176960032023752767e+00 4.651589386165533746e+00 7.067120759923284368e+00
6.837242217711931858e+00 4.281054311465570805e+00 7.117667342003828779e+00
6.608786693068154250e+00 4.419805523181427276e+00 7.310026687485869701e+00
6.923222154565948472e+00 3.933758562207710696e+00 8.285582526983763074e+00
6.022199865263852203e+00 3.801890999230427504e+00 8.040028877194739465e+00
7.326808486216426886e+00 3.917898514393968412e+00 7.394417909930261601e+00
9.419831766709691578e+00 -5.024430221388762607e-01 3.785852914626318899e+00
5.521520416453023827e+00 3.422935081195987550e+00 2.071453117804652688e+00
6.121384593483355729e+00 3.676830094452244069e+00 6.176966780321077266e+00
8.175932283215098906e+00 3.242529793196605059e+00 5.804227363659599348e+00
6.352661278819915935e+00 3.590918322291556830e+00 3.394890258724524212e+00
7.236041902500861767e+00 4.264885499065758090e+00 7.570982120724336184e+00
7.387507823884654101e+00 4.251311022037277176e+00 7.391681821694080057e+00
7.356491520373301896e+00 4.057795006180031194e+00 6.795544448582852226e+00
6.843762779185468936e+00 4.651751216470211503e+00 7.380920868139586588e+00
7.115206400607098303e+00 4.360904759354587767e+00 7.295805458262523580e+00
6.986547852971924044e+00 4.178531894610051367e+00 7.211297811706543825e+00
6.831026580271855053e+00 4.024443393712280326e+00 7.438676905793949246e+00
-9.841081710266630367e+00 1.567216110215058400e+01 -5.056614972091782079e+01
5.453702129761822448e+00 3.727757991652866920e+00 4.603354477530579913e+00
7.006854683862313138e+00 4.171901576378862941e+00 7.101739367029111349e+00
6.947596606640420447e+00 4.269492328644471257e+00 7.267488430236895169e+00
7.091039435137973967e+00 4.017540165874215141e+00 7.444757628798486238e+00
7.124334082610024765e+00 4.365797186833876964e+00 7.440459655894873237e+00
1.032766161987882469e+01 2.155408550648643562e+00 -2.385580874237443361e+00
8.135296576609352570e+00 3.346707936127226279e+00 5.404511349612747928e+00
7.191295675566221846e+00 4.051245470588429320e+00 7.488554465936138271e+00
4.079966556294383651e+00 5.250839240201744751e+00 9.009238131346231526e+00
4.846394484954598347e+00 3.351611159912769367e+00 8.155378984823652644e+00
8.750902137208472098e+00 7.347162050989969551e+00 4.133033631765740346e+00
7.295819375528807882e+00 4.098721632145370108e+00 7.297735963649875757e+00
7.314276246134793880e+00 4.176450388103049249e+00 5.406078111018295829e+00
5.662898765709403648e+00 4.546795493384937714e+00 1.307739077030387520e+01
7.076690306149115983e+00 4.195981980712693904e+00 7.233666099102357805e+00
7.871838815491313923e+00 3.673461018724401228e+00 6.422275369825628744e+00
2.084699107798611895e+00 3.389075053404508431e+00 5.150762611049548134e+00
1.359376099664039472e+01 -8.561228327423656026e+00 5.938765057769755629e+01
2.961210312883201023e+00 3.702019550480327492e+00 5.321168711395706019e+00
5.499056730975285134e+00 3.501291023705498162e+00 3.241971271376834274e+00
2.131518947778105577e+00 -2.670292579644946152e+00 3.369776367950572560e+00
7.266825468666162635e+00 4.116768983548706018e+00 7.230427259483766633e+00
1.279281752023933549e+01 1.903995429392094874e+00 5.542484450614336922e+00
7.564643607896798017e+00 -4.846979085014563537e+00 -2.569312003018733748e+00
1.572248181429909630e+00 3.670979388503207375e+00 2.547516623560416971e+00
1.633403582394014730e+00 4.357246681383493581e+00 6.599074224574509984e+00
3.437939337547659235e+00 2.999631596144176626e+00 4.967476134737394133e+00
5.361835092667685210e+00 3.811971820147811663e+00 4.793398531561768650e+00
6.121298716410403351e+00 3.887353732147495577e+00 6.174017612134555577e+00
5.683545699629600101e+00 4.043136060270175136e+00 5.283391758177013564e+00
7.503498246922355008e+00 4.157061024654017167e+00 7.265946566541586549e+00
3.931790197941643861e+00 1.901082910289224048e-01 2.747466603078655645e+00
1.197517034149536741e+01 1.444674140629054548e+01 6.887860592202130761e+00
7.405183394648624073e+00 4.236712149136806715e+00 7.336045340585850560e+00
7.237307604212221079e+00 3.922744968236422380e+00 6.718752806526612886e+00
7.050830954014925211e+00 3.864449527691063757e+00 7.075572403442366820e+00
7.195260136801687523e+00 4.102067017315247810e+00 7.263004827280648001e+00
6.451156006534374932e+00 4.124280261741072984e+00 6.438729449260936377e+00
5.667548412415578163e+00 3.778770708171977244e+00 4.104627409108930536e+00
7.325423643002244134e+00 4.304884462631623165e+00 7.472339825175941641e+00
7.378660458262482180e+00 3.753001479414812991e+00 6.213013282033472251e+00
-4.912179506648726601e+00 1.235061703203141903e+01 1.295096936433154333e+01
1.180373661911854777e+00 3.782119785906773224e+00 3.965411897242502537e+00
2.687313088200184108e+00 3.911727051642117203e+00 6.432113916639504936e+00
5.326930414240067968e+00 3.926158513712605824e+00 4.757259338792962922e+00
5.299388522444119509e+00 3.634716129220436187e+00 3.245474247813278978e+00
9.704447518560632702e+00 4.349689890654961033e+00 2.532068605631473623e+00
9.246038904892962762e+00 1.035923960777718378e+01 5.409457993276863164e+00
1.968942923389471300e+00 -6.725547375216246238e+00 6.900825744597950617e+00
7.339587205498088629e+00 4.455227674277114858e+00 6.913548970950365913e+00
7.039479654657939456e+00 4.548150738782687164e+00 1.483869740643636304e+00
7.167053089730897497e+00 4.316403548199131635e+00 2.139278390340940028e+00
7.242239892632472475e+00 4.172225323694866539e+00 7.340443261609661540e+00
7.686552292945188825e+00 5.852064227570388688e+00 2.919602010252654978e+00
8.067578880287497256e+00 3.423936784370764208e+00 5.651534532043908321e+00
1.844122630187204903e+00 3.840326521939616988e+00 6.669633158097482806e+00
4.218914615091427400e+00 -4.072738769016314819e+00 7.448027164194648275e-01
7.047539606654481759e+00 4.031201041701246268e+00 7.297515586323686243e+00
3.656717619016389698e+00 9.863698899010341137e+00 5.559089965877621609e+00
6.769676536169367154e+00 1.910734332030789684e+00 1.108150329809861034e+01
4.190176361948094730e+00 7.030505994844720163e+00 4.484648368095452753e+00
7.062504802281440064e+00 4.529728840608317597e+00 7.385078280734857614e+00
-7.453402886521420800e-01 1.210103054360926578e+01 1.281917020269722407e+01
2.412365351217526044e+00 3.914093997541248982e+00 3.028833720021375076e+00
1.241456327907550783e+00 3.626432706131233807e+00 5.868116235484889032e+00
4.415460043851332728e+00 5.834974624354746453e+00 8.617464718272403346e+00
5.854158549695384295e+00 4.286184460398146712e+00 5.189135852924936287e+00
6.439639467731813838e+00 4.064933953724504612e+00 7.001941549746237392e+00
1.063380837362910114e+01 -1.782646195545725565e+00 1.050881141053603507e+01
7.124858758724070817e+00 4.339502441047117465e+00 7.315197967290925973e+00
7.069932445000585375e+00 3.777337819826438903e+00 7.188588310447466156e+00
7.178102352690126864e+00 4.201636552931432789e+00 6.803422247112873578e+00
1.550971014052883845e+00 4.090964983308628788e+00 7.044591020288659244e+00
5.096209815757489103e+00 4.251043284972053193e+00 6.018053895401445530e+00
7.071432552339020461e+00 2.850646175544556016e+00 2.786523735222562692e+00
7.290260474812955138e+00 3.953043447236719743e+00 7.537736835672850688e+00
7.140216845735187334e+00 4.327377506299989740e+00 6.838840650237996144e+00
1.126191151338658969e+01 1.551046655766555649e+00 1.228852976622326842e+01
6.896869836816287958e+00 4.184714025096667456e+00 7.166582945185435705e+00
5.697884347159630991e+00 4.250571522675526737e+00 2.062338172838906747e+00
1.073577396138815665e+01 9.546354055986672194e+00 6.734823129444997392e+00
6.990937886384334554e+00 4.599235414222802021e+00 1.665778065780940231e+00
6.812932087343645193e+00 4.626595667333107009e+00 1.090744762016179870e+01
7.596839689096535508e+00 4.042207866762707269e+00 4.684860295900939775e+00
7.148007773488391337e+00 4.571178769588056134e+00 2.592989538172719488e+00
7.120298019847119519e+00 3.960461105397811821e+00 7.126433644462062844e+00
7.718908172084793406e+00 4.548760774663214157e+00 1.152480572437101003e+00
6.885848139363858422e+00 4.246546678841170319e+00 7.314624281780629289e+00
6.822417976333017720e+00 4.256351438476583482e+00 7.078321991156945714e+00
6.938583246774449265e+00 4.192173942105693385e+00 7.095900642631418620e+00
3.772647767724401913e+00 4.691021158033931826e+00 7.493014435306829313e+00
5.414143105747780460e+00 3.922520056595907967e+00 4.139269534685478646e+00
5.744217871749823345e+00 4.336827175375894683e+00 5.795248256268154208e+00
4.720778245547317731e+00 4.663305507227892832e+00 3.759875907092962599e+00
5.763591262232037771e+00 4.245721567421700371e+00 5.212049001185226516e+00
8.044185594009018558e+00 3.170930129299376787e+00 8.356943859516244189e+00
6.464896986458624539e+00 5.933068220259658077e+00 6.006296679143832584e+00
6.967583525903698671e+00 4.480315160817519349e+00 1.698392870043065939e+00
5.950582061884911234e+00 3.682840558755939853e+00 1.256318592176948812e+01
1.848278527056761789e+01 2.154908988132108405e+00 1.142781613055784540e+01
7.669094160872100829e+00 4.155598451083071687e+00 7.808873494331242782e+00
7.463964523978155796e+00 4.266048956648719859e+00 7.807844294087489700e+00
6.901894421227439125e+00 4.223819919048807492e+00 7.083354614104910851e+00
7.284320693216053577e+00 3.907212922082373474e+00 7.497886463209933794e+00
6.405459951665045892e+00 4.165547176265390839e+00 3.860410076290440973e+00
8.405788520452446733e+00 5.079781388953314547e+00 3.272511322207644291e+00
3.912396358393012363e+00 -1.084890357618419454e+00 8.023413586743853187e+00
6.848238731842808846e+00 4.486506653630592645e+00 2.865453435306445140e+00
6.955486396480901945e+00 4.222779369237516178e+00 6.991350734896247587e+00
5.359975728235475856e+00 3.929971796890082913e+00 4.814119849935591944e+00
5.624823959241782134e+00 4.448435812333220163e+00 5.824920803286686599e+00
5.830837985890113373e+00 4.232225780370608703e+00 5.120999141769077667e+00
5.441775431492906989e+00 3.771757414970312361e+00 4.335759177757568139e+00
6.735217402573572265e+00 4.557783021174477867e+00 7.821698237080390470e+00
7.327540848187428679e+00 3.716458966394466934e+00 7.390972967735310206e+00
7.167141641804899876e+00 4.447452534536210145e+00 2.752785210973471841e+00
6.956441981165648158e+00 3.930284214705697998e+00 6.971549993195099049e+00
1.300305163805930420e+00 4.474721207512029508e+00 7.822371418860273096e+00
1.873727211700710882e+00 4.334941837435272838e+00 7.068171488400222913e+00
3.993324488138287442e+00 6.641111512123734961e+00 9.869275851995933380e+00
6.293254971039646151e+00 4.538888528880197448e+00 6.396539819695029827e+00
2.678371810629683658e+00 6.659608406900074051e+00 8.225887534917045940e+00
1.018976692639831327e+01 2.607306109989779408e+00 5.911328835893912448e+00
-3.563412945557276501e+00 5.586239699420540106e+00 1.799115095453519331e+00
1.037019823283527309e+01 4.520190488810142959e+00 -2.033286294991571541e+00
1.282972362594001492e+00 7.513486207942480455e+00 1.454947633588232492e+01
6.843561069176523404e+00 4.187081734151599122e+00 7.017145141072493431e+00
8.583989218320942527e+00 1.535758170846100157e+01 6.324244517217431749e+00
5.417677154730051292e+00 4.541463541581655328e+00 1.738302222351765902e+00
9.019901894293059996e+00 3.143753387458364301e+00 4.653920010501250815e+00
7.161812003096230228e+00 4.503904396336304572e+00 7.037046387160641459e+00
5.830772970480304629e+00 4.229244127775118045e+00 5.224331458679770002e+00
7.301146563865496653e+00 4.111141968772711763e+00 7.422603175650722918e+00
7.207195249638582268e+00 4.109898525381786349e+00 7.178598446087598006e+00
5.351720822810142053e+00 4.634156232494052396e+00 4.370877444928601641e+00
1.483326514348494740e+01 1.277929006815686108e+00 -1.399346278302229685e+00
7.508401942501212289e+00 3.285761282449739085e+00 7.376395019954927079e+00
7.649808276400928975e+00 4.239407728984548207e+00 7.208749436741079819e+00
1.877827058457198994e+00 4.673895395555159205e+00 5.269255462514035315e+00
7.349548627306115911e+00 4.145529260065467625e+00 7.561242079400486205e+00
5.871063686590515474e+00 5.359051174852236255e-01 1.974166566012154078e+01
7.254351600417194845e+00 4.690606749224188299e+00 1.927840581239442574e+00
7.583961447532388434e+00 4.334235125696388025e+00 7.728672481494536228e+00
-2.692065292014432121e+00 -6.108661446789014349e+00 7.568177132507982741e+00
4.678696209716448173e+00 4.345055177588309725e+00 4.432800644334067286e+00
5.057427615833686829e+00 4.671657617844613419e+00 6.190799960728833540e+00
7.265661081385394127e+00 3.819006622751986768e+00 6.994571530085149647e+00
7.176996816076817609e+00 4.418705176804830437e+00 2.777220012838724994e+00
7.448961008205964518e+00 4.262581601099511452e+00 7.237124888544524737e+00
3.639390509968997378e+00 4.924195163305697065e+00 7.536650089531327978e+00
6.765639089305333087e+00 4.993849592484838062e+00 7.561563231292954157e+00
7.404823297429564910e+00 4.192665350892013976e+00 7.385942447587945381e+00
7.156675493901666130e+00 4.246588762663469296e+00 7.113013914675626381e+00
7.044316316450768056e+00 4.628014404081577382e+00 3.541418789693417946e+00
8.178153352369257334e+00 7.952934020432317119e+00 -3.451985710577995192e+00
7.186447850648491453e+00 4.271718044027070782e+00 6.052632430454718104e+00
8.370650793405641110e+00 4.745204250784282429e+00 1.150323834928167699e+00
7.612711232437639808e+00 5.457641008061242971e+00 6.404751764962514748e+00
7.423567914524950240e+00 4.142250850725452516e+00 7.309998769599122426e+00
6.205834593345002759e+00 4.755605720908647527e+00 6.411192568059255414e+00
7.103220476887558199e+00 4.056273686440432513e+00 7.172812237857545625e+00
7.003982794252687327e+00 5.358470706540859219e+00 1.552193484693961345e+00
6.977827483675757669e+00 5.306716057360379324e+00 1.632178901082331102e+00
6.769187043481755595e+00 4.436907572832581970e+00 7.104794627555034658e+00
7.234862134066080586e+00 3.729238537463420045e+00 7.060682152142291557e+00
7.167916244925779168e+00 4.828789299766909515e+00 4.642064508524205380e+00
6.778944405678481999e+00 3.957678618631939038e+00 6.740376508752197182e+00
6.987942715258959936e+00 3.909619347709418768e+00 6.825099318958328887e+00
2.975214479663633949e+00 5.026357242853291218e+00 7.741154112608878535e+00
5.901037596381721428e+00 4.771882311318136338e+00 5.733122456915630494e+00
5.726759230043649396e+00 7.407407668195237882e+00 6.518045800285403146e+00
6.837389668365849715e+00 5.115478904250266190e+00 7.932193034241389995e+00
7.560168342285956022e+00 3.722639942377633737e+00 6.775395692224622124e+00
4.849128350525416131e+00 4.149672440582537369e+00 4.091224948371630532e+00
7.259476858780726793e+00 4.059401348474938054e+00 6.969505046772402679e+00
7.256174611992997292e+00 4.080900504720146316e+00 7.179482163469808498e+00
6.733350969772400774e+00 4.148216640468656458e+00 6.757384504899473399e+00
7.821699731095232977e+00 4.912912565181711599e+00 7.600500756070292852e+00
7.060051708602051335e+00 5.324087221537407544e+00 1.656043271716679310e+00
7.206900430185763540e+00 4.190254508503935327e+00 7.307595585573739783e+00
7.250390902943713911e+00 3.494568771034490595e+00 6.377930852409194884e+00
2.290358568123092020e+00 4.802821782964159070e+00 4.416053529687315127e+00
3.393083270314156685e+00 5.222822230654730724e+00 8.219124911102390740e+00
5.594483243621426460e+00 4.733549120837268198e+00 5.796700071535310528e+00
5.789139982890484148e+00 5.108530047509855621e+00 1.194973236373610304e+00
6.773707315142532437e+00 4.888715434167201224e+00 7.149248219576683105e+00
7.437142141902918224e-01 5.336827545036037179e+00 6.090932714938874781e+00
3.407578314430827149e+00 5.278570685069547963e+00 7.053878895002013039e+00
5.878729633752153738e+00 4.802436256116711988e+00 5.883176958145145186e+00
6.016083887081585146e+00 4.896055225212367468e+00 6.260625358092005932e+00
5.703221288243232046e+00 4.735722535699542490e+00 4.405127997382503047e+00
6.753980142658291719e+00 4.866982822257754471e+00 7.054286985069687432e+00
6.958350538450881473e+00 4.456193989630936159e+00 6.483126577719900752e+00
7.354253869359993701e+00 3.966820694566873584e+00 7.315479918454696140e+00
6.586304974303901716e+00 4.633061810419021320e+00 7.826130155322299942e+00
1.015556548560704186e+01 2.769593754215287085e-01 -1.760681112461919273e-01
6.554772794200327546e+00 4.574965632009989847e+00 7.107937949919117315e+00
5.446698366025462867e+00 5.657434069637733209e+00 8.059665180799306938e+00
5.898367654616648359e+00 2.372742420437067956e+00 4.918332500331432655e+00
6.308208825874856984e+00 5.348376953014092550e+00 8.043820816133942841e+00
8.788355469616785598e+00 5.916282556427618466e+00 4.028774376809893809e-01
6.324185322332553483e+00 4.928437048699816359e+00 7.217165862625019912e+00
6.980773214224537782e+00 5.275795187688569143e+00 5.322708911710758883e+00
6.980198811236251188e+00 5.346441431313342818e+00 1.542024368184743199e+00
7.113816375905960498e+00 3.748507561679641498e+00 7.379976725310148922e+00
5.778797727242084292e+00 4.867568354913332840e+00 5.551860449180008317e+00
1.556621961256501763e+01 -1.292384296563828094e+01 -1.284139331074328183e+01
-2.455077825060308250e+00 2.328505802570258609e+01 2.756198517754824451e+01
7.248017722860756962e+00 3.829831149097911336e+00 6.703128318178430689e+00
7.274026388876709603e+00 3.958609416622594246e+00 7.219026396801774048e+00
6.771562180506797368e+00 4.438274436852418958e+00 7.113409458822919973e+00
-2.033550435918730415e+01 1.496128039211060567e+01 -1.927485315006527644e+00
7.359128799936711651e+00 4.067256763590752833e+00 6.996262722895984609e+00
4.551383651271838637e+00 1.024015446646119543e+01 2.827899836505165077e+00
5.887521429598932876e+00 6.198843162038867760e+00 7.786556686743996814e+00
5.895797677270076420e+00 6.335087279375885672e+00 7.876661084093225185e+00
6.133787717392573668e+00 5.110520977471303183e+00 5.061804722663575618e+00
7.235306852130419131e+00 4.008199954455002434e+00 7.064936347987936571e+00
5.621148564766969891e+00 5.798428864596128385e+00 8.374524336740293506e+00
5.976973641398039661e+00 5.038390804661931455e+00 5.981567729719926341e+00
6.626486323288125035e+00 5.058182637912427282e+00 7.091477969446911445e+00
6.938179941790949101e+00 4.033015711201430875e+00 8.503226984176695424e+00
7.525928110038217156e+00 5.501175277502987626e+00 1.583055666922712490e+00
3.445874321167014642e+01 -4.337091098613196749e+00 4.964641997512249105e+00
7.318164284886551130e+00 5.483245160864514745e+00 7.918035788207384407e+00
6.796114131589837903e+00 4.486222094026887319e+00 7.234911286477140990e+00
7.016417221036050478e+00 3.899517445733716947e+00 7.292217028534745182e+00
6.883416841983665435e+00 4.119345822256157419e+00 7.321921655785612160e+00
7.664631961490837142e+00 4.639419151202525349e+00 8.067634761199629523e+00
1.644530140239218730e+00 5.240722610737314824e+00 5.804688994582948069e+00
3.436280282929152108e+00 5.263771025076337651e+00 7.071980470469600100e+00
5.609028471800976412e+00 6.664360289481042976e+00 7.690663065266408083e+00
5.822017177223532514e+00 5.176271686529966942e+00 5.019739240607037800e+00
6.205653808177918229e+00 3.446574466128788039e+00 6.758522378473689862e+00
6.886527457566707255e+00 5.238938121515135826e+00 1.541923951629098344e+00
6.788238718196220489e+00 5.344955568258227707e+00 1.535241556653388129e+00
1.704704975018734192e+00 5.489643459344526022e+00 6.544539838155312594e+00
5.566369898769187863e+00 5.245435474264641407e+00 3.670626679172895201e+00
5.608310922389033948e+00 6.099458973868898681e+00 7.672195808247892046e+00
6.152256323528051851e+00 5.750666723045325668e+00 7.847694521994352357e+00
7.304632332103764725e+01 -4.599894151699508882e+01 6.432178201671972317e+01
6.882997119034357070e+00 6.153532326921347106e+00 9.809833034617264858e+00
6.739294451172961331e+00 5.159847516744505036e+00 1.903098888089223006e+00
6.799144587481988466e+00 5.251250282478698850e+00 1.366409051307631017e+00
7.213410268037268480e+00 4.134740913261100381e+00 7.133691039768990549e+00
4.290227172412272694e+00 5.734858099258377528e+00 7.581637140520600227e+00
4.766274504439995674e+00 5.508742538414516332e+00 6.358366105657140110e+00
6.319071313804764500e+00 5.390949553563840979e+00 7.113215420784120724e+00
-5.944987744147370279e+01 5.762734302941791498e+01 -6.232108884180576069e+01
7.194166209156893643e+00 4.146544728506350808e+00 7.264366943311779679e+00
7.587150748222258656e+00 6.568832568203080591e+00 4.283152874465468329e+00
6.781589226545417404e+00 5.281419623012983067e+00 1.422405212442514610e+00
6.715206117508198957e+00 5.789671449852409779e+00 5.352008325022536539e+00
-4.164883862716486362e+00 1.625558251149137590e+01 6.577834700066954809e+00
5.941073896174843938e+00 4.252927384343252903e+00 7.252984070601907973e+00
3.233660451318521645e+00 5.508477959216891762e+00 7.163081781761119871e+00
5.754590525873519269e+00 4.673077623507584377e+00 7.127021101364437783e+00
6.112226823384562913e+00 5.775690074194994139e+00 5.994019857292304465e+00
6.438490881780524866e+00 5.686143144562924689e+00 5.957965436375046053e+00
6.353822070577522574e+00 5.856009833621147465e+00 5.708118771514360645e+00
8.376700339854618704e+00 5.628395369503172319e+00 1.231548754458530404e+00
1.525394608790630357e+01 -4.329879727041430648e+00 1.002307924377307025e+01
6.389855062778963202e+00 6.048428340188701569e+00 1.408730180182865332e+00
6.571512312958637914e+00 5.239779924142496270e+00 6.990422403202802393e+00
6.710845055773149603e+00 5.595072663340912023e+00 1.563896422868529701e+00
6.713575391029905859e+00 7.248279389273506901e+00 8.424166664251770964e-01
9.935386019221503773e+00 9.130407068346350741e+00 -1.722084181808017367e-01
6.757377356452616723e+00 5.897199832401692987e+00 5.356953047091545628e+00
7.344408928098353329e+00 3.910809133020632267e+00 7.948101556426343528e+00
6.382699057862412317e+00 4.791133762218446002e+00 6.710840348839177238e+00
1.347854130710453457e+00 5.753224817216644027e+00 6.593461958430349767e+00
3.617505403442411449e+00 6.004526371375535021e+00 8.531618206183059883e+00
5.847113514758803809e+00 5.957601720801502410e+00 7.641416045705986093e+00
6.747787328136013230e+00 7.506635122992860509e+00 9.144557804589950933e+00
3.247708585259259984e+00 2.096190764660984307e+00 2.888739710482421952e+00
6.896393044301936115e+00 5.929273025137709929e+00 5.351401839064418908e+00
7.637575040851305452e+00 7.769217930028072594e+00 5.248074705743583479e+00
6.047785897897383300e+00 6.264931205770450262e+00 5.048243308516092043e+00
7.383667388768310857e+00 5.751615658489406258e+00 3.824344738351757034e+00
3.421163829970415904e+00 4.072889898298033273e+00 1.057933411842215321e+01
6.573715468094221137e+00 3.945151874967129935e+00 3.025766076714293984e+00
5.547988904446505387e+00 6.028621026408023553e+00 6.499799842962798557e+00
7.849523380559799257e+00 1.208889656873658325e+01 6.814175365804008067e+00
5.513550653313279426e+00 4.424456825582165465e+00 6.497839551579396300e+00
6.202389230777386686e+00 5.667264546166754791e+00 7.484434563478446378e+00
7.064745681305493186e+00 5.420607386071838896e+00 1.672885214935639020e+00
6.855378357486302754e+00 5.789049974263789089e+00 5.064587525047517858e+00
8.830249948275824545e-01 6.269280648960409152e+00 5.331268120065224547e-01
6.890140957155925783e+00 5.918017196483583930e+00 5.468450543666155461e+00
7.992258039049981555e+00 5.790248791758942914e+00 3.763642290634081178e+00
6.511631186837849583e+00 5.227731866191048127e+00 7.360019681609973219e+00
7.047186008868711937e+00 5.228527158525064777e+00 7.010047674360624370e+00
8.235259671405133375e+00 6.131417117424121876e+00 2.378844956234480890e+00
6.411705114550755980e+00 6.645366942102644892e+00 1.420724283275672573e+00
6.014602332569463528e+00 6.339503752949309678e+00 6.969295271732358188e+00
6.080915490443200788e+00 5.749634559243655296e+00 7.894425067435632215e+00
6.167054015792899690e+00 5.910836298386684007e+00 7.827885749902268486e+00
6.380299796523177136e+00 6.012728512860056718e+00 5.613877534142162951e+00
6.697784237784736305e+00 5.770365233121365733e+00 5.069973556620586130e+00
3.919777206300360639e+00 6.395536037534702345e+00 8.611022245410043796e-01
6.232225990797530812e+00 6.210942225127198846e+00 6.368422891836302391e+00
6.267321434165264549e+00 1.019643533066973262e+01 5.735010535015758748e+00
1.247698341396209276e+00 6.427197094320321824e+00 7.960800962489571475e+00
5.816583143925470267e+00 6.565408456700780881e+00 7.630473193423663147e+00
6.057939481904413448e+00 6.574338009918466064e+00 7.726107240425521994e+00
4.484707087680566140e+00 -8.422963107101988367e-02 4.582960363558608918e+00
6.095629134776689995e+00 7.608397448211785985e+00 5.656245969886359859e+00
6.156039305967683894e+00 6.054354729825124792e+00 6.066019234785773762e+00
6.692839299833726940e+00 1.789523430404491577e+00 7.287483581338475958e+00
6.172600250836792313e+00 6.243313142197433052e+00 6.438493140225274303e+00
7.034769945644761435e+00 5.454035380832326751e+00 6.925092083557206735e+00
5.522192919666707667e+00 6.646004059402073949e+00 6.655446135674797148e+00
6.404732790766733963e+00 5.926233904950874987e+00 6.799968426562294610e+00
5.776508820172869818e+00 6.456113185425359724e+00 7.590831311576371476e+00
6.305530047366031177e+00 6.297095453108499719e+00 6.637329421111138217e+00
5.205733868897908678e+00 7.547465434176899635e+00 8.816945700596384938e+00
6.268623339163631236e+00 6.567452685329150164e+00 1.701967790097426159e+00
6.095179252302099115e+00 4.097413772981822078e+00 7.775333434864156068e+00
7.381441382390547368e+00 4.845863051424228019e+00 3.984134552191745726e+00
5.575073772778811332e+00 7.287762352001916355e+00 7.430543423653185542e+00
6.171514792215003986e+00 6.712001300936737636e+00 1.409845458317486866e+00
6.253278800396627091e+00 4.730029023440753377e+00 6.822725273780648081e+00
5.542634020555823327e+00 8.571509544133375513e+00 8.441117247580754324e+00
4.220818944035273468e+00 8.013238492855750295e+00 4.364272563835680963e+00
6.304115525041009249e+00 5.975618876660034218e+00 5.404079686552853090e+00
5.568648502467120842e+00 7.283298327959779606e+00 7.429429704734856088e+00
6.392744512420186709e+00 6.777562984125225398e+00 1.341720162273366324e+00
6.023280707543137602e+00 6.410306244204084791e+00 6.151139926136448111e+00
6.479371982163161903e+00 6.241368499529468039e+00 5.114408887658989045e+00
6.265100605205541129e+00 6.109226700243450381e+00 5.205185470543062465e+00
8.872091200314500270e+00 6.620277367374827193e+00 1.599310460844774573e+00
1.556788210264259842e+00 6.669158481795053994e+00 6.300314615638905380e+00
5.464548065281633171e+00 6.797072871978424580e+00 7.471908759928549415e+00
6.097908273525312062e+00 6.496559777884465703e+00 6.195573825464837370e+00
5.875089241040005739e+00 6.646899452956069432e+00 7.466632455751376796e+00
6.214027865644664139e+00 6.243817534799352309e+00 5.154889841523909055e+00
6.295232235256012387e+00 6.175880280917438903e+00 6.372937050428266303e+00
5.429333462586050985e+00 5.637750900044733449e+00 7.664167932454962084e+00
5.358619194314863776e+00 5.850125141746228330e+00 5.721586740581996011e+00
6.352739493985364305e+00 6.433539044364354531e+00 5.608921453479977615e+00
-6.312805376301267302e+01 6.567980966007263532e+01 6.664899365226663974e+01
1.965327337470282210e+00 6.826453949582258041e+00 7.503994428958781882e+00
3.097720579885529624e+00 7.026639117862239381e+00 8.432485804010969588e+00
5.477196777810520167e+00 7.085526995656957538e+00 6.995858642602200028e+00
6.953969231114967897e+00 6.839661843295745669e+00 9.764031953030412936e+00
6.840338649142025496e+00 6.439865865449942994e+00 4.400222625484095040e+00
7.702841903308211613e+01 -5.275950298804587391e+01 -5.114149548641142928e+01
9.723575517496941822e-01 6.944742212493519418e+00 8.773712959755350482e+00
5.611862851178176292e+00 7.162059762103237581e+00 7.338081007092135621e+00
6.038063702298471114e+00 6.882743658608040604e+00 6.846343512171571888e+00
2.765852534380631056e+00 7.267095775746412301e+00 6.105612707447086507e+00
6.109359316073684987e+00 6.578795478853594503e+00 6.016634822819613149e+00
8.860927025535955792e+00 6.086655361712549173e+00 9.151263229119813047e+00
5.766979510390195074e+00 6.789622966175722141e+00 7.546871559429337850e+00
5.670194943368550788e+00 5.894673187181172835e+00 7.743494341742344744e+00
6.457051705714000001e+00 6.018090954369751167e+00 5.584575321718370233e+00
5.865439584726610533e+00 6.176565564535803965e+00 6.424111590903989644e+00
8.614492375625399490e+00 6.778723003009234027e+00 2.366194477168064747e+00
5.622870761536924000e+00 7.461516886878023946e+00 7.232671180906807606e+00
5.377390129136243146e+00 6.717504378143983601e+00 4.639972188778535234e+00
4.011919756331064235e+00 8.112838320343362497e+00 1.881901832219524673e+00
5.582487393982775714e+00 6.621967496943140574e+00 7.485442469186535774e+00
8.290905158319898050e+00 5.131060494377694070e+00 -1.814567196865509047e+00
5.616175419211142383e+00 6.043078187217863828e+00 6.904520537776193123e+00
5.748873892112055017e+00 6.120210458025980849e+00 7.158216043394734385e+00
1.471437358095068149e+00 7.050197435398255053e+00 8.560241511068598541e+00
3.880201963973728407e+00 6.158154987223070975e+00 7.323178767283636148e+00
4.943368863460853468e+00 7.257253156927006899e+00 1.755582260450696985e+00
5.252926377044529360e+00 7.146407387453342253e+00 1.148946880119077640e+00
5.314558617453636558e+00 7.780820271937221477e+00 7.078014523590724139e+00
7.571424505381299852e+00 5.658453227183491308e+00 1.064442103032978704e+00
6.538548307629153733e+00 6.643435647935280741e+00 1.590773176859500371e+00
5.396664883859803474e+00 1.097133529286758957e+01 8.897178490188878186e+00
6.022932232123839214e+00 5.754665921864357436e+00 5.684714770981864618e+00
6.030328873021118419e+00 6.379809997329012106e+00 7.019497598027833796e+00
5.564571821628446102e+00 7.527858002599754350e+00 7.110751010141566297e+00
5.474992484160711825e+00 6.993641026425516216e+00 7.329239510566996074e+00
5.691933147712201269e+00 7.208710498006071887e+00 7.538997145620804474e+00
6.041356062037229968e+00 6.665149311962626832e+00 5.807418565714758785e+00
5.289274315563580409e+00 6.995812844805502806e+00 7.279455756547514866e+00
6.185166493475959371e+00 2.506894835555908863e+00 7.570391978309315206e+00
4.363978165854259572e+00 -2.383352110040664051e+00 1.615776831213517895e+01
6.390097125249235566e-01 7.335282066572288429e+00 6.280374556414649589e-01
2.467789877351843408e+00 7.060857141103539902e+00 8.425339959856650296e+00
5.582282794221974598e+00 7.639795097822884351e+00 7.260124862562656212e+00
5.819480135512685059e+00 7.024842221734608927e+00 7.612963514516266628e+00
8.784469919800143245e+00 1.700545669152555917e+01 -1.468321502695982161e+01
6.085623128611147514e+00 6.498098825375816290e+00 1.412518166182108015e+00
6.118165110709653298e+00 6.828610352588060373e+00 1.510400937530099519e+00
6.790407993543101206e+00 6.622131598908038264e+00 6.250553095952971816e+00
5.973249101118236482e+00 7.045804826092533446e+00 7.676814672464237432e+00
9.068384496636575420e+00 5.729941082517238549e+00 4.366572202400048397e+00
6.112178683908267018e+00 7.273181075127183703e+00 3.409709139464235150e+00
5.855168139684363560e+00 6.684031032617511414e+00 5.822696159970335295e+00
6.188783508829782676e+00 6.560253314357508359e+00 5.058288676043892984e+00
1.919222591949841572e+00 7.238053628087613767e+00 7.956018465874763024e+00
4.470912143453555920e+00 8.235150057901755360e+00 4.045933673334091152e-01
5.537837336987787573e+00 7.293661268322283675e+00 6.621991724794524359e+00
5.450732949783041903e+00 6.971335465096006878e+00 6.872182891063812527e+00
5.652918344258004879e+00 7.724882263064219323e+00 7.138631712570492560e+00
6.139789355322808895e-01 8.709638407372239044e+00 1.220984683324063091e+01
5.704703377647444285e+00 6.240042503316907130e+00 6.500263016963812035e+00
5.659198776733363800e+00 6.452703429372743216e+00 7.687492161573091565e+00
6.709706923575325277e+00 6.922184256832269789e+00 4.535438291786332066e+00
2.655498705601382525e+01 1.017251509442478508e+01 -3.203153644762600294e+01
5.182419625684487663e+00 8.627434889399044238e+00 5.046783049756673023e+00
7.639568398671350291e-01 9.318542048729039351e+00 1.151337438069743335e+01
5.482483307375668247e+00 7.396048740017594270e+00 6.663147031137317100e+00
1.302828357677494431e+01 6.522306657293948540e+00 -2.745026434727805498e+00
5.402001937438859258e+00 7.113355285715568854e+00 6.977705300098579144e+00
5.377085764564153436e+00 7.480900809011189700e+00 1.144147764337064110e+00
5.611667260585241124e+00 7.684818710854933954e+00 2.069620175149322172e+00
5.970249040915884819e+00 6.717620868127745837e+00 5.918139370446619196e+00
5.354087157246599560e+00 6.981084820382640110e+00 7.821811534728002613e+00
5.909309809879768949e+00 7.170026630242283261e+00 6.611520189683942839e+00
5.745643909307889707e+00 7.142151872809945345e+00 8.029466797071487250e+00
7.060561232547870603e+00 1.104759075265971902e+01 6.825150760395713334e+00
7.888194528236269765e-01 7.909218204059389912e+00 2.498107478256497593e+00
8.097518458681161491e+00 5.073045002694094308e+00 4.050683104543576718e+00
5.463880059438506187e+00 7.351335835138725905e+00 7.356271705040127173e+00
5.432682111540979797e+00 6.841176383479838918e+00 6.983908809218753788e+00
-2.260056566262809152e+00 8.469980959312330526e+00 1.570220259593130230e+01
4.991004553718090264e+00 7.208907610017859291e+00 7.630412861091400600e+00
5.273499860084283064e+00 7.646423645709791828e+00 8.146581684308477733e+00
5.647213737651363807e+00 7.021789322010777212e+00 7.860482449394341486e+00
6.610655032285200683e+00 6.719466261008081531e+00 6.527089147814491454e+00
7.326316820074874059e+00 -5.917129881570234312e-02 1.207984458069535449e+01
-1.743518043152239372e+01 5.000908734926230892e+00 4.774177742079169207e+01
4.466979042992410776e+00 7.486451510759568606e+00 1.491620846499770447e+00
5.923395751106704132e+00 6.154960175217174978e+00 8.668193651961400903e+00
5.283291643607289423e+00 7.386041525718885836e+00 7.003972875295045419e+00
4.507569884931767135e+00 7.595807792002082337e+00 8.061369677456994509e+00
4.462495998100189709e+00 7.319336518285961546e+00 2.945168210187034674e+00
5.020379116771971795e+00 7.521103776895886384e+00 7.905310820800883320e+00
5.530552153710738494e+00 7.273752460374661055e+00 6.632362723869297483e+00
5.400965601405285810e+00 7.227973445120801088e+00 7.146060372064981792e+00
7.699580312845492358e+01 6.100111588817682673e+01 -1.132030624641630823e+02
5.186972021374842257e+00 3.064507443256299979e+00 8.485648495889686060e+00
6.992248492951355088e-01 8.406353016077815710e+00 7.870039592867971834e+00
1.276850121633797075e+00 7.823054807866190785e+00 6.609579181321180386e+00
1.781403485028209666e+00 7.753801626743165087e+00 6.474907467093450109e+00
1.822955701997533540e+00 7.742666879296830729e+00 6.543503010393235009e+00
5.291117699507238648e+00 7.440791690309463746e+00 7.270707887783821377e+00
5.291488939170637451e+00 7.065266222271709751e+00 7.527442413328428117e+00
6.152326833060604017e+00 8.156522550616132960e+00 2.392693941953238479e+00
-6.483295959140002651e+01 -4.496137820101626659e+01 1.261094569388124569e+02
5.599095858054973007e+00 6.787679836445745352e+00 6.648810276968588617e+00
6.460324826366313999e+00 7.813224638852735993e+00 3.643324335479901421e+00
6.461883379500776847e+00 8.141439132563220937e+00 2.690662708336319042e+00
8.622990004340044479e+00 7.581320898991315005e+00 7.164828466173118748e+00
-2.319465313778479754e+00 1.575142464354158456e+01 6.511237170648861650e+00
3.110831512280913813e+00 7.986804537420594485e+00 7.040916055965957820e-01
3.687678048203704151e+00 7.798028881601664963e+00 8.649976290296754300e+00
5.230574551479701739e+00 6.929972109083342602e+00 7.140965491325813375e+00
6.110982285349782828e+00 8.013217433442797244e+00 2.488849395486532057e+00
6.046817156043726271e+00 7.872269034243096542e+00 1.718338590282925793e+00
5.694259447073445557e+00 7.041557432271504879e+00 8.094832945367594235e+00
1.521413499482275444e+00 7.326232227487189164e+00 5.337776539314504021e+00
2.909870010863969902e+00 8.024840656480662915e+00 6.192447669916114616e-01
5.471736075864501281e+00 7.449624884088079213e+00 7.428655889767630249e+00
5.367265125958187610e+00 6.954865451944179711e+00 7.531551546378382866e+00
5.401235749671762676e+00 7.102950753146091145e+00 7.398011308767308947e+00
5.056072568836055936e+00 7.217619437197210885e+00 6.631982921414341092e+00
9.003432500893888246e+00 7.972950892332827166e+00 3.257229703709707991e+00
5.398130468371344470e+00 7.329420818544960525e+00 7.586320879256715166e+00
8.426969171631698785e+00 7.676134462296909433e+00 7.002846904719302046e+00
1.544448847286118420e+00 8.049364877753136582e+00 8.567004795845473808e+00
5.580476289696264303e+00 7.499901061135222591e+00 5.865866362196151762e+00
7.545463624677273273e-01 8.472595107239692780e+00 2.976267778006655096e+00
4.813145408788218838e+00 7.659228375312602921e+00 8.192292098925619825e+00
5.480729920110287701e+00 7.465602950687124206e+00 6.907993863537318369e+00
6.837639688180562558e+00 1.036266816360332044e+01 7.200264445484940268e+00
5.338559157169758151e+00 6.905565979588788039e+00 7.541693909518150107e+00
8.185755056338717139e+00 1.441868022792712978e+01 4.479795921329925434e+00
5.655269886144303371e+00 7.342408251122835239e+00 7.088208863144449978e+00
5.448507156167873511e+00 7.076036628262022177e+00 6.775397862909732893e+00
5.451198225755827131e+00 8.169674116280230436e+00 6.931001583296973578e+00
4.575988230154379721e+00 4.709831162302057450e+00 8.119442260554535551e+00
6.854068176815154345e+00 9.110524458698364469e+00 2.633809704036454313e+00
7.892039424109756895e-01 8.598963132045078339e+00 2.892452560419621843e+00
4.431629090701845186e+00 8.276599032339760242e+00 2.651648290332339286e+00
3.019020057885210662e+00 8.196227849970437518e+00 3.951742270592855100e+00
5.592990965296537276e+00 7.008114573126238867e+00 7.405778820812324525e+00
4.492894400012301226e+00 7.330790617774884055e+00 6.870480644122071823e+00
7.331862602056362199e+00 8.106755642511563664e+00 4.072111659767311487e+00
7.002849799926022634e+00 8.594440074827808473e+00 2.765383661248441705e+00
7.469320937057259968e+00 8.219824852519060698e+00 3.920409558485834278e+00
3.284836681674167203e+00 8.159905579536463449e+00 6.257974276468822872e+00
1.327912556578602832e+01 8.977821779277867620e+00 4.519205332201534198e+00
4.772983334072969264e+00 7.779026074170698024e+00 8.038087818310282628e+00
6.139226843919963983e+00 8.594285544919593178e+00 2.275743133542886820e+00
6.433166470412922777e+00 8.332291506672211412e+00 2.613627335089217407e+00
6.503711886328814806e+00 8.009250798428043439e+00 3.465152117487054095e+00
4.661201322870853758e+00 2.456966934011958870e+00 -3.959215372602940819e-02
-3.795140783629476822e+00 -6.216302204927055186e+01 1.103552064842458691e+01
5.417799730370147060e+00 6.140106862846627322e+00 7.768586553808852102e+00
5.908828091809049887e+00 7.859409515548517078e+00 5.243048798633663132e+00
5.388190253791119488e+00 7.492459617894327906e+00 7.185755489562000164e+00
5.750004177782518155e+00 7.798206477387761737e+00 7.314846791769001655e+00
6.855672093241802045e+00 8.732878498486490670e+00 2.499706883878605623e+00
5.189803724296559118e+00 7.511454056137035096e+00 7.232772968691687510e+00
5.044956373268290051e+00 8.587442470716155185e+00 2.118261533634361982e+00
5.059064636509313928e+00 7.319276598559365965e+00 7.263865454074041494e+00
5.662362764114369007e+00 7.873411323027797337e+00 8.335516271488854656e+00
5.601399328729771199e+00 1.085682813905903288e+01 5.192820825646114358e+00
8.212708131558287050e+00 7.076277651551654557e+00 1.596058720442621315e+00
5.753811417847750853e+00 1.016558861058533125e+01 3.289598441125204165e+00
-1.172219503800179474e+00 1.045075984559877291e+01 3.018657858136481575e+00
2.911160767158381901e+00 7.034902818435252669e+00 3.680912878873055849e+00
5.298171080598821803e+00 7.547436547001391105e+00 7.621423408669405930e+00
-3.465281349944691058e+00 8.148169689424943130e+00 -1.550907471300236651e+00
5.159152701189684720e+00 7.551548309025744032e+00 7.625150097126905280e+00
7.041704942664324562e+00 5.822432069716711567e+00 -6.488871089900531963e-01
7.223227302301962638e+00 8.067544532845751348e+00 7.323088847037351634e+00
8.792850599143124057e+00 8.610155163783357324e+00 1.783436905458806176e+00
2.201941282212416695e+01 7.933883086988859645e+01 -3.665194990105319572e+00
3.371763687141895893e+00 8.572038318587962280e+00 3.681744737303453086e+00
5.846678971455350649e+00 8.424314134272369969e+00 4.568067369469469341e+00
5.174752830849888241e+00 7.807232228864609880e+00 7.124949738692682111e+00
5.295461821477532638e+00 7.900836091139337825e+00 7.198427331030886833e+00
5.746503784476925780e+00 8.633571151734384941e+00 1.561752817222410439e+00
5.345040742264865585e+00 7.476762638327075550e+00 6.858944698013386798e+00
5.471664141624140498e+00 7.674374783043040438e+00 7.767672200757600010e+00
6.479909982132466162e+00 5.398096616129233638e+00 8.648351699061970876e+00
6.489851665250709445e+00 8.448079733358488497e+00 2.509966862127442688e+00
4.991311393871322721e+00 6.978508990138642787e+00 7.385072855956492432e+00
6.542352041065103485e+00 6.400418141308916731e+00 1.476541019246960573e+00
2.416933605302167720e+01 4.820209311753552939e+00 2.441936374726146042e+01
4.714749634576453019e+00 8.157994708575738940e+00 6.370792207768976034e+00
5.299458608032570517e+00 7.213239890213092309e+00 6.935515289332762734e+00
2.981430517351632226e+00 1.192241201732101530e+01 8.562228623157464469e+00
5.058686394878842307e+00 1.095086090602475259e+01 8.293438869245571610e+00
1.184147119378978985e+01 1.339156558696563870e+01 1.760141361442628671e+00
-9.880810761692051969e+00 1.283138931942825423e+01 -1.990038288561822810e+01
8.116526820392648389e+00 8.327538434962914238e+00 7.373890158661582817e+00
4.768323608127758462e+00 8.134525331733449605e+00 6.388299324939577417e+00
4.928605193045715538e+00 8.592707648370152995e+00 2.413743199902588010e+00
5.728379193580890316e+00 8.629487533934399934e+00 1.555126363949764112e+00
6.525735649468132671e+00 8.432643542509060453e+00 2.305454097730375018e+00
1.551144164851882934e+01 1.078799459794551296e+01 -3.683741434819839622e+00
-4.068619960512105393e+00 5.920893754911787710e+00 1.665107622239460028e+01
7.383179539247256784e+00 1.140724954404118563e+01 4.245667916647741791e+00
6.946058779585267295e+00 8.737138271841262238e+00 2.785734951128469916e+00
7.455049203862474272e+00 8.349757678828598984e+00 4.258648043885511214e+00
6.472429405877052622e-01 9.026177925951829550e+00 2.620469080038817733e+00
4.666671260742252692e+00 8.673218922983751966e+00 1.341288309811346391e+00
6.589899560403891243e+00 8.530613527159967902e+00 2.639518013699468035e+00
7.598643657897735437e+00 3.434551476504585921e+00 6.938212726584799483e+00
2.217008089137553384e+01 -2.469446448392628923e+01 2.097864613596726713e+01
6.182614355392315630e+00 8.325617477335599759e+00 4.492011656497382432e+00
6.374190469759883015e+00 8.893906963057496284e+00 7.309642402399628480e+00
1.876186348496803102e+00 -8.273177273455818437e-01 9.660601363528311225e+00
9.029551073223244018e+00 8.667345253724667131e+00 6.334807494084834012e+00
5.121014706108961256e+00 1.496369470540828317e+01 4.442737844224692978e+00
3.807954301403011499e+00 8.662115930393831320e+00 8.946361834589829698e+00
4.157016440776019728e+00 8.656348564592844852e+00 5.083419916004442207e+00
4.980760646453039620e+00 8.218209199987381197e+00 7.266475470480544985e+00
3.228615329209067397e+01 1.056022847450900315e+01 2.512540639740727499e+01
5.666082919915460536e+00 8.781909532298477927e+00 2.244570993159820116e+00
-1.141635062742783369e+01 4.260043685579224615e+01 -9.594668636626334290e+00
6.285632749275133158e+00 8.519070301104758158e+00 2.336414285703204197e+00
1.237937643771794161e+00 3.467556225430064032e+00 7.901367657822526702e+00
1.261089739445318436e+01 1.796793230208116299e+01 -5.110679657366842932e+00
-2.345391237477394952e+01 7.003565351508406422e+00 -1.029110778892287392e+01
7.303961266087316773e+00 8.453585763989403645e+00 2.598339109707130223e+00
6.752049280872943093e+00 8.360263100234822886e+00 2.425658080656469373e+00
7.550633075472942934e+00 8.621563545689689079e+00 3.119728402242990750e+00
5.239729137911229628e+00 9.353470114503620536e+00 8.120813473987986697e+00
5.534870527849267141e+00 8.524794980473881623e+00 1.667241883255873081e+00
5.389755789365362482e+00 8.748007411424056912e+00 4.437958025513051297e+00
5.168880771344022129e+00 8.165675563277073223e+00 9.430680991864948126e-01
5.739922691465810800e+00 8.267812336163665066e+00 1.994292250375012454e+00
7.266043921531013083e+00 8.352602283281269635e+00 2.810742186802436482e+00
-2.875620741057068219e+00 3.092634789533179607e+00 1.991515010023250820e+00
4.961757912324916475e+00 8.064233074646175226e+00 7.499971215350704767e+00
4.507976603946842964e+00 8.641329034938799225e+00 8.832169767565252627e+00
5.217033062363406692e+00 8.596560125776385064e+00 5.195566726431694704e+00
6.433285380368408468e+00 8.143580489286414092e+00 7.189376979008390123e+00
6.824198429544618527e+00 8.570052779908268192e+00 3.599396250310308076e+00
7.147121388197571257e+00 8.535157682776112864e+00 2.645093556903118870e+00
2.261250646968896660e+00 1.466906827401142976e+01 -1.262166393410501852e+00
4.104840944543330039e+00 8.727056895167907058e+00 7.051781281976696292e+00
7.735356709112609863e+00 9.405980513213510363e+00 1.105546715418665826e+01
2.363526175772014071e+00 7.002111740090105840e+00 3.799694442617486345e+00
5.429799997949094958e+00 7.995843261502692201e+00 6.568200480111530126e+00
6.041751011440411823e+00 8.895559103775877219e+00 1.161881843060762254e+00
6.144955628108272450e+00 8.400964442687232747e+00 5.744972091243422341e+00
7.866455265102120009e+00 8.894028590286383817e+00 3.535456839804507645e+00
6.133714789502331399e-01 9.196937593045690917e+00 2.647267769787138736e+00
5.080236447730151816e+00 8.799680826323726279e+00 2.018403835369730448e+00
6.418895950034650966e+00 8.071473547006986493e+00 2.418265297083189491e+00
6.460853688270188577e+00 8.476146611860819746e+00 2.256926241835001790e+00
1.233313091851830734e+01 3.781689400145586077e+00 6.998222387868572092e+00
7.498907055721542037e+00 8.908223263401566783e+00 3.235616212922693080e+00
8.092166098725710910e+00 9.025150004759961320e+00 8.140858778573022647e+00
4.277049702472954351e+00 1.337963982573501376e+01 1.285541849388381763e+01
3.305084532870593339e+00 9.123041211638577508e+00 5.011837503224376711e+00
4.838372749364964420e+00 6.658574992072988863e+00 6.695610631376770705e+00
5.422806608590921229e+00 8.758648986922116464e+00 4.210574794213873595e+00
6.107066584163653111e+00 8.142335813833410540e+00 7.439777638806973847e+00
7.290815929414732111e+00 9.014090658473001838e+00 2.078779002763139871e+00
6.420300925966057726e+00 7.633129172501122994e+00 2.316267236108816352e+00
8.023860093815388339e+00 9.080858914001794346e+00 2.806418645801043610e+00
-2.737263551169443421e+00 5.567417948158126961e+00 -3.369193939305663299e-02
2.475912849057052334e+00 9.348955139245807899e+00 9.078987057699141161e+00
4.385235015717099394e+00 8.546264876243286679e+00 7.109438079707581792e+00
4.779471412851799883e+00 8.383491317145599808e+00 6.848730926157190702e+00
4.917349506262254089e+00 8.790269519378675511e+00 5.260675016225220268e+00
5.253703407658641744e+00 8.724647731049405053e+00 5.202908432970292374e+00
5.235637325042181267e+00 8.716924344253094148e+00 5.080147752556228191e+00
5.204593690530751715e+00 8.139779163081826141e+00 7.241282835094560610e+00
5.612800815987571745e+00 8.226154548944904832e+00 7.641800864791191472e+00
7.235637421561190052e+00 8.824806859378156787e+00 2.467981086599662088e+00
2.886053130664294031e+00 4.187932001418165129e+00 4.612288191994583286e+00
