3.079017276410516590e+00 1.084512618486543012e+00 6.789730489208925412e+00
4.189396377726746223e+00 1.474027973534014713e+00 5.266512812926348097e+00
6.060721944956333651e+00 1.647835595524798080e+00 2.316558134651409695e+00
5.631527456514026753e+00 3.202444847337455158e+00 5.087139812684210227e+00
6.132155946774455302e+00 1.200218791364469517e+00 2.059412983940922537e+00
6.864376709159335732e+00 1.844994413304700931e+00 4.303019969910109488e+00
6.969365026090797777e+00 1.703898784396786326e+00 4.051523326981090634e+00
5.026673468473413564e+00 1.948070645683026125e+00 6.561690183905508178e+00
4.916929332738199321e+00 1.356885523415832351e+00 7.850667623839088449e+00
5.972193814473044426e+00 2.934202330138991677e+00 5.491296068478365378e+00
6.201300660404891474e+00 1.294962617161186103e+00 2.123685474460734746e+00
5.722448343611180377e+00 1.996923867056815460e+00 3.709310849592706294e+00
6.777840882228845842e+00 1.728203638539214548e+00 3.918933525895070602e+00
7.409540923867609763e+00 2.286497188751813958e+00 5.615459356384537415e+00
8.074105880868248875e+00 2.154303664509781058e+00 6.558980535728345274e+00
8.174681699977258020e+00 2.065561225881525687e+00 6.958708122556178211e+00
3.938163300054240423e+00 1.424255493307171827e+00 4.490546495823355855e+00
4.601531694946864981e+00 1.736568672174810146e+00 6.352819666990210834e+00
5.799052233209922136e+00 2.509919029366376453e+00 5.066151661937826844e+00
5.826446659846885368e+00 1.233556014435444936e+00 2.144799423755020751e+00
5.807167439379058216e+00 2.977179973144138181e+00 5.580118581951275303e+00
5.869350328004601103e+00 3.368719837546910068e+00 5.778022821890862915e+00
6.382298891786326145e+00 1.033098057462843000e+00 1.374332044113738993e+00
6.398216116681250121e+00 2.608668492333229949e+00 6.446330754445702027e+00
7.580388189516279240e+00 1.879368868380573154e+00 2.509152748711686254e+00
6.331889436010039063e+00 1.796086828592171170e+00 2.601935482490230989e+00
4.616071671708563251e+00 2.191281877341075379e+00 1.549099227581215432e+00
5.850507344976369595e+00 6.057476911138953701e-01 2.362558892448715309e+00
5.784162921996754747e+00 2.850332703876774509e+00 5.293734881725786323e+00
6.466725141714897873e+00 1.531478664452427640e+00 3.320280958534581828e+00
7.216485538315515313e+00 1.378552496395480498e+00 3.134298112535207181e+00
6.987241169825804121e+00 1.597365759998762957e+00 3.227059984610480381e+00
7.301744955220187627e+00 2.440215728514416593e+00 5.710551937540482292e+00
8.596629745286723079e+00 1.088079011044641220e+00 2.132336119582033174e+00
4.946321389125421852e+00 2.141276596109089603e+00 5.915282989282905746e+00
6.122552787064055480e+00 2.233937225985428654e+00 3.340803814076152012e+00
7.722828296557095129e+00 3.456329332031017110e+00 3.525342400029096712e+00
5.878467017560325303e+00 2.119279023103514792e+00 3.308909956328883517e+00
7.581006340138440436e+00 1.542261383070761660e+00 2.611175658857954218e+00
1.111380439097908557e+01 9.011616631592153093e-01 6.873020080679305366e+00
-3.948971080211403528e+00 7.655414893242632246e+00 8.030174372534403915e+00
5.561839000772611286e+00 -4.597765264136192964e-02 2.188797100069842738e+00
6.033239470098479273e+00 1.719139464032336750e+00 8.195887658999280845e+00
6.873773692716754091e+00 1.704824598188094065e+00 3.206595683635914629e+00
4.681286058542012185e+00 3.153411572664023055e+00 4.690438563860543475e+00
6.014043902072320869e+00 -5.575404463225552831e+00 -1.872147793773991875e+00
6.029548938217457632e+00 1.938255422717104270e+00 8.428799299381022792e+00
5.891473772942946496e+00 2.858921465682698670e+00 5.530375327167485366e+00
5.818885022048922551e+00 2.843771364708077787e+00 5.294245597941329429e+00
6.131607047430979840e+00 1.523633474051759640e+00 2.815831245755483714e+00
7.999079323758358839e+00 2.625825323794182875e+00 6.952947147174286968e+00
4.494365708461897313e+00 1.868124753274370997e+00 6.407162957776944445e+00
4.626426409401890538e+00 1.355557720557079238e+00 1.979959655482959491e+00
5.985488579634019146e+00 3.007409745730145634e+00 5.663696587165476970e+00
5.986772304133488376e+00 1.750725561041619027e+00 8.275575449755107726e+00
6.126256905120762930e+00 2.606081114865763659e+00 3.893705074101215136e+00
6.108048836415568950e+00 3.484611958033197787e+00 6.064223183810914186e+00
6.030324572077868872e+00 3.060810968593980164e+00 5.730591187658198749e+00
6.969962436879792556e+00 2.922824192279076527e+00 5.821387276717466364e+00
6.696523973032830312e+00 1.121408320907469669e+00 3.492551365467913893e+00
4.903524201508339786e+00 5.140418713631832448e-01 2.185703136915066125e+00
-7.748198917978595723e+00 1.166530262729639666e+01 1.853136344352393650e+01
5.935239019448055764e+00 2.823011552497241006e+00 5.394754348820526069e+00
7.992129287118284964e+00 2.220868560976789308e+00 6.649377132946760582e+00
8.732970713592285605e+00 1.525557204478791729e+00 3.261118916877929763e+00
1.978986950743794893e+01 -7.933668562768030341e+00 -8.651345434664202472e+00
1.077766258773678487e+01 -4.360013228321973910e-01 -3.196694377107348051e-01
6.506426911241000255e+00 1.916116933945746670e+00 8.176067760251768846e+00
-4.469314529357818344e+01 -4.322297379728177447e+01 -1.401053096591136615e+01
7.984411840131265592e+00 1.905700497517117009e+00 3.989904423663207300e+00
2.226984669133699857e+00 1.900190292306374040e+00 5.787490340599891425e+00
6.982103798227349500e+00 3.764794622099848276e+00 1.727063388890174078e+00
6.204055405795602773e+00 2.871429175375809884e+00 6.058277098096697344e+00
5.995266873331636326e+00 3.179664037441845448e+00 5.761720431452929780e+00
4.692491253607230739e+00 3.091968697428486124e+00 5.625807458253001769e+00
5.959638717029302590e+00 2.917552365905536682e+00 5.411942550105446337e+00
5.843398229406089328e+00 2.972548125483774673e+00 5.898275231918954198e+00
1.915586088761341621e+00 4.062590939823778058e+00 7.421233020893336807e+00
6.283214956905599280e+00 2.132166128796271654e+00 8.282449560755427598e+00
7.958409622431428687e+00 2.424853621766417167e+00 6.936449360546220966e+00
6.932589171618377399e+00 1.646052648597523760e+00 6.278864704755814152e+00
6.022561385488282681e+00 2.693149781766623452e+00 4.778673243640104040e+00
5.926549054025782581e+00 3.481006585449233359e+00 5.786591478617998163e+00
5.735444675434131945e+00 2.586989981777405134e+00 5.343066642530903465e+00
6.077567689697723807e+01 4.635290007356719855e+01 2.856531661961973967e+01
7.520190588234584084e+00 1.885550691429392689e+00 3.878055213986978167e+00
3.761924584628040691e+00 3.613936145667726585e+00 5.041893967959364176e+00
7.912774095103891625e+00 2.451156740112200527e+00 5.290987400680130293e+00
6.350322107831253504e+00 3.012443615915664452e+00 5.668304068082425040e+00
5.883585725640305242e+00 2.909043496873757295e+00 5.624413376486179672e+00
7.293104460845293957e+00 4.542987087883846087e+00 -4.607755305892162756e-01
6.874304337818173849e+00 3.757800667323562660e+00 6.632267170024545244e+00
7.852742948372089415e+00 2.530363423904994580e+00 7.010251431212806139e+00
5.828645510438043686e+00 2.659614472296092380e+00 5.707871902953217891e+00
6.192367430025405461e+00 2.776683801245668270e+00 5.727386185020945319e+00
1.019979568816620130e+01 2.726632353639548700e-01 1.009404726393806229e+01
7.176363888395243862e+00 4.937307369332089024e+00 8.131728654674409640e+00
5.161699031804698024e+00 2.160377280377468345e+00 3.105879143937304576e+00
4.524478079908948125e+00 1.335738244318549484e+00 6.869018444111814503e+00
1.136689651395006440e+00 4.816465814640416454e+00 1.256976060067086287e+00
5.961289393852752916e+00 2.693598870279185764e+00 7.678895234752830312e+00
5.951035677050844797e+00 2.579158423455667926e+00 4.039801106121473140e+00
6.198687739481867354e+00 1.771924523645589833e+00 2.715584074616451460e+00
6.402354453384765165e+00 3.548431492207122062e+00 6.282121180939792993e+00
7.003528877091443228e+00 3.907344410536462753e+00 6.535624762168075641e+00
7.726775831188627208e+00 1.700288742783479856e+00 2.571595639921205656e+00
8.305384681271164027e+00 2.016109232388229255e+00 4.281622754433733746e+00
5.865970011411798524e+00 2.712572282041474381e+00 5.671398204980297564e+00
8.174739989869136636e+00 -8.846708990674883033e-01 3.384556729982015622e+00
2.538787232896609680e+00 1.967189148521007569e+00 8.607317435731033584e+00
6.131079872282308330e+00 2.934716722234245623e+00 6.098499265213702003e+00
5.895587795962233812e+00 2.772569905466555795e+00 5.666417185738903406e+00
1.235188834049333018e+01 1.139822927988182855e+00 5.829328127870176957e+00
7.882112928431126875e+00 2.606243266792731994e+00 6.970397118628381961e+00
5.956162086398293809e+00 2.768537832612183447e+00 5.663884158657185530e+00
7.738475158730494741e+00 1.828567955261618083e+00 1.405231441576599405e+00
1.167333295117802594e+00 2.172080501579848555e+00 4.253155167182844920e+00
3.929653188427615795e+00 5.724078387439523574e+00 1.028291511136615988e+01
6.209699703671162752e+00 1.967062361713621144e+00 2.316646555243249139e+00
6.415421775189815712e+00 3.503911140585178607e+00 6.420519782123291108e+00
6.307674293209853289e+00 3.512659298445103495e+00 6.281257348151660480e+00
2.138863905656100073e+00 1.335235707071278144e+00 1.200074342248377235e+01
1.100248006376788190e+01 3.261684065788445164e+00 -4.590398078033702589e+00
6.334913268749010840e+00 2.122567068275136304e+00 4.079415088607446727e+00
7.219404175219564124e+00 3.412984140202467209e+00 6.765109412139340250e+00
6.985464911690192125e+00 3.832266241227143766e+00 6.712960416055842927e+00
7.801055316708422893e+00 2.641113129302634199e+00 7.060459731218513113e+00
6.477217313460598369e+00 2.837872699304989865e+00 5.426539195834868323e+00
5.539238856471015104e+00 2.976536199212113765e+00 3.839564641700998759e+00
8.045600950678156948e+00 -1.168541293973263340e+00 -2.768353772629055243e+00
5.874344616838224731e+00 2.804896275881042733e+00 5.488120630911815567e+00
6.610515178049187313e+00 3.487113511961517531e+00 6.018879664323689482e+00
6.286222847513370127e+00 3.449844265908187602e+00 5.993301051033501636e+00
6.437236240906447193e+00 3.545773661423380574e+00 6.260309356439021755e+00
6.753382329159689057e+00 4.543234160976952651e+00 6.407677020938590928e+00
6.563643899323658104e+00 4.921370954413911036e+00 7.153885716118177029e+00
7.805311684632838976e+00 2.452635205723252110e+00 5.287856358215678121e+00
6.587064299026652137e+00 2.184949873262278075e+00 4.940951849387326789e+00
5.778916297486409448e+00 2.795288255999456961e+00 3.976985732464614287e+00
4.888167366965332938e+00 3.979317403056170654e+00 5.160567769169500885e+00
7.081725944714461818e+00 2.944109927741529908e+00 1.973254206291635171e+00
7.560993919158642385e+00 2.072112417035068432e+00 2.091352160566846585e+00
6.391267815835750099e+00 2.944391843520740348e+00 5.596034937222716721e+00
5.597010875717342238e+00 2.914507174952336577e+00 4.025900725963429849e+00
5.813286483743159039e+00 2.534652692077017377e+00 5.691181191615477530e+00
6.497521162921554350e+00 2.925139895809501400e+00 5.437461402220363560e+00
7.005834904449507405e+00 3.562875363233970916e+00 6.118475822392024810e+00
1.818201907105406967e+00 2.822147870794196045e+00 5.187062972054723886e+00
6.308762689328128559e+00 2.944599047465314978e+00 5.256267099919037733e+00
5.807680174403870410e+00 2.909454224444923742e+00 4.074157732138352195e+00
4.328650715319766640e+00 2.045950692531804727e+00 6.451164049590018656e+00
5.240057056846262995e+00 3.728047373037613355e+00 6.014269331359249016e+00
5.316664406735555737e+00 8.501251047236596747e+00 7.047126710741149491e-01
1.104698098110876892e+01 1.584172804262713541e+01 -1.341020976763060091e+01
6.513695231350020265e+00 3.508712934549488516e+00 6.449458532736771943e+00
7.327286899591745950e+00 3.324807220895375170e+00 5.766096696848910241e+00
2.246160739890363800e+01 1.003640228056709560e+01 -3.070577882636825962e+01
-4.558126097149214573e+00 -5.520888383067472205e+00 4.735236234882032846e+01
6.577170639856558587e+00 -4.227161223985471672e+00 6.482932333402311897e+00
-2.236918464812908541e-02 -1.094481140085104975e+01 2.168838812307028263e+01
2.186498338582970291e+01 2.805876489257996553e+01 -2.948941094728611745e+01
7.632976826440586393e+00 3.067736298336481759e+00 7.080884678067425497e+00
7.571403841121128409e+00 2.957511270591219876e+00 5.658887923141983300e+00
6.058384000879667219e+00 3.148522582887896881e+00 5.845278148101741955e+00
2.102189368204268050e+01 -1.130040013174951952e+01 1.081357594334552097e+01
-1.027057617355173136e+01 1.621584073513851720e+01 -4.199200516121909033e+00
5.812404543009531466e+00 2.839420190769460284e+00 5.736108981254099959e+00
1.114050399174661443e+01 1.496453979708539883e+00 8.274314410769322947e+00
6.713787714338030455e+00 2.755101157080356522e+00 4.385832618353106227e+00
6.666972966919738397e+00 4.695031915304180181e+00 7.040951697706498535e+00
6.266333003595491391e+00 4.762508190361252502e+00 7.472806331873764307e+00
2.578428507658018010e+00 3.478729891174543010e+00 6.308558775202634195e+00
6.212156452459467459e+00 2.477596738993461667e+00 4.045510266086926876e+00
5.883781024952203786e+00 2.717755894679936723e+00 5.037518498997878069e+00
6.062604449935710349e+00 2.922959931548493095e+00 3.245638884308488681e+00
-1.092480278502932833e+00 -1.334781567974460970e+01 6.795632482976812661e+00
-4.341513345171384763e+00 -2.338676055368703288e+01 3.637562281865921676e+01
1.558792675238258374e+00 2.811640601306605980e+00 5.367035829199013897e+00
1.978690543058021722e+00 2.911671462951243239e+00 5.056910733886427423e+00
5.803257628690251302e+00 2.605779665059713146e+00 1.696068112032404596e+00
2.482783170241808612e+00 5.659569997420987875e+00 4.143684827497256862e+00
6.789625210475938033e+00 3.811415428117584270e+00 6.560050999836580132e+00
2.210029364782525096e+00 3.005535599532319413e+00 5.149762294399835127e+00
6.611209763275828877e+00 3.409133907872178071e+00 6.495929382525395646e+00
1.546858505707790243e+01 1.973324339109388958e+01 5.331128078783843094e+00
-2.114440603546563935e+00 -3.923064168748511271e+00 -4.784502112838673327e+00
6.445100188116998474e+00 3.363036020922975489e+00 6.262658392931296447e+00
6.556323792003844630e+00 3.533454165617807341e+00 6.525295197014194137e+00
5.236987981929740243e+00 2.582183713678095405e+00 3.751400166654080603e+00
5.600281881735668321e+00 2.866772596867379175e+00 5.574723046593071274e+00
7.221316167667092500e+00 5.194975494810496031e+00 7.013464181360758332e+00
6.274169897087348957e+00 3.430485977781801754e+00 6.019776488301221917e+00
6.498667949496121921e+00 4.287061991640449321e+00 6.849746416854684661e+00
6.945620754000078279e+00 3.161691706521031264e+00 6.156923253870029811e+00
6.340795451815797179e+00 5.371244420690754140e+00 7.002410050208540682e+00
7.396123573788591088e+00 3.333999671875331750e+00 5.921713586773371674e+00
7.391960872323906528e+00 3.429749302381703835e+00 5.676267552461084165e+00
1.634266755871812471e+00 3.326458001982534274e+00 6.530980943341853973e+00
5.209647050344591079e+00 -1.986667267805688475e+00 3.475475232443428375e+00
6.497096511733790436e+00 3.054097587193101759e+00 2.408795192697277709e+00
6.803016058530932497e+00 3.611449323785111520e+00 6.197882926253500457e+00
-3.146754750138685441e+00 4.918325167912572127e+00 8.283159302879172792e-01
3.324592980198437964e+00 4.223155369103737122e+00 5.138403328584632668e+00
2.436651759221736935e+00 2.854228078718156869e+00 3.043957880117061698e+00
5.132501962533510209e+00 3.199429155269424285e+00 3.714852197330062999e+00
6.108139325809879949e+00 3.366757270339411079e+00 5.705877910992181334e+00
6.228244609489948402e+00 2.853409070801827596e+00 3.348445125147129442e+00
5.999695008931291262e+00 1.151248140989352464e+00 7.538691236651774652e+00
7.248890398731859364e+00 9.303340573564337745e+00 1.001320917789626819e+01
1.725608956551692108e+00 2.705861707649653169e+00 7.393636332756479135e+00
3.528174802487607842e+00 3.191960070662450022e+00 4.411422152290965570e+00
5.022792139694329805e+00 3.057190898203792528e+00 3.895777308266444194e+00
6.084374848893372878e+00 3.228721819115167424e+00 5.870353570852929082e+00
7.148393495379051998e+00 4.584203887905154318e+00 7.789268061647310226e+00
6.999542779820143501e+00 4.814716537178667544e+00 7.410427293683523153e+00
7.433740143733908567e+00 2.474946577595134478e+00 6.563080643276562043e+00
5.949194527584726444e+00 3.276205921104029528e+00 5.648512646398412329e+00
6.333288611158359060e+00 3.573934285986446469e+00 6.296710373076919609e+00
7.093515107823154864e+00 5.112865185251316724e+00 7.937348047067946943e+00
6.477653142548136955e+00 4.235895914548069463e+00 6.900331403835883393e+00
6.454936184550774669e+00 5.309388806007624417e+00 6.897950752829968835e+00
5.850167235747807837e+00 3.252348211004034262e+00 5.918065966307543668e+00
-1.760762905943447976e+00 -8.760690723744735120e-01 3.799327732477725927e+00
6.591763179725322885e+00 8.426049941193740622e+00 7.993468194858939668e+00
7.400092947899947760e+00 4.966641476276684841e+00 7.486594282068692152e+00
6.585415250869935733e+00 3.078991854582687537e+00 2.408624827950494485e+00
7.297685891740600006e+00 4.808481831668345308e+00 7.195068111141027956e+00
6.921150751767726206e+00 4.042222385387635342e+00 7.218360969970879282e+00
1.624305969210444012e+00 3.010536450101992223e+00 7.931319252254904750e-01
1.358098774314988511e+01 7.033752256676595316e+00 2.874365090996758632e+00
6.754219811246874983e+00 4.996315536451789718e+00 7.376214510898082111e+00
7.395452357640227348e+00 4.256682570840903068e+00 7.629357352218031352e+00
6.730424359922073663e+00 4.688540518122875866e+00 7.034561717709538087e+00
7.115387741772122965e+00 3.634331117189399052e+00 6.048552510367468216e+00
1.737219850214003269e+00 3.082175941037925249e+00 5.047059203428480245e+00
2.749312867522906156e+00 3.599868099484329065e+00 6.382471786549294812e+00
4.825784123921888380e+00 3.365529483833761049e+00 4.588133078844720103e+00
5.723648882696921625e+00 3.174443100609094959e+00 5.955649629826725189e+00
7.827451834432675781e+00 2.282644242223045961e+00 5.203107812279927025e+00
6.440858102715857569e+00 3.657725508926851887e+00 5.840386511002453318e+00
6.427355210540106611e+00 4.490535408622776004e+00 6.751241838645447579e+00
-8.069626330880060650e+00 9.446740705863607701e+00 7.264812189136207188e+00
4.747531053187779015e+00 3.658709576692061205e+00 6.137896530781658200e+00
6.185626880879251388e+00 3.246416937013075987e+00 5.389836016984688172e+00
3.581577923696608323e+00 4.235844375192161060e+00 2.286288031784417196e+00
3.092129284079003781e+00 4.741667073929939136e+00 3.185263821296262954e+00
6.435776628811366251e+00 2.137904506001899185e-01 6.284207694304377867e+00
8.337372198574765747e+00 7.159478421257616354e+00 5.092176610359606670e+00
2.390254292216886789e+00 3.482506170510247578e+00 6.045787725948540192e+00
6.079577475547031540e+00 3.239201554776915959e+00 5.656241712242598751e+00
5.493393832645868002e+00 3.521126587404702857e+00 4.264463916971116930e+00
6.732779477536960933e+00 4.068702217469539306e+00 6.377065667188876574e+00
6.708256368821285065e+00 4.020967621340655995e+00 6.839534990098892209e+00
8.131088865983214120e+00 5.653279865554534211e+00 7.381419280132048399e+00
6.482232593133987031e+00 4.272594088275508462e+00 6.715529885201345195e+00
5.723289362605997965e+00 4.066600976476722806e+00 6.894041263243402717e+00
1.058304999421960702e+01 2.271525246871929582e+00 9.322089428556399326e+00
6.670914836403628811e+00 4.229748883803297943e+00 6.428221556412601956e+00
6.265267182055325179e+00 5.495566827803065379e+00 6.848373699458679909e+00
7.905040210069454787e+00 3.469699396772506272e+00 1.671892551826014817e+00
1.749080686374521187e+00 3.544668437713268894e+00 6.419710678265944992e+00
4.973852991790090883e+00 3.540047745449188099e+00 5.049988930861971426e+00
9.216228886826165478e+00 4.168281984283394692e+00 4.966033788383320768e+00
6.326083025783055813e-01 2.260674461468135554e+00 2.815730482709668525e+00
5.803510877141540014e+00 3.811880971245324545e+00 5.310330772514657127e+00
1.451314869558580156e+01 5.736149335302949126e+00 3.694045321872927445e+00
5.953714080849350054e+00 4.383353963709991419e+00 6.722895769137590349e+00
5.687487098394809593e+00 4.985792515369452005e+00 6.380108362615860784e+00
7.842950698550289701e+00 3.373304781955519971e+00 4.994493115720803900e+00
2.177288759599663592e+01 1.030480217543714261e+01 -1.340528468783136518e+01
-4.698422294874374572e+00 -3.739285809059859744e+00 2.401459224230845280e+01
1.790479287948132381e+00 3.343975542652732891e+00 6.692198369957848669e+00
2.662832448438714916e+00 3.534163334605498363e+00 6.307376214836768469e+00
3.519426834576617757e+00 3.753641900953260446e+00 6.102285516181698455e+00
5.970755239768420708e+00 3.986056892753199410e+00 5.280339606815535269e+00
6.621209761118271864e+00 4.530895322183051022e+00 7.055639456110193386e+00
6.392561316015400230e+00 4.622440072221137619e+00 6.957179968817314375e+00
6.798041915301633153e+00 4.276305472194090740e+00 5.511692849998041766e+00
6.647393865031862248e+00 4.567897096800901835e+00 6.528612946969129638e+00
6.254451428121837964e+00 4.777240406601108269e+00 8.470217633413888336e+00
5.089765446697779083e+00 4.226096143608003786e+00 8.242132814526765827e+00
5.917467352397054015e+00 5.005977744581382893e+00 6.573040362057634312e+00
1.260960857613677533e+01 -1.777815577634024979e+00 3.416907449545822040e+00
5.727023156375594226e+00 3.548291224550598422e+00 2.699805115207017270e+00
6.736810294154556900e+00 4.049670421451897262e+00 6.365123048866911049e+00
7.561954787855626137e+00 3.439120077161690769e+00 6.219032499495069644e+00
6.179673166398609752e+00 3.720022723857601132e+00 3.951742394101677380e+00
6.393637220034376512e+00 4.869052329224541786e+00 7.045016903133504371e+00
6.356286198622271399e+00 3.919541968374505636e+00 6.062531635504617711e+00
6.373889384006963255e+00 4.628863243009748274e+00 7.171352411140386351e+00
6.353369492271718322e+00 4.701240934859409748e+00 6.635041156007911667e+00
6.942905059713513793e+00 4.243868990445475831e+00 6.621035225909827737e+00
7.138497380612342624e+00 4.383263413647636497e+00 6.503659901330451021e+00
6.836289541954068127e+00 5.176077319580311809e+00 7.518962088913188069e+00
-1.366381626923067749e+01 1.977642963531953058e+01 -6.902874422990387870e+01
5.889356874572355238e+00 4.038980929018703314e+00 5.184836433795481980e+00
6.460108115387569683e+00 4.526312079978165315e+00 7.094305909095174556e+00
6.277226028595052298e+00 4.636590065886476708e+00 6.898553081609824389e+00
6.664368483464258475e+00 5.430506706620007229e+00 7.480874654790483191e+00
6.994295255576345127e+00 4.816040874498927593e+00 7.220612244815661995e+00
1.068752952840755555e+01 1.802065468981823404e+00 -4.617330512950942101e+00
7.244956871021880573e+00 3.191687481076858734e+00 5.897514672026788141e+00
5.811293872120931070e+00 4.856839029672436858e+00 6.315763765184392753e+00
2.381403601883291365e+00 5.842415269512470921e+00 9.258324467460740337e+00
2.867207644040932202e+00 3.095533947774802286e+00 8.927101055907940008e+00
9.093624017117763358e+00 8.350936003571895583e+00 4.630118117176766468e+00
6.670723399594866265e+00 4.141939489447433509e+00 6.480601208988410633e+00
6.623562691055324692e+00 4.491849094596318537e+00 5.394220607264987422e+00
4.657015773059539399e+00 4.937944796660639568e+00 1.526610122535126379e+01
5.778473782777375334e+00 4.956776246860875368e+00 6.475351925988992008e+00
6.561491346192728003e+00 4.028858541184537678e+00 6.821343871348608090e+00
2.592042061486017790e+00 3.387036203403638090e+00 5.306229714740170245e+00
1.767625944004101513e+01 -1.262884650143344345e+01 7.800723844529584028e+01
3.352171942360810508e+00 3.803452855365976770e+00 5.501799473167285903e+00
5.820966461016638505e+00 3.435065331316002002e+00 3.826893153395373837e+00
9.345754928476575074e-01 -4.788197504428998386e+00 3.286420418241997599e+00
6.765455441658883018e+00 4.227819290303791888e+00 6.858292531661367875e+00
1.367458113000266096e+01 1.406269892822503920e+00 4.925831127433005108e+00
1.175114776442556952e+01 -1.003116973747457585e+01 -7.262863112425661072e+00
1.961159663252861618e+00 3.707145514973118061e+00 2.825522972522172882e+00
-3.046461656658887573e-01 6.173532870884205437e+00 8.792362124153006775e+00
6.360075830381655138e+00 1.265398008443717082e+00 2.838305396346032516e+00
5.827389249054415465e+00 3.829899652495854845e+00 4.992689181231432016e+00
6.557087595276233749e+00 4.029776074360760241e+00 6.272442707767151404e+00
5.991515683282556459e+00 4.368334893608091463e+00 5.685190554896533577e+00
6.651535555055772875e+00 5.072428583357569742e+00 7.483947719781127716e+00
3.206839659397989095e+00 -5.873840671341137298e-01 2.875877089491813976e+00
1.339051960730008162e+01 1.747036503868610424e+01 6.856199033099629858e+00
6.678152720314594504e+00 5.123964896583593998e+00 7.420096461864781112e+00
6.412689453145516083e+00 4.083725837085031785e+00 6.563795706194300195e+00
6.494436834939811831e+00 4.744869003028059140e+00 7.128316659350653950e+00
6.661107738725362992e+00 4.325931179588700104e+00 6.164862758479886296e+00
7.124715328942706982e+00 4.281462347403055979e+00 6.636702100235385871e+00
5.690586710005681503e+00 3.872370934245497498e+00 4.975759443068092480e+00
7.024742531112988075e+00 4.333833478523937188e+00 7.879349506373745982e+00
6.778222143593744420e+00 4.184418943693434478e+00 7.076321813323048104e+00
-8.328811365834782876e+00 1.761582071815660200e+01 1.769035023044973087e+01
1.638525870156947617e+00 3.797870473296953264e+00 4.186221848483311803e+00
3.118850229309093169e+00 3.934480053839557456e+00 6.260228353803817924e+00
6.009767863908220598e+00 3.966803193048678899e+00 5.101965628455470636e+00
5.536823151063418713e+00 3.653138024016397090e+00 3.897128456688499831e+00
1.110680538046277199e+01 4.542645737843487908e+00 2.342579887041867259e+00
1.032727882783407480e+01 1.256096099023658752e+01 6.059754720629944913e+00
6.118331272678672050e-01 -9.660870317168679833e+00 6.843059085173218037e+00
6.661415632392222896e+00 4.055601564823790639e+00 5.789595836617495550e+00
7.012054416158107095e+00 4.720522808090065858e+00 1.897153000694318470e+00
6.852388395989716940e+00 4.655241737823308412e+00 2.584932081379969659e+00
6.919443625610712800e+00 4.984503240191441087e+00 6.411905162306340777e+00
7.334530648623875493e+00 6.342515135209361610e+00 2.026915786207369230e+00
7.117095564542074371e+00 3.292950452137978878e+00 5.946173329849419709e+00
2.426090978709891210e+00 3.829028300966968779e+00 6.641146511254691021e+00
5.581832538700983726e+00 -7.355085627589572184e+00 -1.881108159877239894e+00
6.748164125989671192e+00 5.239724237877638302e+00 7.144970623609279592e+00
2.768188279776297556e+00 1.129805062819048800e+01 5.172379367175469866e+00
6.405008770788587213e+00 1.595933461711697809e+00 1.177299874750294251e+01
3.343280135014827792e+00 7.905421117212259929e+00 2.922363722970511724e+00
6.797380082109736321e+00 4.028730897012783529e+00 6.635612120458093344e+00
-1.473038517399834602e+00 1.553853053866046352e+01 1.521724009496839791e+01
2.790981322689443989e+00 3.909030896952264911e+00 3.333155543341950189e+00
1.818916219467542894e-01 3.545838639969720596e+00 6.772058528617467488e+00
4.474625352281712765e+00 6.513811621513859507e+00 9.544558848193945622e+00
5.767824063525504030e+00 4.095011737418085218e+00 5.462171923273198004e+00
7.215493591420921504e+00 4.438721222386218024e+00 7.112263522935085014e+00
1.139788528231312981e+01 -3.207443269270341180e+00 1.120442578967017688e+01
6.696677842409909154e+00 4.210963459109007268e+00 6.762935284832710892e+00
6.959708708664519961e+00 4.874595362071339366e+00 6.644535382348090380e+00
6.764328849232022378e+00 4.151808179664486786e+00 6.806188387007397367e+00
2.177874616600625757e+00 4.138721963161660966e+00 6.776719737909286501e+00
6.004593620129669240e+00 4.370656217824254064e+00 6.003841751951755512e+00
7.742488684595068449e+00 2.498693358497408035e+00 2.013689669930211146e+00
6.449438923748846975e+00 4.448212036863194108e+00 7.020688237715077662e+00
6.973581273418018256e+00 3.550821085087207507e+00 6.763414543120894962e+00
1.220862429209602595e+01 8.582933461579171919e-01 1.291613984374437329e+01
6.373796425001076571e+00 4.747928474587071790e+00 6.932752373562772519e+00
5.855900038713439670e+00 4.328195545554907042e+00 2.594537726349100293e+00
1.159838740911311383e+01 1.098456666223026801e+01 6.230724514889864452e+00
6.894369478861441358e+00 4.920913077379891476e+00 2.511431506438692285e+00
6.696323855782889467e+00 4.738548311184213269e+00 1.103722222359383487e+01
7.387969709352443459e+00 4.065584289090084624e+00 4.097931881920249708e+00
6.892444788350504226e+00 4.604716914834884101e+00 2.779656901440254568e+00
6.903678306226378680e+00 4.523309084532552760e+00 7.239590722695941949e+00
7.421224665928507491e+00 4.769846154595350107e+00 1.739029092250870434e+00
7.445536053834464596e+00 4.512011503506924370e+00 6.880061808643050725e+00
7.003924277080075811e+00 3.959876168363546611e+00 6.755252718926742617e+00
6.656480319385240207e+00 4.416352481279805176e+00 6.297469195089416161e+00
4.218164526028663985e+00 4.968789035413514910e+00 7.154984387087511166e+00
5.842376504825698369e+00 3.714473929059873392e+00 4.809427244456392359e+00
6.314504104368635851e+00 4.664547485355443612e+00 5.992428265459274428e+00
4.657679443432409805e+00 4.693110502681067331e+00 3.639125578403001882e+00
5.937764107615994824e+00 4.193993633472201665e+00 5.751815017545004238e+00
8.205267092863273604e+00 3.430977605277483633e+00 8.484071021449116401e+00
6.108692656344562266e+00 6.322896359265156363e+00 6.060520798560006916e+00
6.901182261304096954e+00 4.898846833252016530e+00 2.328212661527124361e+00
5.469180339581655836e+00 3.530730760165728732e+00 1.366663717278900947e+01
2.680362055721916192e+01 6.592710668821601949e-01 1.408299998368803863e+01
6.410772286064091219e+00 4.281911030153914943e+00 6.282738901418165156e+00
6.453166791842315675e+00 4.494402515852963909e+00 6.013942815429921041e+00
5.321805966568408763e+00 4.401774252810955801e+00 4.380525602648315697e+00
7.719049894668942535e+00 4.903365461101798495e+00 7.717484392487934386e+00
6.244516919432259172e+00 4.131516045457579445e+00 4.333458081773695625e+00
8.598184286800581333e+00 5.363084987001142778e+00 1.143474397548441157e+00
3.066345086007229881e+00 -2.423464039497676747e+00 7.813799450892645382e+00
6.520111344620694638e+00 4.485739451839719116e+00 3.340749181339038199e+00
6.332197452969392515e+00 4.806467895596419737e+00 6.591147993530782401e+00
5.966020225897796792e+00 3.633844085723713313e+00 5.045131384259951446e+00
6.357119608802291211e+00 4.475384022759130609e+00 5.941980830905277067e+00
6.135883337449920205e+00 4.289155842785772776e+00 5.970084600111903228e+00
5.709219892188476919e+00 3.679157149309014940e+00 4.980743147630855461e+00
6.932118292792567082e+00 4.522961776916595511e+00 7.228778519874657249e+00
6.635675067694908336e+00 4.478171468619524198e+00 7.183955894442451751e+00
6.780470192046870181e+00 4.384421845291840647e+00 3.189968728271387555e+00
7.119117282333661478e+00 4.562237029672338018e+00 6.598639140122273261e+00
1.776825529167367357e+00 4.508638634999224237e+00 7.511583186101457699e+00
2.302408497147856004e+00 4.268162374080653798e+00 6.803295328424484367e+00
3.554725488241829545e+00 7.413008789144384103e+00 1.030791510875160810e+01
6.870342640037579329e+00 4.306848981871552517e+00 6.797271011917966455e+00
2.178923281656174105e+00 7.238567478996794868e+00 8.449925705117045993e+00
1.097630429264444274e+01 2.243362613876477951e+00 5.763329456547492846e+00
-1.208575433294115165e+01 6.717056174673983193e+00 -2.914724650263396999e+00
1.107023659628879564e+01 4.542486399409015441e+00 -2.927127694735946140e+00
-8.105097216017628226e-01 8.340659342589816561e+00 1.654757160756968304e+01
7.048568766379323947e+00 4.412413148991708667e+00 6.844805652022644793e+00
1.080500433056103837e+01 1.895577468504595942e+01 6.064433133393359654e+00
5.744612601752664638e+00 4.551998619795351253e+00 2.286994482570427145e+00
1.000390269476528360e+01 2.725611801790561728e+00 3.693576166232565683e+00
7.219422505493787057e+00 3.890484252497310891e+00 7.264786738512389874e+00
5.727993118912629633e+00 4.226813143767529368e+00 5.717652693253911345e+00
7.113744505922636741e+00 3.920062140280818674e+00 7.467908308869375844e+00
6.950333045055103298e+00 4.309119594162406308e+00 7.122624412305237129e+00
4.252169098308252515e+00 4.644960557891454123e+00 6.134667996716960836e+00
1.637715061513503656e+01 4.081491379158702637e-01 -3.610676385542478162e+00
6.225181425237293453e+00 3.376041814760861293e+00 7.335950870373805444e+00
5.697766693380437175e+00 4.144238099834493205e+00 7.005033073442307412e+00
2.399657132812337501e+00 4.681070163246665139e+00 5.376825273807192218e+00
6.480245934258994644e+00 4.351277946809510411e+00 6.395808461948492507e+00
5.165321537885288805e+00 -1.010837721761474572e+00 2.371771275415926539e+01
6.690447789862115968e+00 4.806128268747916543e+00 2.235751135532467515e+00
6.313955320344886601e+00 4.288744824607181982e+00 6.302729356055627008e+00
-4.360881202312322458e+00 -9.789390757970860335e+00 7.713225002804795061e+00
5.339865715504561017e+00 4.183394598914598639e+00 4.844649982414285461e+00
5.906465263953815992e+00 4.631688793636555168e+00 6.109446975476922503e+00
6.737460759648895348e+00 4.457731963523258401e+00 6.564713460786942179e+00
6.787652280677898275e+00 4.722360692393055892e+00 3.039659179716903470e+00
6.065176205877135018e+00 3.704565281814575783e+00 7.334717946009723377e+00
4.237877848701331551e+00 5.057297813919326757e+00 7.140328417705937625e+00
6.907839282586419216e+00 4.416763646993604020e+00 6.318433466957101174e+00
6.440806285246440943e+00 3.554409277051163052e+00 5.979300977261964078e+00
6.819766619594361146e+00 4.289530390853288466e+00 6.497858289875127369e+00
6.656482306487776057e+00 4.586129658525351260e+00 3.896588607988969333e+00
8.277791139342689064e+00 9.218005795971485838e+00 -8.316236152381026869e+00
6.611029957465536455e+00 4.186872414045669011e+00 6.916511658774437521e+00
7.890553797823217863e+00 4.784812195634899901e+00 1.556614706992687225e+00
6.496557809820579621e+00 5.514889536778747825e+00 6.370290459107720515e+00
5.740287310805669563e+00 4.273966653389297043e+00 6.728221939913765937e+00
6.554095220173859815e+00 4.611369384413780637e+00 6.681343230956955814e+00
7.118347742599763883e+00 3.402289830990951280e+00 6.453607171359804440e+00
6.641989806916262395e+00 5.468782794225943711e+00 1.907395392669766654e+00
6.449090895003108947e+00 5.570789225913383547e+00 1.557430771428645500e+00
6.664843519713556930e+00 3.773143674459104702e+00 7.212111551113449259e+00
6.874706566780119488e+00 4.233562973369732418e+00 6.699372202011749877e+00
6.686284467224391292e+00 4.828749107044044031e+00 5.166785864037221288e+00
6.432585991586106999e+00 4.549881086708489342e+00 6.188800678093333119e+00
6.621474134003086931e+00 4.609202560379490166e+00 6.513744083909016602e+00
3.583682779240680016e+00 5.102665172187923481e+00 7.373968456172194763e+00
6.362221965119061906e+00 4.519404307940539489e+00 6.309537594546329231e+00
5.736976965362860170e+00 8.202522474722101720e+00 7.422298294345678116e+00
7.031282790700515761e+00 4.843587066036735500e+00 6.703455229440454133e+00
6.685663559792817345e+00 3.420329137648427498e+00 6.510175948058684270e+00
4.043257576964990996e+00 3.691722561876396469e+00 5.353527789067056730e+00
6.849493404420059939e+00 4.101819434120538510e+00 6.569999182300065854e+00
6.712975482253974668e+00 3.285292752021724105e+00 6.895113361624419568e+00
6.327729443812483368e+00 4.748294787481275314e+00 6.277315877218818230e+00
6.607268831715485291e+00 4.423642726885836041e+00 7.528316477029560971e+00
6.978843945286113737e+00 5.154092967133523828e+00 2.019504130619115490e+00
6.886926279562290532e+00 3.335689293203474293e+00 6.520336408575584386e+00
6.324986548071569459e+00 3.421486887443246694e+00 6.713440647629740354e+00
2.752963699325060354e+00 4.699096381613008688e+00 4.688790406405447975e+00
3.905314399467525455e+00 5.308217076609301976e+00 7.708434244395535373e+00
6.488626140927359565e+00 4.535827807673974199e+00 6.059284611241116281e+00
6.025112836109132175e+00 5.167723147224441149e+00 1.782240489395504612e+00
6.848375243267511792e+00 3.831549528196270593e+00 6.807010528164570751e+00
9.273509248197543409e-01 5.402611058541941347e+00 6.443013999113691881e+00
3.546841289792645568e+00 5.395397600820022177e+00 6.707429822076511172e+00
6.196950504392378711e+00 4.382518767533136739e+00 5.926858078902285776e+00
6.652105867338379497e+00 4.575541438371884873e+00 6.704885545454250639e+00
5.940669519037936830e+00 4.506612190361526160e+00 5.025307884440066708e+00
7.199538857978823536e+00 4.216180185258486368e+00 7.185926461035089474e+00
7.083102157828127687e+00 3.815882113233203476e+00 6.182340825290788544e+00
6.680726798672894873e+00 3.966394047621037977e+00 6.146915120893969409e+00
6.863831341578784162e+00 4.234761180616335885e+00 6.503362749244043783e+00
1.083994151753377722e+01 -1.200936017969880476e+00 -1.720896333272560752e-01
6.940397791005366024e+00 4.025385285164469806e+00 7.262924670043897635e+00
5.903766682411379030e+00 5.887076907726648933e+00 6.989905113761944122e+00
6.081202229642920010e+00 1.330054892253181187e+00 4.891226827584313597e+00
6.585874780043155852e+00 5.280858563400338213e+00 6.832674418409764527e+00
9.568148452704935636e+00 6.302233890440073871e+00 -1.848460963193507001e-01
6.570466812934800060e+00 4.474250463640672137e+00 6.124400477042460267e+00
6.425272716593482869e+00 5.334386207530737778e+00 5.845911566409899507e+00
7.143832725932108829e+00 5.404951395933103697e+00 2.778371967911966944e+00
7.316067255790182244e+00 3.291564639028272232e+00 6.413725419528798710e+00
6.322302082131926682e+00 4.723067079770416399e+00 6.003393217602710052e+00
1.783020584345472770e+01 -1.755867627456972002e+01 -1.800354411453518821e+01
-4.775752316212715343e+00 2.788073816169192654e+01 3.268596151944240802e+01
7.270803148069626687e+00 3.414312554709097114e+00 6.760619853626925746e+00
6.827666730786257077e+00 4.182162956846623203e+00 6.524476997756939234e+00
7.001087156044103033e+00 4.144419048287751650e+00 7.244001244674402429e+00
-3.100105509396933456e+01 1.867384390485359447e+01 -3.167748770864770691e+00
6.525414638569768222e+00 4.288150854944933421e+00 6.584514450208851954e+00
3.655286453887350184e+00 1.164249668032476848e+01 3.702500237689133833e+00
6.216739055172159745e+00 6.678924128582844233e+00 7.212022817889097048e+00
6.287214256584686467e+00 6.780883600946435052e+00 7.117024946354916892e+00
6.383946924953599833e+00 4.905102845401827949e+00 5.708529324639259883e+00
6.857484090847849600e+00 4.336363843154395603e+00 6.863641044043319539e+00
6.067636756516100682e+00 5.997558850820117193e+00 7.310734014844019413e+00
6.614527738181779526e+00 4.810254615473139594e+00 6.121776887914962550e+00
6.839715693202490954e+00 4.299848025201162827e+00 7.067555105267119941e+00
6.948736907952882902e+00 3.819237209214714213e+00 7.264796595894610576e+00
7.678947775461260505e+00 5.406209551420879222e+00 2.213943124492454118e+00
4.497101425573806210e+01 -8.085438299037431165e+00 6.386677991068340887e+00
7.173920357377962631e+00 5.214328302215397670e+00 7.887277867784338703e+00
7.662509865900749340e+00 3.597462040692254170e+00 7.346757272163436880e+00
7.136104865121559726e+00 4.131149511998487789e+00 6.332506186217374378e+00
6.446025626762086347e+00 3.214788361459149257e+00 6.358563997257778766e+00
6.612313832327970431e+00 4.144878913193408287e+00 6.776836015045136108e+00
2.134274765029830156e+00 5.112815595538034330e+00 5.857872766393557029e+00
4.402401810805271154e+00 5.179340913639705946e+00 7.228337641055644802e+00
5.910353922939402871e+00 7.223267075395438219e+00 6.851071125516577709e+00
6.013681181859025671e+00 4.992914952181301658e+00 5.675262911922038356e+00
6.177538515778498329e+00 2.837050146417650076e+00 6.386657511961435496e+00
6.810943292404774141e+00 5.216474066073549132e+00 2.158250181455559247e+00
6.594323431485268117e+00 5.632414660372389470e+00 2.153998952297093261e+00
2.158266735590721463e+00 5.439186236914604677e+00 6.478918372174694795e+00
5.856674794682175111e+00 5.044277901096429595e+00 4.207456060939118281e+00
6.068676474342463933e+00 6.410494428001447531e+00 6.621061124426535827e+00
6.726621973079721428e+00 5.914788204874914967e+00 7.543586282445039259e+00
9.221655697040989708e+01 -6.091421579028374822e+01 8.265028262032883788e+01
6.812667962073073014e+00 6.311734839757866311e+00 9.489309234323043185e+00
6.673464075675624940e+00 4.878975815139743766e+00 2.593491863632366723e+00
6.458685284820610661e+00 5.174098252178801260e+00 1.707279462223921573e+00
6.866259351365986419e+00 4.278869743252895042e+00 6.836921075695627792e+00
4.960282091081968048e+00 5.811027079634984993e+00 7.174229020472562723e+00
5.537116210179699571e+00 5.467109993884198715e+00 6.460362261504386083e+00
6.488560690873240944e+00 4.868048996036902665e+00 6.994630800000091853e+00
-7.852622724589873826e+01 7.262622505867743428e+01 -8.055179778992851425e+01
7.942726742675134233e+00 3.602382758992913381e+00 6.036380478336740296e+00
7.165847280805364150e+00 6.596834660375228587e+00 4.166714761068558204e+00
6.614969971438975804e+00 5.347680757166511256e+00 2.176091054878988906e+00
6.072370965579821700e+00 5.972924507254640858e+00 5.657057006956266676e+00
-6.791478985724577200e+00 1.931169779626964100e+01 5.752982034636509923e+00
5.958079179694847127e+00 3.904162497504626295e+00 7.683953820407577240e+00
3.955993210016687023e+00 5.308897089241751743e+00 6.961526375537877342e+00
6.423822010003432226e+00 4.094879740210911834e+00 6.400688081781805039e+00
6.161183442507605967e+00 5.893381779601888582e+00 6.279342723135844295e+00
6.464798493952497616e+00 5.708221657163313978e+00 6.214697870539618307e+00
6.206007932789714410e+00 5.970413229453525261e+00 6.142629940658707710e+00
7.921458252615114048e+00 5.526503519398978881e+00 1.627169253504857416e+00
1.830413870590841086e+01 -7.290406200179067930e+00 1.015739585787598109e+01
6.658071738931480965e+00 6.163513636582724331e+00 1.944366560993251447e+00
6.788757651824773198e+00 4.503973151661341490e+00 6.915327246279292517e+00
6.709616950589617268e+00 5.103633376263018384e+00 2.064720372615414856e+00
6.551481719944238336e+00 7.556157732405739402e+00 8.293749413566464668e-01
1.073370788281427934e+01 1.001312954880010508e+01 -3.053353117373971415e-01
6.054810933913520543e+00 5.685027841171773844e+00 6.111163862703284266e+00
6.714375945596257722e+00 2.833334952981629407e+00 7.573473920242450141e+00
5.307674086071651587e+00 4.198797525002155417e+00 5.987043044600278918e+00
1.928439565642864117e+00 5.624291524806750431e+00 6.521871139908457238e+00
4.131728728095468206e+00 5.976579009003948784e+00 8.005488264612052873e+00
6.244940105216337578e+00 5.996617602497677169e+00 7.045906996184273297e+00
7.227913609313475263e+00 8.290339661682267547e+00 8.997124013205205273e+00
2.304982718259008578e+00 1.029057344450432510e+00 3.725388610820780766e+00
6.188467966699224831e+00 5.611118912045646390e+00 6.067724219695824317e+00
7.928101783715821860e+00 7.910671105761889699e+00 4.237973709289306612e+00
6.005811332191931307e+00 6.322684682077516882e+00 5.657425368724469550e+00
6.975468994494319119e+00 5.556826639433960935e+00 4.286506824252809267e+00
3.057048894148851836e+00 3.569455601307770287e+00 1.074048337432657263e+01
6.502632149305028975e+00 3.261126981700666505e+00 3.743763059128875081e+00
4.881727012196510174e+00 6.078783607536625055e+00 7.934671293713697615e+00
8.660965984111008709e+00 1.444070621784869246e+01 7.532524362579778199e+00
5.731401991607638635e+00 3.468657861953939658e+00 4.812302193645848547e+00
5.917146691690328808e+00 5.364640035304957699e+00 6.841257687903890883e+00
6.598063249497516658e+00 5.119174451676264503e+00 2.223155274310588680e+00
6.066169470795290231e+00 5.664712067783196581e+00 5.567600604104992357e+00
1.107050563233503038e+00 6.243181949383611595e+00 7.553123000355028704e-01
7.103277776389918863e+00 5.593090078490121186e+00 6.115683104874876541e+00
8.599850124794571116e+00 5.523932172246441397e+00 3.326704937901648229e+00
6.359203473270826024e+00 4.365559368592400347e+00 6.732355612321102356e+00
6.264171072942049889e+00 4.282157262632642514e+00 6.942503462664991076e+00
7.785798081306287699e+00 6.016636923166527318e+00 2.665656403610153546e+00
6.270583128072468426e+00 6.819817075095516934e+00 2.003886265486359619e+00
5.622544931440426552e+00 6.340490128848732532e+00 7.030339512488023246e+00
5.789797056735369374e+00 5.466196131721280160e+00 6.792254480218383961e+00
5.892941477202779055e+00 5.646786544512595540e+00 6.784242218765990984e+00
6.092240280954108300e+00 5.778767429799267497e+00 5.796525949615312534e+00
6.162537364935829487e+00 5.715502417638756327e+00 5.517253431467731950e+00
4.208305681135954934e+00 6.372866378266762055e+00 1.254904521130616235e+00
6.162019839821185840e+00 6.036649456381899093e+00 6.467912505709640492e+00
5.956350902594975238e+00 1.069889725010125758e+01 5.692986532717396742e+00
1.735045526850591990e+00 6.387960908595946563e+00 7.781248620840688801e+00
6.043785938677324054e+00 6.715902901818973980e+00 6.925330862078263650e+00
5.868919388354220779e+00 6.518725076246476569e+00 7.114975108012725258e+00
4.056059064148096915e+00 -2.682982686246637272e+00 4.441926708997691264e+00
5.792915349049120977e+00 7.548219575001917647e+00 5.466947007932553504e+00
6.075119138053358903e+00 5.838081339509701095e+00 6.326536740875960518e+00
6.632260598168787880e+00 1.124224226881207933e+00 7.531705981014566120e+00
5.223628249552408676e+00 6.041313191544132266e+00 7.598256504790288801e+00
6.239074708019295201e+00 4.437112961459918736e+00 7.009812689929459495e+00
5.930782088970653732e+00 6.816865782288429543e+00 7.100988565224584548e+00
6.392737985155638292e+00 5.324954125539255401e+00 6.620963599022159585e+00
5.375916091040892297e+00 6.722242533509439788e+00 7.072722718818187815e+00
6.160336677976339992e+00 6.108778254448522738e+00 6.223822579172443525e+00
5.007635687094650123e+00 7.551532341565192041e+00 8.445482247173575985e+00
6.265744901383100363e+00 6.644002450335526611e+00 2.276956802028032634e+00
6.491426326493645149e+00 3.451470609781518206e+00 7.527787479940431403e+00
7.212021011011839455e+00 3.893063346652859025e+00 3.669354655195561143e+00
5.026403229079477342e+00 7.362963017665990151e+00 6.756524128776105087e+00
6.632172148524094091e+00 6.640753543661503500e+00 2.137645140552391965e+00
6.950114262286991362e+00 3.822059770795873668e+00 6.230524556437019967e+00
5.419064297037785138e+00 9.021831522152927718e+00 8.219940911002540318e+00
2.000836325826035100e+00 9.466044774285508723e+00 8.220147068931439094e+00
6.237145937589643196e+00 5.501954312761702326e+00 5.539297259247945249e+00
6.362798614980810008e+00 7.767842810746960147e+00 6.678426419147124093e+00
6.519377747548759316e+00 6.412115076875629427e+00 2.027400303199088150e+00
6.174960080318007805e+00 6.044601203615888707e+00 6.356682538231982704e+00
6.278772929285647564e+00 5.670285072418343120e+00 5.979840093623272068e+00
6.335313038879405667e+00 5.706611093744671237e+00 5.971243027876584009e+00
8.447647067915756480e+00 6.481319713060766929e+00 1.941309048854846564e+00
2.034115605304337659e+00 6.534558889110429369e+00 6.345884432071999370e+00
6.352896268677692859e+00 6.845177490552983635e+00 7.141832781896489735e+00
6.285754183438442944e+00 6.059309750338989886e+00 6.417484391688793366e+00
5.555093998189726712e+00 6.599016315031561497e+00 6.775249205475304848e+00
6.292064651660775887e+00 5.657595401104059896e+00 5.863103967782901549e+00
5.932601262192571667e+00 6.176852351191763013e+00 5.980211485999859633e+00
5.545512067548839852e+00 5.373389262727589433e+00 7.383534242397853831e+00
5.316948380869238377e+00 5.462899840461660439e+00 5.089678277557789343e+00
6.251210432550248441e+00 6.483038917618821451e+00 6.125957634106418581e+00
-8.544333283232693077e+01 8.425991737272906335e+01 8.519339705351227110e+01
2.445600605103158465e+00 6.717239772748912152e+00 7.411608431755361437e+00
4.117343020607603599e+00 6.929426855593741941e+00 7.987140312410037524e+00
6.026715491261735558e+00 7.023285188967692605e+00 7.442793044161235549e+00
6.859353544699660077e+00 6.624935648474332694e+00 9.704781183795331501e+00
6.488797153112549232e+00 6.102829597341353995e+00 4.956598561958476701e+00
9.900986715713725062e+01 -7.161324290788982694e+01 -6.982536197021040891e+01
1.407781356607198386e+00 6.855181100429847518e+00 8.515475520509699692e+00
5.688325643321172187e+00 6.934612773788198403e+00 6.568313211771522830e+00
5.835869077905169178e+00 6.586917376020510417e+00 6.826411192628837554e+00
2.354279921076491533e+00 7.232800531559313129e+00 5.204507221168817921e+00
6.254999857174980527e+00 6.014725041461630894e+00 6.474132343723171701e+00
9.687707703300299400e+00 5.672641157487521291e+00 8.894087561992517266e+00
5.557904366698657839e+00 6.639659781107024372e+00 6.459082393585731552e+00
5.320008293015484391e+00 5.494631465130039416e+00 7.274792311322695326e+00
6.298931780350382148e+00 5.317909793270266583e+00 6.117391618369724782e+00
5.739661564925427228e+00 5.833445037788446363e+00 6.466788389960410832e+00
8.156434633737337236e+00 6.589198090357306192e+00 2.613825283300978963e+00
6.278137593628698276e+00 6.960373034570880968e+00 6.966038774803456235e+00
5.799680208292892658e+00 6.420786978404999346e+00 5.112374151571013492e+00
3.703599530641454862e+00 8.266459875554916792e+00 2.293667790950168595e+00
5.714954889470222454e+00 6.662949926918148691e+00 6.761607293957892395e+00
1.062835897517603811e+01 3.350397860954762663e+00 -5.007726754210661824e+00
5.428679549584527919e+00 5.694988496415831492e+00 7.027077045161552959e+00
5.556204651482211432e+00 5.985353641757277465e+00 6.516237596621037298e+00
1.364870135375640725e+00 6.984815007261330422e+00 8.255486377924016850e+00
4.264587836641727137e+00 5.737758264460364188e+00 7.133466589231121091e+00
5.266346593908113327e+00 7.258994458185384246e+00 2.044578233758612917e+00
5.556722202558983525e+00 7.144097253559722915e+00 1.684444383312456939e+00
5.727458254385611625e+00 7.088289551511907760e+00 7.232680900191116535e+00
8.077027898111317938e+00 5.110127730037284266e+00 1.463765626661764685e+00
6.817304736373979601e+00 6.340719221285674223e+00 1.978284231881832778e+00
5.171918666715881407e+00 1.171788072041637108e+01 8.569551777773380508e+00
5.544074866789681977e+00 4.711192254074775043e+00 6.304552527198135081e+00
5.618396512407346499e+00 6.275971899763673534e+00 7.134131510516959374e+00
5.743520657087305636e+00 7.131004433056879144e+00 6.866117450656325616e+00
6.049815468950297870e+00 7.116508903420987409e+00 7.018109865965227456e+00
5.815201270759627228e+00 6.957896469575068465e+00 6.818998186508631321e+00
6.141662984934092684e+00 5.910385639380646872e+00 6.568905181613342137e+00
5.322096272046414889e+00 6.995494605801752641e+00 7.087467385520072938e+00
6.487897520850744115e+00 1.468538154465868661e+00 6.566145049452535076e+00
3.867124787535398234e+00 -4.767377201587907898e+00 2.002472563141699524e+01
8.690062824602090563e-01 7.251759233347570444e+00 8.306589086965650015e-01
2.845713781567444478e+00 6.798760261598280508e+00 8.198974444948117224e+00
6.396475032072112654e+00 7.194058110582928656e+00 6.842692166158703237e+00
5.734901092446508919e+00 6.498614828410119060e+00 6.843094698806551079e+00
9.335223122189701073e+00 1.937662752164495572e+01 -1.838775542906094529e+01
5.935921762842395033e+00 6.200935618746646227e+00 1.952252427100188648e+00
6.021116285006873348e+00 6.303280381720544945e+00 1.911385807643565915e+00
6.087888231296733288e+00 5.871543819931756225e+00 6.112448454273161857e+00
5.924308271636503420e+00 6.553109598044196460e+00 6.826819029656833848e+00
1.065605702223014717e+01 4.831107175285715094e+00 2.245726677927849302e+00
6.241086805305203100e+00 7.123502910149507983e+00 3.710937846826690922e+00
6.265313133690171732e+00 6.029386666672229111e+00 6.603449851598210962e+00
6.216487048182816721e+00 5.790900998587030557e+00 5.708980226452426088e+00
2.399414791423409632e+00 7.007200544661452035e+00 7.796090723895071406e+00
4.827849271371623452e+00 9.552602236354317711e+00 -2.389330024566028055e+00
5.631941287909165261e+00 6.488138683604914192e+00 6.747442183607006427e+00
5.375865938537680577e+00 6.792391965175970547e+00 7.127990628015271390e+00
5.576638373171203256e+00 7.141770841976621931e+00 7.532798766307860383e+00
-9.786267148570435559e-01 9.150396083647809320e+00 1.324143544261825944e+01
5.631659200041497115e+00 5.548963843169433474e+00 6.737377380821829576e+00
5.472362732133539964e+00 6.105286316172444216e+00 6.982227180838641800e+00
6.381016961987979741e+00 6.419464813060467456e+00 4.889544450039044143e+00
3.314156658992040150e+01 1.083615507720437066e+01 -4.379243761046618744e+01
5.373329551858605946e+00 9.139894579102957550e+00 3.768022088509628276e+00
5.076271179907704267e-02 9.575404581740709631e+00 1.225247494771088164e+01
5.765547346745261592e+00 6.587596875513023420e+00 6.792152952640929442e+00
1.536279344346111664e+01 6.065667091237744835e+00 -5.228607297113356367e+00
5.721356923001312822e+00 6.624015930480323888e+00 6.422961512779671978e+00
5.538650943634594981e+00 7.226634212116663569e+00 1.731499102595525752e+00
5.918729167126675961e+00 7.617703728535296648e+00 2.346804913178425878e+00
6.240601127770913692e+00 6.062931948659803894e+00 6.471016689914685927e+00
5.852679345232999708e+00 6.630870707135019693e+00 6.685861615969738381e+00
5.327941293720266813e+00 6.639918009380998853e+00 7.012980345378626801e+00
5.292601514000808471e+00 6.531258600810810222e+00 6.851736882588777888e+00
7.020829837358437686e+00 1.196998739135727519e+01 6.264446451131405524e+00
1.069716510636259610e+00 7.880385367655832418e+00 2.708488403684405021e+00
8.740907963873659980e+00 4.202156189478968074e+00 3.057938472915706640e+00
6.189674357468718746e+00 6.483131493030970027e+00 8.139043925214734188e+00
5.709995501272612906e+00 6.708458212145817612e+00 6.502445961482132830e+00
-4.320717985767299041e+00 8.604505816539802510e+00 1.857112856546444135e+01
5.520101148158897075e+00 6.859504310276466121e+00 6.854460897975160449e+00
5.511470691241997066e+00 7.267077394937754065e+00 7.307600238110834923e+00
5.406751553298856372e+00 6.519107152369953084e+00 6.748322606009228508e+00
5.674415485075603449e+00 6.189616606361630247e+00 6.801196110170662834e+00
9.353589536776942381e+00 -3.062572246188229208e+00 1.277157698663988228e+01
-2.373264148847471589e+01 4.153280032662028276e+00 5.934905760023697496e+01
4.902542137302570602e+00 6.855760457980151656e+00 1.532395229157896388e+00
6.548311797275471413e+00 4.769470778774550723e+00 9.744553218225087576e+00
6.004222118677643216e+00 6.792928618009241859e+00 7.437535863688661486e+00
5.401284443111425304e+00 7.279817835933632963e+00 7.583933380219782805e+00
4.852495199408830118e+00 6.228660924073116334e+00 6.810579142230928085e+00
5.796505618040576735e+00 6.881474770412893349e+00 6.929542093178117312e+00
5.717604184818588564e+00 6.580698602804423203e+00 6.854867685232873598e+00
5.791036356360557136e+00 6.642451967954251302e+00 6.635069621856892752e+00
9.391116838692158808e+01 7.361506555389495077e+01 -1.417628415308058436e+02
4.769274619800938808e+00 1.484251490641854687e+00 8.261145548279943185e+00
7.634073501164740927e-01 8.778816690285179192e+00 9.211389160766028539e+00
1.689242327512575637e+00 7.618446178329755014e+00 6.614600775636061414e+00
2.257991239771392600e+00 7.496067478304871301e+00 6.578952905229044745e+00
2.040376689353192496e+00 7.519914039358697622e+00 6.456221488304234590e+00
5.598447151529664545e+00 7.153236178408404200e+00 7.513448124135658546e+00
5.600768925093461803e+00 6.514391168023276890e+00 6.463775556227734143e+00
6.448694665501406575e+00 8.081910591302209568e+00 2.735458387201860297e+00
-8.175643309319605123e+01 -5.762901528560245623e+01 1.546475315955105145e+02
5.495338817770964113e+00 6.278302530532659631e+00 7.130944701227185156e+00
6.401593657125278725e+00 7.646038397028343425e+00 3.747250845665726970e+00
6.396703229490358744e+00 8.203862417726330847e+00 2.632164130901709420e+00
7.959740711815728176e+00 7.210916255690200671e+00 6.986069785720908421e+00
-3.905631952105273363e+00 1.859634521493125447e+01 5.226874823179020524e+00
3.349802467255865501e+00 7.859084517166261108e+00 9.053828777052848054e-01
4.168669173665075611e+00 7.525158771225166632e+00 8.154130249582989265e+00
5.901214293445903536e+00 6.737052727377516703e+00 7.238444193223514844e+00
6.461308595052114967e+00 8.097680380344726814e+00 2.519494054594835664e+00
6.033064026496440135e+00 7.694577882930618173e+00 2.342719575599389259e+00
5.222283222523421031e+00 6.513184688419222823e+00 6.746158031364979379e+00
2.516964851696709804e+00 6.516863201276558826e+00 3.951550965358894274e+00
3.193190926846432909e+00 7.863165693551549040e+00 1.034870446252003306e+00
5.507000413203791744e+00 6.511451522516015444e+00 7.358984893708265140e+00
5.786704754135911344e+00 6.449506155987178246e+00 6.948266151106629707e+00
5.956830236550956670e+00 6.413452549228997768e+00 7.643965836811503323e+00
5.514554780874385997e+00 6.649536006816632039e+00 6.925830122107054621e+00
8.532127493090831294e+00 7.756343104934769528e+00 3.439430411401285248e+00
5.517611750856246111e+00 6.884407580257089876e+00 8.178895645485159349e+00
7.989975215548746235e+00 7.281792488231689120e+00 6.892998127442286460e+00
1.936087037364314645e+00 7.797231485574352305e+00 8.352352756321874239e+00
5.819007169214717834e+00 6.831179617850748897e+00 6.460219814921864590e+00
1.012216816466851910e+00 8.355147467339017808e+00 3.200059048416104890e+00
5.307621439444440092e+00 7.123618496249367382e+00 7.218628661589770346e+00
5.801884288128303702e+00 6.582280176182342402e+00 7.468997907276119896e+00
7.355056569162600866e+00 1.075683933342073573e+01 6.701009424691285687e+00
5.680649119969222838e+00 6.593182103287192675e+00 6.423730925158938732e+00
8.759150002305389648e+00 1.643377382242655926e+01 5.546839645284757481e+00
6.204443168311790657e+00 6.495355687370857112e+00 6.761000963348969606e+00
5.512386358874374004e+00 6.492164265940591150e+00 7.307941703921764898e+00
5.701560130784341318e+00 9.354389306242712365e+00 6.912944216966330657e+00
4.628774320206012760e+00 3.433304967936847696e+00 7.701962511813603030e+00
6.380164138291188891e+00 8.976965030192260997e+00 2.871214449126865631e+00
1.059950613645642026e+00 8.573179865287432477e+00 2.957999012447480869e+00
4.827019091724855215e+00 8.027389248584665182e+00 2.842823401742193390e+00
1.547589422943015602e+00 7.733806675178193757e+00 3.788015819188649935e+00
5.470459475758098655e+00 6.497530572893381873e+00 7.199195281562465354e+00
5.089200109805889660e+00 6.669344186321723100e+00 6.842030476628860214e+00
7.024964374006040124e+00 7.900679568170080103e+00 4.116764234827779312e+00
6.451814388316681637e+00 8.360631354718570662e+00 3.237890008334711744e+00
7.057961309165881048e+00 7.813886159859901426e+00 4.155251148143641160e+00
3.814438592984272347e+00 7.789474977137009759e+00 6.333878784067226597e+00
1.687502795763526109e+01 8.981399022187826375e+00 6.135624215092879474e+00
5.150492202007410647e+00 7.052832346270545116e+00 7.550722823065417089e+00
6.611320700188487720e+00 8.099638220947362299e+00 2.830282614210671621e+00
6.642656695458615701e+00 7.765047317251003278e+00 2.358103876941654686e+00
6.458955229819003385e+00 7.577426791803599571e+00 3.589929875856968433e+00
4.042179127835716201e+00 1.980780801909446387e-01 -5.012285183561306923e-01
-8.888107926685950844e+00 -8.917144379483326588e+01 1.386899525554631296e+01
5.788473103121011931e+00 3.850611919366108360e+00 9.154988373479604036e+00
5.889069509436821726e+00 7.284972028039451430e+00 5.611611904418022156e+00
5.253625797243206108e+00 6.415940979158143875e+00 7.171364094240519904e+00
5.202536012606836735e+00 6.824662063347119556e+00 6.871891394901487260e+00
6.611949445494193611e+00 8.182184307389112732e+00 2.740324532696639892e+00
5.939994865480207942e+00 6.164276083816123020e+00 6.952951537518380576e+00
3.361974996982111108e+00 8.054698847485614266e+00 4.000489388924287404e+00
5.767083825540682440e+00 6.358927293592506302e+00 6.631045818417611315e+00
5.605784423663835447e+00 7.126687096731819437e+00 7.334984789288480300e+00
5.322538369106613487e+00 1.150413759634740529e+01 6.786896509376020958e+00
8.260012075883857108e+00 6.294505808094402965e+00 1.549371824639315331e+00
5.073308534638997891e+00 1.031465458561837423e+01 3.762396054857385597e+00
-2.001084858169859260e+00 1.122867876284802868e+01 2.849691459663523663e+00
4.377066378099649491e+00 5.936242891819414780e+00 3.937304653755202555e+00
5.961644627966247612e+00 6.410559069458781067e+00 6.733533331091264174e+00
-6.852618068137052099e+00 7.835215393634619829e+00 -2.528098305289131709e+00
5.374384395350094934e+00 6.519491418555999118e+00 7.095689857863604288e+00
7.297289293324416448e+00 4.489825952386844676e+00 -1.337594315187763838e+00
6.688332141994134616e+00 7.481465429848807247e+00 7.116081427727412922e+00
8.424730618482358935e+00 8.367662739116230597e+00 2.078477092078128141e+00
2.675257648563290047e+01 1.061757788229191135e+02 -6.427764700114561691e+00
3.731180257004674594e+00 8.259612257815581060e+00 3.892006935554764624e+00
7.948408913847114121e+00 8.194367823428146735e+00 5.199911594236523271e+00
6.082262330924329774e+00 6.750381840862267779e+00 7.193077523391857575e+00
5.802296449836322978e+00 6.772581993446427973e+00 6.913165396035914512e+00
6.610394336269545867e+00 8.252459272174187177e+00 1.388966612118352373e+00
5.467109187895038858e+00 6.311056709168912704e+00 7.533542558294099578e+00
5.367215474673386666e+00 6.610303133411058241e+00 6.834219112152073450e+00
6.605407089455872516e+00 3.766469367541702695e+00 7.704159993996402278e+00
6.469196335950579524e+00 8.018474420197849284e+00 2.635672575163642506e+00
4.980844619367978510e+00 6.095559880675221365e+00 7.115455989715879781e+00
6.245361460045464774e+00 5.478345297459163987e+00 1.417399718723687307e+00
2.851430803433153116e+01 3.657800141690359830e+00 3.035030557999457201e+01
5.416416384686160157e+00 7.470479452100226680e+00 6.664336107862623315e+00
5.635565307903903864e+00 6.208390986751867402e+00 7.157060900516496460e+00
2.130966261223450786e+00 1.273216007731514310e+01 8.620142193770599093e+00
4.701214254535553749e+00 1.171639925410018002e+01 7.607786345716883503e+00
1.348236852157614152e+01 1.467044212318876539e+01 8.313738998498818589e-01
-1.457761829436713263e+01 1.380766996150926929e+01 -2.575344127270329153e+01
7.656644302263394763e+00 7.841254562661095662e+00 7.182701055117879818e+00
5.218804879554127751e+00 7.376215210920832988e+00 6.748790369214319185e+00
5.269354437572799199e+00 8.218631063937857917e+00 2.525182147119285681e+00
6.605667365186608464e+00 8.256592129342186226e+00 1.399485554371470819e+00
6.685591886214068857e+00 7.742187600514487400e+00 2.810849482365025409e+00
1.793026430876659916e+01 1.111864093460554770e+01 -6.323179446179029384e+00
-6.583390627427098352e+00 5.026210079656737051e+00 1.916014674776941007e+01
7.469704240330010236e+00 1.189030841200426281e+01 4.879940178018337349e+00
6.484858071679638236e+00 8.220928712455696896e+00 2.794768297987099359e+00
6.995656246752472995e+00 7.822588329746107405e+00 4.110067919417046411e+00
8.988510168141016221e-01 8.826301697805684299e+00 2.729989210629098384e+00
5.036906081186532269e+00 8.294003570012550952e+00 1.748490803045450903e+00
6.692433510807854091e+00 8.251299587735704932e+00 3.176364632176595926e+00
7.526358543239092924e+00 1.445472316318935579e+00 6.774382749367482859e+00
2.645711673066053038e+01 -3.352586303422457092e+01 2.494849715287362102e+01
6.127048753638439038e+00 7.773032116523632240e+00 4.693379306544400720e+00
6.066583495663266490e+00 8.464779752047771666e+00 7.147488564406566880e+00
4.824071055012713050e-01 -3.807193214085228039e+00 1.180830072815122023e+01
8.611739389878236395e+00 8.286223146996617217e+00 6.312678713251266949e+00
7.257475442799699472e+00 1.766219715414620595e+01 5.131961992358407443e+00
4.152748160438060054e+00 8.226532212489633622e+00 8.522770991201507940e+00
4.571629429646773879e+00 8.205702738026667831e+00 5.274980859910626485e+00
5.748331064427687487e+00 7.089305203954371137e+00 7.142722848018209447e+00
4.008778640435905061e+01 1.086044603991482660e+01 2.993628375501984351e+01
5.953352558858197696e+00 8.503145487101321010e+00 2.856563267417797203e+00
-1.582837764605527830e+01 5.123197482881911213e+01 -1.355160007846626513e+01
6.359193066864146537e+00 8.109329055243371442e+00 2.538606081981396034e+00
-3.175828024878343814e-01 1.585351672643061427e+00 8.925262739786393951e+00
1.429970224651576594e+01 2.054689884626316498e+01 -7.370878821766053690e+00
-3.105090607665968605e+01 6.324085283376353672e+00 -1.526443938096619668e+01
6.956921014784768431e+00 8.091454470449141567e+00 2.868249577198035194e+00
6.278224330585788771e+00 7.990107593552121301e+00 2.641932610662175662e+00
7.072662027757377956e+00 8.162077765330828072e+00 3.107346873350155914e+00
5.546447986152388765e+00 9.002990418749854840e+00 8.302056634729769513e+00
6.150443415992190133e+00 8.077398380956790191e+00 2.240606722698840425e+00
5.552509252788650151e+00 8.186043536249277608e+00 4.579524513526630258e+00
5.227686301446904160e+00 7.664695532408407175e+00 1.052374925052083077e+00
5.742113821744414537e+00 7.768186176439252577e+00 2.256786158814821253e+00
6.899474058959929934e+00 7.908623799966173706e+00 2.989476278580787127e+00
-4.664200890860172422e+00 -3.841520287265047517e-02 1.468780673363150324e+00
5.577466888327990091e+00 6.881349251918614129e+00 6.858528603042616467e+00
4.731268593362728758e+00 8.095785352697156156e+00 8.300537743083131303e+00
5.383138351734227278e+00 7.961218976632235211e+00 5.205486413749815355e+00
6.060264325676156361e+00 7.137223558604508966e+00 6.977043933780446849e+00
6.694234097078559209e+00 8.005010343161432118e+00 3.574765515567612795e+00
7.066782808148389883e+00 8.332425748555397860e+00 3.054229886918743642e+00
4.724032874469029641e-01 1.629717638412427760e+01 -2.288647620975281960e+00
4.765878703508573011e+00 8.073078124047816218e+00 7.003689256972643662e+00
8.909407096110024682e+00 9.277532217177142826e+00 1.222669174352803978e+01
1.569253939336035852e+00 5.907399865111747417e+00 2.177764370812944605e+00
5.481842926391555793e+00 6.806100091287571985e+00 6.974161458913000544e+00
5.969400972373953174e+00 8.419380603944624397e+00 1.747631069270239923e+00
5.922230120731187597e+00 7.630731412458059637e+00 5.892827088094792387e+00
7.352575965658640911e+00 8.420726580909652981e+00 3.509530303620217673e+00
9.072110336278145226e-01 8.878056096963080179e+00 2.931347500906636316e+00
5.444537018415895879e+00 8.242377782094731486e+00 2.263674751726347356e+00
6.576173055645265109e+00 7.464773729639397004e+00 2.683133983626389441e+00
6.549022744155004183e+00 7.992746816887882133e+00 2.711050960922440467e+00
1.372918746159831827e+01 1.787892387841357955e+00 8.713920722547594977e+00
7.131744785074475956e+00 8.358087035535049836e+00 3.259142335343306662e+00
7.756532492535335166e+00 8.587038167296451974e+00 7.878380298565657469e+00
5.728942150341957529e+00 1.456625141358591513e+01 1.510345745188424260e+01
3.685067029816805562e+00 8.701067470493311973e+00 5.132772377314211987e+00
5.473979440386088413e+00 5.434643512057480308e+00 6.550776831171002179e+00
5.561223403521907471e+00 8.238293504693087854e+00 4.634473122698394398e+00
5.620141865597616082e+00 7.025936593745814918e+00 7.181422004592410424e+00
6.977500488825898017e+00 8.476061635435161890e+00 2.681512714133462261e+00
5.930414500871823869e+00 6.987526428923139576e+00 2.683960105970675247e+00
7.521556064337666214e+00 8.612010544413834623e+00 3.021822678485206914e+00
-3.741523188279824108e+00 4.009155934785274766e+00 -2.317786655879318758e+00
2.756392302545299877e+00 9.028149506571727656e+00 8.844261738009489449e+00
4.898513768805000446e+00 7.715600012097302951e+00 6.994734645003473972e+00
5.199767929954084877e+00 7.366755568730086523e+00 6.972946282514068450e+00
5.388700915571695838e+00 8.085529116320902432e+00 5.381136875890677906e+00
5.309185455262769970e+00 8.116159357448115230e+00 5.548070133242217317e+00
5.237925296354535298e+00 7.951304566204992597e+00 5.210762819881058938e+00
5.396043206449288476e+00 6.878481871547379001e+00 7.174088797343019408e+00
5.446636300355499394e+00 7.018662661416774640e+00 7.065280731047412388e+00
6.627702997774832738e+00 8.125602004505804388e+00 2.917478075542920823e+00
3.720370971855808229e+00 3.898240174009407255e+00 4.589597704486367391e+00
