2.706438101774808036e+00 6.716953790982459482e-01 6.957804246796988501e+00
3.744905449392297747e+00 8.979095187515387932e-01 5.203784445650319945e+00
5.940598056118939319e+00 9.475556585349218519e-01 1.732151383373305320e+00
5.713791057507730642e+00 2.313273497546669333e+00 4.102144060058341424e+00
5.960767599035415643e+00 8.694508432502385809e-01 1.636756399215928415e+00
7.135169802290629804e+00 1.137030536328540897e+00 4.238312261099051348e+00
7.279131190447928113e+00 1.069104234264731002e+00 3.798141408209745773e+00
4.660600081087006075e+00 1.165850412239809231e+00 6.895296366806810795e+00
4.638370039339129391e+00 8.713539797615814653e-01 8.236805754995746298e+00
5.502574036199797902e+00 1.732797281332512096e+00 5.199735837653263637e+00
5.968996102671761506e+00 8.318035796956837480e-01 1.557919148656616848e+00
5.798739174662408402e+00 1.261871018199440808e+00 3.067533664524032755e+00
7.029344233351324078e+00 1.095049392511307396e+00 3.702670067043503543e+00
7.913577196372996170e+00 1.410519507535757722e+00 5.447064838751002114e+00
8.595334957465794901e+00 1.324803030325881981e+00 6.538398063187708331e+00
8.653475322143828308e+00 1.276896573203556207e+00 7.242341333348127463e+00
3.523451152600199698e+00 9.408805283456358470e-01 4.304957779656675143e+00
4.005227068201453910e+00 1.169140620823241772e+00 6.534089165412408917e+00
5.354047026832612133e+00 1.545934900707842452e+00 4.699064520738334139e+00
5.978441128736966093e+00 8.665439201520073187e-01 1.604061208420553886e+00
5.573346043529494587e+00 2.248008795509440993e+00 6.070385604938087099e+00
5.833678830122818404e+00 1.929345694513088016e+00 5.731158119314612165e+00
6.484951579593656312e+00 6.985298568382662943e-01 8.492264027511153834e-01
6.517730961409871959e+00 1.595499491538835191e+00 6.849339274390315424e+00
7.801410097421287659e+00 1.397063885804010752e+00 2.267001428270852603e+00
6.667969717690755971e+00 1.239242495082442996e+00 2.491300387905404534e+00
4.318258780417393972e+00 1.554334290193748025e+00 1.273682657591290956e+00
5.819212794308999293e+00 2.899504037106478416e-01 2.171598500107898122e+00
6.067076998319647529e+00 1.862289603448230579e+00 4.854016571104038391e+00
6.794634773313559251e+00 1.102085622422313005e+00 2.725258667916787836e+00
7.504776087717894839e+00 9.065004387638764261e-01 2.690755252895673522e+00
7.306848894864389266e+00 1.111497537349983578e+00 2.785316193919618488e+00
7.590697253865340777e+00 1.568933600821084351e+00 5.540552054887764477e+00
8.958763475641994489e+00 7.768545056760717271e-01 1.823072056251549000e+00
4.380522915127298411e+00 1.433058650279728008e+00 5.984208389969429831e+00
5.918823435481437301e+00 1.598254912761841728e+00 3.114235039736833688e+00
7.043737605902711252e+00 2.212446127227966741e+00 3.016858693041797768e+00
6.097449587960682038e+00 1.443289476919404901e+00 3.011607945379934037e+00
7.827175857501298850e+00 1.011343207567937608e+00 2.444477498625575507e+00
1.031801187965398903e+01 7.807900704917746237e-01 6.365228929809925162e+00
-1.433132167464257645e+00 3.730220183191063299e+00 5.105848797503401038e+00
5.719742035207666220e+00 1.400161526327173833e-01 2.323441180668745165e+00
5.938429533178105402e+00 1.219411642552225672e+00 8.816992742255100879e+00
6.942561417405232582e+00 1.201268996250924648e+00 2.753318978119323912e+00
6.458889743599781852e+00 2.104617825994883340e+00 4.909819367407830093e+00
2.937255352133451680e+00 -2.059364532025953043e+00 7.727035012057192898e-01
5.968737646937150032e+00 1.334115075839463316e+00 8.869333370950631235e+00
5.601763147200891524e+00 1.933648098492481537e+00 6.048824261012192949e+00
5.971301575174850385e+00 1.840564667308381974e+00 4.925072472469746110e+00
6.149135162908998531e+00 1.080510674944284100e+00 2.330239664132175648e+00
8.346090521442313559e+00 1.727033389271529717e+00 7.425323914377718992e+00
4.057665123204278856e+00 1.318283784969188188e+00 6.762113561454660804e+00
4.517658843620454334e+00 1.071402175171747517e+00 1.509349246611223716e+00
5.705426239042502345e+00 2.168733932921519614e+00 5.710060450043236813e+00
5.610169278084207178e+00 1.266194467170603133e+00 8.701607970967399908e+00
5.875242798402285693e+00 1.826945831932908382e+00 3.587782461589970051e+00
5.738400371121698207e+00 2.432654640779352562e+00 6.347610293650391533e+00
5.830710501475379282e+00 1.972209097043178927e+00 6.607067908528501121e+00
7.352050619500048789e+00 1.959119196979303146e+00 5.797201105217926198e+00
7.193168976143214266e+00 7.250342018742796935e-01 3.023206626341237158e+00
4.507720687661215919e+00 4.897584831314395482e-01 1.685808761599410177e+00
-4.709765895140166414e+00 9.120161149808220458e+00 1.546878859214094781e+01
5.999958278087798469e+00 1.975606199287587961e+00 4.785386158168093651e+00
8.515884611920846226e+00 1.594457867527094841e+00 6.722175017930140939e+00
9.201612944123505500e+00 1.208138489219986678e+00 2.996182653281947772e+00
1.654529829557215237e+01 -5.979798570002410329e+00 -5.502567027015381029e+00
9.730426820092691997e+00 -2.399447494122425861e-01 3.609354799316011331e-01
6.502628493622671257e+00 1.480088405223638492e+00 8.785937550045421318e+00
-3.184890753778982031e+01 -3.254244765410788176e+01 -8.741366305220642730e+00
8.471695206893443242e+00 1.461313957481731984e+00 3.715758585528588842e+00
1.809867257850595657e+00 1.501649450816672449e+00 5.831542439886991502e+00
6.260245311507121713e+00 2.855605943964421023e+00 2.432842863317751014e+00
5.765091486625819606e+00 2.127109680111359147e+00 5.612781518516495538e+00
5.734692485725912725e+00 2.116791736940048185e+00 6.270493871888898063e+00
4.378483182613066127e+00 2.347865612378417843e+00 5.595710194381481983e+00
5.830618662230478755e+00 2.239864041899488178e+00 5.181810578981761672e+00
5.765305641636897960e+00 2.223772618928662848e+00 5.244771484161147690e+00
2.816961080247716964e+00 3.087676922288454584e+00 6.315170761146371881e+00
6.476854382606470395e+00 1.585199300457448501e+00 8.820135659289650931e+00
8.772685967233428528e+00 1.771728735988434167e+00 7.076116265475238087e+00
5.713710486342203687e+00 2.138863504369581836e+00 5.480633131832683524e+00
6.136672254976472729e+00 1.802278337083521809e+00 5.333151277349108987e+00
5.720439359860050033e+00 2.329313590968105085e+00 6.312238541459555208e+00
6.061847771917270755e+00 1.737373603617129447e+00 4.639093909838504004e+00
4.806638183941266362e+01 3.533043710272295357e+01 2.351874712567452619e+01
7.922389684463110981e+00 1.501429671156395695e+00 3.585648828249395237e+00
5.902979841735710664e+00 2.654725446406962952e+00 4.878365229798424352e+00
8.586657811608725765e+00 1.824429880030713047e+00 5.070279963217419805e+00
5.631263947495179778e+00 2.167560569230301049e+00 5.772303860647560292e+00
5.659453729286964219e+00 2.080171930992742890e+00 5.687276146576873970e+00
7.595563035462852497e+00 3.328363917661405491e+00 -2.446180828380299654e-01
7.707208724047744042e+00 2.619087864481436601e+00 6.982289546286147619e+00
8.539720469098021738e+00 2.044333749718992177e+00 7.470887016131282365e+00
4.908451446231460125e+00 1.916070938678360980e+00 5.805065023498175769e+00
5.528217197845800790e+00 2.189961225407346390e+00 6.136862571391324295e+00
8.894782719544483740e+00 2.872743900374669090e-01 8.932464337166436508e+00
7.396749667899946701e+00 3.072483281323326043e+00 7.011598542580832927e+00
4.735020406128390036e+00 1.763906305083159598e+00 2.620406582712694110e+00
4.565882099739586586e+00 1.142130742635265150e+00 5.654220078825614948e+00
1.944041771048266032e+00 3.819574692467190946e+00 2.160085005181053397e+00
5.743254306060332048e+00 1.995043717303280673e+00 7.613788428920858387e+00
5.725185294644887790e+00 1.968783305063965372e+00 3.794305014340721982e+00
6.218836792170312933e+00 1.545452437725900463e+00 2.155756209152584368e+00
6.384274055130090275e+00 2.519850563376440533e+00 6.815871599788739132e+00
7.318889289976472590e+00 2.708295209107303592e+00 6.639410759567549114e+00
8.207251300999857335e+00 1.468065482671911282e+00 2.187740399960084847e+00
8.909411855722133566e+00 1.669391675320667012e+00 4.023023208495818182e+00
5.986075886252713474e+00 1.972861515286322698e+00 5.293607832868202578e+00
8.184037559578614562e+00 -2.285525646597382776e-01 2.268753388220528411e+00
2.230201371302859670e+00 1.721913874798100208e+00 8.900966243293016333e+00
5.570338278222912720e+00 1.853050099827321828e+00 5.947037206511302188e+00
5.895979765967709341e+00 2.198033851012692885e+00 5.681916649430390542e+00
1.100603270070414119e+01 1.210428260802563383e+00 5.464780904180642551e+00
8.581998752738510206e+00 2.098361505105814651e+00 7.466094481740256583e+00
5.946746912462169021e+00 1.922560215427406849e+00 5.302201411115777141e+00
8.076356334265430093e+00 1.627249346402097840e+00 9.282647094666652832e-01
7.457973091613177008e-01 1.917848443473562092e+00 4.104581435330345585e+00
3.846985539905455553e+00 4.678034514538700783e+00 8.808619215090610410e+00
6.212989890512076840e+00 1.769070617830356795e+00 1.643534011283271035e+00
6.251839168177919071e+00 2.706788821055842398e+00 6.215089693619937350e+00
6.566912279199605962e+00 2.680560332721025674e+00 6.126320145221711755e+00
3.473574491718561141e+00 1.239074322322953448e+00 9.574429711659924180e+00
9.906087103607999822e+00 2.740925527163093012e+00 -2.463171815283019761e+00
6.954382498665346191e+00 2.026062915740137083e+00 5.221213761450267832e+00
7.673464769919869255e+00 2.477236520734945380e+00 7.030004096339494524e+00
7.636979137574906318e+00 2.733812088725882994e+00 6.839010054898610136e+00
8.564886766256124773e+00 2.129360520682217484e+00 7.105359925800048160e+00
5.407762105010548659e+00 2.167121717842634077e+00 6.220430835030049010e+00
5.374412989116263084e+00 2.627944255641971871e+00 3.247604153697536855e+00
7.265743532414459693e+00 -6.417142823973592813e-01 -1.586697837290784951e+00
5.850441756362610768e+00 2.071768147239793301e+00 6.211077697874578973e+00
6.346583180171831984e+00 2.539011250396836061e+00 6.921612853480146654e+00
6.181581498457202173e+00 2.572735950011532324e+00 6.404374307245735309e+00
6.259934881310117660e+00 2.634610747684568821e+00 6.978764014605367549e+00
7.303317334591912235e+00 3.112229266572240860e+00 7.170203548367478419e+00
7.490039563032343750e+00 3.417647459542842103e+00 7.347499545825501244e+00
8.482902986535423295e+00 2.076668401969756328e+00 4.860520498596257788e+00
5.777866095655847190e+00 2.036004749523039337e+00 4.604378724033900028e+00
5.444615355658449118e+00 2.486518595248052410e+00 3.453152415098379890e+00
5.980423582886257527e+00 2.359752561205562316e+00 5.671730876989212966e+00
6.525345752221896944e+00 2.389795846868007168e+00 2.677679598010229256e+00
7.869186884030932916e+00 1.895671124583124367e+00 1.649955442261156202e+00
5.649231022458549134e+00 2.053327925656760033e+00 5.729726638471106526e+00
5.312237647050294775e+00 2.623908223143189389e+00 3.641662735681876484e+00
5.856338046661848651e+00 2.424373404323524994e+00 5.605845550253425458e+00
7.206680991756952537e+00 2.306402907592816742e+00 5.669993291456782991e+00
7.439242747935185918e+00 2.909081020412679131e+00 5.972381964068933513e+00
1.482347468456567618e+00 2.430709799507257962e+00 5.114183017981758894e+00
5.531173404435891783e+00 2.174001530008236482e+00 6.093224789010047715e+00
5.489803010263313965e+00 2.365377166121056529e+00 3.332347157786546887e+00
4.980366615310736655e+00 1.880271108954956194e+00 4.970455262034282562e+00
4.902202453737965371e+00 2.920406140467275868e+00 5.285567924242230653e+00
5.179535042137170642e+00 6.962900160524358562e+00 9.183666330471935701e-01
9.697112833893557493e+00 1.256479522892816902e+01 -9.448172121698046766e+00
6.392360660013387985e+00 2.902124117075999266e+00 6.265089967794443382e+00
8.254817908060193332e+00 2.745518039962258516e+00 5.566359676833764425e+00
1.945459803178199820e+01 8.098716818913878512e+00 -2.140130746493726832e+01
-1.206918261331454634e+00 -3.788571683161245485e+00 3.825731449895554448e+01
6.262177690211335523e+00 -2.996212207984277676e+00 5.564166063847261867e+00
1.211063937251184885e+00 -7.977611709688767760e+00 1.747435102100740067e+01
1.845074900026282450e+01 2.093098898969162747e+01 -2.060099307136265878e+01
8.449044277552360427e+00 2.601750106473044610e+00 7.586381736059907510e+00
8.526528960542641755e+00 2.490849802470498808e+00 5.387354841337979927e+00
5.067918099401315324e+00 2.807377901405811116e+00 5.827379100977762683e+00
1.666353892077468402e+01 -7.717525989189669922e+00 8.454158180316179383e+00
-6.165468222220575889e+00 1.235283041286416861e+01 -2.495964777192868134e+00
5.822522531134087131e+00 2.470466673651323219e+00 5.016627085287803212e+00
9.873006900837024702e+00 1.543764130334484896e+00 8.048127195743367324e+00
7.070952447887140835e+00 2.402220509595189846e+00 3.966384132537803531e+00
7.269560056276594295e+00 3.357504379336741174e+00 6.821107686212283028e+00
6.927295252896284339e+00 4.451071022224978080e+00 7.333413699219262227e+00
2.101426168712626552e+00 2.913689402873367751e+00 6.396163913333385409e+00
5.558599597054811881e+00 2.286236754050447129e+00 3.395340037647399445e+00
5.289473898733633384e+00 2.418881377205525318e+00 4.812763889358331326e+00
6.157921557050594075e+00 2.561636565146316435e+00 2.489738823397348089e+00
2.251347881111421145e+00 -7.508369428608234308e+00 6.413624420747253474e+00
-5.858487575270634462e-01 -1.644457711736792760e+01 2.724408870761208590e+01
9.616417678252429102e-01 2.556503905303580737e+00 5.415012025586377398e+00
1.327138746095314792e+00 2.578484199863736226e+00 4.924811627922213830e+00
5.670769010267025401e+00 2.434764361463365390e+00 1.084982115208863007e+00
3.445528483723663271e+00 4.640681099581810187e+00 4.944554664068036232e+00
7.468626854816266203e+00 2.924854233557537597e+00 5.583755404101983899e+00
1.842644854084907191e+00 2.734071497558492769e+00 5.018013035295986413e+00
7.191089317054329300e+00 2.889216115565396592e+00 5.811219631913886907e+00
1.267915601948907067e+01 1.328879146117598609e+01 5.489311920107875054e+00
-1.178379741234383049e+00 -2.229903978648908769e+00 -2.904289154689545960e+00
5.762010333355253699e+00 2.913572597061845570e+00 6.982546802225122917e+00
5.992330367783566203e+00 2.953058101928445645e+00 5.975061094226174596e+00
5.167527354713671528e+00 2.229228628368435050e+00 3.268134166705541244e+00
5.491056081681307433e+00 2.714629341467212686e+00 5.642519887211660645e+00
7.046943086235804898e+00 3.745390241564145128e+00 6.960346016101651045e+00
6.419550093497985443e+00 3.018098848941526580e+00 6.304134485402089538e+00
6.972445155474591871e+00 4.387082810694318269e+00 7.345223414121268668e+00
7.358388836814821587e+00 2.976898986397206848e+00 5.683737931069124727e+00
7.048379429582544375e+00 5.153084923755692159e+00 7.779852868214327088e+00
8.191855767433104063e+00 2.860077374906852654e+00 5.225752842425702482e+00
8.167208726910304861e+00 2.911579489783099106e+00 5.609433780708325656e+00
1.025723182330233740e+00 2.935209030461626067e+00 6.638332434703450247e+00
5.600448381340083159e+00 -3.335509996933786470e-01 3.986494431973647501e+00
6.678811539190224522e+00 2.778037576681530396e+00 1.902009273120825572e+00
7.457626672062048101e+00 2.901449880026186978e+00 5.983550968585971574e+00
-2.325762753220217416e+00 4.290462798946496292e+00 1.544392941380106521e+00
2.690587499908358993e+00 3.710494881126594535e+00 5.479735644834797803e+00
2.103407277055236779e+00 2.704199484541945697e+00 2.625464317711939444e+00
4.468246011350400337e+00 2.849769436361994757e+00 3.279663375032942696e+00
5.084034806860614708e+00 2.832800235503840192e+00 5.627473470607127659e+00
6.117234104364420944e+00 2.686970700192745198e+00 2.685550529480641213e+00
4.389486464013217848e+00 1.396099467490693691e+00 6.626435202634083588e+00
5.437701353525838499e+00 7.525611324755266729e+00 8.104291195752360011e+00
1.528187451355620619e+00 2.534106547788757879e+00 7.322395369762535466e+00
3.007143322623800685e+00 2.954954051636857315e+00 4.126698834167882524e+00
4.517019114842424798e+00 2.929755646215562059e+00 3.315465528995549249e+00
5.491159235615014289e+00 3.009502140144892035e+00 5.980367420341314855e+00
7.286517437612106463e+00 4.403518036033558403e+00 7.663045623755187385e+00
7.248950133110079186e+00 4.349354939887732918e+00 7.451892255937289100e+00
7.862547582534915591e+00 2.143438637068402208e+00 7.063331745102924941e+00
5.489306973595715178e+00 3.056588915853399868e+00 5.711063348764016112e+00
6.267379117075410733e+00 3.139749752876085154e+00 6.156226118741184195e+00
7.342395266931410092e+00 4.355635726940492169e+00 7.497143461315714852e+00
7.370375156590297294e+00 4.605691504516205903e+00 7.208551425874645702e+00
6.915056428711299219e+00 4.585068662499302228e+00 7.103071950970365478e+00
5.812408236858878752e+00 3.095147277862611901e+00 5.189414987674690671e+00
7.143260960790507319e-01 2.693839658648220503e-01 3.335683377398946714e+00
6.643557774618928491e+00 6.351806524100217288e+00 6.840078850759564233e+00
7.571579993341542192e+00 4.275047927773131917e+00 7.057323922055298127e+00
6.705070780996255309e+00 2.974980886475005804e+00 1.661920642942495530e+00
7.278160690018844470e+00 4.603032409332174169e+00 7.606759348923752384e+00
7.069501559202494789e+00 4.243546501164303208e+00 7.230637394349665570e+00
1.374929170275655643e+00 2.925944059682819898e+00 5.153343696180974209e-01
1.120563271508417280e+01 5.638433501669319448e+00 2.696908559893644863e+00
7.185732154422758811e+00 4.236875296804401891e+00 7.466090698423510474e+00
7.107761613556283109e+00 4.343010719420501431e+00 7.428361964229763359e+00
6.991369806151286781e+00 3.916469702519853602e+00 6.922328709165457283e+00
8.123919285444641147e+00 3.339681481798929319e+00 5.563817728405268781e+00
1.121289928929854796e+00 3.007364007663227312e+00 4.890982975059751325e+00
2.122658449055169871e+00 3.360606683908491377e+00 6.597197750950308581e+00
4.179675361013208246e+00 3.156249426227596189e+00 4.216674388243072613e+00
5.650561848208801585e+00 3.167530425953596573e+00 5.389606638635203950e+00
7.468595475547033402e+00 2.334169063620608053e+00 4.167703878596111799e+00
6.908966887950303004e+00 4.293337408301139746e+00 7.482297582670646818e+00
6.908197543518635797e+00 4.669458111755510288e+00 7.059992893428556293e+00
-5.190341055053961483e+00 7.499129074098513037e+00 6.511628544434254984e+00
4.073718052221971142e+00 3.378475239645592154e+00 6.414052248006019141e+00
5.249558370011728314e+00 3.187487557757533452e+00 5.832804176614585501e+00
3.919475586775941878e+00 3.884799490069851480e+00 1.975812594670882660e+00
4.528221328891959274e+00 4.137298351134225172e+00 3.816598258084091810e+00
7.328034034395368934e+00 9.341828553383053624e-01 5.874248245753033615e+00
8.694343619899214559e+00 5.840919501519905133e+00 5.009446367472964567e+00
1.852142895091585473e+00 3.265428362531507922e+00 6.325251983686455581e+00
5.040949890436859704e+00 3.249651617244341484e+00 5.923468499260614806e+00
5.067766039324013150e+00 3.342863764335450849e+00 3.689221515224419878e+00
6.085849489944027191e+00 3.645785395767257242e+00 6.180391967573751089e+00
6.625562988889969418e+00 3.456279051686197423e+00 6.340785186018418784e+00
7.163805397240302852e+00 4.174635947559792726e+00 7.535826675552684151e+00
7.397966885993848329e+00 4.479364143879277727e+00 6.949421034242332595e+00
7.238574987791373871e+00 4.300157436376336406e+00 7.462022337821955453e+00
9.669077383201148734e+00 2.470849252266376972e+00 7.971933891720677678e+00
7.136973685835673820e+00 4.284314157735348516e+00 7.290778174714501958e+00
6.808106279783784132e+00 4.716100312560493890e+00 7.199398714160503587e+00
8.266043034074250784e+00 3.308224854015953564e+00 1.230567002802458898e+00
1.158446598412902651e+00 3.374520335958198558e+00 6.739362747026962808e+00
4.259818176092217357e+00 3.363034926688602155e+00 4.826414697531392406e+00
7.935901399860031624e+00 3.829560819757674039e+00 4.218007929787519927e+00
1.409849937656635799e+00 2.416945294687443457e+00 2.748577648059209455e+00
5.515918517148395317e+00 3.477689354303493019e+00 4.943598026014020874e+00
1.065249604356123569e+01 4.671944117849170297e+00 5.537913978915313784e+00
6.950412991144135688e+00 4.235155881272245182e+00 7.116242309659023491e+00
7.009983609296236651e+00 4.235443652968557515e+00 7.246315621493934600e+00
8.545643083815205543e+00 3.250068863168054101e+00 4.499543999967475116e+00
1.879997494577485639e+01 8.500194216007646020e+00 -8.769563946693125445e+00
-1.114136718814727089e+00 -2.086141750790758920e+00 1.940017628064815369e+01
1.149526616811185509e+00 3.274510631998762022e+00 6.781995978835153593e+00
2.221570623688657431e+00 3.414196072492568845e+00 6.272958869173320906e+00
3.080898601409866266e+00 3.520064986011055552e+00 6.249356525063864964e+00
5.357570420730979777e+00 3.692532432093997397e+00 4.575747064664601460e+00
7.431772556207360658e+00 4.220282760116244702e+00 7.596518869939669294e+00
7.247117353651192140e+00 4.621164271356447806e+00 7.090485188971141994e+00
6.863547312429867375e+00 4.291918790191285638e+00 7.237966904632679999e+00
6.670087460700450777e+00 4.416291524007126768e+00 7.375196118047732341e+00
6.988676554024255694e+00 3.861824709934358779e+00 8.243766045819384658e+00
6.117477832349933919e+00 3.769978810116288770e+00 8.005646833253294403e+00
7.471389934279939027e+00 3.852971491933099735e+00 7.437418178467058993e+00
9.127369507728634090e+00 -3.834726361092083424e-01 3.820259641978370091e+00
5.505818623500935871e+00 3.412951784869055594e+00 2.022289195246341986e+00
6.088591405660832123e+00 3.661705821107454462e+00 6.180257845919511439e+00
8.210817335200138345e+00 3.230686021118876372e+00 5.765762595780127953e+00
6.367076851183179897e+00 3.580598533964195251e+00 3.352047902761717157e+00
7.326064671250765770e+00 4.209507988333059281e+00 7.534267935580791331e+00
7.447856808262788064e+00 4.271327831301941380e+00 7.493667488111970698e+00
7.399386290742681282e+00 3.993904716445700220e+00 6.763957590798554520e+00
6.903275063357690478e+00 4.610331219794115754e+00 7.428387261884969561e+00
7.168869144634944846e+00 4.326716094887009589e+00 7.340329283690249618e+00
6.945415207495504006e+00 4.160233325551347505e+00 7.310679606597608071e+00
6.866533140836326154e+00 3.930088959558413197e+00 7.371923696363410272e+00
-9.493545123412472364e+00 1.529903519104816390e+01 -4.888767686504111509e+01
5.403725026275273180e+00 3.694702363712630167e+00 4.578963962906843932e+00
7.101243925728827122e+00 4.184317217067883732e+00 7.094143294956696266e+00
7.043899840682222191e+00 4.201700507077125835e+00 7.241717953072512870e+00
7.116533494140417915e+00 3.934527114831404049e+00 7.345511109236689151e+00
7.092222534595459038e+00 4.296266767956877786e+00 7.405283621491182799e+00
1.029383598564432134e+01 2.188485042691826976e+00 -2.180882690101035415e+00
8.205900890859687991e+00 3.361889723846251510e+00 5.375230727000372077e+00
7.341821874753131638e+00 3.990839560246527640e+00 7.568725820116585012e+00
4.239937176068641733e+00 5.196930410513524556e+00 8.979461761913556828e+00
5.032642596776738309e+00 3.378861440877988898e+00 8.078354784236772446e+00
8.713582995146930799e+00 7.252145427561205615e+00 4.089347297203041798e+00
7.254844795714699757e+00 4.160970068333336158e+00 7.346295660808873862e+00
7.367707613488651219e+00 4.146847349793835846e+00 5.421380437882231007e+00
5.754636116526699041e+00 4.511274662991310080e+00 1.287502867942085416e+01
7.221035158926584430e+00 4.098399996883791196e+00 7.314156046592902527e+00
7.959151419730787325e+00 3.661203428325082498e+00 6.404350551913623235e+00
2.044705771897302515e+00 3.390766349991528372e+00 5.138763005766874947e+00
1.322261530772774663e+01 -8.191429526300510133e+00 5.769489893784484025e+01
2.930209211441908490e+00 3.696329707736382364e+00 5.306847347566958639e+00
5.469561429258058993e+00 3.509253673624654901e+00 3.198662843118724730e+00
2.241503945894772087e+00 -2.475609310495402227e+00 3.377914235704170043e+00
7.244319737412116211e+00 4.110779922937487285e+00 7.267154899764971532e+00
1.270935846963429583e+01 1.950446687098585041e+00 5.598702582861390553e+00
7.183862655929859287e+00 -4.374861228204165897e+00 -2.141948264761531107e+00
1.541522088267584190e+00 3.668467473807813128e+00 2.525312114369894889e+00
1.815968091291729980e+00 4.191396414356100664e+00 6.398297007974607098e+00
3.179950023779280599e+00 3.163439391844673487e+00 5.164970309743143417e+00
5.300705959699526737e+00 3.822326885312462785e+00 4.761685933306779361e+00
6.072992402746128171e+00 3.882543497740393867e+00 6.168667335549164576e+00
5.671371043166831605e+00 4.028415284305285837e+00 5.259005109085722829e+00
7.506661463854314320e+00 4.068628518016054407e+00 7.234844519775908367e+00
4.000374123700614071e+00 2.650690827370965064e-01 2.738047144468536587e+00
1.184571155878954585e+01 1.417063475871940881e+01 6.890515359029846465e+00
7.417718483017710085e+00 4.109399610145549886e+00 7.327402062737227162e+00
7.316610898801089391e+00 3.937982198263439315e+00 6.771059898984322700e+00
7.153447786379658169e+00 3.832288393760848955e+00 7.082460980070779399e+00
7.259912096963379469e+00 4.052115939718515136e+00 7.369098265994940888e+00
6.394646280023922991e+00 4.104538258915519044e+00 6.446593783422853718e+00
5.669149033351147615e+00 3.773414742982354131e+00 4.054301758607056883e+00
7.294069050725395797e+00 4.283905153500938923e+00 7.378146504109778903e+00
7.414787989778169219e+00 3.744980462792093512e+00 6.155781565898255536e+00
-4.600998914636386772e+00 1.187152889629146912e+01 1.251971628183659924e+01
1.144349673944389911e+00 3.781190488909149217e+00 3.947884581518282143e+00
2.654241003324295800e+00 3.909520208630662630e+00 6.446359906921568239e+00
5.273232474250225899e+00 3.894330479340643691e+00 4.746206823653142948e+00
5.284338980959263132e+00 3.630672358146831868e+00 3.195907576707952558e+00
9.571833271304951651e+00 4.332546100554482749e+00 2.552303045838834272e+00
9.145389842964295468e+00 1.015579393699105637e+01 5.350347344402576866e+00
2.092717477060910269e+00 -6.457570455989808167e+00 6.905918548694669923e+00
7.364965411886664093e+00 4.485992025245582937e+00 7.056358353685050488e+00
7.038237824239337748e+00 4.538010566652935118e+00 1.461403826582553078e+00
7.191917343472432833e+00 4.291536377090668708e+00 2.104021944616913942e+00
7.230399223952469256e+00 4.048396738264316674e+00 7.414218240564454554e+00
7.714389358744673686e+00 5.804880720732804811e+00 3.004643215657688771e+00
8.138799469407155485e+00 3.439151552613943785e+00 5.614288219557979964e+00
1.797843423934443630e+00 3.841694244280210668e+00 6.670633821587097501e+00
4.095235652717453156e+00 -3.772729323621881292e+00 9.843654199689351181e-01
7.091643048533791571e+00 3.910230701832979605e+00 7.252263350863766611e+00
3.740252034412568705e+00 9.728221620895848076e+00 5.594638515908357590e+00
6.802416848759790469e+00 1.941646509138606369e+00 1.101420680370693006e+01
4.272450635979633482e+00 6.947888893388348919e+00 4.630324101772936629e+00
7.078740530948188336e+00 4.521469499206865805e+00 7.433623472644400820e+00
-6.784929098985295060e-01 1.178769324898351556e+01 1.260037236594182808e+01
2.382784204486838586e+00 3.915080293214961316e+00 3.004959258443310244e+00
1.344904281303156868e+00 3.634447494986780214e+00 5.786353907039378797e+00
4.415565832082970488e+00 5.772409039206891634e+00 8.523485926069623630e+00
5.859578906367271856e+00 4.274619713296926804e+00 5.193681304600385573e+00
6.409074843227314133e+00 4.058877612620466202e+00 6.976434977168454843e+00
1.056321919845419188e+01 -1.651526262370763387e+00 1.044443115951366430e+01
7.122331552501589336e+00 4.328859767591112906e+00 7.347529594094435623e+00
7.029123727313864478e+00 3.718761714443957977e+00 7.211870385103175352e+00
7.192010889511054827e+00 4.199734154997694091e+00 6.830513623636379705e+00
1.502851832668778975e+00 4.087720606405957469e+00 7.065896593721785912e+00
5.031898517302512808e+00 4.242435986255341795e+00 6.021546002494542194e+00
7.005526584361893683e+00 2.884608925624170261e+00 2.862922185893078897e+00
7.362338540855089875e+00 3.955688436485800707e+00 7.528695716135732852e+00
7.140503148287775659e+00 4.406199489447522488e+00 6.912299069508087257e+00
1.117436656558981767e+01 1.614875771922170244e+00 1.222970991607498270e+01
7.017227092881309858e+00 4.144381342116135514e+00 7.174698812325939201e+00
5.686063494540579910e+00 4.244667319925881088e+00 2.020299225590338477e+00
1.065446395941268953e+01 9.413180150138806823e+00 6.780126472293325435e+00
7.002302893043865772e+00 4.559314094161143416e+00 1.590833129805694579e+00
6.822590265791601993e+00 4.616799256016965280e+00 1.088879619801014265e+01
7.607982839032025879e+00 4.040720127170065012e+00 4.746176082236258864e+00
7.166643754687495260e+00 4.565202836580094292e+00 2.586026075146276693e+00
7.145514447421676962e+00 3.940874547336239431e+00 7.125547484505371898e+00
7.741316156625485334e+00 4.531011943221565197e+00 1.107013723232119773e+00
6.912466115287816848e+00 4.262430985821247020e+00 7.379162011032558866e+00
6.849264858484177765e+00 4.255713568125273127e+00 7.160226638910243580e+00
6.996743243364720755e+00 4.211536637666217331e+00 7.231726370611724519e+00
3.736844940378631019e+00 4.667047027158290007e+00 7.520993862104980110e+00
5.374893217226385467e+00 3.934302257726382201e+00 4.085120868419107154e+00
5.712795219663014734e+00 4.324575384478023921e+00 5.790869650228097854e+00
4.732561066519195059e+00 4.658415214756978173e+00 3.778329229348333484e+00
5.768425609113061903e+00 4.241754432206974457e+00 5.178041614943653670e+00
8.020418480992749011e+00 3.153450495475492943e+00 8.333851001827495608e+00
6.485023049295929098e+00 5.887170491154479990e+00 6.010128238686720969e+00
6.971983881754949763e+00 4.459867865668827314e+00 1.652960103486140975e+00
5.994451142109755715e+00 3.697473826898572291e+00 1.245907469216405161e+01
1.772558258587364577e+01 2.291031574638640045e+00 1.118609720509294725e+01
7.733924059609774915e+00 4.154922736519876203e+00 7.913516593842674141e+00
7.558637218623271536e+00 4.268632284383648390e+00 7.932521295180512411e+00
7.008991751717092100e+00 4.203506747733079862e+00 7.289160759330201245e+00
7.198786751282750807e+00 3.850904579501144731e+00 7.432123347192755247e+00
6.417986122521790904e+00 4.167885684247610634e+00 3.826561372114584803e+00
8.381579081859268143e+00 5.053736625053112164e+00 3.470402444405881859e+00
3.990733030564779682e+00 -9.595820049383130268e-01 8.041057921064762581e+00
6.880867108866096871e+00 4.486277242335408921e+00 2.826181889051927687e+00
7.019050495889771923e+00 4.132111430573326416e+00 7.090444517926929535e+00
5.314528263253681217e+00 3.964584541439519327e+00 4.794600633925067967e+00
5.560926367715604002e+00 4.442267870951874364e+00 5.815079552742067115e+00
5.781895882992900582e+00 4.240146214562884097e+00 5.069569949727316782e+00
5.426940565542663464e+00 3.787910023810037607e+00 4.291332106673063862e+00
6.725513999256752307e+00 4.553694959354057659e+00 7.822391924942095898e+00
7.376285779474301307e+00 3.703003662498034032e+00 7.374791939433656296e+00
7.181090268175957192e+00 4.429508820668119462e+00 2.701020898752779509e+00
6.929384040524270816e+00 3.894699351622993966e+00 7.053289451978059788e+00
1.263028074832987624e+00 4.471912636413001962e+00 7.846910260586883012e+00
1.839250886461922363e+00 4.338998089072259923e+00 7.088989137742073510e+00
4.036423459862662710e+00 6.569040254241156340e+00 9.822780869248934010e+00
6.252696015057635393e+00 4.544652137737426933e+00 6.380631168771814465e+00
2.731061317374554598e+00 6.607302654218716320e+00 8.202073679237447124e+00
1.011162009560313280e+01 2.642754686004739284e+00 5.924973005950982419e+00
-2.787309402030945016e+00 5.483324634116328866e+00 2.228160089398783406e+00
1.030506452082540925e+01 4.518188956365217557e+00 -1.949866773485998017e+00
1.474103132409903871e+00 7.437899041616407025e+00 1.436625246433223779e+01
6.894966233633111230e+00 4.149394077471498576e+00 7.173770225435118775e+00
8.381618384444154302e+00 1.502889823425056903e+01 6.347739294292470191e+00
5.392126343030855473e+00 4.540590957083147750e+00 1.695823299923378435e+00
8.922143216960439105e+00 3.183999114488387683e+00 4.744620683709921849e+00
7.093898939593268338e+00 4.530724846483451529e+00 7.026746544339541600e+00
5.854388717203538484e+00 4.239429359413925624e+00 5.150135717574127803e+00
7.274246357306096478e+00 4.161468793845729763e+00 7.358508245805790438e+00
7.140958016946068909e+00 4.093622003002683307e+00 7.199229550636434993e+00
5.461369451906245231e+00 4.629918966016572490e+00 4.217085327621165725e+00
1.469180900514986376e+01 1.357435743827925201e+00 -1.197491213480649908e+00
7.618256102283208264e+00 3.307329858427670466e+00 7.359498274292505471e+00
7.787662326038013560e+00 4.254846144945205744e+00 7.210781128433373155e+00
1.837240178559944592e+00 4.672728082968059304e+00 5.261322749317594472e+00
7.396134367878587135e+00 4.103385000935162452e+00 7.615964091386338453e+00
5.935224200970528941e+00 6.767883695976382175e-01 1.937934034283171769e+01
7.297508480092618655e+00 4.685326240782157647e+00 1.900466566078105934e+00
7.656958047026096281e+00 4.347316009311420260e+00 7.830838497006988419e+00
-2.539749628588959585e+00 -5.773282819539970134e+00 7.554851956759265796e+00
4.628717216682974644e+00 4.356756480761954542e+00 4.402483436624132551e+00
4.998125949871910834e+00 4.672986686285883984e+00 6.199439571385783054e+00
7.294019305231850936e+00 3.802831772813834554e+00 7.085438683734624377e+00
7.223545636415831694e+00 4.419900609180857920e+00 2.769127086746141497e+00
7.580136788108752910e+00 4.295775749614414885e+00 7.191796638119171803e+00
3.597490864799544497e+00 4.917921337451730324e+00 7.565417732528528560e+00
6.740200226637261594e+00 5.006829847142605594e+00 7.664126647292292205e+00
7.452735064009007537e+00 4.301435755397053029e+00 7.470404517464910299e+00
7.139727745972338724e+00 4.190474737020876361e+00 7.227402930124025460e+00
7.076461067553079687e+00 4.630508174533485288e+00 3.515586440722641814e+00
8.168707187384701029e+00 7.837350498196061999e+00 -3.008005637734354920e+00
7.235490397541004981e+00 4.291794451998300453e+00 6.009465500430390961e+00
8.408651886856553404e+00 4.742859638020703095e+00 1.119413875566672711e+00
7.697978206338049745e+00 5.440695567846612235e+00 6.412901196837982987e+00
7.574467853494390113e+00 4.170842366102609056e+00 7.340945095478149440e+00
6.174331397072476690e+00 4.749099540275274478e+00 6.403389895498368567e+00
7.102767735870421539e+00 4.195756232812815512e+00 7.221676107755945040e+00
6.995196310998196054e+00 5.319686276023076310e+00 1.541934664718156878e+00
6.998444124939989130e+00 5.263143337965981772e+00 1.632792844415984490e+00
6.780014715963838867e+00 4.494142171156943810e+00 7.063763262988545399e+00
7.269666694917658489e+00 3.743222065820017264e+00 7.124090235645272884e+00
7.204675877995356359e+00 4.826513079715552657e+00 4.605043757558487272e+00
6.836557304474922603e+00 3.923663493283658710e+00 6.826539020802865565e+00
7.029940012608694389e+00 3.867375255925522559e+00 6.927263745554188112e+00
2.929510568333760556e+00 5.020571475704733722e+00 7.769754034421904265e+00
5.874076998235528535e+00 4.772241409279369684e+00 5.690983109347031998e+00
5.717014980182881345e+00 7.310173716898542118e+00 6.448170045350559931e+00
6.810691170176454534e+00 5.115864715696823772e+00 8.021663669956286213e+00
7.614943927897825482e+00 3.784279030877395478e+00 6.814587310908530426e+00
4.932335263770261768e+00 4.191438928124909147e+00 3.983456709193965661e+00
7.239906964312713633e+00 4.072800614581949752e+00 7.063121626405433062e+00
7.198337263853447077e+00 4.166290037946293268e+00 7.237349826627742289e+00
6.800693656579062107e+00 4.085665921446149262e+00 6.836349342322462164e+00
7.900671597367308507e+00 4.940885430339799100e+00 7.578852321509176093e+00
7.060345143172868987e+00 5.326396831733456239e+00 1.608924952780099726e+00
7.220047813499737899e+00 4.314338261895125370e+00 7.321415306562347070e+00
7.329365288555106162e+00 3.523532310029430015e+00 6.354936397681754556e+00
2.254954166835558382e+00 4.811485516257386408e+00 4.394575184463845652e+00
3.354526768703116169e+00 5.215672916746156851e+00 8.258427144593770919e+00
5.530647181374424015e+00 4.746258483167845377e+00 5.778110224445065057e+00
5.771851367712978131e+00 5.103770121749864330e+00 1.149414669740735695e+00
6.718058168963894516e+00 4.911321344322372440e+00 7.184669668693236311e+00
7.336449729060038338e-01 5.330178538190020632e+00 6.059070331825243017e+00
3.374264320555772301e+00 5.245290933306534953e+00 7.067326877704912746e+00
5.833099031313932592e+00 4.829996652487476894e+00 5.886607159291183500e+00
5.981593527643797259e+00 4.905819319973729442e+00 6.227247904719203753e+00
5.683960832702383392e+00 4.752053531753036353e+00 4.360557216742479092e+00
6.715458297935701815e+00 4.898469711358555578e+00 7.027040115958804734e+00
6.929067719039144535e+00 4.509211330048849220e+00 6.547647610478250613e+00
7.340747402507735941e+00 4.036160920888731241e+00 7.444346820346019022e+00
6.585558201613649132e+00 4.649907176840495815e+00 7.905360635723512885e+00
1.009097561400345100e+01 4.130367147874733913e-01 -1.738168640071206528e-01
6.571162549989739254e+00 4.617499001857845897e+00 7.058284138793192497e+00
5.412394806931229319e+00 5.641797601251199445e+00 8.138393810950496743e+00
5.885564458161092638e+00 2.481637601747920918e+00 4.929136942432375434e+00
6.285805692545091361e+00 5.346950171418843212e+00 8.135149723319342385e+00
8.714262181917842298e+00 5.880332679156848208e+00 4.607385343956601487e-01
6.322090446807182573e+00 4.954506793006036247e+00 7.321687124286349047e+00
7.020795194656612281e+00 5.269530819916838027e+00 5.286664807629847473e+00
7.026812829176009245e+00 5.362214318150321901e+00 1.449682046126678614e+00
7.082649628659826391e+00 3.844848339082210131e+00 7.444534241872784008e+00
5.742983205445071349e+00 4.887353571967956611e+00 5.534375362299112311e+00
1.536030642158582893e+01 -1.250231364448826277e+01 -1.237192187779818298e+01
-2.244041504678838450e+00 2.286712288913972557e+01 2.709599554663506638e+01
7.213092485492230921e+00 3.897331963235288299e+00 6.720291511177048704e+00
7.259104272816882641e+00 4.003043447887487005e+00 7.315772401826291294e+00
6.773212525243867965e+00 4.488077309451981023e+00 7.042383190623089817e+00
-1.936569943212431610e+01 1.462369498957770730e+01 -1.814678874070699832e+00
7.362213302768416234e+00 4.049932862707749770e+00 7.071804322542091015e+00
4.634593632657250772e+00 1.010815667904750725e+01 2.750102007911040758e+00
5.834966050872576027e+00 6.150210198686741236e+00 7.824478573308048190e+00
5.851314961725975650e+00 6.306333610340420393e+00 7.909482747131754365e+00
6.109051613518973411e+00 5.126448268951667941e+00 5.017277979857606596e+00
7.256426473533823085e+00 4.021112527584530305e+00 7.105186785679416417e+00
5.582905959346319058e+00 5.780401248865898900e+00 8.449379445349762818e+00
5.919458082841517310e+00 5.047780326534336837e+00 5.978779776480293684e+00
6.610019377934062135e+00 5.092807763421768996e+00 7.083639897253821260e+00
6.932982073382552457e+00 4.064597444707045426e+00 8.583238713041751566e+00
7.503718476203147247e+00 5.507552006035831837e+00 1.530755928749357064e+00
3.350287532858975936e+01 -3.996265032200890577e+00 4.835367280586501337e+00
7.318880597665671672e+00 5.494047079308534975e+00 7.903810099146395096e+00
6.795508389282132633e+00 4.523550526196910226e+00 7.170389967682385901e+00
7.018493415267398561e+00 3.930822861019569459e+00 7.382180298828748377e+00
6.965633605408722673e+00 4.252419836323682034e+00 7.380654486266399417e+00
7.732036328870744768e+00 4.680865580183142249e+00 8.141605799278190503e+00
1.606647249214313566e+00 5.251290720216941210e+00 5.801045934591527953e+00
3.387100501098434080e+00 5.295660103327142210e+00 7.076406427148966394e+00
5.569101337845562050e+00 6.608361651311503771e+00 7.732570237073735697e+00
5.812041671193020065e+00 5.188523435730470368e+00 4.973281235378955500e+00
6.220804378825380176e+00 3.517204808668403793e+00 6.783912666179262807e+00
6.898792714817117755e+00 5.262403922148322089e+00 1.475749495289493840e+00
6.829476694727869557e+00 5.340121864960079456e+00 1.492915174084044283e+00
1.668777844664348198e+00 5.493889828462171110e+00 6.549823558211855357e+00
5.542938227626799552e+00 5.260654438272651667e+00 3.630344814433851042e+00
5.564539294869634389e+00 6.081270534445462062e+00 7.757986854767574769e+00
6.087525022266149222e+00 5.733074818527370553e+00 7.859201615284742815e+00
7.130356196114914269e+01 -4.464299774985506986e+01 6.265554337793322759e+01
6.886919650218853661e+00 6.137429088760679718e+00 9.829490110155790106e+00
6.750090367542787462e+00 5.186763545330747682e+00 1.838289665139441365e+00
6.818782382391594510e+00 5.261547348970019300e+00 1.369861552155520634e+00
7.208345721129774120e+00 4.135230060294987631e+00 7.197413008152494740e+00
4.241743092066425191e+00 5.729675410692371962e+00 7.612394684162619996e+00
4.710766495631932393e+00 5.513656574677550992e+00 6.352118045349461894e+00
6.316934256479495247e+00 5.420552516966816725e+00 7.117375463196820462e+00
-5.771565287831025159e+01 5.626379951686124059e+01 -6.066374038101484700e+01
7.129013315959044306e+00 4.260053136700475918e+00 7.342689775555442111e+00
7.619177785987691465e+00 6.561955236225014865e+00 4.298657309342846844e+00
6.836141254442184234e+00 5.254730132241340002e+00 1.344434346768594857e+00
6.773116287761613563e+00 5.777076058641981149e+00 5.346575137529862687e+00
-3.925467917065811108e+00 1.597708303978584432e+01 6.652783047217525336e+00
5.961544631427953433e+00 4.291907260535800184e+00 7.199161779385033100e+00
3.179357994960742673e+00 5.522351023771683742e+00 7.177378116968935018e+00
5.721631268129552694e+00 4.728771670190932142e+00 7.189902309053493923e+00
6.112422733170947531e+00 5.772888339253961831e+00 5.974265976157296265e+00
6.424939675644353976e+00 5.685382856534161533e+00 5.935757169594435112e+00
6.366704619422905331e+00 5.845216463328853251e+00 5.672823860136169571e+00
8.412234498550716921e+00 5.636126731387166799e+00 1.201180807711077048e+00
1.497597110237099116e+01 -4.060071772657537714e+00 1.001056124758023635e+01
6.365787799917258738e+00 6.040299505260685820e+00 1.364566125220368686e+00
6.554837644733637170e+00 5.281013303261094194e+00 7.007670763690255988e+00
6.710064649544350779e+00 5.622621494170906509e+00 1.522609393594253291e+00
6.726455372770759666e+00 7.217537534067090199e+00 8.512723545470235464e-01
9.861075555953803473e+00 9.048548473784933321e+00 -1.580526808098245972e-01
6.796019506172420677e+00 5.917844213499432016e+00 5.297363260588198841e+00
7.393698519031183025e+00 4.028722491688386143e+00 7.950912538146153175e+00
6.500842998303724585e+00 4.840103775768468175e+00 6.781590791244841654e+00
1.302746217305723597e+00 5.762763950409453884e+00 6.598985828116351371e+00
3.578613855309821012e+00 6.005973756644760186e+00 8.572070533927869107e+00
5.807078827214961159e+00 5.954066054131848418e+00 7.685233777349200324e+00
6.700377319672142562e+00 7.429983755353279484e+00 9.150162578390190760e+00
3.337729774176276365e+00 2.196716243649127875e+00 2.815946871681858088e+00
6.953827228919330139e+00 5.943731050115471426e+00 5.292492509256398137e+00
7.604805816506824634e+00 7.750417483838773158e+00 5.341170505105159449e+00
6.062412885716553568e+00 6.249892622442292378e+00 5.009067027539192196e+00
7.416025224146501671e+00 5.766394575620655161e+00 3.788788928243155940e+00
3.456982864391605403e+00 4.119817297097831954e+00 1.055983934152023451e+01
6.577586095080937056e+00 4.008918173102065552e+00 2.968639616356945066e+00
5.627084451224535044e+00 6.029645557020803182e+00 6.367174305970924486e+00
7.774727119923324103e+00 1.187199086773370382e+01 6.748287754758115042e+00
5.509423364583655669e+00 4.515545568206212224e+00 6.651642148736357285e+00
6.230654644975869516e+00 5.693730090502222119e+00 7.537078554358153326e+00
7.056363833761461812e+00 5.462917414773122537e+00 1.641740908362735674e+00
6.914056862700259209e+00 5.790954686825959818e+00 5.052119961874895537e+00
8.652292193756841998e-01 6.271353783756829614e+00 5.154756537392684024e-01
6.849343773400243585e+00 5.940107023109227669e+00 5.409559691301942586e+00
7.930159121846132031e+00 5.812125057013778573e+00 3.807494833305751669e+00
6.551710312860969054e+00 5.287380366401944087e+00 7.401271260628480064e+00
7.118608025555801078e+00 5.286470957215881228e+00 7.016616352444154714e+00
8.270275588958762469e+00 6.139909380734366984e+00 2.356602360778186522e+00
6.423344910931035656e+00 6.622867373757027387e+00 1.375641305734081943e+00
6.046452657133881914e+00 6.357479100725469401e+00 6.944124521323967514e+00
6.118607390171256988e+00 5.781118787006655602e+00 7.974782658717007422e+00
6.185128169639353857e+00 5.929010789828772943e+00 7.911548164716434073e+00
6.423482428081825901e+00 6.023816245246750078e+00 5.603976735090319572e+00
6.743711302582982015e+00 5.783200018389893060e+00 5.041454218974757318e+00
3.896903305990690569e+00 6.397187225902795760e+00 8.301734474833623034e-01
6.228527553149570295e+00 6.214080092742135797e+00 6.353140266700743943e+00
6.294887605416249698e+00 1.014439427159651430e+01 5.739021248399380326e+00
1.209419840891846398e+00 6.430228068559154408e+00 7.974974017175302521e+00
5.771124711239060900e+00 6.554660934119563187e+00 7.677538307171928977e+00
6.056054301047230304e+00 6.577712143407159040e+00 7.759033028033870849e+00
4.525630653159221417e+00 1.574036259093719026e-01 4.596546789920218146e+00
6.120265080317832229e+00 7.602340217065657768e+00 5.677432287911479136e+00
6.171907261098948716e+00 6.074519127148473530e+00 6.046316563277892797e+00
6.696715361648475806e+00 1.862048855297449457e+00 7.258934470891899693e+00
6.265338252731524449e+00 6.261692749310759254e+00 6.326039269953525945e+00
7.093687374407792845e+00 5.511691678425249208e+00 6.912692541636655363e+00
5.468140816755765243e+00 6.640653440697555254e+00 6.628004725656523988e+00
6.399114111970894747e+00 5.973952316087787651e+00 6.814903924250016232e+00
5.818346382743017742e+00 6.451767471281672606e+00 7.618029319781451036e+00
6.312151655428476893e+00 6.326925660127574069e+00 6.665336954510063805e+00
5.227059710614827992e+00 7.540753939040927278e+00 8.836869268468372951e+00
6.271552907318407755e+00 6.560490753677272302e+00 1.645500471400865861e+00
6.074137673483265942e+00 4.168172800636931186e+00 7.776149178614581992e+00
7.390476083682627539e+00 4.932082489192637809e+00 4.019341590686405397e+00
5.535893843784865709e+00 7.252973808983096404e+00 7.422570389819837189e+00
6.134253522405772152e+00 6.716487672636528572e+00 1.343988476100806295e+00
6.213506976027707296e+00 4.813966610623401365e+00 6.887026763694843012e+00
5.554317659387558948e+00 8.521962886537894022e+00 8.453921829751022798e+00
4.427845372514588540e+00 7.876296692355499118e+00 4.015258586021572818e+00
6.317686593725795774e+00 6.025838361848682823e+00 5.407753122631261178e+00
5.531499255477428711e+00 7.249279021067372319e+00 7.488295623915519172e+00
6.370817836460147987e+00 6.804763011326572908e+00 1.301782535401409202e+00
6.011128265664225090e+00 6.421053301452849027e+00 6.120400565490482947e+00
6.478469439690973886e+00 6.277878402384525103e+00 5.048796054659497656e+00
6.271617556913817282e+00 6.140904351103387171e+00 5.166848873896370264e+00
8.904941502618765270e+00 6.631073995607232874e+00 1.572542765207826543e+00
1.519653586043174354e+00 6.679505767424653406e+00 6.296439977262480170e+00
5.367549930622189436e+00 6.801550997591699677e+00 7.480638659433287430e+00
6.065661102390426329e+00 6.528694826091756553e+00 6.182130437574603121e+00
5.887406410317770344e+00 6.669028356205054742e+00 7.530410244246802165e+00
6.206595302138409487e+00 6.282221351167220469e+00 5.092607249752173715e+00
6.317953951326552797e+00 6.183775743312579287e+00 6.426521168211472457e+00
5.432616366030107002e+00 5.670973801055015251e+00 7.679257072736080048e+00
5.373799278540145608e+00 5.882226180957400352e+00 5.788013810928667624e+00
6.353795657574714539e+00 6.411969078461356553e+00 5.574778494696689179e+00
-6.109938140763780723e+01 6.399069964676775157e+01 6.496312943335276202e+01
1.927716425912586296e+00 6.834780581539031452e+00 7.511307536892681824e+00
3.011765221430090733e+00 7.032312106675244756e+00 8.467439381367881879e+00
5.411009307198010099e+00 7.069944571383910414e+00 6.960844515106660246e+00
6.959794288215446656e+00 6.855347424599617767e+00 9.760733415287129233e+00
6.867774988720044327e+00 6.465793907017377329e+00 4.359062568713501840e+00
7.503009388733076435e+01 -5.104551711217450105e+01 -4.944295282180014794e+01
9.387056392533082994e-01 6.952070108743455989e+00 8.793145748586439936e+00
5.600037824002527920e+00 7.175159744469424616e+00 7.415333951698880099e+00
6.024892209073856364e+00 6.895807167379704339e+00 6.852696961298850198e+00
2.809461188111983532e+00 7.267134549555489542e+00 6.188854438393164514e+00
6.087280444009857128e+00 6.608009341097957901e+00 5.978376507524364669e+00
8.779771956904587782e+00 6.122142253538974010e+00 9.169312465421516123e+00
5.770272532766330897e+00 6.804733136899852042e+00 7.653704612745844571e+00
5.715525852934866258e+00 5.934837128028336295e+00 7.774809010845462609e+00
6.455768914372231215e+00 6.083646659212729624e+00 5.545252502976179443e+00
5.885178527681491190e+00 6.209839099754714375e+00 6.428725706600327605e+00
8.650466502704123428e+00 6.793163448694262918e+00 2.346919177809511314e+00
5.527377838837089108e+00 7.488189879934807003e+00 7.257724844071319126e+00
5.343976123598245920e+00 6.738727480383380097e+00 4.605801862151154502e+00
4.044402412325144525e+00 8.095927807449738722e+00 1.848150841975916281e+00
5.580793863395729915e+00 6.637249656709323986e+00 7.556698669657428979e+00
8.077528207733866594e+00 5.292957714358955457e+00 -1.521506369011103477e+00
5.647434560562222927e+00 6.084740380120523540e+00 6.891424004706054873e+00
5.775036668768988690e+00 6.138616963684270011e+00 7.216387909626698516e+00
1.485598396723804893e+00 7.053997162941595178e+00 8.585560246418255659e+00
3.857231978085849722e+00 6.194651623506866045e+00 7.337352768824894511e+00
4.918397616333233024e+00 7.256114810197214382e+00 1.732829211096357014e+00
5.228613167501970693e+00 7.149289255289861700e+00 1.106574797915030217e+00
5.279499232383205509e+00 7.798293035466418388e+00 7.085598689026245012e+00
7.520958000870738402e+00 5.707108323455594601e+00 1.036721158392162501e+00
6.503221575812623279e+00 6.668814156831581741e+00 1.557160992511618325e+00
5.417191129461493837e+00 1.089924097474806075e+01 8.924475670261063698e+00
6.078624647929467884e+00 5.847813577750373248e+00 5.636934972000075206e+00
6.057105600885518193e+00 6.382260997708794292e+00 7.025572893655248841e+00
5.536998815800263429e+00 7.529247544666900716e+00 7.154396970346276419e+00
5.394645463995850321e+00 6.983973731413097852e+00 7.358675370280288064e+00
5.647293787211753902e+00 7.205066828431366588e+00 7.590608276793663123e+00
6.030703391606921038e+00 6.702613109667722391e+00 5.744594416173976370e+00
5.312116757029127889e+00 6.992113699417373596e+00 7.283521273294727649e+00
6.159336092973676458e+00 2.614330938547684724e+00 7.652538571593664685e+00
4.409280604853737628e+00 -2.165976136848201783e+00 1.580531484643268314e+01
6.206360615618765619e-01 7.341808143083284222e+00 6.119040834112312588e-01
2.437318390795729428e+00 7.080319555022851929e+00 8.440675269659159596e+00
5.481670426040205157e+00 7.654016174226659253e+00 7.301910197773186617e+00
5.799535174033120022e+00 7.067558496817648361e+00 7.672571623700415344e+00
8.734359545485906651e+00 1.678969738434736314e+01 -1.434611175418994833e+01
6.107300193127431776e+00 6.530172886753620176e+00 1.371262567994306902e+00
6.137504535929481086e+00 6.868177631606235956e+00 1.478202123973628712e+00
6.834734491755795283e+00 6.678357531222641974e+00 6.268473260146054216e+00
5.938840901917695092e+00 7.078587724986613594e+00 7.740989267506785509e+00
8.917224435216475342e+00 5.810403515197433144e+00 4.562125114963277994e+00
6.101716281398097408e+00 7.285140523681084446e+00 3.385991238112621815e+00
5.834790562184964280e+00 6.723117779351031942e+00 5.782403552293144067e+00
6.183208122961387332e+00 6.611925897671900643e+00 5.015457828366963078e+00
1.881420912971175419e+00 7.255706167685048946e+00 7.968282680541104668e+00
4.439835350587757468e+00 8.113249153976752837e+00 6.626866743044839136e-01
5.528273026290388081e+00 7.358248365143076342e+00 6.611755635399347852e+00
5.475643951147828759e+00 6.986211185589760397e+00 6.857244201545628748e+00
5.640754046651274223e+00 7.733075135624260632e+00 7.102677789646622664e+00
7.602439296498362253e-01 8.668831412697951322e+00 1.211424482724346952e+01
5.725687425929447016e+00 6.306211175047058859e+00 6.482400866211326829e+00
5.693169988350387456e+00 6.500421224918138563e+00 7.729709933683160727e+00
6.736519601641116850e+00 6.960025244861570037e+00 4.510700447162544258e+00
2.595615329161894991e+01 1.011217173106281209e+01 -3.096226687331437688e+01
5.171280838899664722e+00 8.574717995597659126e+00 5.172524412890702195e+00
8.302603366401939411e-01 9.293859496205868709e+00 1.144461608712404477e+01
5.451752957183213510e+00 7.424943306005049592e+00 6.678029321901002291e+00
1.281497610636210105e+01 6.563594967252108781e+00 -2.518080877183480393e+00
5.384305282714443308e+00 7.138672936201251318e+00 7.059010337949979785e+00
5.363617458476150901e+00 7.498644634397401809e+00 1.096861934107843606e+00
5.588812522152185380e+00 7.691644498803805519e+00 2.048202572158595913e+00
5.948272490849150884e+00 6.784668717802407656e+00 5.885330987394251423e+00
5.325279198881812448e+00 7.011038787263896843e+00 7.882202422795058894e+00
5.945296443688926402e+00 7.204598285553410975e+00 6.585457762159552253e+00
5.782721242726275968e+00 7.181490962636312148e+00 8.098210495246123131e+00
7.062985966614267141e+00 1.095882033445930404e+01 6.875530644677850134e+00
7.665128079451777321e-01 7.911323270800511231e+00 2.481348410764458556e+00
8.031431000209639848e+00 5.151755991882613017e+00 4.145645007236684165e+00
5.431030366068180903e+00 7.389444812420056685e+00 7.322399409132932746e+00
5.409159541304322083e+00 6.870356588961151090e+00 7.049226085470140291e+00
-2.072054018459061009e+00 8.457489077846556569e+00 1.544053514439732844e+01
4.984970636057235893e+00 7.230090196520264634e+00 7.694166014324187230e+00
5.257570559667334997e+00 7.661790708817429518e+00 8.199273250395988200e+00
5.665643713674834991e+00 7.057084972645039755e+00 7.947733591535127928e+00
6.681585258571893782e+00 6.758552945925481836e+00 6.503263967227148612e+00
7.141483193227724513e+00 2.156055384287122734e-01 1.201491743484542951e+01
-1.686264009395258157e+01 5.077965992088428138e+00 4.668649155991727184e+01
4.432400040661909735e+00 7.542515965683820767e+00 1.493105301870152335e+00
5.866364090131297893e+00 6.279116596928417948e+00 8.555591067073878619e+00
5.229613730766707214e+00 7.410526380789994150e+00 6.964160167558593351e+00
4.444228427162375539e+00 7.620052014697121123e+00 8.097776615880775353e+00
4.433358129129551628e+00 7.415199268523711140e+00 2.598872340825008287e+00
4.962270113558469475e+00 7.547528072948912481e+00 7.968153590343060699e+00
5.532635058164558473e+00 7.331529733136129323e+00 6.679534285058259968e+00
5.370382669437104184e+00 7.274813975016826362e+00 7.213005836739821319e+00
7.545803806200561326e+01 5.985438958913636043e+01 -1.106067112528072300e+02
5.229762517959880341e+00 3.213935060740952920e+00 8.497968529050323738e+00
6.972648013343659690e-01 8.370014482815840040e+00 7.746563741566291128e+00
1.246526373787185671e+00 7.838309280234966536e+00 6.608463251626961465e+00
1.735850345214568602e+00 7.771095702012381423e+00 6.483887673035406252e+00
1.815019752650228524e+00 7.762376269671351636e+00 6.532952231596779846e+00
5.286312904459737005e+00 7.449812589955135067e+00 7.224063037909393969e+00
5.282488917653573424e+00 7.119470676795915054e+00 7.625101001916100074e+00
6.143804249756572133e+00 8.156585332341245831e+00 2.361861412815600580e+00
-6.329445736391035382e+01 -4.380977154270633633e+01 1.235150786179797535e+02
5.625709322070992613e+00 6.841420213531939964e+00 6.622742100527250209e+00
6.466666386542087253e+00 7.827096402232674777e+00 3.631446066072459011e+00
6.474565120518394501e+00 8.136103280242778624e+00 2.680591661442723428e+00
8.670253845036929974e+00 7.606040447144616579e+00 7.183061320308387288e+00
-2.174667536569008242e+00 1.549193123857889454e+01 6.627968512562832260e+00
3.099918592825827268e+00 7.996630660449486783e+00 6.808470830696822240e-01
3.650442104630215567e+00 7.817906506450382764e+00 8.688714498707037492e+00
5.179016511452068983e+00 6.953100951938703034e+00 7.131779450770730833e+00
6.082922471921051510e+00 8.016080257791664110e+00 2.483071882539882314e+00
6.047914832524233120e+00 7.887735501050300968e+00 1.670560571010599293e+00
5.755412391325561927e+00 7.093947077572188675e+00 8.178721292954088895e+00
1.436392507200946245e+00 7.397604290905036351e+00 5.465578122634758174e+00
2.878987855241661009e+00 8.037664667274398766e+00 5.935854364769928004e-01
5.479499849572760262e+00 7.511510893130276756e+00 7.391629273750974782e+00
5.341163513798532492e+00 7.016233866030368915e+00 7.560674509437268043e+00
5.358620964344201099e+00 7.166625920851812381e+00 7.339511616048866927e+00
5.043591952635583908e+00 7.259456285655520702e+00 6.626921350043186720e+00
9.040546745547983321e+00 7.989324446462681806e+00 3.242990148124332173e+00
5.394751592718864508e+00 7.359323326225869266e+00 7.496414502917926548e+00
8.463754048219000126e+00 7.709775763740166710e+00 7.007008337425277844e+00
1.513142875533693088e+00 8.069049523323277739e+00 8.583755829089398048e+00
5.560273498036313100e+00 7.547398960322698969e+00 5.826390400825691707e+00
7.355924745233537454e-01 8.486796024921376969e+00 2.952707670331391920e+00
4.776115118801079085e+00 7.700772446597870413e+00 8.263741153826586583e+00
5.418380742843896591e+00 7.526897750503179552e+00 6.852686847804773329e+00
6.788931450349158681e+00 1.032133231644278482e+01 7.244286115157446915e+00
5.348945397704573779e+00 6.978937101192535408e+00 7.642031459251816372e+00
8.133097822220442197e+00 1.423347999774448525e+01 4.383000134264296577e+00
5.580774175134209258e+00 7.422004495279178826e+00 7.135052230218882130e+00
5.464368950148620563e+00 7.140312028921311338e+00 6.761951209072053715e+00
5.427933748299563099e+00 8.043540756288141580e+00 6.934020800865145162e+00
4.579642196585592018e+00 4.829391841159701215e+00 8.149056934233325222e+00
6.896720210358187941e+00 9.109055886583988126e+00 2.614588381154885788e+00
7.657145198435127975e-01 8.595766670564234602e+00 2.890851688338551551e+00
4.400511983591060883e+00 8.296792135068450591e+00 2.636619561943256862e+00
3.157463962980324723e+00 8.235291723516734663e+00 3.968667857065197424e+00
5.594557349471492635e+00 7.069826580971223962e+00 7.400528643812338103e+00
4.462337385232504339e+00 7.384432071369056771e+00 6.877450310299293434e+00
7.351953497121873404e+00 8.130406252215786722e+00 4.069199645948930133e+00
7.049414117668363566e+00 8.610353934419411104e+00 2.711246847544376948e+00
7.510917350425213357e+00 8.243627427807858510e+00 3.907749500682493160e+00
3.243742892787699006e+00 8.187991384664812244e+00 6.251710741923074188e+00
1.295006274400850899e+01 8.976510690825989514e+00 4.372392569586057043e+00
4.758423134030427271e+00 7.822240591338667670e+00 8.059722678755262493e+00
6.107956419453435259e+00 8.617960814779351608e+00 2.226492658327322349e+00
6.414634011878181497e+00 8.351226020919307658e+00 2.625034016397753245e+00
6.506582870600149171e+00 8.043762652798177371e+00 3.458534642641847956e+00
4.718872800630983022e+00 2.664022467308546638e+00 6.499176656276771380e-03
-3.332137560547189459e+00 -5.970766907971852788e+01 1.077792854829840508e+01
5.394898913798609641e+00 6.349712293647760575e+00 7.625465008215405405e+00
5.911145082936076101e+00 7.904529859045622331e+00 5.218983147305757520e+00
5.437244676245281738e+00 7.585188613644465505e+00 7.186854135434055380e+00
5.804989021425875251e+00 7.857203170059751329e+00 7.344634547032743654e+00
6.873282281544181416e+00 8.769893827898860295e+00 2.490307264264154163e+00
5.136524818427999683e+00 7.598501863009945012e+00 7.256000868476647270e+00
5.204051979254927573e+00 8.631691625352324593e+00 1.951199082037625265e+00
5.043867083834518539e+00 7.404066766838216296e+00 7.328734689146759962e+00
5.660718323160963017e+00 7.923895334087605491e+00 8.406531997076411855e+00
5.627273630669964888e+00 1.079238226381353272e+01 5.048061369707863122e+00
8.204518586775929379e+00 7.144588459790126578e+00 1.605708043057784362e+00
5.816443144763245421e+00 1.014601781803219538e+01 3.248290124250171385e+00
-1.095036515339040673e+00 1.037865538167532442e+01 3.034633897410840664e+00
2.783079657249817984e+00 7.132731692322886730e+00 3.661379907212394702e+00
5.237565462591719623e+00 7.618951201542113694e+00 7.684826103698517485e+00
-3.156302494143578663e+00 8.176279581740075741e+00 -1.461302237144993299e+00
5.181332048950354263e+00 7.639837127164904373e+00 7.651414457038109518e+00
7.017767636320801472e+00 5.943310702035351056e+00 -5.811931644070866820e-01
7.262394928110802894e+00 8.110513025324987524e+00 7.338604228909068716e+00
8.822096276900195377e+00 8.628871427509736236e+00 1.760205380597063662e+00
2.158911809130433568e+01 7.689907503800932886e+01 -3.414048287218389266e+00
3.343210159800794834e+00 8.595922842111841433e+00 3.665088391279557989e+00
5.653485504629868430e+00 8.436765266429679500e+00 4.511456661856426464e+00
5.111197929360956849e+00 7.881272739334002964e+00 7.105705690007753539e+00
5.252518815239630712e+00 7.972356394236960853e+00 7.223329542170128903e+00
5.666251692273601925e+00 8.660021046299979375e+00 1.577945752151705960e+00
5.369722066339630118e+00 7.577370631560187419e+00 6.809872091417306095e+00
5.504317505919097187e+00 7.746081340618516720e+00 7.824771537344473060e+00
6.470212593672107992e+00 5.545299722271151310e+00 8.711623235463269666e+00
6.482937203962535477e+00 8.509332388287061733e+00 2.498894943041207739e+00
5.023621343551898377e+00 7.065211269326191257e+00 7.401672644941285739e+00
6.568490278188808595e+00 6.483518790389375397e+00 1.493662247237908414e+00
2.377413639865401862e+01 4.925887584188600954e+00 2.387997430523200748e+01
4.669833397982925405e+00 8.189975600744531903e+00 6.364018157235782347e+00
5.313553132221557895e+00 7.318240755149286514e+00 6.918892251252033887e+00
3.060042072419586034e+00 1.184601696982634067e+01 8.555897343935756183e+00
5.092066349340777620e+00 1.087662427731624781e+01 8.354421840350974904e+00
1.169136713084574453e+01 1.327406723115842446e+01 1.845145652260323565e+00
-9.453715095898305165e+00 1.274258287675916890e+01 -1.936810795593817858e+01
8.152068730962286125e+00 8.364629706764503680e+00 7.388549816674919057e+00
4.727603806396471597e+00 8.206125233364346627e+00 6.350825422678877175e+00
4.901276705071754947e+00 8.621688415394507032e+00 2.403834276950629345e+00
5.648027679141630841e+00 8.661868942008661421e+00 1.585329543608207548e+00
6.486956292510922317e+00 8.505207280687434590e+00 2.279226749461319201e+00
1.529090220711506731e+01 1.075755565016858384e+01 -3.443191593591242050e+00
-3.839371127705209386e+00 6.002228847535729273e+00 1.642229595293169808e+01
7.374138639051619037e+00 1.135905497290240618e+01 4.188655537646836180e+00
6.988703439143846730e+00 8.763516093564879483e+00 2.783583203391532201e+00
7.486410380260835495e+00 8.390629638438049653e+00 4.264411030850416395e+00
6.273232052117668767e-01 9.035472894211752148e+00 2.597587274366153220e+00
4.636860990983122655e+00 8.703181446338311034e+00 1.309550484353278144e+00
6.581394783652402936e+00 8.548559828045842579e+00 2.583223746824047318e+00
7.585683248872150841e+00 3.632816542152029982e+00 6.950383225297139589e+00
2.178028543656066773e+01 -2.389149100299791684e+01 2.061768934511010087e+01
6.186249266948490089e+00 8.370270520872987063e+00 4.477701520056504236e+00
6.398264675365126664e+00 8.920479524769934443e+00 7.321725121484824683e+00
2.004192024632851066e+00 -5.546148818546339232e-01 9.464030062461048942e+00
9.062184021121771238e+00 8.697025393069759858e+00 6.336369890511062586e+00
4.926880079683511049e+00 1.471643302123569796e+01 4.380272214984795909e+00
3.781082246199976460e+00 8.696042490723939977e+00 8.979453646347206330e+00
4.124737250790521337e+00 8.690756067535916785e+00 5.068435175217518740e+00
4.922391542532817077e+00 8.283338721110343528e+00 7.277008245130289765e+00
3.157676527335445371e+01 1.053290501307809990e+01 2.468794642454319188e+01
5.644620536450732473e+00 8.798216123288050028e+00 2.191251595078325121e+00
-1.101521455863617938e+01 4.181565907769138590e+01 -9.234910506548633435e+00
6.272666724165058660e+00 8.554339871509696991e+00 2.328406929609605935e+00
1.383766311792359094e+00 3.640375050798504653e+00 7.805508803291906439e+00
1.245713099289954506e+01 1.773301865677428779e+01 -4.904841127408701595e+00
-2.276311402938726047e+01 7.065328123113697956e+00 -9.838898022079069605e+00
7.320473230281645982e+00 8.487665850025527092e+00 2.584442176914536926e+00
6.790855867368049026e+00 8.405698166218309453e+00 2.419478711991096098e+00
7.585118085143468747e+00 8.660766070391165528e+00 3.120657902951782692e+00
5.212436945788711640e+00 9.375205085629294999e+00 8.099930491770020780e+00
5.484419817484927684e+00 8.560364007437417655e+00 1.621627016479569416e+00
5.374672215720667445e+00 8.784161003646117294e+00 4.423280737801286833e+00
5.166167193352021236e+00 8.207755025587783138e+00 9.392362847715363117e-01
5.745220449433539045e+00 8.310222280608609680e+00 1.975584949134197910e+00
7.291192590697283649e+00 8.397896934618463760e+00 2.791902013287894224e+00
-2.711213725910610162e+00 3.377850099608905587e+00 2.039733815455288202e+00
4.919063963208897050e+00 8.140340976025790098e+00 7.542477495176008517e+00
4.491045001942684856e+00 8.683669329129777736e+00 8.873662877195988230e+00
5.218641430594014530e+00 8.654004624670623258e+00 5.199755554563543214e+00
6.452452997529618983e+00 8.215933605222698333e+00 7.206227730547881904e+00
6.834741725583120875e+00 8.614743651617748910e+00 3.600433556219767794e+00
7.145725740441421614e+00 8.545142403081197102e+00 2.609407332205933461e+00
2.424286175366115792e+00 1.452003577809117019e+01 -1.168129753470038112e+00
4.053765304462269015e+00 8.774554490968165865e+00 7.054916607912980808e+00
7.627344462764998667e+00 9.415512655538847753e+00 1.094605579647798521e+01
2.440556831284739658e+00 7.100242795530636641e+00 3.949884208238390038e+00
5.431100724679899017e+00 8.079706167484467016e+00 6.548053833386701328e+00
6.048902443613447311e+00 8.930277393201766500e+00 1.117291517864948514e+00
6.162204497988421181e+00 8.459010995565012792e+00 5.734722420944841303e+00
7.906283241630720937e+00 8.930342246730583966e+00 3.536989318107698566e+00
5.901490462300158502e-01 9.227835790299740992e+00 2.638618034202674156e+00
5.051221531594253911e+00 8.842947760098329724e+00 2.001519156617063810e+00
6.401241720059138274e+00 8.136122886747193306e+00 2.399896888833937592e+00
6.475645192561017005e+00 8.496253405114693180e+00 2.255224266377106268e+00
1.220249953414716160e+01 3.963538653689919755e+00 6.841330573883039001e+00
7.527383779316524581e+00 8.947949460665352461e+00 3.232227974758292710e+00
8.118439710180057389e+00 9.059216328403795870e+00 8.161342126424464993e+00
4.145198459693936854e+00 1.327053757237819376e+01 1.264994643007204189e+01
3.275135638858439169e+00 9.155950982203032495e+00 5.002324769401590210e+00
4.799947157679431697e+00 6.772250625178779515e+00 6.714599192208486222e+00
5.413564795516927930e+00 8.807131069881711127e+00 4.182464732825978082e+00
6.138407954755924045e+00 8.216053433967202224e+00 7.453530689245224217e+00
7.313210742002917542e+00 9.053899077484611979e+00 2.032357900924878003e+00
6.465000695450156876e+00 7.694151954091440260e+00 2.286808303828685052e+00
8.062751311872501603e+00 9.116677185435897002e+00 2.789959847129160231e+00
-2.644484726976169764e+00 5.709046971642578683e+00 1.750625923617774582e-01
2.453453266215670503e+00 9.374495065316954978e+00 9.097538602964267085e+00
4.347315299247433096e+00 8.610022932871521206e+00 7.117593565835875324e+00
4.751763056057013657e+00 8.457814416843655536e+00 6.838343707834556362e+00
4.885339461046979359e+00 8.842081699974460918e+00 5.250605582998475462e+00
5.243957457939546707e+00 8.763239125348242453e+00 5.160161034308598182e+00
5.220840700308291282e+00 8.779723143010137676e+00 5.076174664065454145e+00
5.208029265795262930e+00 8.233173080204803540e+00 7.248768740656743148e+00
5.628708463363497394e+00 8.306417561122277249e+00 7.679718383298565598e+00
7.280235777941944875e+00 8.876841630105019476e+00 2.434263929988290887e+00
2.817201836125184045e+00 4.214716862602037040e+00 4.618404920465167152e+00
