3.009750991613709292e+00 1.007175758001785493e+00 6.820643288111015501e+00
4.105874996667791876e+00 1.365283304727476388e+00 5.254258199671709484e+00
6.036788316272265753e+00 1.529121889022806879e+00 2.211608272501756289e+00
5.635150534048717574e+00 3.047523420731556243e+00 4.897795678600106228e+00
6.100279216253932546e+00 1.113889735382892709e+00 1.987192035012148583e+00
6.915786467809226679e+00 1.711781951450806805e+00 4.290649765438566909e+00
7.033568813558392030e+00 1.582195801692803272e+00 4.004928955804409441e+00
4.956422996735446063e+00 1.797965718446394412e+00 6.623231622504405891e+00
4.864664948600491812e+00 1.264103033994644187e+00 7.922748518998329104e+00
5.869717068776962421e+00 2.698908388061109775e+00 5.414545108355905079e+00
6.182838041515001493e+00 1.221849248786593733e+00 2.006863508524587836e+00
5.728536478021281297e+00 1.857353027657630662e+00 3.596477280774811991e+00
6.818787182448820872e+00 1.608988824531467632e+00 3.873568810108733551e+00
7.510228645077662080e+00 2.115825945944080466e+00 5.581918826348520213e+00
8.179902047225251494e+00 1.992071274474332299e+00 6.548760612438417894e+00
8.269840252464151220e+00 1.913210957133131496e+00 7.014873273083228611e+00
3.860604387403252957e+00 1.333329796415773982e+00 4.455378707062012111e+00
4.485857613162061774e+00 1.656824768802471759e+00 6.418684656689714885e+00
5.706974561875018281e+00 2.315759459327142888e+00 4.984496754797120843e+00
5.831003751985875283e+00 1.164953389467117795e+00 2.041720536087259230e+00
5.697705269355727076e+00 2.852873422595046726e+00 5.673366596170586362e+00
5.822168474953362427e+00 3.112691532362241720e+00 5.757894266522081139e+00
6.400816499240939983e+00 9.702213824921599450e-01 1.276335652041680424e+00
6.421169296368767654e+00 2.407394492861193669e+00 6.526330567830692431e+00
7.619797622607626053e+00 1.796411460303773300e+00 2.459046325065620042e+00
6.396752849980382294e+00 1.694927270573588274e+00 2.571902831990933613e+00
4.561311330710283052e+00 2.081307536286120197e+00 1.494136138861937413e+00
5.844095810328724383e+00 5.422522674502826545e-01 2.325062539070987366e+00
5.873767050126941669e+00 2.694453421938706406e+00 5.178627121632510821e+00
6.519576946054357336e+00 1.445671264258446609e+00 3.215289887969992932e+00
7.274399266395876751e+00 1.284754812479647290e+00 3.052713714516587018e+00
7.051691560098049649e+00 1.505329342295751438e+00 3.147731530523160348e+00
7.359853423741657075e+00 2.274859196658246763e+00 5.680077916769664448e+00
8.663303900115902678e+00 1.029936283806263564e+00 2.074775837622894858e+00
4.840263754515551575e+00 2.004739505668202249e+00 5.928144666369137283e+00
6.092284367046062243e+00 2.125195446992318438e+00 3.293984150933798372e+00
7.619833219736225516e+00 3.244194293778341454e+00 3.430258166808252351e+00
5.910209174754767147e+00 1.988929821570807110e+00 3.243813789614721443e+00
7.628244556383448227e+00 1.440225165069070279e+00 2.576241649251497456e+00
1.098769732068823934e+01 8.759506919294514082e-01 6.789626611008189982e+00
-3.533931565742273850e+00 7.001643640268088831e+00 7.543274046764220309e+00
5.585733651272796862e+00 -2.672609080946780277e-02 2.206102967076117860e+00
6.026279568247229435e+00 1.612606746285381476e+00 8.302622819783183061e+00
6.886369856185459604e+00 1.617256708197378767e+00 3.121805739297082827e+00
4.963261665885672969e+00 2.970065986083409548e+00 4.706869655631748195e+00
5.500817735274293518e+00 -4.991765360269743823e+00 -1.433098158316409965e+00
6.017759802726271090e+00 1.832345998948729626e+00 8.522831883116555929e+00
5.858251927055208697e+00 2.639607407023147889e+00 5.643137997415637486e+00
5.784184997722238819e+00 2.650307610607485653e+00 5.205590073621579883e+00
6.130855260161820475e+00 1.434930207719991246e+00 2.728448357892910181e+00
8.087510791726938209e+00 2.437480330192793421e+00 7.039899827529762177e+00
4.412085030391027729e+00 1.733995054628961752e+00 6.440787389159157605e+00
4.602976155329532304e+00 1.302033307010005858e+00 1.893851713652781932e+00
5.948075577930641344e+00 2.861530374944992072e+00 5.637573688461191779e+00
5.905173139656128001e+00 1.658452055581439044e+00 8.358933558686361565e+00
6.078857387067363227e+00 2.479838286336778275e+00 3.856612236384097780e+00
6.018221207353200874e+00 3.282744741199387306e+00 6.131119645904102633e+00
5.996856784647033756e+00 2.846898224977924663e+00 5.918454712054092681e+00
7.050710350398117221e+00 2.734198453341067925e+00 5.811228498354582328e+00
6.782286944743219692e+00 1.037878862819133996e+00 3.410475299550223216e+00
4.833117141601810829e+00 5.017928516542030648e-01 2.096232758442730493e+00
-7.242668552817662864e+00 1.124150053915519898e+01 1.802172428587685005e+01
5.961998065583489215e+00 2.632257843857806812e+00 5.258701211392577513e+00
8.090337763729809950e+00 2.102455212207701596e+00 6.664267752578979298e+00
8.820127406353437394e+00 1.465819851660156381e+00 3.212035057825366025e+00
1.924959970118810304e+01 -7.608493081253914880e+00 -8.127042431433862291e+00
1.060411576637385522e+01 -4.047090816069741637e-01 -2.080646183626326806e-01
6.513991572030485955e+00 1.825680817157401936e+00 8.287698518667287573e+00
-4.255250421871117794e+01 -4.144294913926287194e+01 -1.313236183821339331e+01
8.076632242902185510e+00 1.821821534011276222e+00 3.937806258703698159e+00
2.149091336803284680e+00 1.825761940505321590e+00 5.795307715860170461e+00
6.863655408389917056e+00 3.612865485458880421e+00 1.831386124768983326e+00
6.129606359749474542e+00 2.747903987030300144e+00 5.971427570610789104e+00
5.950315514019213659e+00 2.986169341205486827e+00 5.871407706362144374e+00
4.617218776164631500e+00 2.956178378925017114e+00 5.619616344867695901e+00
5.924926570849330609e+00 2.834736001884658130e+00 5.333662835402807723e+00
5.785665798326990128e+00 2.833888927310477701e+00 5.784432989164861816e+00
2.056879957317436336e+00 3.895168318563727361e+00 7.246991805909300588e+00
6.315225494341103030e+00 2.036381938990614149e+00 8.387897608196521304e+00
8.119944825624877183e+00 2.290699041352316723e+00 6.959267491224697899e+00
6.661784011211117296e+00 1.844573783172962944e+00 6.102832126843073191e+00
6.059812167654538229e+00 2.514222055997983762e+00 4.847696024614182697e+00
5.865339066244878552e+00 3.312177180686537437e+00 5.909674123906981436e+00
5.775013880845007996e+00 2.397597805247889902e+00 5.200155771864414689e+00
5.865753270142267439e+01 4.451587604642875817e+01 2.772425204122661668e+01
7.596585758549547762e+00 1.811915129929342338e+00 3.822325629279688108e+00
4.098826446172697757e+00 3.445514281398232015e+00 5.005095629703181004e+00
7.983967770922278717e+00 2.357318772006549157e+00 5.227952354441482541e+00
6.292167305104086950e+00 2.802204094939479084e+00 5.663049111862167528e+00
5.908584738021326999e+00 2.773922623548578326e+00 5.663560633229963059e+00
7.345482131554879501e+00 4.338972345661449737e+00 -4.332984565777288077e-01
7.038905475436939341e+00 3.541705178226830508e+00 6.689051845040082434e+00
7.941194472562424167e+00 2.493433944593875129e+00 7.076934719019908115e+00
5.627443189431069470e+00 2.494003433048186835e+00 5.733959313090561061e+00
6.085324068018199917e+00 2.631685372241358678e+00 5.834949276088984504e+00
9.985941197474080155e+00 2.705809047971314829e-01 9.904483789676486793e+00
7.254246343344657788e+00 4.602795360357507803e+00 8.001970149847560165e+00
5.081527390085515350e+00 2.085643074820578313e+00 3.013740256013419661e+00
4.523392409092898525e+00 1.284131237351842092e+00 6.669822725657745366e+00
1.265413855981936120e+00 4.649994649601543628e+00 1.402197262474284223e+00
5.917321232299545208e+00 2.559290327985279223e+00 7.684927521278999585e+00
5.904360294382636098e+00 2.460673954928565887e+00 3.996462908767918876e+00
6.196835781829777900e+00 1.730825257489375879e+00 2.612377093913443638e+00
6.428325448607420611e+00 3.311925030494528244e+00 6.392589026990345147e+00
7.095228822629988663e+00 3.669683020815699415e+00 6.530437449473832423e+00
7.821934413308504475e+00 1.654531420106428063e+00 2.499364329394654138e+00
8.419319176987674069e+00 1.949947602173008665e+00 4.234094112478457461e+00
5.873075765619907074e+00 2.513424402431290616e+00 5.572496225480797705e+00
8.179720089105122938e+00 -7.830621688873546926e-01 3.195545803891431280e+00
2.481246150485500124e+00 1.921151748872281795e+00 8.661806134367136423e+00
6.024883283773537102e+00 2.692600373810968506e+00 6.118316827167987526e+00
5.834504422617378339e+00 2.587324236404654698e+00 5.657800466408086315e+00
1.213378329832171509e+01 1.148128813703506168e+00 5.768436858785850774e+00
8.048450117172034624e+00 2.526912705943770376e+00 7.068972617905551203e+00
6.001309285049462261e+00 2.557726735572848131e+00 5.595730208981170684e+00
7.799535801066873830e+00 1.790003383797144965e+00 1.315912397751350493e+00
1.089124786749689600e+00 2.125086313584984676e+00 4.225536554312824933e+00
3.909352102064149292e+00 5.548942807542339928e+00 1.004952564743513399e+01
6.210144766929813542e+00 1.931500761543425870e+00 2.189724116346065230e+00
6.382151956521348701e+00 3.388857958030848216e+00 6.329852345902178712e+00
6.322390411923317188e+00 3.398153021320363898e+00 6.254488685137568282e+00
2.358345314404073356e+00 1.316040080374115684e+00 1.160112549186151654e+01
1.082148208302991144e+01 3.174373468649584584e+00 -4.238862755755627987e+00
6.446544048053089782e+00 2.088948009672574546e+00 4.258577270946150684e+00
7.321278678028374287e+00 3.212111184087432569e+00 6.831317607210785070e+00
7.130421398498967278e+00 3.572100316549627230e+00 6.772008114292914271e+00
7.936040552341520282e+00 2.495868354795122812e+00 7.106209849810905865e+00
6.317120466317720506e+00 2.666358792483587870e+00 5.564514802644422886e+00
5.500333037131478697e+00 2.917591147859148748e+00 3.716138478513056231e+00
7.916237407570397622e+00 -1.082950832423351883e+00 -2.574461107681424998e+00
5.791636476678763579e+00 2.642187311704878638e+00 5.594190495717535683e+00
6.598072334744433221e+00 3.283512084064037495e+00 6.163382463527979027e+00
6.263037327618951267e+00 3.259429327687942468e+00 6.038253014983229860e+00
6.311781001392283486e+00 3.314287053609260347e+00 6.413588163004153131e+00
6.983306676944597946e+00 4.293190587162523997e+00 6.570812496846478723e+00
6.737022738584993675e+00 4.672648098259688965e+00 7.270926045271190574e+00
7.996098377697210324e+00 2.353229969413951128e+00 5.231533198452877009e+00
6.461478638881793302e+00 2.136484711861758257e+00 4.864436048067631191e+00
5.702877907402681856e+00 2.721697313224737957e+00 3.875045217125874686e+00
5.147909983152264779e+00 3.567491043953686436e+00 5.275031449275252804e+00
6.994892699140500270e+00 2.845044900151230571e+00 2.078622997526638372e+00
7.618282001833852846e+00 2.038215134774431725e+00 2.006322683583321442e+00
6.312173879875635052e+00 2.802464048749866432e+00 5.609066949995517248e+00
5.532572855274291435e+00 2.863547638563122000e+00 3.957662712271195815e+00
5.794087075658884700e+00 2.499624632835697469e+00 5.743442454087267279e+00
6.637390467951808759e+00 2.801138915252245898e+00 5.458611695681772069e+00
7.036743346685783607e+00 3.411536122629160950e+00 6.061213728659403444e+00
1.763667369424676501e+00 2.778321541241754566e+00 5.130829570442216436e+00
6.196860008615844961e+00 2.777825896301192810e+00 5.369403924464856814e+00
5.774255327847665598e+00 2.822315323336598514e+00 3.936052054821121082e+00
4.419013035908871068e+00 2.005887509926304269e+00 6.202686179042967929e+00
5.151842390681894202e+00 3.588921162753195837e+00 5.891477619529815080e+00
5.290903383828330142e+00 8.249557760048563892e+00 7.261536206277250383e-01
1.082220825068695724e+01 1.529601414036580920e+01 -1.275067041483084296e+01
6.465573272545714900e+00 3.457608048980539195e+00 6.400234193456045162e+00
7.495044034612160289e+00 3.241962647594740066e+00 5.714243249490637666e+00
2.196056937428708977e+01 9.713488555360260790e+00 -2.915530823275301486e+01
-3.999646011232014242e+00 -5.232227780432257447e+00 4.583675208763583697e+01
6.524957951397964528e+00 -4.026962698560690335e+00 6.330200909880000282e+00
1.829835219257229806e-01 -1.045088423279091749e+01 2.098662637755091254e+01
2.129603624835002051e+01 2.687093126965586265e+01 -2.800820316883505967e+01
7.790803919255667509e+00 2.976577252910257876e+00 7.181237988000141570e+00
7.756148037035044851e+00 2.861472695476236616e+00 5.604346096150721657e+00
5.848451858248595592e+00 3.078373218845602999e+00 5.877155821047428397e+00
2.029612331383488311e+01 -1.070395000463622637e+01 1.042053667627563307e+01
-9.587134491943501757e+00 1.557250449883416721e+01 -3.915799392284441183e+00
5.798892879957579183e+00 2.757813499581316385e+00 5.579055940711217687e+00
1.093613524748453081e+01 1.499883025911017409e+00 8.240040556596442300e+00
6.783608534357844277e+00 2.687358749291192339e+00 4.302329089805361662e+00
6.815986227700207678e+00 4.541683839309372139e+00 6.954940494087884062e+00
6.334524782651220320e+00 4.738809122567564813e+00 7.515264085828992080e+00
2.484847625380751435e+00 3.365798914086916671e+00 6.326573202737368007e+00
6.124434806076028082e+00 2.414038734616660076e+00 3.891242043198606115e+00
5.764181282610739920e+00 2.652503083090078206e+00 4.969574172333913964e+00
6.072462046647354228e+00 2.857714652807817224e+00 3.096013082567676822e+00
-5.356292010801340098e-01 -1.237591537233193151e+01 6.732045597288371930e+00
-3.715631720289020556e+00 -2.222991418718297751e+01 3.485389365639679937e+01
1.445355697329038902e+00 2.763273404167962077e+00 5.376918693066474297e+00
1.849243465376612994e+00 2.817525483289661903e+00 5.072672721125504935e+00
5.778376086668678191e+00 2.573738512889712560e+00 1.581688176810278623e+00
2.632432409842288656e+00 5.492624817973281282e+00 4.271332566786892215e+00
6.959759254537440043e+00 3.527875034089702488e+00 6.323827946809345235e+00
2.144076645061150810e+00 2.956262235014650575e+00 5.124697471968794105e+00
6.755741485731732610e+00 3.284101896597374726e+00 6.371237058488582683e+00
1.500477505122255906e+01 1.866061529155708953e+01 5.357435310927609606e+00
-1.959364772535211019e+00 -3.641847189760298420e+00 -4.472277950238677136e+00
6.339023300337356837e+00 3.278218639252457045e+00 6.415910203068122541e+00
6.518682302318014266e+00 3.404472393967743926e+00 6.422971591655943335e+00
5.211808391197827461e+00 2.510290331548377107e+00 3.656573541505837799e+00
5.526781796951922843e+00 2.828133887561644411e+00 5.571186169110937669e+00
7.273961419187132904e+00 4.988716432571333570e+00 6.984688191321042794e+00
6.297801237590807233e+00 3.346550875999938501e+00 6.127595968063475951e+00
6.515412557827817253e+00 4.289291548210131921e+00 6.961652722242598124e+00
7.039521190888864410e+00 3.192215115693311844e+00 6.115709110248825908e+00
6.472524610268134637e+00 5.380011079976050326e+00 7.174005180601950471e+00
7.589128719343571916e+00 3.215620748009245133e+00 5.786610795126520657e+00
7.559873165294318298e+00 3.312508127701774718e+00 5.639919289227723453e+00
1.516211853159244782e+00 3.250492010210338290e+00 6.548046847237223744e+00
5.273818030969900761e+00 -1.719303857279162795e+00 3.558586479092332056e+00
6.518053912224189617e+00 2.995203062969888919e+00 2.318237900179183963e+00
6.936810647443444111e+00 3.496024910574976996e+00 6.149676580675915716e+00
-3.013143140347126714e+00 4.813571260117774031e+00 9.460660890779257759e-01
3.203862700351407078e+00 4.139409918804042299e+00 5.190456161029158189e+00
2.373885115405687696e+00 2.825392373112951550e+00 2.968255648295588855e+00
5.016194265008749653e+00 3.151561226741980803e+00 3.635965261035235763e+00
5.873637806633992042e+00 3.209884623943510817e+00 5.630108109779091485e+00
6.216874326375238624e+00 2.821302039771698134e+00 3.231306037803071352e+00
5.728698961386574418e+00 1.179047617633016021e+00 7.396626057154779055e+00
6.950190336951820314e+00 9.016651464540110794e+00 9.706861865467239170e+00
1.683938779252259765e+00 2.671205853847614442e+00 7.386892665048691242e+00
3.429430271911619421e+00 3.146801987231946818e+00 4.356972683615998321e+00
4.915030371783471352e+00 3.016277430635403434e+00 3.776907955733073585e+00
5.992827183820298664e+00 3.193797996770173508e+00 5.898368434235358393e+00
7.090891773061947845e+00 4.668607969598578933e+00 7.778032235559952490e+00
7.078564459935674513e+00 4.757296767479346933e+00 7.476555962602259520e+00
7.519093206459462664e+00 2.395597012573656315e+00 6.647626585056592319e+00
5.860395291535585471e+00 3.274706519986633424e+00 5.603723922753486519e+00
6.286871838395860834e+00 3.405534960285368840e+00 6.269509060921130583e+00
7.170466827197605753e+00 5.016100487624691517e+00 7.925404379030719149e+00
6.620391811867181175e+00 4.335806449449077782e+00 6.965696350788117996e+00
6.527890787352816915e+00 5.245432953165193091e+00 6.917100684110083719e+00
5.794732523869084773e+00 3.242674786271789067e+00 5.805792893945445066e+00
-1.351818078646112031e+00 -6.879163976080453491e-01 3.721014951966585382e+00
6.618522872788217271e+00 8.099821157929428139e+00 7.814058003657191165e+00
7.501660325109570593e+00 4.875868250816569827e+00 7.431493286537540044e+00
6.616815041857934787e+00 3.066147805331902454e+00 2.262478109003859039e+00
7.358239066973815135e+00 4.813553902004814589e+00 7.296255082132230285e+00
6.974548195691838259e+00 4.071253360236291030e+00 7.318129989449587924e+00
1.578366316862601870e+00 2.994663291573294472e+00 7.419333036272677262e-01
1.319049254681964989e+01 6.802453651963760173e+00 2.842762989664509021e+00
6.845311933201067234e+00 4.960424544126049717e+00 7.399479467040990244e+00
7.394424814772186494e+00 4.259026970816353952e+00 7.662307505548671571e+00
6.762226316660756353e+00 4.564807903673061773e+00 7.051236527337902515e+00
7.312130380011980790e+00 3.592912738339726353e+00 5.939624888139926284e+00
1.620478933263502785e+00 3.071480412846530506e+00 5.015832751400253642e+00
2.639726863385269073e+00 3.559376792384616017e+00 6.433054332807707887e+00
4.700174559834520593e+00 3.325173047547746563e+00 4.513439706573404209e+00
5.869746184857604909e+00 3.222225681756585747e+00 5.653821397241554081e+00
7.778778853979293473e+00 2.277131808725737283e+00 5.018145669734912495e+00
6.513569224234823096e+00 3.750331854041682789e+00 6.099169208346104654e+00
6.481028553498905609e+00 4.562019327645050026e+00 6.782122903936751435e+00
-7.591761964019106301e+00 9.122693749090032611e+00 7.139484886205358372e+00
4.612545841048500073e+00 3.605163420148694620e+00 6.188369864744494464e+00
5.892608698976300019e+00 3.225104406042493821e+00 5.629323077772475870e+00
3.630852703200404541e+00 4.176276111112712464e+00 2.225290011044509964e+00
3.321253361521748992e+00 4.641525081209247006e+00 3.281186836542555163e+00
6.587175211422568566e+00 3.174409322225901775e-01 6.217489716735883576e+00
8.411047666978042514e+00 6.946956013797145779e+00 5.074486148875861247e+00
2.283675541196040548e+00 3.441664487135379424e+00 6.087424552017588475e+00
5.880895663041210142e+00 3.283191257425349452e+00 5.732209608907357534e+00
5.410923648986930345e+00 3.489112617677397221e+00 4.153139000266843794e+00
6.593305795329345464e+00 4.000207318899498432e+00 6.297979639025200527e+00
6.664076388139122287e+00 3.865025421421572016e+00 6.774471851788106846e+00
7.935327348168408790e+00 5.419382858801290226e+00 7.411018301526528518e+00
6.634742230071442926e+00 4.305681918274339104e+00 6.716517214887504750e+00
5.972161734435324831e+00 4.152161525973090406e+00 7.058979086565888572e+00
1.043831360252648111e+01 2.301281395643369976e+00 9.102472171987098903e+00
6.733002068475073543e+00 4.274808998972954299e+00 6.493818845411540863e+00
6.342200978788035570e+00 5.410121194522105270e+00 6.924964002521177164e+00
7.972125600705727066e+00 3.439579162166257031e+00 1.588396348402163039e+00
1.637988436513043267e+00 3.520550765060841414e+00 6.469900820048833268e+00
4.833669527952130451e+00 3.506940519345953078e+00 5.003744169540345510e+00
9.019781763875592162e+00 4.111230006872080622e+00 4.833796608777902293e+00
7.556209304062719845e-01 2.283639552416919294e+00 2.800719180845011369e+00
5.748541746468437630e+00 3.744430946939585780e+00 5.243019632064150670e+00
1.387593830399488226e+01 5.559214693633194315e+00 4.000528403426851121e+00
6.037687336213750200e+00 4.341225399542997465e+00 6.790085779619815298e+00
5.838614016075638347e+00 4.884927041819747018e+00 6.512490541886515771e+00
7.978705711025270375e+00 3.347878894597070776e+00 4.899493578575674135e+00
2.127788819897618566e+01 1.000418454207383334e+01 -1.263321672820117314e+01
-4.101460292033353383e+00 -3.464125785600598029e+00 2.324626694865673215e+01
1.675014233727417867e+00 3.325657321273081557e+00 6.719128108462722793e+00
2.582420001085866001e+00 3.513606422709208310e+00 6.290818423079443278e+00
3.434924166110270072e+00 3.709345352576692179e+00 6.128257017897080772e+00
5.824324102507521417e+00 3.936728614141699278e+00 5.166534328819074595e+00
6.795633835217095076e+00 4.496753732872040388e+00 7.234990642230152424e+00
6.532769868791720391e+00 4.667818737058298417e+00 6.980565397074695255e+00
6.821421408973865397e+00 4.261169059031496786e+00 5.809977938498311900e+00
6.582365708011533201e+00 4.529629549994931281e+00 6.658580782626513539e+00
6.372710154218774292e+00 4.620592083267154315e+00 8.472661953995054063e+00
5.245318019699706014e+00 4.141389761911362655e+00 8.227406483836961826e+00
6.125399838375514605e+00 4.817059890992958060e+00 6.734817038024599967e+00
1.203278066481070852e+01 -1.549317892368387017e+00 3.482967735873724990e+00
5.684909104176661288e+00 3.523122922048489869e+00 2.572695007262443045e+00
6.597233359734664404e+00 4.005199071909633979e+00 6.290823157740183191e+00
7.710594616204257790e+00 3.391923133987487571e+00 6.142009605599151101e+00
6.213284860139030030e+00 3.695516243640411869e+00 3.836302349323844840e+00
6.523842863644381040e+00 4.792363488016852635e+00 7.213141625424350778e+00
6.534292671097359673e+00 3.928645338372735552e+00 6.281360158211287015e+00
6.581089926959370118e+00 4.531030814878759472e+00 7.187236957773983193e+00
6.430847312122364379e+00 4.743005972122141145e+00 6.781592092127453952e+00
6.943359771936959746e+00 4.262287069485338975e+00 6.793440431896567766e+00
7.218231343761082996e+00 4.364764641800523037e+00 6.597775776592236241e+00
6.813651130755971508e+00 4.986961093196713435e+00 7.582259405700632726e+00
-1.296879240322642524e+01 1.903021248308861857e+01 -6.567197832013997072e+01
5.795184445257563155e+00 4.000932491126753199e+00 5.035197889633403534e+00
6.487984005378194752e+00 4.421586943047079998e+00 7.170018934078838058e+00
6.313428228397965469e+00 4.588449283371355492e+00 7.040240871215139862e+00
6.842538426963923115e+00 5.111769603581007182e+00 7.621906702805924638e+00
7.100668571589391576e+00 4.776654694655057654e+00 7.310262107491865891e+00
1.062339235154153982e+01 1.865104049727016822e+00 -4.214044449213942833e+00
7.410582350532216367e+00 3.211124696711915139e+00 5.792822977502260606e+00
6.016820540379937299e+00 4.722210946036596191e+00 6.516480889143318578e+00
2.682074475484625964e+00 5.735230652163795462e+00 9.222132769022861609e+00
3.218993347139495143e+00 3.137004047840063592e+00 8.795828090223089646e+00
9.040406605390503003e+00 8.174617015979258383e+00 4.537899814738188375e+00
6.863874175562086677e+00 4.031115600094126172e+00 6.618874293240338602e+00
6.765099822219779568e+00 4.437460552806649972e+00 5.369050851735941876e+00
4.839443577309692657e+00 4.866790176574756543e+00 1.487245738426455333e+01
5.964960432743913188e+00 4.851945414333878936e+00 6.612283195375937339e+00
6.837642953203957319e+00 3.900298437005403684e+00 6.719971712404054998e+00
2.490307891833952514e+00 3.384723042355362921e+00 5.274622393039602564e+00
1.693399923221313941e+01 -1.188929840791983494e+01 7.462193575400299039e+01
3.270790884260889708e+00 3.779702415233281432e+00 5.466805663731769904e+00
5.761509732718151255e+00 3.445021489498393485e+00 3.703680665890469292e+00
1.150691056479759666e+00 -4.405906441909955618e+00 3.300874833757758697e+00
6.934658542756695354e+00 4.161370722213606044e+00 6.944800319060234983e+00
1.351881143875038305e+01 1.495054226425314603e+00 5.037636650034340136e+00
1.099023539866360544e+01 -9.089487894541795399e+00 -6.410234427345042008e+00
1.883363681824720581e+00 3.699340129426005319e+00 2.769841698070569347e+00
3.985536797304406464e-02 5.843787036731225015e+00 8.396499140512824866e+00
5.819045388147870312e+00 1.567388860982055654e+00 3.218102761348585972e+00
5.750141452788414931e+00 3.825466489143015458e+00 4.947186392481389916e+00
6.465279299766524268e+00 3.955805739852035430e+00 6.232939278252390025e+00
5.912338275636703777e+00 4.308464934013919390e+00 5.574109407560331242e+00
6.848995877171866198e+00 4.910961719724393326e+00 7.489517148490767440e+00
3.334990439273775031e+00 -4.520074727671162806e-01 2.849498783932738810e+00
1.313420097888210947e+01 1.692218530131550835e+01 6.862205968399702982e+00
6.803143763298853841e+00 4.978843463195989472e+00 7.406329125999334018e+00
6.526353046452607387e+00 3.999311307639811019e+00 6.573339733915872785e+00
6.514966914129136200e+00 4.578245069364040631e+00 7.133216520432586805e+00
6.792963631572437322e+00 4.360915437722265864e+00 6.297559730707602554e+00
7.050109697244091755e+00 4.266700599917043313e+00 6.548294186386852900e+00
5.658299369056611461e+00 3.862350083865553341e+00 4.763484028009109750e+00
7.109937058055987080e+00 4.323305655295250460e+00 7.879140151597688657e+00
6.924033156135376288e+00 4.014092989764496799e+00 6.937782315696239266e+00
-7.708241031971569512e+00 1.665903680622026073e+01 1.682912954674279149e+01
1.546317310261954736e+00 3.794122126663458161e+00 4.142021563845906584e+00
3.030092558293030702e+00 3.930142265146607805e+00 6.293484527388766736e+00
5.907140751152787139e+00 3.990682591619728825e+00 5.019062788434277778e+00
5.484093332231016582e+00 3.653198951500022496e+00 3.762136492549157829e+00
1.085918165592829432e+01 4.506920854710674718e+00 2.372938295412832410e+00
1.013355676815316286e+01 1.216491452434321729e+01 5.941618441251877769e+00
8.580535679665906024e-01 -9.128689197349917350e+00 6.853731996213959121e+00
6.825696344188943776e+00 4.136635284884931707e+00 5.936059805271552747e+00
7.022434935528392153e+00 4.680630106857416983e+00 1.802513629232318726e+00
6.915292246656743913e+00 4.582894597699647576e+00 2.494660948796018296e+00
7.033769160251392094e+00 4.899188008891807833e+00 6.558426616934956321e+00
7.405216083523916026e+00 6.257954742589054042e+00 2.182566972605364697e+00
7.307723320050198978e+00 3.302886305312547677e+00 5.890165072433027227e+00
2.309699627681069067e+00 3.830112921411790161e+00 6.649049968078625028e+00
5.333851848793691452e+00 -6.760283632828045342e+00 -1.404736934450766084e+00
6.815083564034832619e+00 5.096544375982539066e+00 7.251339430439288414e+00
2.926217371783685017e+00 1.104374337418969176e+01 5.242179138834934804e+00
6.471828041713841628e+00 1.649941548377566569e+00 1.165341221060110044e+01
3.489800373960171065e+00 7.750651468067164984e+00 3.201139740070872541e+00
6.855396149098396563e+00 4.089422110812400035e+00 6.796336259060957730e+00
-1.341544641860468401e+00 1.491461852045901537e+01 1.478221954731020027e+01
2.714352277708995675e+00 3.908809782379901065e+00 3.271678157221338257e+00
3.644961104437999255e-01 3.559042106858552046e+00 6.608251979088734629e+00
4.457087538852706032e+00 6.392806446753416694e+00 9.390273647058210216e+00
5.768576870101616905e+00 4.137051714739291342e+00 5.377013911769827459e+00
7.073664383740867478e+00 4.349043399529466392e+00 7.133591454445412872e+00
1.126047690004738655e+01 -2.950534543695682022e+00 1.107945629921383635e+01
6.769737767045165278e+00 4.262079430195124807e+00 6.869308454753126014e+00
7.078265246652112097e+00 4.702577555877411442e+00 6.757763228209784145e+00
6.865417193527649786e+00 4.158875781706969477e+00 6.790345896237800716e+00
2.048070813078337160e+00 4.128028748152102523e+00 6.829101154855504952e+00
5.806471119310674389e+00 4.344650636242099573e+00 5.999760216502027177e+00
7.627879659179773952e+00 2.559515490342870514e+00 2.144931495634283536e+00
6.589982477775532033e+00 4.304688355376508291e+00 7.157681692581215671e+00
7.036301149008535205e+00 3.637844723646328937e+00 6.769616350185252429e+00
1.203853773930558546e+01 9.830505995745688619e-01 1.280441518006666080e+01
6.385013370813958034e+00 4.700803282193096067e+00 7.024841067563404096e+00
5.822865325336850972e+00 4.311923371621951162e+00 2.487792253350938676e+00
1.144538162849664253e+01 1.072645287498399469e+01 6.322972609225111285e+00
6.912469260075430277e+00 4.876561426490738427e+00 2.362486598785319192e+00
6.718945919293828339e+00 4.717625206261103266e+00 1.102376488972830693e+01
7.438952891155910407e+00 4.060377346763711870e+00 4.192591246973638164e+00
6.947444062839855050e+00 4.597630201426260221e+00 2.735886000669589091e+00
6.984867928203167153e+00 4.407371412263684007e+00 7.271600160331068707e+00
7.482729838413684220e+00 4.725879461379359547e+00 1.619775310372827626e+00
7.390121351706905983e+00 4.487412395448972191e+00 6.952691767786257415e+00
6.957218969979194867e+00 3.979972998557887998e+00 6.763438513917721551e+00
6.656168234531968153e+00 4.362688607928408402e+00 6.379814455913827231e+00
4.107399042558739666e+00 4.960825798944661358e+00 7.227782844380469029e+00
5.781364209087853645e+00 3.753504830176249918e+00 4.671440084741149690e+00
6.155811053277934874e+00 4.588478651804228647e+00 5.947103952146768790e+00
4.659640501810652147e+00 4.690137085170835718e+00 3.649630185653844450e+00
5.908972436715804299e+00 4.195984969555809130e+00 5.647845080065943435e+00
8.189243098250020836e+00 3.376068457742487539e+00 8.477035990136963406e+00
6.189108751954149668e+00 6.277959925784996287e+00 6.020084125031227806e+00
6.930574471916585821e+00 4.803880172737065912e+00 2.184681690247617603e+00
5.556500321776362661e+00 3.557340994536453138e+00 1.347124637932358837e+01
2.529158953912725138e+01 9.310351595844208461e-01 1.360060078645943982e+01
6.662831803545328668e+00 4.239920842993304184e+00 6.572010450446146734e+00
6.609270993013060647e+00 4.466831434115559496e+00 6.308455454421967090e+00
5.612157586575564849e+00 4.378449977844656615e+00 4.852746590634200885e+00
7.692431484340493064e+00 4.718271193877245473e+00 7.718075358199442348e+00
6.277183130761249785e+00 4.139730302476318791e+00 4.230578797252912082e+00
8.573342733055785203e+00 5.311873596328020142e+00 1.523613343053222824e+00
3.218209221528914199e+00 -2.184943782402970047e+00 7.853646456738703208e+00
6.576371565728839741e+00 4.486244574020703091e+00 3.247108586456220802e+00
6.420304271852423028e+00 4.731731270394327282e+00 6.593661214471767451e+00
5.856317150126379545e+00 3.652877824678599339e+00 4.978922881594220584e+00
6.235238980671965692e+00 4.454956674235359237e+00 5.900717915875241637e+00
6.090475435752702893e+00 4.269274533137140892e+00 5.794780303914118136e+00
5.637561101489641402e+00 3.679670868533336581e+00 4.838785670594212718e+00
6.897176359841229676e+00 4.539678137890438947e+00 7.422903489275402222e+00
6.772378552570845756e+00 4.287503776149301338e+00 7.275170585043349902e+00
6.862934171189190025e+00 4.386385669834912626e+00 3.111587996696290048e+00
7.160882968348712296e+00 4.475760702575363403e+00 6.600981422357627082e+00
1.680401040495182574e+00 4.502162528719013679e+00 7.573742403242821553e+00
2.217918058724189123e+00 4.285373384917757100e+00 6.856263917843946842e+00
3.630039614319561458e+00 7.275918950694490128e+00 1.023716508545893333e+01
6.753559935543494319e+00 4.403984590303111624e+00 6.696702201609494587e+00
2.259080307951034428e+00 7.135450123093884933e+00 8.415749957791149427e+00
1.084221392110814719e+01 2.306095389846179344e+00 5.790124088484989606e+00
-1.053754631843801626e+01 6.511555223733035191e+00 -2.058217508052684774e+00
1.094501143714301428e+01 4.538414695980717006e+00 -2.767559992258182167e+00
-4.309700084850159874e-01 8.190789462202676674e+00 1.618628331164628165e+01
7.059138426683164269e+00 4.422211204757722669e+00 6.844644045539851618e+00
1.040179485793290404e+01 1.830348414455492900e+01 6.111785781979383714e+00
5.678385359117840814e+00 4.549773496347634172e+00 2.175103602255392232e+00
9.835757836689307254e+00 2.798262823538500754e+00 3.863868734670344196e+00
7.303545305778179397e+00 3.996653952846351388e+00 7.245164928815322369e+00
5.700145342726410824e+00 4.234097472581552779e+00 5.631054646107107153e+00
7.192069141141725019e+00 3.918537129959378973e+00 7.520155548997578876e+00
7.100055573981851609e+00 4.250511296180365939e+00 7.181547406022660951e+00
4.433139560334694806e+00 4.645538392870151689e+00 5.807051525112744805e+00
1.609787704096469696e+01 5.657041540490801435e-01 -3.209738361600518619e+00
6.456164611046226298e+00 3.321401162035549248e+00 7.374140551894162954e+00
6.038407623049099726e+00 4.119999991629513580e+00 7.091728781299364570e+00
2.293661378989839683e+00 4.680509133419236356e+00 5.354348064208803493e+00
6.617578040430054820e+00 4.380920721375847648e+00 6.637606323373423933e+00
5.293623176249164786e+00 -7.299602466578386517e-01 2.299590283493784426e+01
6.789771232622127783e+00 4.769857986019821361e+00 2.175643073741341915e+00
6.516446972769843526e+00 4.255457303942817404e+00 6.563794496928942124e+00
-4.058227538383579969e+00 -9.121168916221989775e+00 7.687021807411357877e+00
5.201918321284765945e+00 4.217575501045163655e+00 4.754869030059579060e+00
5.718731832216546351e+00 4.644509137924539566e+00 6.118096274643786359e+00
6.859852834187172732e+00 4.325991733463204980e+00 6.574088908226386252e+00
6.858711753842827719e+00 4.673351374445323891e+00 2.981888653918816079e+00
6.284197359689569495e+00 3.772134317041370366e+00 7.377967280479127865e+00
4.126933592220214386e+00 4.975095035384351050e+00 7.217696267259334775e+00
6.923822967086758595e+00 4.588821495352592983e+00 6.524127047249750788e+00
6.611318365201449332e+00 3.614614767237980253e+00 6.237033637606588243e+00
6.944471839306675776e+00 4.341605363352408986e+00 6.530650104854625937e+00
6.731988675338797634e+00 4.596694745780805391e+00 3.821073187776252933e+00
8.260055081111801201e+00 8.988653773518070267e+00 -7.433869132611497399e+00
6.690977852784326885e+00 4.149242749836346000e+00 6.719949398647734995e+00
7.986544512597744117e+00 4.774679950429509212e+00 1.472818541455010788e+00
6.726567590910176975e+00 5.523396194078859622e+00 6.369842250190484556e+00
5.990186600888062429e+00 4.197278601467748338e+00 6.854706759398952798e+00
6.536423815866598375e+00 4.683133094280412578e+00 6.609309577143698711e+00
7.146291637508247696e+00 3.456147536046412228e+00 6.582721690188529706e+00
6.727873865515928031e+00 5.465322701501563962e+00 1.816832169765777660e+00
6.546712456829156146e+00 5.533045990202799302e+00 1.542855482427497371e+00
6.740214572822594619e+00 3.856400396946950693e+00 7.291940485152818674e+00
6.951003130907960070e+00 4.066837633706292365e+00 6.682180576221417923e+00
6.786283495944068989e+00 4.834503928831963115e+00 5.050143719045451007e+00
6.459249846059696765e+00 4.431095741750879391e+00 6.235324781378658088e+00
6.695486701713749156e+00 4.499889395110374224e+00 6.466303534922254848e+00
3.456711052272265494e+00 5.086893519463983715e+00 7.448490620447024924e+00
6.251493916732190570e+00 4.589739789440304030e+00 6.201805729013532442e+00
5.740824727234929981e+00 8.096104570530634703e+00 7.255101661293762660e+00
7.026422538537927309e+00 4.944350154159320887e+00 6.944410049756729819e+00
6.860224550155529677e+00 3.422543616503790354e+00 6.549275215048862009e+00
4.172886438512972695e+00 3.774854264782247171e+00 5.116392784934136628e+00
6.998979107603159555e+00 4.116261292538575312e+00 6.662512735200323277e+00
6.832846046682875318e+00 3.390292460793706830e+00 6.975977239201904823e+00
6.366483149073046022e+00 4.659949532949753781e+00 6.319006518112173509e+00
6.863128472900553945e+00 4.521775429698578819e+00 7.607544735259679669e+00
7.017979587138636788e+00 5.197553772908781511e+00 1.941380266206267358e+00
6.970973890276651375e+00 3.411255063175548052e+00 6.716098898206521284e+00
6.499718570481862301e+00 3.401379080568109892e+00 6.669289661892880972e+00
2.658206029002188053e+00 4.718740736610625319e+00 4.633985431498854446e+00
3.798523198717997928e+00 5.291948155975002344e+00 7.813529081774651885e+00
6.318239847407675747e+00 4.583586601941440186e+00 5.997353458990291486e+00
5.974465924809340578e+00 5.155530774880295652e+00 1.662885096697601872e+00
6.900615877517184416e+00 4.065855648430858338e+00 6.888322405789774727e+00
8.838637472864913081e-01 5.391674750606851418e+00 6.379129420068824885e+00
3.501903453118778486e+00 5.374273350321477238e+00 6.767116129199324703e+00
6.168378922472899539e+00 4.613708440546055556e+00 5.864988255072675294e+00
6.458992073325399375e+00 4.707590790866134078e+00 6.624246720038772018e+00
5.893155273502617142e+00 4.557566350728929905e+00 4.890277421840276695e+00
7.178659028628314509e+00 4.372243550573160498e+00 7.204250072277437411e+00
7.106547128903464738e+00 3.925342955332864037e+00 6.183159699295282863e+00
6.859500728041632911e+00 3.909655682530064347e+00 6.289895495792705127e+00
6.798529075691339685e+00 4.356730407535004623e+00 6.793220862819339345e+00
1.071895521960890107e+01 -9.358476579733567835e-01 -1.762171750598595654e-01
6.815967086609611592e+00 4.096338506273196955e+00 7.324600044437174162e+00
5.813224949886007131e+00 5.838631192182385909e+00 7.214850874456821828e+00
6.047187757746395498e+00 1.491592539694707398e+00 4.889531963543952031e+00
6.536414418667179760e+00 5.311592607711180136e+00 7.077082990708591481e+00
9.430736285688979592e+00 6.233313080890334312e+00 -8.399700206032173488e-02
6.516370600617246822e+00 4.586930679021875790e+00 6.294183768483712527e+00
6.544508880455127908e+00 5.327653071398168905e+00 5.728131548704393339e+00
7.114758658191902896e+00 5.399429226992927155e+00 2.558856348132381608e+00
7.328520168891555997e+00 3.320079162842954013e+00 6.606349825624503680e+00
6.182780022704024603e+00 4.644455967987024536e+00 5.875765129948254284e+00
1.741869552740963201e+01 -1.671621296424967085e+01 -1.706521176404504558e+01
-4.353898507403135554e+00 2.704535146421812541e+01 3.175455610948607443e+01
7.331698489981343769e+00 3.462213251506977230e+00 6.751109638839960070e+00
6.989966298224429053e+00 4.086184712216253345e+00 6.585103975104192209e+00
7.001337100255610402e+00 4.065089062319380275e+00 7.313510272777874022e+00
-2.906212127848145599e+01 1.799892929100532157e+01 -2.942310036513999805e+00
6.723722619307603843e+00 4.231185340897240188e+00 6.614648359115662402e+00
3.815908151328202713e+00 1.139366909115429749e+01 3.541410351443758486e+00
6.198815447779069565e+00 6.618669579523588808e+00 7.370901091569302288e+00
6.252093777856211787e+00 6.666830618750413606e+00 7.281880511594213345e+00
6.342546167914443700e+00 4.950156101558899735e+00 5.562868078156970597e+00
6.951674342893241487e+00 4.259618594727206720e+00 6.944220983131465630e+00
5.987762075534027950e+00 5.960350886295880279e+00 7.541468919176349317e+00
6.505146938140608626e+00 4.876419370185855584e+00 6.071903375657716317e+00
6.818904145742962442e+00 4.482618088762279740e+00 7.117444377730981486e+00
6.954280978898474075e+00 3.828355533772300312e+00 7.542905004083815257e+00
7.662203829614492534e+00 5.426115224718042640e+00 2.091440859859090118e+00
4.305994682198568313e+01 -7.404004126365347105e+00 6.128127651050480296e+00
7.220083430134986102e+00 5.284413888228481682e+00 7.922108850055150420e+00
7.398417473916521381e+00 3.750581423135798786e+00 7.370940132911620424e+00
7.179708975592728137e+00 4.053238565588292097e+00 6.460165191788224348e+00
6.495847755971819737e+00 3.315354235116639181e+00 6.567823146901012876e+00
6.834016070941688170e+00 4.216769307227136387e+00 7.093234220749330632e+00
2.034360486446705529e+00 5.137702338887487841e+00 5.846443649066046078e+00
4.214812032154089394e+00 5.198198424652757055e+00 7.205085506892104696e+00
5.888739870391053621e+00 7.155942427452228749e+00 7.033659300489222943e+00
5.965538307958183850e+00 5.034737484203898106e+00 5.531905192806078730e+00
6.163226617301909904e+00 2.911372620457550298e+00 6.474671841564282992e+00
6.837261297087087186e+00 5.217247495097390164e+00 2.075230472477854970e+00
6.608493418096747618e+00 5.586014668220388835e+00 2.020024504966003498e+00
2.067512834230149199e+00 5.448553380835040372e+00 6.491824878745253713e+00
5.799348584057207212e+00 5.086085301223060462e+00 4.095345070741926996e+00
6.013249595715542739e+00 6.335866303948847644e+00 6.823070870409631894e+00
6.637118064175124843e+00 5.896219930269767318e+00 7.627085307385383928e+00
8.873107629519566331e+01 -5.820236016274921553e+01 7.931784245416700685e+01
6.829266705359501088e+00 6.285498892410799954e+00 9.561839858988600227e+00
6.677338411388420880e+00 4.930701205004948129e+00 2.469202749059109969e+00
6.513721478981766566e+00 5.179224787109411920e+00 1.619494118193105070e+00
7.047978381125004077e+00 4.209407878474839215e+00 6.933445412456256562e+00
4.814075278622048870e+00 5.792758290821375944e+00 7.259627726459180863e+00
5.371006826542413570e+00 5.469985713767600899e+00 6.433253168607292238e+00
6.435214884503338340e+00 4.999269508727399725e+00 7.034352361605963111e+00
-7.505781411922406221e+01 6.989916690142386813e+01 -7.723713788911604183e+01
7.853054874724040957e+00 3.670953087043296037e+00 6.261522963081352700e+00
7.251567148077407765e+00 6.598221477250436173e+00 4.180044208735234079e+00
6.616788619512387726e+00 5.348921906634927836e+00 2.054117146855663378e+00
6.180096386459632996e+00 5.947074009281404727e+00 5.556347810685425159e+00
-6.314729085932157204e+00 1.875690947192617131e+01 5.902988817572509817e+00
5.926411679234334429e+00 3.954123223437769674e+00 7.635682021006974907e+00
3.807353398779871334e+00 5.349034155361902521e+00 7.003249427361648571e+00
6.246751008608615763e+00 4.184843214984894644e+00 6.529227948731834985e+00
6.154567596359176385e+00 5.852997895413345475e+00 6.212509826177102568e+00
6.485149360482201253e+00 5.708690685929068920e+00 6.166919748180998084e+00
6.246083703193099801e+00 5.958626114064141888e+00 6.039440587339612421e+00
8.013118375778301328e+00 5.548545503911354260e+00 1.546212807031414727e+00
1.775043491813390162e+01 -6.752984597227690067e+00 1.013333884911609850e+01
6.610914489192621701e+00 6.141424065265049137e+00 1.838061504699984194e+00
6.776667953339088335e+00 4.629621061178553987e+00 6.960499796182674892e+00
6.716434448535141932e+00 5.201611701038953761e+00 1.951621640433882643e+00
6.583239659220382123e+00 7.503905260555845835e+00 8.201947762295995759e-01
1.059094487282262165e+01 9.854954830476955863e+00 -2.839212130778039356e-01
6.211850136531669619e+00 5.733786748423595370e+00 5.966584749097089357e+00
6.836431079209676298e+00 3.002200554771622620e+00 7.674159648239204934e+00
5.466551601373938141e+00 4.304405700292346815e+00 6.118064259642723712e+00
1.810258636362774620e+00 5.651448442221356672e+00 6.536467601563320073e+00
4.024997731343197493e+00 5.983530705245499348e+00 8.113806034802836464e+00
6.187412742325265391e+00 5.992468568454414779e+00 7.177078817176523629e+00
7.145946297004320158e+00 8.155938190862201509e+00 9.034333402532851665e+00
2.470233338857284799e+00 1.217475144436896972e+00 3.569214592907011596e+00
6.319714982455835184e+00 5.654718517969585356e+00 5.925992042154367923e+00
7.885318160090137418e+00 7.893327127496440276e+00 4.419841556423531159e+00
6.002393621704251281e+00 6.332666251947225433e+00 5.521274210824723028e+00
7.057767399200603364e+00 5.597295248312793348e+00 4.191347609883001368e+00
3.119285636682164409e+00 3.659174613449397206e+00 1.071818716734339461e+01
6.521349002448205923e+00 3.382350509034352193e+00 3.599132479039812704e+00
4.974821150176245155e+00 6.062402948624436405e+00 7.692107155123362183e+00
8.514663530575163009e+00 1.401696363007456725e+01 7.402729621390308878e+00
5.663658645414763271e+00 3.631095396032214317e+00 5.112808427386582366e+00
5.962863295085128357e+00 5.416950039347994128e+00 6.968539585442533379e+00
6.688064046654443651e+00 5.144360719425297823e+00 2.093056021161802782e+00
6.195248553631192756e+00 5.703582879882856282e+00 5.411756122382676892e+00
1.062322461060182910e+00 6.248422004326386059e+00 7.109129284414097416e-01
7.094145396101047218e+00 5.666116025964907266e+00 5.986605480204715057e+00
8.500114691083513918e+00 5.575303846624036552e+00 3.400281079208419932e+00
6.317981869137462070e+00 4.545380011838009437e+00 6.863918712402966804e+00
6.357878598567429762e+00 4.473490493893089948e+00 6.969576159439517582e+00
7.876824258509422805e+00 6.040623009950960132e+00 2.608004792625308710e+00
6.292828253765287982e+00 6.804840277636343693e+00 1.880071844468487186e+00
5.708365283166678239e+00 6.333303221994026622e+00 7.026671115878384555e+00
5.823673566601191176e+00 5.511019388745572734e+00 7.015775893696945431e+00
5.947550988515695636e+00 5.698295941354464489e+00 6.990234715850471403e+00
6.112173594593816262e+00 5.832532830151445857e+00 5.747504313944683751e+00
6.292743214655178718e+00 5.719339558193604844e+00 5.415119716449798837e+00
4.150581002256115148e+00 6.377744811428359029e+00 1.175561582282775408e+00
6.200911160681764400e+00 6.071245246686916452e+00 6.490443338995976141e+00
6.013487406980953409e+00 1.061666920717222951e+01 5.700335391285566544e+00
1.637085487521908966e+00 6.396009881006589737e+00 7.817187714392513698e+00
6.056895802281440311e+00 6.683566423759967456e+00 7.083772422884786479e+00
5.926648122987233869e+00 6.520828230583838980e+00 7.270213004796589829e+00
4.131864994287837156e+00 -2.216964960998101475e+00 4.466784020080160289e+00
5.849953577764935631e+00 7.582839223952857921e+00 5.495706718365632071e+00
6.063799789494695780e+00 5.870520955258275109e+00 6.280348630743910476e+00
6.645708145528526956e+00 1.228122027677580608e+00 7.495595953283906709e+00
5.380427330383026785e+00 6.057013830828338996e+00 7.406831539899695116e+00
6.398344877699598143e+00 4.669836115314357272e+00 7.013361534973443057e+00
5.902030501876829760e+00 6.801208323377615272e+00 7.011064884582010492e+00
6.403889056668158553e+00 5.450623933197428883e+00 6.652812148163926409e+00
5.423989907708685720e+00 6.652364277270470971e+00 7.219964487319552759e+00
6.184900298662188156e+00 6.098340220979522108e+00 6.282978215382119203e+00
5.038183665467943939e+00 7.561554184853518379e+00 8.532378728504649956e+00
6.261769560449963912e+00 6.631871089800795538e+00 2.175338506957499085e+00
6.403410921370259246e+00 3.544439604547565459e+00 7.610280522760567656e+00
7.253139886679464077e+00 4.065742836514417036e+00 3.715323962019668969e+00
5.097675371272696765e+00 7.372535182154354771e+00 6.891877014128247936e+00
6.551457063091238986e+00 6.660790555111310240e+00 2.008549046317888553e+00
6.813518083154207261e+00 3.979642153756501877e+00 6.305386072850089008e+00
5.437614002291544679e+00 8.946869704689087044e+00 8.268512551826644241e+00
2.397564774468507132e+00 9.209431587746264469e+00 7.519635428420451184e+00
6.240012038866707300e+00 5.570756462068999326e+00 5.488300203737201954e+00
6.238117838130587067e+00 7.725183488942549026e+00 6.818962204809162486e+00
6.503956865017961775e+00 6.477763465477083926e+00 1.879019888626681123e+00
6.235667817928923107e+00 6.186786044176018962e+00 6.328605936986315683e+00
6.365458052558311763e+00 5.787818654966274678e+00 5.813234773775523223e+00
6.301295378469950137e+00 5.836604669744296814e+00 5.779130784227563211e+00
8.534281159841022202e+00 6.509870454824179475e+00 1.872822157495211526e+00
1.937421550293673800e+00 6.562131770452366730e+00 6.337184656942667971e+00
6.240923256972426003e+00 6.853277453627181437e+00 7.241110314050933638e+00
6.217535417676351095e+00 6.205584496216564716e+00 6.324637936527098603e+00
5.613310196446636091e+00 6.561076242734436015e+00 6.905112034681080146e+00
6.285456213006109571e+00 5.749010061404930205e+00 5.718567011968536562e+00
5.980298534921722364e+00 6.182927237772639195e+00 6.018502290910467067e+00
5.505982427566026516e+00 5.407020721216317050e+00 7.459067986204493295e+00
5.307661560345600549e+00 5.539206960529519996e+00 5.188620569503592961e+00
6.285974816704092305e+00 6.507295761841588977e+00 6.007538701097571376e+00
-8.138602284724090907e+01 8.088172774079572491e+01 8.182169917078077503e+01
2.348883047141582914e+00 6.739726608208061798e+00 7.430111859242973793e+00
3.919669559036805140e+00 6.952606941102444260e+00 8.077634153952779172e+00
5.949413926725013901e+00 7.092769828594111203e+00 7.393551561683920248e+00
6.880640115482403729e+00 6.670316333109807871e+00 9.729131918504402066e+00
6.560343150115042654e+00 6.172086902381889395e+00 4.839052474251118063e+00
9.501325491113777844e+01 -6.818530221726962282e+01 -6.642830715143155373e+01
1.319409957746164430e+00 6.872143543715026226e+00 8.570025610174020869e+00
5.672614945686516030e+00 7.023191359953846025e+00 6.678494684620352118e+00
5.929446465245460374e+00 6.646823247020190450e+00 6.832486049607400247e+00
2.419957739321497492e+00 7.243905986590474910e+00 5.366022109812208285e+00
6.201868428884327322e+00 6.165574311976470767e+00 6.433897367502719788e+00
9.546419708406263638e+00 5.750592497624274380e+00 8.948215497359651494e+00
5.611526983506118782e+00 6.674842143037201581e+00 6.627330726677495676e+00
5.358223155784654246e+00 5.563897353786460442e+00 7.380147538557828568e+00
6.334190458906868493e+00 5.434726921463432170e+00 6.010619441505953731e+00
5.743742992936168079e+00 5.892186969730142998e+00 6.445208729956237725e+00
8.248744648480194286e+00 6.628181329472009331e+00 2.563688980041587850e+00
6.213870294078088996e+00 7.082936851459220584e+00 7.012389678273029503e+00
5.715437748569851095e+00 6.485321982059552681e+00 5.010387693875228088e+00
3.753382328652572042e+00 8.243464308644922411e+00 2.213261339408478356e+00
5.679623221667633004e+00 6.637914996192774808e+00 6.868611307717991110e+00
1.020427722587560382e+01 3.674137257154141523e+00 -4.430419121813345740e+00
5.436594441788708210e+00 5.742896707501635944e+00 7.012390494595251766e+00
5.569535535054622954e+00 6.001356298721671756e+00 6.626447154242788073e+00
1.377178286153112108e+00 7.000789357457273709e+00 8.312758899496850873e+00
4.174336494501545758e+00 5.817093528637144573e+00 7.173538718664934422e+00
5.199873875671092271e+00 7.260857393089073852e+00 1.986472208342004553e+00
5.496426830803285313e+00 7.135698667032027487e+00 1.573603441921454404e+00
5.657328168318640493e+00 7.254407190536738881e+00 7.213502952478801689e+00
7.991664564566278273e+00 5.210154646613890606e+00 1.378351514365495856e+00
6.780281081033268542e+00 6.398669384081358658e+00 1.900443169502699092e+00
5.212491734392833642e+00 1.158811557860294528e+01 8.632382641971421577e+00
5.604824571460012450e+00 4.908135068287895031e+00 6.180957404023164514e+00
5.697077643865816832e+00 6.250274515940134279e+00 7.122957817746436326e+00
5.724243622520610586e+00 7.266088638659865317e+00 6.879455482480596018e+00
6.011774505101355359e+00 7.118764253620055271e+00 7.081588438450372891e+00
5.834288561460408751e+00 7.059341263717712422e+00 6.935841431085066233e+00
6.079706538467756438e+00 6.057596985279224633e+00 6.443284477293707013e+00
5.299147856274191604e+00 7.020123599237026113e+00 7.157204720642978302e+00
6.432376440816193863e+00 1.635652855196893185e+00 6.759142757573338045e+00
3.957300561972381558e+00 -4.334715378006657183e+00 1.932278064396981776e+01
8.232608328338272274e-01 7.268633289632676409e+00 7.902452472304728470e-01
2.771806947362096984e+00 6.851233591243593324e+00 8.247477563956696400e+00
6.289543139184809561e+00 7.310600399652428472e+00 6.903659439333870829e+00
5.790578003864880863e+00 6.588928403355879482e+00 7.004764995934314342e+00
9.235142303297090294e+00 1.894577424130340404e+01 -1.771464379079498030e+01
5.951489231229872168e+00 6.246888071345376048e+00 1.843524527617510511e+00
6.030115858720315636e+00 6.407936172520243723e+00 1.826861248097587431e+00
6.244091964813898166e+00 6.027279509741354069e+00 6.124160950942261650e+00
5.998991928746585600e+00 6.656967557095347487e+00 6.989611411440296962e+00
1.037593111861267303e+01 4.995633400186231476e+00 2.627451457672025370e+00
6.215638561116968219e+00 7.153107820709507791e+00 3.650636306708086920e+00
6.224020637503444142e+00 6.172549203702558884e+00 6.401249337884343582e+00
6.229621209107580881e+00 5.971093192676352857e+00 5.556551801175584337e+00
2.303020190323609384e+00 7.054435879122396891e+00 7.828660850349356437e+00
4.761855884525108884e+00 9.315685172286379157e+00 -1.885983981153831479e+00
5.566498718457466133e+00 6.632643127459884269e+00 6.671842873684040498e+00
5.357212752096044639e+00 6.851014647899277499e+00 7.082662670035799302e+00
5.602287274791542870e+00 7.297910051621914640e+00 7.478689020046579650e+00
-6.911082308640832395e-01 9.071299179241179900e+00 1.305622665968617646e+01
5.623754670156099422e+00 5.664252241753867878e+00 6.690183552554834989e+00
5.479352272549755654e+00 6.141912838795006380e+00 7.137319035002230194e+00
6.445218580868530722e+00 6.524113012391421940e+00 4.811580260094864947e+00
3.194407455862946321e+01 1.071550802003611480e+01 -4.165421400488816772e+01
5.334119769554004797e+00 9.059899438191870047e+00 3.996051628072999407e+00
1.784232695587268380e-01 9.530481435378622024e+00 1.212033559172361485e+01
5.746831334541283809e+00 6.812375454292315169e+00 6.720577115561818360e+00
1.493971507956571720e+01 6.148938607377602672e+00 -4.778544788533293897e+00
5.653693933542315975e+00 6.750948052012248013e+00 6.442692909886337915e+00
5.506903875693238248e+00 7.285796618915706624e+00 1.616174174351443060e+00
5.853106415658693606e+00 7.626493272312485416e+00 2.290986476459326404e+00
6.234552208565117937e+00 6.156512860099292439e+00 6.373026621405047720e+00
5.766041832945669299e+00 6.712092330478752977e+00 6.941096593007246796e+00
5.437598237970869164e+00 6.764400890602512817e+00 6.939931536944480506e+00
5.350654946737527062e+00 6.656385821074890075e+00 7.119136636207297641e+00
7.029575731028101515e+00 1.180915105340062254e+01 6.367163008256959245e+00
1.013612742646665676e+00 7.886461191586794151e+00 2.666563150017922545e+00
8.635264461551642512e+00 4.360347267044357267e+00 3.231326759062861598e+00
6.060103419839760086e+00 6.666081910309881842e+00 8.021786676993896137e+00
5.670321169494179081e+00 6.730775339434224236e+00 6.533709533460795527e+00
-3.946925404064786758e+00 8.580369371209840779e+00 1.805062348757567747e+01
5.351533742410184757e+00 6.955979983780252063e+00 6.977698700613927940e+00
5.452058533595431022e+00 7.380712056994008563e+00 7.497466781865623986e+00
5.426652687936287300e+00 6.616703325080688813e+00 6.945023636288516045e+00
5.860150412019385691e+00 6.284521137119142509e+00 6.743280513223099959e+00
8.985816606737648371e+00 -2.518754968260854987e+00 1.264817564581208131e+01
-2.258770509629696832e+01 4.307393748022432689e+00 5.723874441439977545e+01
4.815813441199330747e+00 6.972001588957382978e+00 1.516370583567493657e+00
6.435421659173880649e+00 5.022715930187478861e+00 9.568318742542716748e+00
5.871489649840255787e+00 6.940469533313168071e+00 7.401334792530538387e+00
5.220757892347529960e+00 7.357237947139779521e+00 7.688610916528608286e+00
4.764439547216522186e+00 6.433526733582910495e+00 6.096919768967042685e+00
5.647949858853310801e+00 7.060584380292686646e+00 7.142797133498728357e+00
5.654333690727181505e+00 6.768257076238057834e+00 6.789105573080886913e+00
5.736147721329876603e+00 6.754359034957424512e+00 6.669380041102757062e+00
9.083565346043525324e+01 7.132162487705663523e+01 -1.365701644978417164e+02
4.838391881157589225e+00 1.762674301583632808e+00 8.312711013209989730e+00
7.464464126676831901e-01 8.714617670920812742e+00 8.970192756453425176e+00
1.602990077849574257e+00 7.661066822873401350e+00 6.614816540695196423e+00
2.178373420750893352e+00 7.548701028018607317e+00 6.556718078277761208e+00
1.979090785137330721e+00 7.565112995514043703e+00 6.475310520054972763e+00
5.506852388204570126e+00 7.218664432203778958e+00 7.535087137618363684e+00
5.538235952178714783e+00 6.562658864994979524e+00 6.587282102090819436e+00
6.349584738179233412e+00 8.097546793620475469e+00 2.692979573536369742e+00
-7.867944399906201625e+01 -5.532581287408681447e+01 1.494588011107995555e+02
5.475060654523057124e+00 6.336422696458123838e+00 7.022943509612198376e+00
6.408946455813914866e+00 7.680647307158192660e+00 3.735107620476544099e+00
6.385530112324761198e+00 8.216646654197429456e+00 2.665339363521456839e+00
8.074852107685684288e+00 7.317157310179915441e+00 6.978011287242524396e+00
-3.618026706149703564e+00 1.808023364563121049e+01 5.460393535678962351e+00
3.266649944377894244e+00 7.890125274678588596e+00 8.619161051286989839e-01
4.070814670054688555e+00 7.583267381188777634e+00 8.254309226172706460e+00
5.779929912143284554e+00 6.791189248903366504e+00 7.250425513080395845e+00
6.449369179367845817e+00 8.087754988315047910e+00 2.549960738675129956e+00
6.036858779505971384e+00 7.728205239270558025e+00 2.214653239055978773e+00
5.250307785068143218e+00 6.605382548925401665e+00 7.020367743126932680e+00
2.327503653864437805e+00 6.667284148788615639e+00 4.200283113827291359e+00
3.172763328702854047e+00 7.890563975399384589e+00 9.549607045417631834e-01
5.483380315513113779e+00 6.705552193504551894e+00 7.445695416503446573e+00
5.698873556647967575e+00 6.505095791536357197e+00 7.094400328634018038e+00
5.859795409016049561e+00 6.532260034031313722e+00 7.662654987088691527e+00
5.376672940117666499e+00 6.774942903723038867e+00 6.830621390168342799e+00
8.626941326554399936e+00 7.800954322136480101e+00 3.402579388088170731e+00
5.488968613513548256e+00 6.978097069345453818e+00 8.115371499382813880e+00
8.101616612706655118e+00 7.333303988176329113e+00 6.959875198446511035e+00
1.858142990211091083e+00 7.848347994810861650e+00 8.395627585784950497e+00
5.777420348783939730e+00 6.981954804552987781e+00 6.319129417239380153e+00
9.593842280159516900e-01 8.374705150513060303e+00 3.162336809622792178e+00
5.192562046073258664e+00 7.242620798376849578e+00 7.418054496227906469e+00
5.784335774822884524e+00 6.752454014864907705e+00 7.420467839272931521e+00
7.263561813961031177e+00 1.069305281945107922e+01 6.793554254413491478e+00
5.538904408494952136e+00 6.617502172493274770e+00 6.595266469338204374e+00
8.655614537289629595e+00 1.607006904140169468e+01 5.352661689063589634e+00
6.137146259202497234e+00 6.621343881031657830e+00 6.787555478177241142e+00
5.456470519607651504e+00 6.585933011753999367e+00 7.198739246396385738e+00
5.655474304242484429e+00 9.158898130876750088e+00 6.917355896273074123e+00
4.605261364594660733e+00 3.658540677557291509e+00 7.790969891385998380e+00
6.466496642144637264e+00 9.020871510131204474e+00 2.824128949742937600e+00
1.008467570773314836e+00 8.582182376975033833e+00 2.941676687147731339e+00
4.747751616131708374e+00 8.077442636399663201e+00 2.803914199043866518e+00
1.808523722200073180e+00 7.821974243938614180e+00 3.815041634776260793e+00
5.500815114741953060e+00 6.550879314707357182e+00 7.306949784472845266e+00
4.933958644417812955e+00 6.801001060115405394e+00 6.837986584687847369e+00
7.122091056771339801e+00 7.940902231740523121e+00 4.081985214659787253e+00
6.550832997592634932e+00 8.423995599779800614e+00 3.170082524637062527e+00
7.069208045600369417e+00 7.916782302348199352e+00 4.116574939421427715e+00
3.706815658181842998e+00 7.866202227601020169e+00 6.319061332155313515e+00
1.622399684798520525e+01 8.981887562276433812e+00 5.841725585308389590e+00
5.041233785121302269e+00 7.210476528635142657e+00 7.685336854160858877e+00
6.521408226866460822e+00 8.221524361762686084e+00 2.736884536240341337e+00
6.626316634311869791e+00 7.891017343624831426e+00 2.388765780083073498e+00
6.469576556550898694e+00 7.660680095285357538e+00 3.557538092410195585e+00
4.152903028450529277e+00 6.059291740136307780e-01 -4.225437970621625516e-01
-7.962121628067680312e+00 -8.426087234006621429e+01 1.335382238658729293e+01
5.712640989567479011e+00 4.264137684843751330e+00 8.926354914353886727e+00
5.892319978287686943e+00 7.396126502296544558e+00 5.527010399487001457e+00
5.221670286935651717e+00 6.662891850422679951e+00 7.228932854047496193e+00
5.261841811947356007e+00 7.045408607703315340e+00 6.939176577825399761e+00
6.672192551906643843e+00 8.306261414474834126e+00 2.671400097708777288e+00
5.822581715670550828e+00 6.411069053560487063e+00 7.009965033741739404e+00
3.660428167726296422e+00 8.157751976972360097e+00 3.653001177239758590e+00
5.570862675764024274e+00 6.517453132218784972e+00 6.733142277193879366e+00
5.644219135575480273e+00 7.292891643428529136e+00 7.563028936293409998e+00
5.372406650740401801e+00 1.139428097356125491e+01 6.497435556318245986e+00
8.257342350320339364e+00 6.440584167284152173e+00 1.548575358854272110e+00
5.195548872522032902e+00 1.029639705639057112e+01 3.673981334376235974e+00
-1.852925919873766869e+00 1.108918689894630383e+01 2.879548628593644022e+00
4.101816544685308763e+00 6.139542918799859805e+00 3.883784979422806760e+00
5.874184068392423796e+00 6.688988321002277360e+00 6.875286856760697063e+00
-6.238121095303056585e+00 7.892513672743506348e+00 -2.351387118908770724e+00
5.235247266460612892e+00 6.666426533684083111e+00 7.202008574001522945e+00
7.251860578671939450e+00 4.732171147271468925e+00 -1.219613766802638777e+00
6.802945782013146925e+00 7.607049099772529743e+00 7.159474013636539347e+00
8.498323685906219893e+00 8.417120080875552190e+00 2.019139341624458961e+00
2.589200995860756649e+01 1.012963750087096457e+02 -5.925484184673738497e+00
3.659417793291183330e+00 8.324402146796535007e+00 3.851299710361543838e+00
7.572619039799608487e+00 8.248270972360801423e+00 5.084141788958893571e+00
5.923298861059549836e+00 6.985616243330458275e+00 7.212835217307707047e+00
5.705525998551687294e+00 7.021010076574839331e+00 6.948877221974298024e+00
6.447760365228144330e+00 8.329876495339091136e+00 1.413104361297560008e+00
5.382443048650978668e+00 6.493176612296480243e+00 7.445535249444258596e+00
5.293952021246553841e+00 6.837268551845111730e+00 7.029064399501219640e+00
6.577308571032163265e+00 4.057494304695453025e+00 7.918180571574753301e+00
6.488462327234586269e+00 8.066078118871873315e+00 2.641948296775000316e+00
4.938745893077797433e+00 6.248505421116634651e+00 7.176788332065076048e+00
6.294820942481847759e+00 5.648854160708715710e+00 1.408989793444054062e+00
2.772457055800451187e+01 3.869137370572779844e+00 2.927222944101245261e+01
5.282320199919041670e+00 7.633861158830553606e+00 6.589899789989464018e+00
5.515979568881214767e+00 6.350527325327536943e+00 7.141988945113997289e+00
2.283760796692425821e+00 1.258872303204181975e+01 8.611068594121769948e+00
4.764892880151855081e+00 1.158373787320258863e+01 7.734253965769484651e+00
1.318528025229167255e+01 1.443955156004445506e+01 9.994657158260302765e-01
-1.372380362243307594e+01 1.363023249908297529e+01 -2.468948254742854687e+01
7.750513017287532946e+00 7.941660943112271553e+00 7.221914988053438123e+00
5.111867982001733424e+00 7.532406164123470305e+00 6.674948905619512374e+00
5.199472525775512111e+00 8.294477684663851491e+00 2.502282873340020863e+00
6.457135471039959995e+00 8.329127469155123364e+00 1.409815826362085467e+00
6.687719916931583519e+00 7.850311658401107451e+00 2.703800002288075710e+00
1.749133034585221580e+01 1.105900129133102894e+01 -5.844082357730393085e+00
-6.126994064362847325e+00 5.188863504067892762e+00 1.870484329724069283e+01
7.455632828569624948e+00 1.180868581362680558e+01 4.763773636344804885e+00
6.565795997389451522e+00 8.350866706895908820e+00 2.798675778183621787e+00
7.122662274173919172e+00 7.911077601499556522e+00 4.157019633143068660e+00
8.429527239274626771e-01 8.893792436318898709e+00 2.711904311027086845e+00
4.963574132107624770e+00 8.370034311695158991e+00 1.666231038259645469e+00
6.673439721457418372e+00 8.307094838434206707e+00 3.088682948767897507e+00
7.552057033196335922e+00 1.784129751781464268e+00 6.813020450281795704e+00
2.567773850666979740e+01 -3.192030760183098437e+01 2.422678412841557360e+01
6.138397671823263124e+00 7.883885653956685502e+00 4.651492088881727938e+00
6.127643969365196952e+00 8.562738525452488147e+00 7.181256653890313757e+00
7.343505269561805271e-01 -3.267562595735832520e+00 1.141938734252133969e+01
8.696274079769869658e+00 8.363579594523207206e+00 6.317535051560464687e+00
6.869032443831135204e+00 1.717409721014091417e+01 5.006454054223773653e+00
4.083063381528333480e+00 8.314901982588434493e+00 8.608303758369874714e+00
4.487387534690404856e+00 8.298381435806751583e+00 5.236211112048775540e+00
5.597999998997901905e+00 7.373357721666257802e+00 7.159787842707267203e+00
3.866950059510237736e+01 1.080589879546437260e+01 2.906171669473783226e+01
5.892602199768521842e+00 8.568598742884702801e+00 2.741898336622256682e+00
-1.502624722293797710e+01 4.966272559140424647e+01 -1.283220704575460758e+01
6.362546405725455934e+00 8.200445731683036144e+00 2.454035663060534223e+00
-4.021776552966684071e-02 1.925115633545973814e+00 8.742159972852842742e+00
1.399296720565592445e+01 2.007860801030203035e+01 -6.960420256850126108e+00
-2.966984395133449226e+01 6.447635436905386541e+00 -1.436031317231348048e+01
7.041577732143224466e+00 8.158356855882734848e+00 2.803920327606321816e+00
6.346526070935987640e+00 8.010926953209663637e+00 2.563588666003515648e+00
7.176152065050233730e+00 8.248010998204158284e+00 3.112250264802524757e+00
5.492732140402267760e+00 9.086147205625193735e+00 8.276898890810887366e+00
6.032563367358146245e+00 8.169434002624957003e+00 2.122811272704318686e+00
5.534322568458544644e+00 8.341881225639207642e+00 4.538194502980436695e+00
5.212566512780040462e+00 7.760368170232641916e+00 1.023892752053070287e+00
5.730607603061585564e+00 7.865485013471502640e+00 2.199786867070600227e+00
6.978877790766203404e+00 7.981281891571914144e+00 2.959765182261143490e+00
-4.341313748567765529e+00 5.299978159840448289e-01 1.562930519113963523e+00
5.451857317602565089e+00 7.167142804560713287e+00 6.985368057857272106e+00
4.685280224492394119e+00 8.206738120747722576e+00 8.407730051022822337e+00
5.338575690948178298e+00 8.106999671045006295e+00 5.168717410511177945e+00
6.157274464663563762e+00 7.363647189365320145e+00 7.022778805628210108e+00
6.720030476476499537e+00 8.117677978466074862e+00 3.582144315413144930e+00
7.096050309464421169e+00 8.387397180025349286e+00 2.977044259472536591e+00
7.970564490708444971e-01 1.600252093720449409e+01 -2.102970854360066255e+00
4.632257256304642468e+00 8.212376915060685789e+00 7.014927393827958824e+00
8.697804797630803719e+00 9.303671810465946379e+00 1.201777089938147469e+01
1.707152785454558508e+00 6.108011777340051296e+00 2.468331222818558324e+00
5.457628509412421280e+00 7.070412166094543593e+00 6.869625818474567325e+00
5.979075028768220612e+00 8.519320173231943016e+00 1.628930613473103861e+00
5.966986196330370973e+00 7.791623698812530918e+00 5.860072243951265136e+00
7.457361105555248670e+00 8.517949034116378826e+00 3.516208422480946005e+00
8.532720655653418529e-01 8.916638378068080684e+00 2.870974735086963658e+00
5.371836355672587437e+00 8.353945224608626319e+00 2.210258138469635814e+00
6.551286745534943279e+00 7.561340800527776906e+00 2.628236975698040379e+00
6.448394891206466362e+00 8.107478749211761482e+00 2.531205325825028218e+00
1.347996508885266564e+01 2.149283355511449223e+00 8.403418597572638760e+00
7.207704114740305812e+00 8.474975665250635615e+00 3.258353571035728535e+00
7.824320605823000818e+00 8.676046150288595271e+00 7.931452530712023830e+00
5.464864583719808877e+00 1.435210245939300044e+01 1.469622537093604109e+01
3.608942801450442328e+00 8.786386569618459319e+00 5.108610103759301246e+00
5.325357769285684384e+00 5.654071329057190454e+00 6.570920939093951141e+00
5.519715202854403202e+00 8.301350318910708737e+00 4.560900768699160501e+00
5.730790403668261312e+00 7.304295522999529666e+00 7.246570551527535820e+00
7.045297537387179787e+00 8.590120796805930325e+00 2.558801709673761415e+00
6.016840836469932619e+00 7.103555829680420430e+00 2.612051956718501433e+00
7.624229721348042332e+00 8.708830638730926665e+00 2.977643704272374237e+00
-3.560881682624441158e+00 4.292398887017538911e+00 -1.904024426269741443e+00
2.700853472802823951e+00 9.092109261925118702e+00 8.891286893462719831e+00
4.789487769306432163e+00 7.887341197654608393e+00 7.019111725184025374e+00
5.103065140651150244e+00 7.586450073924437376e+00 6.952329501056518701e+00
5.288431058447435440e+00 8.235418740295610718e+00 5.353246295519324072e+00
5.302249813861874550e+00 8.246491994277125315e+00 5.499955751732655607e+00
5.244378145564836835e+00 8.073503238134165372e+00 5.196769092320503880e+00
5.309224310739619312e+00 7.143027950522622405e+00 7.202636053940281613e+00
5.460745815943593762e+00 7.294766425429093815e+00 7.196146412434330841e+00
6.758961032188905094e+00 8.267973512199890962e+00 2.832855510146814471e+00
3.556998950719737707e+00 3.949905889836418105e+00 4.586628701665048879e+00
