2.410383155279346656e+00 3.477911038697659718e-01 7.094775812476313170e+00
3.402678945202270100e+00 4.526711351361146773e-01 5.158027495828096498e+00
5.922415448372880142e+00 4.895643417848902224e-01 1.164612965981479897e+00
5.827700604948246266e+00 1.435910664179806506e+00 3.248435177215462044e+00
5.933539907624378884e+00 4.284819379190447641e-01 9.762083090928148632e-01
7.342503411958849924e+00 5.853956533741411228e-01 4.191513567447800348e+00
7.390168363904884963e+00 5.939069154147332830e-01 3.574777621154872964e+00
4.390456767635795288e+00 6.423705117361230288e-01 7.175887987345827668e+00
4.416683287235754207e+00 5.012401244260769051e-01 8.541004318701634901e+00
5.274851546143498382e+00 9.016655174763814617e-01 5.067131366731424613e+00
6.008183139589039712e+00 5.482159390898124762e-01 1.430060970203541615e+00
5.983195944517442300e+00 7.160710646323554807e-01 2.482146446105763626e+00
7.365865152789059067e+00 5.941576183114234411e-01 3.587588438584198514e+00
8.251436555739029899e+00 7.520085760407958508e-01 5.324867871236076411e+00
8.966293011052034245e+00 7.143319633859888107e-01 6.559327625926748340e+00
9.001753678535697745e+00 6.956345972301212210e-01 7.448016045502457771e+00
3.199466326565209684e+00 5.631641024655078542e-01 4.163659543130920682e+00
3.623437574845755904e+00 6.806092424079688286e-01 6.658804577926359158e+00
5.057856992321816847e+00 8.636452912889844846e-01 4.485894022615033450e+00
5.685760015162520276e+00 5.412305100980034922e-01 1.315899054375295751e+00
5.545410389470377233e+00 1.189606763846867032e+00 6.461724960798930439e+00
5.909281687590183019e+00 9.967549658095261611e-01 5.757512702629695056e+00
6.572074579391073534e+00 4.371089117817939518e-01 4.350318424744410439e-01
6.604034084946165173e+00 8.789393880903508816e-01 7.147379180625225814e+00
7.964899583640276504e+00 9.284979679975436939e-01 2.152407698908007649e+00
7.157103070637051090e+00 7.308754033225302038e-01 2.489759283588270478e+00
4.084466746124472358e+00 9.132753901942008978e-01 1.112938049561773779e+00
5.794969971546196419e+00 1.097776860198779181e-01 2.104615008879045401e+00
6.097070803994744992e+00 1.199610141399466201e+00 4.677919531171951917e+00
7.024043762552773629e+00 8.230193411570793094e-01 2.403833956464966448e+00
7.663830247236729676e+00 6.241862411474836669e-01 2.345066287384051762e+00
7.563604155609510826e+00 6.645782500268290205e-01 2.385662550420489136e+00
7.780784376999752006e+00 9.076908228147788638e-01 5.414690920372312810e+00
9.252356177341077625e+00 5.290878819886760676e-01 1.577066811159808069e+00
3.951609834214866446e+00 8.946216504986468365e-01 6.035280743755075505e+00
5.745521780313653792e+00 9.881334142447508739e-01 2.976721479042778729e+00
6.196699811941265068e+00 9.464135968877593896e-01 2.604240536211803292e+00
6.291067191603469055e+00 9.331057382669007971e-01 2.855285107280869816e+00
7.943772449385535950e+00 6.053430995556637884e-01 2.382012727974836430e+00
9.330473496794185806e+00 7.586256654724229387e-01 5.802942866971950053e+00
4.359034191247169732e-01 6.264748404959522565e-01 2.800585314219398825e+00
5.949238448411604097e+00 5.519015597560908981e-01 2.492210035662580925e+00
5.958391271272786227e+00 8.695224772018479431e-01 9.132931187519195859e+00
6.935997888410697421e+00 7.805024365585061519e-01 2.201413182323446183e+00
8.286602501555611511e+00 1.107188829738620761e+00 5.397183553391891486e+00
5.873532310780346100e-01 6.738275902149298835e-01 2.826407183481518093e+00
5.785017342276020713e+00 8.510290550224667294e-01 9.348744710516225354e+00
5.648784217750083769e+00 1.463992111008334707e+00 6.577106957964561573e+00
6.177290788989273196e+00 1.150373953102258984e+00 4.434563536598786548e+00
6.196667238161199798e+00 7.724947360373715100e-01 1.916186773022169776e+00
8.588775612600912268e+00 1.113916795730487408e+00 7.780316329828815824e+00
3.679020243863994732e+00 9.735840221969194186e-01 7.054033900779240973e+00
4.461965260736295846e+00 8.532737316051279830e-01 1.119329496891985354e+00
5.217274859174663604e+00 1.499939034272498528e+00 5.540073849916007376e+00
5.367690908716632237e+00 9.055746872681841309e-01 9.039283518305444076e+00
5.576612319694635111e+00 1.207086842379721636e+00 3.348270649128399779e+00
5.689330366513035919e+00 1.412385055059152350e+00 6.544548290421777104e+00
5.650186121655420557e+00 1.221721417611387972e+00 7.143944237048733825e+00
7.593430163014416756e+00 1.253654198113156815e+00 5.793911485487205582e+00
7.673319777210526382e+00 5.516930654511436050e-01 2.541613501558423582e+00
4.151348947652296673e+00 5.936205351400010155e-01 1.240061157376764145e+00
-1.395063836811392344e+00 6.355278469365421401e+00 1.213159240370751313e+01
6.104011266830370097e+00 1.160231369837359638e+00 4.668666259547600283e+00
8.926960649928926017e+00 1.115205803980972910e+00 6.785400289218292968e+00
9.573861428704246279e+00 9.593187789520111197e-01 2.783850093297664863e+00
1.301948617941170028e+01 -3.851892190389786030e+00 -2.080340111478880871e+00
8.556823580870403845e+00 3.197353599517177569e-02 1.148793104657503505e+00
6.687374328045438077e+00 1.154814559919708383e+00 9.212592669609584561e+00
-1.793272921886539706e+01 -2.097028498037550293e+01 -3.032509945866732171e+00
8.845834238211843115e+00 1.113823677078592977e+00 3.504990854221335272e+00
1.481561743058483316e+00 1.185835178975538362e+00 5.870154668036333234e+00
5.364729413169227357e+00 1.796130979828828522e+00 3.288693708254738279e+00
5.091180031771421532e+00 1.475887297697151990e+00 5.850486852637562407e+00
5.411997018788670566e+00 1.406869797684520584e+00 6.166892674738819302e+00
4.345757236185169070e+00 1.697165944448562946e+00 5.586293518184433537e+00
5.917081491349942546e+00 1.524003253385842971e+00 4.958916178903481686e+00
6.031835407003859117e+00 1.427388296768933973e+00 5.121295423536520453e+00
3.929391190675446843e+00 2.140286110887128501e+00 5.049270635166892340e+00
6.409613047782558581e+00 1.160978109629215993e+00 9.279761467113651463e+00
9.356530712976823594e+00 1.301623854150466109e+00 7.198226253806532249e+00
5.400642732980796445e+00 1.438831337161544432e+00 5.494882141592596803e+00
5.938207707145027214e+00 1.352172161066135914e+00 6.023927693448348997e+00
5.566153813733137667e+00 1.456825032445833834e+00 6.468136684224665700e+00
6.403589832732436982e+00 1.301403866084778649e+00 4.271202741117539503e+00
3.429618365121016410e+01 2.338816186703212097e+01 1.805085993677241518e+01
8.229365854824809645e+00 1.210751908429008150e+00 3.364523162508629817e+00
8.257344218031501981e+00 1.685003253001376544e+00 4.931547679286319763e+00
9.172836807469755271e+00 1.366595897654383940e+00 4.875081863334587595e+00
5.157957639214016510e+00 1.552882676841983001e+00 6.047383110597565725e+00
5.124902558107539363e+00 1.409399308654236460e+00 5.941114514530310586e+00
7.887325134726104636e+00 2.046090084150725463e+00 1.248323449897376647e-01
8.041527775490747487e+00 1.701937861728864299e+00 7.209555973658239303e+00
8.927563707748120692e+00 1.516327819382637720e+00 7.814020033443734192e+00
4.295066680270018367e+00 1.446490026643448390e+00 5.869452879847709248e+00
4.978729047908543315e+00 1.605524407364071093e+00 6.537485037879115168e+00
7.417154728688116094e+00 4.210915987098098334e-01 7.592246856415042267e+00
7.335773475760806406e+00 1.807281199698123064e+00 6.006900072937265023e+00
4.395324863836862050e+00 1.452554046631711504e+00 2.245983240699807482e+00
4.760539556340902756e+00 1.205307295455555483e+00 4.354562907897642887e+00
2.916827627213691265e+00 2.752606262711436269e+00 3.239544499519633192e+00
5.620424087542652991e+00 1.492108071870476671e+00 7.314831714525872108e+00
5.581018130015257483e+00 1.529764365493724743e+00 3.599585038276764237e+00
6.256851535095218964e+00 1.363635714175072344e+00 1.712732573403741299e+00
6.298949907763685019e+00 1.876069667963258691e+00 7.329776792337613145e+00
7.459898680450437247e+00 1.903635339173926910e+00 6.825054357709430697e+00
8.556381121175586912e+00 1.292294886907835894e+00 1.895724660781020088e+00
9.379574666844515463e+00 1.403543896158131243e+00 3.812286052085149368e+00
5.821324418476327978e+00 1.629626276340711888e+00 5.147411109111526883e+00
8.132002930836458532e+00 6.089508293598817623e-01 1.134064764366964795e+00
1.988128172073390099e+00 1.528291126769680153e+00 9.135531552500065544e+00
5.196878404922667727e+00 1.512412748479244895e+00 5.456690232152945796e+00
6.123325028860820751e+00 1.816709957900212835e+00 5.564896420850721448e+00
9.419267039393597329e+00 1.363045032762755682e+00 5.083794727594751706e+00
9.237479098062223670e+00 1.735989634560960226e+00 7.754752609545203512e+00
5.861707861850021573e+00 1.647076682829538008e+00 5.016852778921264466e+00
8.372549817621457890e+00 1.477112341540824714e+00 5.518677927224479030e-01
4.074426762379794176e-01 1.710994685202145149e+00 3.986521834558621080e+00
3.901843745996353086e+00 3.607271450668476653e+00 7.029915333506268738e+00
6.215532545490169980e+00 1.606113958910129202e+00 1.119785731275890317e+00
6.226332080298292659e+00 2.086392428433476276e+00 6.270199544260680824e+00
6.755860950502279749e+00 2.067582894132701909e+00 6.016343935198129600e+00
4.992112385321544110e+00 1.220680885594469745e+00 6.845430001059879643e+00
8.689418943077269475e+00 2.189033232448343913e+00 -8.825727834448328368e-02
7.391378733079053021e+00 1.959212066499269600e+00 6.102368751111382217e+00
8.143890022334982604e+00 1.976362493243467355e+00 7.099461424183868274e+00
8.141981502149159056e+00 2.080403894882644877e+00 7.007890722796815908e+00
9.172267976084759411e+00 1.799537710725906958e+00 7.167203612636260601e+00
4.769318782939001800e+00 1.858831262355800096e+00 6.718539641142376340e+00
5.187993478555502413e+00 2.080397549108212729e+00 2.949334929327509958e+00
6.411393631075876343e+00 -2.392714809815895197e-02 -2.419829685328790669e-01
5.672304491160017115e+00 1.809563090536681518e+00 6.729262267878565851e+00
5.960046717315885090e+00 2.025241629886582295e+00 7.530594926246436671e+00
6.127609936135955948e+00 2.041911731755416959e+00 6.744919248905162590e+00
6.364381608241826527e+00 2.008531891136847491e+00 7.428996543177253997e+00
7.398023801970148305e+00 2.276761853779770028e+00 7.726156028888039984e+00
7.935304113649403135e+00 2.461605858902915944e+00 6.947956165277410889e+00
8.931434431279795305e+00 1.797954389731849290e+00 4.533364600784698162e+00
4.934376872602259212e+00 2.104292762721743593e+00 4.594015452438904745e+00
5.295391601098774714e+00 2.161643414204597935e+00 2.933041411416675182e+00
5.875338198624585395e+00 2.018521538399449256e+00 5.758362618095513419e+00
5.866342682935355768e+00 1.898603848959286911e+00 3.559861320999897494e+00
8.117170816389856824e+00 1.759067521233190323e+00 1.323396625073101740e+00
5.115020396063556518e+00 1.911523436808233001e+00 5.697035735867395090e+00
5.189496796542873547e+00 2.308264027538540653e+00 3.243874448738351290e+00
6.059697134999023405e+00 1.967656855945550509e+00 5.444485049908257324e+00
7.770321856542899752e+00 1.917260881912739467e+00 6.050136304912403951e+00
7.997235145953437652e+00 2.277436107959955436e+00 5.853828525355540435e+00
1.132550987745421622e+00 2.090067255693253578e+00 5.120789732058698362e+00
5.071347712213949421e+00 2.016471158231218030e+00 6.427846540707099265e+00
5.078271972669330836e+00 2.072257565627875220e+00 2.931313302961900291e+00
5.896191692473526480e+00 1.909902428544966835e+00 3.517559471379057889e+00
4.927733866629168347e+00 2.109562769627945755e+00 4.605663181556731267e+00
5.113502083657571085e+00 5.292788103828180546e+00 1.352963094305855485e+00
8.229963342247691216e+00 9.005098078976956799e+00 -5.135913186127158525e+00
6.459642028318876683e+00 2.368764540415726039e+00 6.376063355132885135e+00
8.873496882512732498e+00 2.262268821109020944e+00 5.514942796646190359e+00
1.619349281863948420e+01 5.998883595684954884e+00 -1.131472074003506023e+01
2.424692434928299889e+00 -1.910416886094886912e+00 2.839889411149260923e+01
5.918424729464583756e+00 -1.562553249207871753e+00 4.567636034049353810e+00
2.552644021922629847e+00 -4.748365725100386570e+00 1.289608545445028831e+01
1.474943007243083137e+01 1.320606213766862957e+01 -1.096672809530028303e+01
9.055051440565097920e+00 2.253375111358897342e+00 7.933362734817155371e+00
9.239236824092245115e+00 2.193973041263674872e+00 5.193392979396620923e+00
4.440955068331489564e+00 2.419037172871887797e+00 5.764025742690846776e+00
1.192638574352422687e+01 -3.817374460108970524e+00 5.894420633175860402e+00
-1.698855967543807299e+00 8.156704788888514912e+00 -6.374332083566776053e-01
5.792506321514039769e+00 2.229707215711823842e+00 4.655018496591482702e+00
8.353212344729554317e+00 1.712048563013242486e+00 7.687275306726478519e+00
7.370321143215619486e+00 2.163266792888029144e+00 3.662513319702135561e+00
7.610999512329394534e+00 2.630044841685976742e+00 6.769915111048648626e+00
7.847653862077711651e+00 3.088819804713555772e+00 7.414923647770077508e+00
1.729229417236447741e+00 2.495271591811493384e+00 6.454323004605299730e+00
4.899744833759511309e+00 2.223290871840690297e+00 2.787634374069497323e+00
4.882847674342408517e+00 2.249908224988588223e+00 4.796983786297420949e+00
6.273679260683536540e+00 2.303325260281316567e+00 1.980198362945472468e+00
5.883317028523840975e+00 -1.137238536977443593e+00 5.997854878344910823e+00
3.484258391949413003e+00 -8.918657969934191243e+00 1.734649974463113864e+01
5.017257257529634806e-01 2.357543268648189638e+00 5.448771451847860270e+00
8.962378444868410732e-01 2.358739440796386422e+00 4.778643179817084530e+00
5.565328052728683694e+00 2.299839648390006985e+00 6.034691838349733883e-01
4.681871434172375501e+00 3.513704453452038745e+00 5.883481079181269280e+00
7.714709249046741490e+00 2.551412180121845452e+00 5.175346877962006431e+00
1.538564222976593676e+00 2.507872719718676979e+00 4.924577075230287093e+00
7.480461061325325289e+00 2.562581840052618354e+00 5.332784049402202520e+00
9.610481366472367171e+00 6.264952446906935535e+00 5.661821774251270867e+00
-1.433211383487820179e-01 -3.756985783361385667e-01 -8.434196166051055599e-01
5.306865470637290194e+00 2.590707863536893640e+00 7.464973889640900140e+00
5.504592062372312355e+00 2.565618076622686594e+00 5.727378745250201852e+00
5.305287257385723265e+00 2.180284701848958395e+00 3.062327228459932993e+00
5.510582331900153008e+00 2.573173383624664634e+00 5.723118097346748812e+00
6.575500129672610328e+00 2.911903353770633807e+00 7.512044533136130298e+00
6.472860232220828181e+00 2.658057101215785867e+00 6.124540969838013993e+00
7.609661686720842866e+00 3.274747662057076791e+00 7.415633491446755876e+00
7.644318951915222371e+00 2.624407120874680643e+00 5.227767196950500406e+00
7.583107086569482291e+00 4.296836419727037892e+00 8.025298349318131130e+00
8.687067505446691484e+00 2.598060234700398929e+00 4.796483451860854785e+00
8.798498407377371322e+00 2.628136858134585196e+00 5.526403173307517847e+00
5.701183628912587231e-01 2.651355227317526708e+00 6.742961809920821281e+00
6.051698624240041013e+00 1.649900145331248957e+00 4.595921441983074729e+00
6.858412817908813963e+00 2.592838608847513271e+00 1.494962294237594858e+00
8.005959056354473802e+00 2.644230231191200264e+00 5.725002690407157147e+00
-1.377450530751938462e+00 3.616404939081759640e+00 2.354334492108871579e+00
2.190237219786379974e+00 3.177613834148740324e+00 5.912329457023436596e+00
1.844544291148961790e+00 2.592002411096516301e+00 2.273618791356666335e+00
4.020456405645298048e+00 2.641240584353970355e+00 2.756387481700021347e+00
4.447185607511066507e+00 2.628867199564831836e+00 5.662175057834502034e+00
6.093363075079512470e+00 2.588959764387515072e+00 2.162786141557785147e+00
2.747666953143648172e+00 1.747513208946087193e+00 5.520731274960874124e+00
3.674875818615717105e+00 5.485251758711940262e+00 5.733627504230399907e+00
1.443991759924559970e+00 2.445112979065442005e+00 7.162618379101024502e+00
2.607257624052004452e+00 2.771451867716914208e+00 3.911290477108956942e+00
4.070766476701855652e+00 2.754801589956430874e+00 3.087130865877250052e+00
5.088773011760458154e+00 2.804500178206015715e+00 5.938930875838350332e+00
7.236487433673206127e+00 3.347398164663541120e+00 6.989824230074188627e+00
7.053541500568363709e+00 3.363245238813016513e+00 6.810343392542391960e+00
8.112279433503674753e+00 2.153715344216069916e+00 7.462892765688584618e+00
5.004439034107175388e+00 2.810675920024537255e+00 5.940648832104857391e+00
6.110551465573365704e+00 2.879078018338788070e+00 6.022897467319863196e+00
7.014684011079522108e+00 3.333569359793790987e+00 6.952690276802486302e+00
7.437610360918432306e+00 3.537301867459230031e+00 7.758144931383393228e+00
7.780533338491689932e+00 3.354294482561055446e+00 7.621405233285246439e+00
5.835991869446205627e+00 2.910802463100004900e+00 4.770932670378964069e+00
3.472939830456852839e+00 1.575455071415771791e+00 2.869419727118348806e+00
6.416411848190005429e+00 3.916705522427768038e+00 5.548056371556414845e+00
6.813760873443218458e+00 3.345583035160473173e+00 7.357468568166195766e+00
6.771530035554945925e+00 2.862112612267618594e+00 1.118987057088825843e+00
7.017836031512136863e+00 3.425668867295594833e+00 7.107682957445909722e+00
7.650444975050714191e+00 3.687322672685867886e+00 7.752259820181285122e+00
1.172893465309781558e+00 2.859331972119566245e+00 2.904051038771829907e-01
8.513794697283108448e+00 4.113382746923265110e+00 2.559481410951926605e+00
7.145242757945265311e+00 3.533364669436831917e+00 7.016597861862551966e+00
7.604689195399513935e+00 3.520713283090705747e+00 7.431921615735609166e+00
7.904857422980994031e+00 3.407900261950462362e+00 7.641275712913440543e+00
8.925316015370379219e+00 3.081785134751780397e+00 5.427816093441171219e+00
6.395152151669101226e-01 2.925114662413435873e+00 4.781130340900661579e+00
1.541029789951282147e+00 3.135044887629810262e+00 6.658431019973440890e+00
3.704009468534834593e+00 3.004160887233831012e+00 3.956471571007735388e+00
5.338002987818783573e+00 2.995740214481398933e+00 5.201946567798000132e+00
6.891092042103650783e+00 2.487711781496816155e+00 3.211149061012993577e+00
7.616927763707339594e+00 3.786613201986167354e+00 7.663875355861010874e+00
7.754667615598902941e+00 3.628688964866130018e+00 7.941248371350119406e+00
-2.023064169211603591e+00 5.380152894634009364e+00 5.692559664056608959e+00
3.596429491554233415e+00 3.159309137417637636e+00 6.642935636740077143e+00
4.736116044652431967e+00 3.087161296959164858e+00 6.084953029195814267e+00
4.395039963558613927e+00 3.517722772817767130e+00 1.787572843169953352e+00
6.269765742822750454e+00 3.485099546681690530e+00 4.664699285746911173e+00
8.196620578093975595e+00 1.988276348655933390e+00 5.406361325358229664e+00
8.843148417145496154e+00 4.337454275109197788e+00 4.989335868542742247e+00
1.538880768887376238e+00 3.127742603930362186e+00 6.668294031047017789e+00
4.374790028910487294e+00 3.124989226773894568e+00 6.050323103563526317e+00
4.763276459326622359e+00 3.194466945414450532e+00 3.255053925169931528e+00
5.760545143285825453e+00 3.385384319540568399e+00 6.206444123674732083e+00
6.663498830937305328e+00 3.216928777459076461e+00 5.958710207726095831e+00
7.301362677781279231e+00 3.770388436070780891e+00 7.140115919174425230e+00
7.250008306051333840e+00 3.771755120055453325e+00 8.062889284729013895e+00
7.259699209287344246e+00 3.284908134900011323e+00 6.873772176598961003e+00
8.469198319099383809e+00 2.769327502173363875e+00 6.423750664836049395e+00
7.354721606159632330e+00 3.626190029958186400e+00 7.255484253910156056e+00
7.895515275379322517e+00 3.388882902701810362e+00 7.679806367229616626e+00
8.555981873725521325e+00 3.179667904402065925e+00 8.898721011408072812e-01
6.056015784489361398e-01 3.165643318022955732e+00 6.794876787189776834e+00
3.746254664085926667e+00 3.223709149431149612e+00 4.675913420695948730e+00
6.356366575481190218e+00 3.489692693878466478e+00 3.567413480009309357e+00
2.368593256918154033e+00 2.646541079308688538e+00 2.734620961884416612e+00
5.300400862220684850e+00 3.257796687410137615e+00 4.665990755142797042e+00
6.960237745982239765e+00 3.604127933034512843e+00 7.279130665005244971e+00
8.000847006850746013e+00 3.637330081545500526e+00 8.353654854448896216e+00
8.450413697641010913e+00 3.552244271740739201e+00 8.033375820600671346e+00
9.076681251998758526e+00 3.172556371326504809e+00 4.132325320163698024e+00
1.556728111131920933e+01 6.542155350028707517e+00 -3.734808704348194119e+00
2.778501413216321936e+00 -2.851858993148234100e-01 1.438199137743020550e+01
7.187224575739662447e-01 3.270378922218704076e+00 7.045179651341083371e+00
1.856102833565944188e+00 3.315634697155382504e+00 6.294032791347644817e+00
2.748440333448132655e+00 3.333963975080061815e+00 6.372471424332827539e+00
5.002268462380392577e+00 3.397068683192355554e+00 4.345491286133726483e+00
7.083762080992221932e+00 3.618841037208144318e+00 7.023073557433296976e+00
7.282888158174482207e+00 3.760652254520814530e+00 7.905359166795468795e+00
7.546255226335944144e+00 3.901287309273681281e+00 7.720512583761310665e+00
7.682512116175605144e+00 3.675938018889501002e+00 7.739062909918951405e+00
7.798614982376994575e+00 3.297633444043136741e+00 7.259292077106026753e+00
7.625384213102210040e+00 3.632726991391730387e+00 7.257045167813054753e+00
8.689347389281518730e+00 3.481987667844290257e+00 7.786001186092500248e+00
5.286817514888999092e+00 1.265719992670794269e+00 4.291410537406727954e+00
5.336483070829157072e+00 3.303738759141785941e+00 1.486992794732983292e+00
5.728447888495084683e+00 3.363266242435575037e+00 6.259393829533344444e+00
8.561737963261668583e+00 3.178786258615014848e+00 5.220878267963858121e+00
6.532377670608834563e+00 3.467587024141614460e+00 2.892827246074884950e+00
7.179411216810875018e+00 3.783425703376178006e+00 7.101960941705094399e+00
7.358025279230355764e+00 4.083151045102000332e+00 7.799477073630043833e+00
7.495776409031257970e+00 3.447241236179340529e+00 6.992192975937230770e+00
7.552930617950861070e+00 3.553983606120874050e+00 7.312429238880152838e+00
7.475563310946727213e+00 3.728506423382947688e+00 7.341924172179791874e+00
7.667981497389549261e+00 4.061086259880694271e+00 7.859832031879806280e+00
7.812567555614309711e+00 3.517258076896720542e+00 6.735463453188808458e+00
-4.975143705115403492e+00 1.044813893627181933e+01 -2.706610954063924268e+01
5.034827003513823840e+00 3.548686005317716941e+00 4.068856029785063555e+00
7.165800193452417588e+00 3.856649142458556501e+00 7.939413747010721778e+00
7.726678979762997557e+00 3.712191239741557514e+00 7.541302665676436590e+00
7.418161920955430588e+00 3.567873272260474238e+00 6.437805233418707473e+00
7.612617149737925359e+00 3.630847894361929118e+00 7.266079181903155160e+00
9.822652090025560057e+00 2.633167291015801048e+00 5.154929190551718055e-01
8.893352373026782942e+00 3.443246119642731085e+00 5.123552830755749632e+00
8.714315886457166371e+00 3.567246518718413029e+00 7.873468788581710953e+00
6.401472125911972455e+00 4.523841470351833927e+00 8.435302652324944361e+00
6.984916249276863276e+00 3.721684536605020632e+00 7.298822728371116675e+00
8.132143182097065548e+00 5.969149998429368331e+00 3.563385197737331644e+00
7.627557715598353383e+00 4.114263206383174776e+00 7.809136984418485028e+00
7.941805096470975656e+00 3.752482927699539061e+00 5.763912534612019911e+00
6.949176355279103490e+00 4.051053531436417998e+00 1.016536195424605538e+01
8.314527261236584366e+00 3.632755722854888347e+00 7.979733399104310010e+00
8.834950047279733099e+00 3.563371127854626508e+00 6.259665172659964583e+00
1.617277367308940672e+00 3.436817658991810021e+00 5.023077063214146598e+00
8.397505627793105276e+00 -3.383613119388483526e+00 3.568746056545958822e+01
2.588442504388145604e+00 3.632449260604083019e+00 5.167690949513743526e+00
5.177449480355420519e+00 3.540692009457119482e+00 2.637165592342339160e+00
3.698208559007269081e+00 1.028319228259516882e-01 3.496926862374886813e+00
7.622747497879956313e+00 4.069222879297042184e+00 7.822553131362003143e+00
1.156258209261572389e+01 2.574252373600850685e+00 6.329673651265247614e+00
2.242069064845301885e+00 1.796618526176958941e+00 3.440340338281511201e+00
1.211703202028061588e+00 3.642308288333578226e+00 2.281144699880208737e+00
1.966581835761115560e+00 3.666405289909126619e+00 5.703124012604970261e+00
2.243041472063698194e+00 3.676361995676086458e+00 5.802344009662133928e+00
4.668068025955881772e+00 3.763556297003300521e+00 4.704087639656332698e+00
5.573057353145411064e+00 3.789652221772336738e+00 6.166775359017474756e+00
5.627360032808673473e+00 3.943067757764210590e+00 4.969212012786377919e+00
7.039622126171177996e+00 3.696579316376422675e+00 7.071126810371552551e+00
4.941925360161619984e+00 1.314548911868135939e+00 2.659600919241976058e+00
1.014172944576950641e+01 1.055255413207209259e+01 6.919416044307856950e+00
6.925337844783118868e+00 3.473366978437718355e+00 7.154726914142854888e+00
7.609162812669874043e+00 4.138989097159113228e+00 7.977516826279202888e+00
7.557702857465796953e+00 4.152866534641530549e+00 7.908125322556783132e+00
7.593132095748401866e+00 3.803656411695102602e+00 7.544992710353909615e+00
5.812857113184050739e+00 3.900003788234948310e+00 6.654251470959188453e+00
5.662071550274940357e+00 3.730233019385130522e+00 3.538600730330484723e+00
6.714583287665703892e+00 4.018851553497409412e+00 6.739233029544635656e+00
7.769909165428133591e+00 3.695250379275099917e+00 5.611822926494955510e+00
-5.320454440638735516e-01 5.633339975818588918e+00 6.902765181041839782e+00
7.528017723262456773e-01 3.774895910748664818e+00 3.754039271456524940e+00
2.300698493080029383e+00 3.879868241711467824e+00 6.597905037553221774e+00
4.768570970820756649e+00 3.807778739849423388e+00 4.374986608892266204e+00
5.082846615736960949e+00 3.657388179060977684e+00 2.785699733427246194e+00
7.762322433678994216e+00 4.120315290343873116e+00 2.870295568806297659e+00
7.776233380260855199e+00 7.444339923865610942e+00 4.587454946632199437e+00
3.712824875927807078e+00 -2.947220429063344138e+00 6.966157823342003397e+00
7.212694061890762676e+00 4.310470984528553373e+00 8.566460205620767709e+00
7.015151148616062038e+00 4.127419088682398929e+00 1.136053007813626836e+00
7.462784799985218598e+00 4.030191353353767880e+00 1.722883524858727977e+00
7.339320967463013545e+00 3.728498214185854920e+00 7.348428630691972607e+00
7.990618164666280165e+00 5.172489191726191926e+00 4.190766815384654009e+00
8.927738183736481759e+00 3.573974883324851248e+00 5.194024677830783254e+00
1.289440732589188121e+00 3.859883581754738557e+00 6.662368696629297204e+00
2.504751808785067979e+00 1.702906944191968086e-01 4.118044768962779933e+00
7.537385230575099015e+00 3.641322764743555318e+00 6.958051986082003815e+00
4.893266469951340625e+00 7.861985020246915035e+00 6.093030836082574453e+00
7.217622712063304746e+00 2.385435189704463887e+00 1.005718235983467679e+01
5.453465807844474433e+00 5.836800178811014206e+00 6.596260629461687230e+00
7.560098456944439604e+00 3.954926363842331760e+00 7.834007209900009983e+00
2.126897801622888440e-01 7.696542873896428105e+00 9.736235835196838551e+00
2.063051848735792948e+00 3.926547854130822301e+00 2.742282563301845055e+00
2.794854330902146522e+00 3.741088812374565364e+00 4.750388861618532133e+00
4.539722351213688611e+00 4.972900810350919798e+00 7.204394992652224161e+00
5.745681906774990466e+00 4.014377105267181278e+00 4.929738467074232133e+00
6.350323722708880680e+00 4.053267476707200778e+00 6.741768280516175160e+00
9.622073735396323713e+00 8.514386664455611542e-02 9.582634233820597203e+00
7.745812963930553074e+00 3.969240550948197388e+00 7.727486372431160433e+00
7.037033698821746341e+00 3.809931870754884820e+00 7.329170094739998476e+00
7.570756932351109469e+00 3.895336505828494111e+00 8.008917766784712455e+00
9.861823148030351982e-01 4.054203717311899879e+00 7.302262202724178586e+00
4.360026359909839222e+00 4.161692200285762588e+00 6.067942160994826750e+00
6.099208131561024260e+00 3.358350441184823509e+00 3.940306637238856879e+00
7.034166484462026858e+00 4.164125623645401397e+00 7.252683440069448650e+00
7.054242546850147733e+00 4.622944397415916562e+00 8.304018658855994772e+00
1.000876422704578417e+01 2.460018391936155346e+00 1.142984396591019980e+01
7.556124425585624138e+00 4.118606042782106513e+00 7.872218930337012921e+00
5.561860952542645009e+00 4.180102432624190456e+00 1.561051441992699296e+00
9.533782561606161110e+00 7.637697544766678170e+00 7.354465358434623568e+00
7.123926503789594911e+00 4.324520704430771190e+00 8.306217057033407070e-01
6.932436907983406726e+00 4.493935748562113197e+00 1.053590476589504199e+01
7.656954573107437767e+00 4.020951677917096845e+00 5.676132982774625191e+00
7.362634528504218068e+00 4.357729535939802723e+00 2.589584861402067784e+00
7.481244225976306339e+00 4.088917487638330961e+00 7.977752495542462796e+00
7.970208615687608855e+00 4.330226621774500906e+00 6.179640750018220441e-01
7.540728145150644934e+00 3.932893922891850913e+00 7.869316051109139565e+00
7.586665599859037101e+00 4.014812235792016182e+00 7.781914859296469089e+00
8.190462783422397308e+00 4.248861242082750067e+00 8.256260582318851959e+00
3.358131764436462330e+00 4.421307485674493165e+00 7.831341889245718946e+00
4.942242054339467394e+00 4.057295588949817677e+00 3.548217583753427551e+00
5.364830330640570466e+00 4.231086770398789554e+00 5.779789796119365164e+00
4.981298237578282162e+00 4.546663761038635343e+00 4.120419940995128094e+00
6.051306895963617372e+00 4.206892812130721637e+00 4.810468675644230530e+00
7.573545799774809240e+00 3.107080293771946167e+00 7.821407007992018379e+00
6.615047228666918855e+00 5.253030254624231787e+00 6.068997875714535972e+00
7.030175846435339437e+00 4.380166849044303312e+00 1.204988322947679658e+00
6.566096861679358021e+00 3.908908931263908038e+00 1.102858569039829462e+01
7.841975792293384373e+00 4.068181009646746560e+00 8.022688539353525883e+00
8.244927586021489674e+00 4.341600997477786272e+00 8.878693810682211307e+00
8.515109063569518355e+00 4.239175307851261287e+00 8.976251474501109939e+00
8.393339301447763745e+00 4.175020584235005217e+00 8.441451890165875938e+00
6.443931688460179608e+00 3.844816287095641272e+00 6.389205104825130377e+00
6.551045498915692988e+00 4.199767630072602564e+00 3.481441452242933554e+00
7.946624314893247387e+00 4.703291809192069906e+00 6.118576673789924314e+00
5.035078164991190874e+00 7.447281434962724767e-01 8.235425341181883852e+00
7.398303767481699822e+00 4.451521594462639619e+00 2.369600171470445549e+00
8.226613509718269768e+00 4.120023275671740315e+00 8.171126945084507653e+00
4.783660001379656634e+00 4.184873804323753888e+00 4.533334885898421263e+00
4.916480797313292683e+00 4.379793783739848401e+00 5.718370687937333052e+00
5.342179235996624698e+00 4.307190942029771819e+00 4.709797516751208946e+00
5.243611833279398837e+00 3.997114032507585790e+00 3.853358609499250687e+00
7.007741697296240524e+00 4.352011119893127500e+00 7.443705038929689266e+00
7.107553887140198867e+00 4.281277030253907157e+00 7.369209248369879006e+00
7.370766458956769185e+00 4.341366622580252077e+00 2.290571761555381336e+00
7.648265566566436746e+00 4.034565997560596529e+00 7.890344843830700228e+00
8.623201931959021405e-01 4.438701133576378410e+00 8.114805220289571963e+00
1.467764383974448972e+00 4.378523912397503715e+00 7.322364417887126109e+00
4.659647911097053452e+00 5.618532716057594634e+00 9.096512406987965704e+00
5.896043414724902121e+00 4.588691811983115265e+00 6.370233895601082885e+00
3.518730178104081396e+00 5.911988081870597433e+00 7.837089260676408209e+00
8.958676482644197137e+00 3.143021616176623567e+00 6.110394081789245924e+00
7.373781284486863541e+00 4.141256194759133535e+00 7.820064279390848583e+00
9.431339588876893387e+00 4.493343123662596916e+00 -8.238181603440306588e-01
3.974926282891266816e+00 6.447659190262734263e+00 1.194602261485468730e+01
8.068194098248179458e+00 4.218097829401616039e+00 8.336771882043324311e+00
5.741952156443113964e+00 1.071105576243416735e+01 6.648559204444804749e+00
5.113032980478487310e+00 4.529812524929663020e+00 1.236550929254583764e+00
7.526445612114343042e+00 3.744706402217587105e+00 6.043038926082044071e+00
6.346421205510528907e+00 4.553389497267167130e+00 7.163749042961159219e+00
5.929719017738864117e+00 4.391449126599177077e+00 4.569639502158575617e+00
6.691407236417314941e+00 4.400697416681907725e+00 7.038760258699294781e+00
7.659589921019591685e+00 4.416382517359578763e+00 8.107811819257547015e+00
6.909561256219738823e+00 4.549907492261021424e+00 2.333308940745226323e+00
1.282810267859378328e+01 2.399538967842347326e+00 1.442542651770089890e+00
8.651966174625625783e+00 3.867423842757506058e+00 7.087378636663418163e+00
8.954540744421491283e+00 4.384765430394408803e+00 7.262015763164182403e+00
1.401786477369050932e+00 4.646653608234486477e+00 5.181629111568526014e+00
7.257984430243006990e+00 4.155640212607203843e+00 7.502957452281416195e+00
6.768586976647757325e+00 2.514394958605488561e+00 1.464818430129326110e+01
7.763417027339292176e+00 4.631821795633499939e+00 1.599596470023171513e+00
8.242997636184071553e+00 4.316585091910351224e+00 8.917212267941893700e+00
-5.444097780217598270e-01 -1.396377071026606798e+00 7.377740973689127735e+00
4.108010016264041830e+00 4.482265402178565061e+00 4.076057253320112039e+00
4.392786474037407629e+00 4.683315228652930706e+00 6.301792569097933949e+00
7.156397401460029783e+00 4.312288665730670267e+00 7.419465956985639821e+00
7.562705720362204787e+00 4.479946484306142729e+00 2.515623568649026698e+00
8.653880407607825731e+00 4.505893258979056348e+00 6.780393141037409421e+00
3.164402575394488437e+00 4.840693676688793801e+00 7.873475436044129694e+00
6.478856429819705554e+00 4.998012895280910861e+00 8.751192987511156929e+00
7.300465194893630105e+00 4.934211178596251912e+00 8.251217125148080811e+00
7.393779123284417665e+00 4.498431302545315091e+00 7.954073035906070288e+00
7.438746839951972945e+00 4.656001978862361668e+00 3.250787785622275994e+00
8.020209364181059897e+00 6.314749579286163872e+00 2.818608476662332940e+00
7.757475117119449592e+00 4.510550633736481352e+00 5.630586985594396410e+00
8.827083297405359019e+00 4.723612339855422171e+00 7.916874518511648473e-01
8.604103710053149001e+00 5.103013776770968235e+00 6.581128925618537018e+00
8.731211024413180866e+00 4.471974214960193983e+00 7.606895251546523795e+00
5.801395488550111779e+00 4.679052067062361431e+00 6.264822239278390548e+00
7.158483741087850127e+00 4.833474161988940310e+00 8.029258460901568029e+00
7.009233858907645498e+00 5.021998929294006153e+00 1.349243130781125455e+00
7.092244388181208059e+00 4.990773425015618159e+00 1.348845802026754637e+00
6.971968313385314531e+00 4.715732941764133379e+00 6.734695485257030434e+00
7.415085883916590959e+00 4.522382319453650545e+00 7.995900812959646942e+00
7.604795332864945578e+00 4.800118133585788094e+00 4.222716877385838785e+00
7.874587499771294574e+00 4.164367421482527476e+00 8.067891646044337506e+00
7.743712106223343383e+00 4.334072272375370183e+00 7.827952371783504226e+00
2.448855089172494726e+00 4.959760603973820459e+00 8.078380975692864396e+00
5.525384662576028560e+00 4.806993996999518792e+00 5.264698225160262979e+00
5.642273703291657228e+00 5.951607423388934670e+00 5.713917769477571795e+00
6.463321709655799552e+00 4.996127759904669396e+00 8.838705534065788072e+00
7.615587995289375023e+00 4.591594692354856733e+00 7.707523977930900827e+00
6.072315449653079789e+00 4.705534119899602352e+00 2.704822003004114794e+00
7.185810312700955826e+00 4.491279471512000576e+00 7.852062551733425266e+00
7.054715247456015526e+00 4.534385161666367736e+00 8.098652708260505761e+00
7.879393662877719251e+00 4.154157839065256042e+00 8.056446851317002000e+00
8.620522494007026637e+00 5.114152442893463046e+00 7.215249121213892280e+00
6.786666252711121672e+00 5.166338268732738825e+00 9.750252757773039125e-01
6.916032025168403763e+00 4.704598437600903793e+00 7.867308159702650627e+00
8.185413757787417310e+00 4.016149567702844259e+00 6.242549272897296220e+00
1.878583941408827007e+00 4.906421361409778470e+00 4.162311554846687578e+00
2.950315245796877761e+00 5.134439973718598615e+00 8.678238539475675140e+00
4.893733162644545054e+00 4.877333013573184495e+00 5.596851485030393647e+00
5.588035035272440609e+00 5.048881733582428311e+00 6.559067828656934829e-01
6.171057788720414550e+00 4.968260351743476022e+00 7.499867926945085195e+00
6.989878072400094178e-01 5.235067840862450694e+00 5.651739692757912437e+00
2.850723286581683169e+00 5.145913629484144991e+00 7.116732705196740838e+00
5.260430634400955263e+00 5.058602765079768915e+00 6.028684251390216353e+00
5.565526233340245099e+00 5.022735835216663780e+00 5.807371255595440651e+00
5.466385475887698853e+00 4.915797738036278730e+00 3.885901874912129905e+00
6.373304936940793475e+00 5.058653500418146542e+00 6.795126024030835765e+00
6.764721862066094715e+00 4.895889976172693281e+00 7.761909957790624759e+00
7.044443280753917236e+00 4.819385809109730801e+00 7.740283645889070918e+00
6.738698256448891755e+00 4.808205798719487056e+00 8.550016615492319616e+00
9.219334154937378401e+00 2.206028990423413383e+00 -1.048656756319170102e-01
7.229427845275705700e+00 4.909351211588733221e+00 6.645569843557749934e+00
5.093601244267769168e+00 5.492175452666772095e+00 8.995285087530447754e+00
5.762400729176506253e+00 3.946522331680951012e+00 5.151696216567895448e+00
6.036346985320598435e+00 5.308811073168854477e+00 9.081005386375506916e+00
7.686935312422703781e+00 5.395862620759120709e+00 1.298976261105459828e+00
6.480220287541540003e+00 5.183228166642599888e+00 8.503189746557245243e+00
7.434125405729949065e+00 5.204355163970530995e+00 4.917647874434273092e+00
7.383516513896191569e+00 5.365180768760113850e+00 7.054826880147725410e-01
7.638713168226182404e+00 4.785413084033243614e+00 7.820333261766380772e+00
5.398612889831621686e+00 5.058674075387033398e+00 5.457633960930891703e+00
1.268114110550843776e+01 -7.018165860120930688e+00 -6.264518284055958119e+00
5.008607701868519335e-01 1.743071470299576120e+01 2.103421115150647580e+01
6.836762577192722290e+00 4.778680245421602635e+00 7.660426251271529097e+00
6.959697446241177587e+00 4.753789396566372005e+00 7.795667540894306136e+00
7.074749396668289059e+00 4.931883691046182960e+00 6.596073320182185284e+00
-6.752311601019421516e+00 1.023275879707971825e+01 -3.462251685301353521e-01
7.088360937332551792e+00 4.605182174489928393e+00 8.123926914346844441e+00
5.759445692392143989e+00 8.305942470442509773e+00 1.758599589475867919e+00
5.322851513352140351e+00 5.670476090527587942e+00 7.967942081973169444e+00
5.271907061330406208e+00 5.857124192226418558e+00 8.078321432542876934e+00
5.800161719310814590e+00 5.292692736371447992e+00 4.488385182857214772e+00
7.124942138506506595e+00 4.441308658294977896e+00 8.096489461045742075e+00
5.147770231678488351e+00 5.549691058942950228e+00 9.180735962467075240e+00
5.411607688561238305e+00 5.174493140257492740e+00 5.938672097597760491e+00
6.458533939338920504e+00 5.321090373376124560e+00 6.992071273398641651e+00
6.873047729465081801e+00 4.513911065453918070e+00 9.315250698443865218e+00
7.085581524783320262e+00 5.469366608616647696e+00 9.123027103403381632e-01
2.107078539575474707e+01 4.362821281894820880e-01 3.155136576874847165e+00
7.181867891735228326e+00 5.414394135493758142e+00 7.554681932770098918e+00
7.053302770363010232e+00 5.019503234279598658e+00 6.622349500759426633e+00
7.525277427067363689e+00 4.910092989337705660e+00 7.557821538180933274e+00
7.911237150598898538e+00 4.998475388958897980e+00 7.246845323107764969e+00
8.395218644949398623e+00 5.090107886799647652e+00 8.834977565778201480e+00
1.198035625818165917e+00 5.372452337633541575e+00 5.769664496981494750e+00
3.034309441480851355e+00 5.405892231143296200e+00 7.242500520860278179e+00
5.319692183954402687e+00 5.926197743894554115e+00 8.087736925364529483e+00
5.746196640858086013e+00 5.324092199800166014e+00 4.574972951831984602e+00
6.648557395247951085e+00 4.595755040737204311e+00 7.103327854253053353e+00
7.133569637814600739e+00 5.425817567509526818e+00 1.089517549364298343e+00
7.461448420961328765e+00 5.270825328434729506e+00 8.000003412952689796e-01
1.277620634345598916e+00 5.542242922867739452e+00 6.607118079515204911e+00
5.284966610716282709e+00 5.417772140640463086e+00 3.208455642166919475e+00
5.225539312152982063e+00 5.887570715564951485e+00 8.644415268772494443e+00
5.279488084184352559e+00 5.639345438562491708e+00 7.923721698444024852e+00
4.864734649863281390e+01 -2.701548922243192408e+01 4.099416778447847776e+01
6.904161317986272195e+00 5.900480957150541883e+00 9.943332331077160191e+00
7.054642839306923818e+00 5.510742094539041069e+00 9.227538871287230826e-01
7.189296424052624701e+00 5.335276917014063258e+00 1.317030313190933111e+00
7.668631520206844243e+00 4.838495164253079572e+00 7.732254912539984204e+00
3.740038368928677581e+00 5.672032923494547241e+00 7.948458769816575398e+00
4.137706282719171291e+00 5.574397719210114843e+00 6.290049513179038598e+00
6.395575977577877325e+00 5.589629770438685696e+00 7.213808774189768513e+00
-3.517047472227812932e+01 3.853752478193135289e+01 -3.911793800202914895e+01
6.799119533760778822e+00 5.152895184696799191e+00 7.836996047085881045e+00
7.929408600658186757e+00 6.401002173251847616e+00 4.562758053702960837e+00
7.557311430907455829e+00 5.410825832508532329e+00 1.007516214157543111e+00
7.419545331017713963e+00 5.711116285813790938e+00 5.267441536409309677e+00
-7.973067731329834817e-01 1.234087469368873791e+01 7.625563655249884221e+00
6.478428946039931802e+00 4.816416391138351294e+00 6.480366789691112572e+00
2.617929056071215399e+00 5.657159576917448973e+00 7.327579217526915656e+00
5.364846280150596058e+00 5.476818878077219566e+00 7.965820076008586881e+00
6.190879840698911174e+00 5.741866815319733419e+00 5.711927862926579280e+00
6.242469528759552411e+00 5.766915421077413839e+00 5.775703533174031179e+00
6.513083725748791686e+00 5.790755864221743821e+00 5.316583906228581569e+00
8.794986848830308901e+00 5.723400325524659493e+00 8.690654305297819127e-01
1.134550842193509013e+01 -5.365602246330698488e-01 9.838397562123704532e+00
6.095127664581951876e+00 5.951112311404321176e+00 8.891763792953332191e-01
6.340834890390971701e+00 5.662794355016480097e+00 7.169408132862343130e+00
6.785501525241817156e+00 5.861985595563656837e+00 1.072077762837805537e+00
6.835081981884261637e+00 6.763072257912360108e+00 1.079575429730369462e+00
8.862370229109171049e+00 7.957823064657127965e+00 6.697378082902954999e-02
7.315143327725778022e+00 5.979245188285577939e+00 4.707202408320812381e+00
7.834133301769101720e+00 5.291592514760230515e+00 7.642305155557036933e+00
7.820146617770754816e+00 5.246248651664685347e+00 7.632634294980830347e+00
8.171411453138032188e-01 5.862724360544339319e+00 6.657025437762477793e+00
3.167104199744698256e+00 6.015732535953320692e+00 9.000251128001439227e+00
5.273317547203068223e+00 5.977370868212611654e+00 8.370447417475034513e+00
6.050598467774539913e+00 6.358597954879456005e+00 9.070611244154985542e+00
4.578214192512120917e+00 3.539080768658410925e+00 1.943061681480151570e+00
7.333639871976684432e+00 5.956557590514470313e+00 4.679788630696283036e+00
7.077927124899127342e+00 7.392283548516387803e+00 6.574311609920863830e+00
6.371409079552024401e+00 6.091413360031289415e+00 4.714256388859492830e+00
7.784145254846258410e+00 5.919258282681045813e+00 3.420997549729358322e+00
3.966961620246258313e+00 4.745950374193030896e+00 1.022602870819953225e+01
6.636677211307025814e+00 4.848612001872966815e+00 2.314266455815774837e+00
6.785117902940781320e+00 6.063127229463727730e+00 4.730669866351523645e+00
6.770660676709099768e+00 8.974133433246624492e+00 5.886617684119038074e+00
5.758645421006802323e+00 5.723339580091144185e+00 8.542308180205573365e+00
6.549292788946560862e+00 5.972252854412075429e+00 8.114229398464990695e+00
6.864644082721647500e+00 5.755580284476111252e+00 1.162351833628106235e+00
7.446936690728716890e+00 5.899072592230742096e+00 5.044101300269765886e+00
6.703681943523022158e-01 6.294650651828510135e+00 3.219271742719780338e-01
6.313840441924914337e+00 6.135279952353631217e+00 4.661359787536395238e+00
7.029253348794992640e+00 6.045678006739414911e+00 4.460774213321432313e+00
7.041222187995439086e+00 5.859299234958244895e+00 7.794766830430880589e+00
7.858170331233461425e+00 5.833021767723911566e+00 7.090926586380936314e+00
8.650726990620720258e+00 6.229645580688171869e+00 2.119513593350268899e+00
6.468098663210270161e+00 6.396326662114801387e+00 9.577540521573053578e-01
6.395694411611808405e+00 6.517297570170584642e+00 6.961960771361940914e+00
6.328350189295238515e+00 6.155972866768670393e+00 8.760138052137804721e+00
6.550134446628586460e+00 6.085600148557588795e+00 8.775855626701570600e+00
6.849534557543458746e+00 6.192214077491306590e+00 5.439281046386040153e+00
7.374157681272883735e+00 6.021421094812570374e+00 4.896668033126659658e+00
3.647621019995825442e+00 6.413943682370334187e+00 4.949364437492400626e-01
6.202893480278595106e+00 6.312785010462667934e+00 6.199029627238249240e+00
6.631785791647832440e+00 9.359054243399778983e+00 5.799143342307859328e+00
7.956117713472715680e-01 6.463155436078722005e+00 8.128112719655616658e+00
5.243083188440788689e+00 6.514474927788985958e+00 8.282822128548547269e+00
5.787620076985585449e+00 6.598306178701684566e+00 7.968398142298189768e+00
5.140289160957112635e+00 3.401251516122181684e+00 4.833839219460433156e+00
6.371034316945374698e+00 7.371142338556845530e+00 6.033512998303935504e+00
6.365689463822078231e+00 6.291108027693054439e+00 5.850461198039509370e+00
6.720591065164180478e+00 2.994800341899029661e+00 6.795710898657842947e+00
7.269964446832839045e+00 6.246748235593175380e+00 4.926669641559938029e+00
7.706729687929458450e+00 6.042272428130200268e+00 6.790582695159798732e+00
4.922009567463453195e+00 6.615611537389343155e+00 6.370980958754779877e+00
6.269546616875508072e+00 6.441806314979801940e+00 6.782482415663034558e+00
6.197965389434965999e+00 6.478937811245121914e+00 7.973902821951922348e+00
6.167525855287181891e+00 6.472619764293514599e+00 6.923952027238167162e+00
5.538126515484021795e+00 7.381165696460618264e+00 8.865018468908587579e+00
6.361180933830724804e+00 6.562487615919828876e+00 8.668981647654452338e-01
6.034980239111664702e+00 5.129587835502576354e+00 7.598284751060545794e+00
7.428226058694579415e+00 6.045424061559302231e+00 4.584956722983564603e+00
5.041215172703514824e+00 6.906500670998292790e+00 7.456693053890413481e+00
5.796558466558169975e+00 6.731632620965458003e+00 6.657343021640195202e-01
5.896570926472437080e+00 5.844650798064328967e+00 7.707724349090923965e+00
5.680387391481827919e+00 7.699667755562517257e+00 8.471191678811861081e+00
6.233385892897632452e+00 6.661091031744776458e+00 9.428704398323283220e-01
6.312061627356113647e+00 6.518799244386876524e+00 5.202091052305302554e+00
5.175593788852528299e+00 6.951283364718272573e+00 7.782317815597554755e+00
6.082707307800195196e+00 6.994919264662074809e+00 9.933665344071574976e-01
5.900841043441116263e+00 6.589980149014737165e+00 5.855774290741216248e+00
6.355170517223177384e+00 6.627546986829498721e+00 4.401730962517799384e+00
6.347457586424441800e+00 6.518200495846677711e+00 4.780400715166367220e+00
9.259737964356382633e+00 6.746642677276931011e+00 1.284345638244507315e+00
1.120223182119904681e+00 6.791025979309442739e+00 6.252554785097885315e+00
4.478290663429959295e+00 7.126191889498865173e+00 7.485363352036662477e+00
5.650345532074200428e+00 6.751279072839796669e+00 6.000500876852221666e+00
5.740918029547278145e+00 6.814860661241852746e+00 8.198225801316082695e+00
6.180801575740985321e+00 6.602099326613415364e+00 4.466794366331438226e+00
6.383686291149951231e+00 6.343455184224519705e+00 7.116886734622251964e+00
5.638200225355136652e+00 6.184669529112471587e+00 7.865045064802338004e+00
5.720921687769655151e+00 6.302385462624884305e+00 6.720066384601512510e+00
6.690073825002510688e+00 6.494251308936722644e+00 5.398275539564362902e+00
-3.472637545273499882e+01 4.203203315887903102e+01 4.304665641097172113e+01
1.522254367938652653e+00 6.923117919948734489e+00 7.589832188196746543e+00
1.954412247775800804e+00 7.083467152114111265e+00 8.841152229546143104e+00
4.714957910848903033e+00 6.988563769244187540e+00 6.698059191651588584e+00
6.987063757465641345e+00 7.004485234180416242e+00 9.590081570484707996e+00
7.170196832947007159e+00 6.738785383170672993e+00 3.930987994938053731e+00
4.905156492626651499e+01 -2.876345850678719529e+01 -2.736166106593042713e+01
5.754809537070727510e-01 7.031965024019500632e+00 9.001632143997905899e+00
4.947298931563543611e+00 7.120425033569179440e+00 8.162065996202425566e+00
5.701332943974051659e+00 7.004976105958240495e+00 6.940503776182168849e+00
3.486156500198935859e+00 7.225678962628240498e+00 7.278608502028959037e+00
5.762556021884633672e+00 6.861919128647976152e+00 5.598842159921575856e+00
7.638296351489941571e+00 6.535072861582180259e+00 9.307007471991255443e+00
5.696011030309893641e+00 6.931827550621083134e+00 8.747384831913608494e+00
6.185373837315416345e+00 6.526987989805242307e+00 7.958892693490414061e+00
6.410376788573329598e+00 6.576015935647752109e+00 5.372833447159830911e+00
6.167871155913104531e+00 6.647715162533683220e+00 6.522258678954954370e+00
9.040390417810289847e+00 6.946591820454936617e+00 2.140125292491519726e+00
4.596072323434039042e+00 7.440573944396260408e+00 7.405493330465770185e+00
4.979999940209918208e+00 6.956039412691971791e+00 4.255700319153199906e+00
4.533462702144612777e+00 7.806992855107486307e+00 1.427104043483603535e+00
5.677776158870605272e+00 6.835050363084812730e+00 8.398494989445518755e+00
6.251971047727774788e+00 6.815258275362667817e+00 9.790024776450526600e-01
6.178734120586836909e+00 6.653923659659124468e+00 6.720870570380775177e+00
6.131570940379416967e+00 6.429082596212595924e+00 7.983689036622878987e+00
1.744281726902688234e+00 7.083120816596222724e+00 8.860058597254999668e+00
3.703837207646610619e+00 6.651717372454738708e+00 7.488201084755511161e+00
4.643326057334092205e+00 7.241914100230236073e+00 1.489019396496412462e+00
4.959720943295721440e+00 7.178490185133073354e+00 6.427359106715156978e-01
5.028864019051910716e+00 7.642012417750471798e+00 7.226491905615583633e+00
6.800970195923520478e+00 6.285352530456583153e+00 8.056659888134575231e-01
6.017862380037873216e+00 6.905329641003991270e+00 1.044440820630620159e+00
5.674147312745600580e+00 9.885330604140559529e+00 9.218878163058281672e+00
6.658292613556794137e+00 6.671177468566098945e+00 5.158895657208683261e+00
6.425517333942274867e+00 6.545466815830005558e+00 6.848546904711308336e+00
4.559827754560043189e+00 7.454863763583538194e+00 7.415045322187207688e+00
4.515577591222260878e+00 7.006587318907925521e+00 7.587012506225285335e+00
5.094815147291071433e+00 7.254751667462665310e+00 7.839181440578713023e+00
5.840106740429427568e+00 7.068231256338482815e+00 5.155187969942645054e+00
5.515277818780476515e+00 7.125596958664848657e+00 7.409843750323014788e+00
5.922721329447496075e+00 4.151023570293381759e+00 8.550447185750389423e+00
5.002518284932875758e+00 6.774668146524494006e-01 1.119894940081009693e+01
4.180227805477121361e-01 7.412123566162449606e+00 4.344492854551048056e-01
2.131459560010299015e+00 7.287902183874615858e+00 8.594550956151838506e+00
4.484123721114251282e+00 7.392723160031734686e+00 7.545618505317750468e+00
5.198863382757685336e+00 7.415554054915027393e+00 8.293591890000030276e+00
8.082061936231506039e+00 1.398083284314960295e+01 -9.957110437600348973e+00
6.421264181408798954e+00 7.014575150585649510e+00 9.675108180890493736e-01
6.424736152128068589e+00 7.204831481460982623e+00 1.066471443817285536e+00
7.348788399169243313e+00 7.081294745629308274e+00 6.310767674859043552e+00
5.319495994438387498e+00 7.479527905326353476e+00 8.277922250188037623e+00
6.816507036862211599e+00 6.785596333624412502e+00 7.141714419969559913e+00
5.983579498963008447e+00 7.415423088248415340e+00 3.128747838651015023e+00
5.758780811666381005e+00 7.145502618262398187e+00 5.437830529364227949e+00
6.130122649601842610e+00 7.120993793821897455e+00 4.594280836833898540e+00
1.470395752496345576e+00 7.443045897201524319e+00 8.097825744937955150e+00
4.098351298041079893e+00 7.629171707213638243e+00 1.379694784112988293e+00
5.177078167860721614e+00 7.774975265644751943e+00 6.890969433692479384e+00
5.731462915392524948e+00 7.279123482270892787e+00 6.807175356595824844e+00
4.971143234116857101e+00 7.589502217402350759e+00 6.763267198347977960e+00
2.687644391678587041e+00 8.123356665745848915e+00 1.083196346631998530e+01
6.090448010904600196e+00 7.081493597359052927e+00 6.279979939867825323e+00
6.112132800374656227e+00 7.090681965874011894e+00 8.018849111099619620e+00
7.034755304356313133e+00 7.354268496244261932e+00 4.265426917259261153e+00
1.816996135553978675e+01 9.327330772756592836e+00 -1.705931655921019541e+01
5.104335512906950534e+00 7.850908733974309328e+00 6.876103604824175264e+00
1.721279656228598576e+00 8.947488232024859656e+00 1.052066107829663189e+01
5.189289715276908410e+00 7.607464312597011613e+00 7.060396395734183983e+00
1.001549838558434935e+01 7.093047852629156047e+00 4.593986434245270756e-01
5.210973596829619581e+00 7.490759080669272763e+00 8.189478887492336767e+00
5.210988109813404989e+00 7.685479201996369802e+00 5.832220392259596098e-01
5.340609644871896933e+00 7.773086147529195244e+00 1.823018854355319629e+00
5.676532849068520292e+00 7.392222942590557011e+00 5.503722887670351227e+00
5.245511631618256843e+00 7.490779293877426248e+00 8.195890671594700194e+00
6.240654903553194188e+00 7.493205854409945132e+00 6.333754042523952243e+00
6.182383452531900581e+00 7.498562728658241028e+00 8.859524946744338436e+00
7.063847222068346809e+00 9.715618991686003625e+00 7.513600576159392475e+00
5.220463865542177562e-01 7.931947992237602385e+00 2.296573930806879105e+00
7.006830219090669942e+00 6.138328993233114872e+00 5.424903033565552590e+00
5.189604446733830478e+00 7.695462267059014927e+00 6.910135707203655997e+00
5.219868660647047243e+00 7.332951441177677054e+00 8.093756087541954969e+00
3.871174109242668804e-01 8.288015759677499261e+00 1.201952200265528070e+01
5.171277401429568599e+00 7.402971534527300612e+00 8.287840013051292587e+00
5.114393733575952616e+00 7.707811047353873235e+00 8.614556427627606539e+00
5.882940799811227528e+00 7.456647332642896586e+00 8.780733659637636634e+00
7.348970393633980969e+00 7.323208854104279908e+00 6.407294302243204953e+00
4.739572970142271302e+00 3.819543564149461723e+00 1.111317466945699195e+01
-9.418577591999834908e+00 6.079680523293898631e+00 3.296592630396543200e+01
4.229505173467029699e+00 7.883219372093945410e+00 1.182958355955688212e+00
5.104009848032151631e+00 7.863903859490454451e+00 6.843567121895407723e+00
5.072820207586302921e+00 7.652690231725674863e+00 6.603341836877848259e+00
3.806644190885394075e+00 7.863623173245668951e+00 8.454909001827893178e+00
3.939352179826438149e+00 7.905544362754275411e+00 1.284058687462451775e+00
4.385256297615889309e+00 7.814405436829188645e+00 8.585879112999062812e+00
5.364754748527760242e+00 7.888092143645019760e+00 7.111000213782977752e+00
5.165133449693469103e+00 7.720976442246053395e+00 7.790995734821413166e+00
5.546699057226760488e+01 4.494686702702448144e+01 -7.685397626425256590e+01
5.891004909294530023e+00 5.225698969955139717e+00 8.507404320128253872e+00
5.730630976404093024e-01 8.042488481288721403e+00 6.553597403015096745e+00
9.357896449190350463e-01 7.995040078819295459e+00 6.583425238364268850e+00
1.385301371821342720e+00 7.946873042060119019e+00 6.621994943225551822e+00
1.591686288372424984e+00 7.979250843887504274e+00 6.376099017564818006e+00
5.385677922717646560e+00 7.648078767408375001e+00 6.692174610446967264e+00
5.466785874807252199e+00 7.650559354301938342e+00 8.506580762312665911e+00
6.085309146259840318e+00 8.161532338524940755e+00 2.069605969041484528e+00
-4.329382547865152731e+01 -2.883881287797935755e+01 8.978798474677046215e+01
5.926313822695293609e+00 7.492845112742207547e+00 6.429826194186341048e+00
6.541336774652652508e+00 7.990764076218601630e+00 3.486080643389098732e+00
6.598262135990773380e+00 8.124596601329699297e+00 2.522634801877991606e+00
9.164661771499611476e+00 7.875089867285074874e+00 7.370028420636269395e+00
-2.791758473856141287e-01 1.210035123139756230e+01 8.142247505373644501e+00
2.958184573849884202e+00 8.106219408203156007e+00 4.166890895711580223e-01
3.252927773693735425e+00 8.020005789550040731e+00 9.106174948013327608e+00
4.874220547021504757e+00 7.391580472381525269e+00 7.109606327828018379e+00
5.811268819603613522e+00 8.099010768985543507e+00 2.391909391698143761e+00
6.056736791887299631e+00 8.065306948358475836e+00 1.159445850514923215e+00
6.349213070426799277e+00 7.703424089883995407e+00 8.819213736630791445e+00
5.964938632800367291e-01 8.105900805270231047e+00 6.719698035821995319e+00
2.562188223579795476e+00 8.171807154656278271e+00 3.237407791512911248e-01
5.243387576400039940e+00 7.799499038988066957e+00 6.773393525667443349e+00
5.203461475386813362e+00 7.753369530335580961e+00 7.742911949762047996e+00
5.360313981445809617e+00 7.904993006294727564e+00 6.686047752866164373e+00
5.131128899062412430e+00 7.721941102699595660e+00 6.887213463685469605e+00
9.445473244900322030e+00 8.159435920025249089e+00 3.087421468132886204e+00
5.147198457714400099e+00 7.685305556635134039e+00 6.476891749031472578e+00
8.867021707305488221e+00 8.064094567648613321e+00 7.060761999007056033e+00
1.169007109668250388e+00 8.281821519291264977e+00 8.763724784954813884e+00
5.336864945063815924e+00 8.039946252116140002e+00 5.428714071207292768e+00
5.125442287773580574e-01 8.570332372666202403e+00 2.908587930444173519e+00
4.415108875898398288e+00 8.132857373493260766e+00 8.970397747077875295e+00
4.767364963867861682e+00 8.103698466645127496e+00 6.347177340047985616e+00
6.132842447500797434e+00 9.681977030237455040e+00 7.786945370161134861e+00
5.382595899900422864e+00 7.883362246602846568e+00 8.495240870477481110e+00
7.437536860342556011e+00 1.178345938552854122e+01 3.132272392774253067e+00
4.797922915356371831e+00 8.176375161546886261e+00 8.092041992909843273e+00
5.437640108563004837e+00 8.006365224193849883e+00 6.887463809658015634e+00
5.243144770425158363e+00 7.865379539327673086e+00 6.457153611099050394e+00
4.743200827553675225e+00 6.418397175922480713e+00 8.414441632920951264e+00
7.394165214032346611e+00 8.848597387915244639e+00 2.425444272785227007e+00
5.215999859013599194e-01 8.618718469941750726e+00 2.630317227241728784e+00
4.065134466488483866e+00 8.511895182714820152e+00 2.470611272757160748e+00
4.177366204284759910e+00 8.546931502302239636e+00 4.011914946639329571e+00
5.221023612310543349e+00 7.917296474221547697e+00 7.356650997874560005e+00
4.325379951320585725e+00 7.992931821014582994e+00 6.999682228868280731e+00
7.588039929508563652e+00 8.403286164838112526e+00 4.032621270769477739e+00
7.528241681566384180e+00 8.663654008469780621e+00 2.061258755839151746e+00
7.951482382976429619e+00 8.487324591479232794e+00 3.794484388718109447e+00
2.805036741951113299e+00 8.482200470913621615e+00 6.182322308222260254e+00
8.623960065137705300e+00 8.930722788332516870e+00 2.476307646783765470e+00
4.729938240526158744e+00 8.198560450915092446e+00 8.177768274390780689e+00
5.766424242686245094e+00 8.756712822626944615e+00 1.758790386337028444e+00
6.229626256393068218e+00 8.565705772598017020e+00 2.675433128258438042e+00
6.534995947086556178e+00 8.412275561192268825e+00 3.399377838003429186e+00
5.497887644286429065e+00 5.371973638187418132e+00 6.876923831073979976e-01
2.687069363927940380e+00 -2.778681200046399624e+01 7.429136766604651498e+00
5.286815441813740080e+00 8.017048481436011897e+00 6.772050083292397105e+00
5.931030335332315495e+00 8.384011698990153860e+00 4.975144904442621474e+00
5.916206969404569804e+00 8.296810013000570194e+00 7.214416446673558525e+00
6.340858111739702707e+00 8.389364653438571295e+00 7.651930616876139624e+00
7.144716866840870040e+00 9.068943344977009602e+00 2.454687601017281118e+00
4.765237071450138195e+00 8.435649186653256137e+00 7.503407697589107528e+00
5.399259587962719209e+00 8.960146590844257020e+00 1.301183970745919849e+00
5.180198075342888231e+00 8.239050034510638554e+00 7.946100889521051869e+00
5.602953027146019060e+00 8.440770183575908803e+00 9.127119959126334336e+00
5.969156685834006382e+00 9.862242559375420825e+00 3.181395258567943252e+00
8.037519058462667232e+00 7.996365455066575478e+00 1.796724779256727356e+00
6.635081309103083136e+00 9.791212058539695562e+00 2.734666243520492923e+00
-5.606294116464058397e-02 9.415345418369314601e+00 3.252103429987233785e+00
1.180117678868420672e+00 8.375631998467845563e+00 3.447436822618256347e+00
4.572622424963961763e+00 8.381888593628447737e+00 8.149995327407403067e+00
8.818871956966924941e-01 8.532613316266704828e+00 -2.772598230013385567e-01
5.535675542930846404e+00 8.402882817532367099e+00 7.936871379765191747e+00
6.693427465113865438e+00 7.493200109485911753e+00 3.941648929130814327e-01
7.673358839569749179e+00 8.562350956870055541e+00 7.499627685922949816e+00
9.143796027684418348e+00 8.828426336172181976e+00 1.506726056276805892e+00
1.599507854609458057e+01 4.518133937787992238e+01 -1.490254277485078549e-01
3.033710509356650320e+00 8.847077801861816582e+00 3.489568944990316446e+00
4.029527590581636787e+00 8.687886002065850377e+00 4.040498452386632522e+00
4.520768725317532599e+00 8.564999032856492889e+00 6.932067154405918252e+00
4.758491117713251839e+00 8.537990856853552302e+00 7.477197814567684730e+00
5.440551234539630521e+00 9.051085136894373662e+00 1.500892858628791959e+00
5.664086257383527112e+00 8.414979057637014037e+00 6.467150380076217786e+00
5.840051320109658661e+00 8.437499204435646050e+00 8.371581053168441144e+00
6.285990449847907335e+00 7.415899076125617384e+00 9.326690907442886314e+00
6.516713083498400394e+00 8.893050425722398344e+00 2.354750286682053328e+00
5.738929233263222685e+00 8.135452333807004166e+00 7.555474256936557609e+00
6.781591876961234000e+00 7.561376271875341004e+00 1.738713205323778599e+00
1.863157754465184368e+01 6.299552219480874626e+00 1.686305468463128321e+01
4.369006574038682089e+00 8.671502222742272892e+00 6.183043850330645519e+00
5.545389022503043996e+00 8.372377325679620341e+00 6.909425125754474095e+00
4.104467729558719746e+00 1.079736392429867209e+01 8.452285448110460564e+00
5.543817183721102992e+00 9.830455491482220864e+00 9.121239808535944960e+00
9.720552170161170125e+00 1.171956675618672783e+01 2.960980290779062329e+00
-3.899065010168199841e+00 1.158678077206077361e+01 -1.244451996692987628e+01
8.534297291467533242e+00 8.760372778893493972e+00 7.543856136557073100e+00
4.137309771743527875e+00 8.800053652211452970e+00 6.081939084059417411e+00
4.611406865636766383e+00 8.936151347602068640e+00 2.291711668031220839e+00
5.603216308288947900e+00 8.948611785122453810e+00 1.014470708796802789e+00
6.113941692584790921e+00 8.915282273619860476e+00 2.006425470925639054e+00
1.240967057253349992e+01 1.035251572159583944e+01 -3.034921632813296632e-01
-8.456431058177810156e-01 7.058738303249695534e+00 1.343248820505369423e+01
7.236495299012199567e+00 1.066091620800398587e+01 3.460491622345493568e+00
7.501201892002250737e+00 8.935294480765870517e+00 2.619836491216905650e+00
7.824665683667983984e+00 8.819934713222615130e+00 4.318893191439633128e+00
4.010551780090648721e-01 9.167585633474194751e+00 2.349465725110511105e+00
4.308575584027543037e+00 9.027625935716928396e+00 9.712603669680203167e-01
6.199972672534837415e+00 8.860692894860097368e+00 1.883497743948449488e+00
6.914887903054387053e+00 6.135965914450162373e+00 7.448607213569774288e+00
1.671135567949495737e+01 -1.345001328148486230e+01 1.592374827991735664e+01
6.215523355531750838e+00 8.857932499629979972e+00 4.324746630560689198e+00
6.640237322715456969e+00 9.089446257895943404e+00 7.444922385647112506e+00
3.713351593478607882e+00 3.037355080329795953e+00 6.870383137299885590e+00
9.415574008315987342e+00 9.017600574572293581e+00 6.351739208157336058e+00
2.412859805495317644e+00 1.146172217589805697e+01 3.575097532869273120e+00
3.491988275810013143e+00 9.063533480329045489e+00 9.336367606929805163e+00
3.779463915872903534e+00 9.057957967836310686e+00 4.910157626847637680e+00
4.308284925597784643e+00 8.896224406364307669e+00 7.384800052883441879e+00
2.235130302442888706e+01 1.017682674399671683e+01 1.899838960280023770e+01
5.412416422035869701e+00 8.908872783714304688e+00 1.484667384828647574e+00
-5.799512002232273034e+00 3.161148496561578725e+01 -4.557251666319647398e+00
6.241536944893034011e+00 8.947554429420193856e+00 2.220773974287127306e+00
3.363620906427231105e+00 5.901643904175397637e+00 6.512614109872930435e+00
1.045315134260477841e+01 1.466920353075320804e+01 -2.221095990787395724e+00
-1.377889550336734814e+01 7.867912723703417655e+00 -3.958180769744104932e+00
7.338981749559531309e+00 8.957626095915900422e+00 2.505254239580372744e+00
7.329294755473442002e+00 8.962170726384380615e+00 2.446308903212116803e+00
7.932522898354527285e+00 9.140263003654446550e+00 3.149238668056724588e+00
4.878145453540696508e+00 9.515446057486988352e+00 7.770661117215073688e+00
5.040123933066824158e+00 9.041107034112179974e+00 1.203980593268281218e+00
5.211020957900548645e+00 9.159019345472669826e+00 4.246440163818089530e+00
5.165936090847742967e+00 8.717500977091567904e+00 1.001437710632672395e+00
5.858891197909192883e+00 8.896051894401427518e+00 1.739750558322893159e+00
7.351418070855693543e+00 8.988509861177638172e+00 2.414520687762337747e+00
-5.346013681341311718e-01 7.088003269872114487e+00 2.677459732020348149e+00
4.495168196423604101e+00 8.909375372265465387e+00 7.971466173377807607e+00
4.311698489657236344e+00 9.139968703994252763e+00 9.319603227898602071e+00
5.150067669869659248e+00 9.241627482342519073e+00 5.016979112355647530e+00
6.570721333078409998e+00 9.009824456371859469e+00 7.423604918727187751e+00
6.952328627564505759e+00 9.100490731484965679e+00 3.609806932741143726e+00
7.136956173830966144e+00 8.875351269610618488e+00 2.326303240706808051e+00
4.550770514642958453e+00 1.256073508914900572e+01 7.001330487628429355e-02
3.515313692243297705e+00 9.262398641794346688e+00 7.084684107193860214e+00
6.202362526436779433e+00 9.490942880909898349e+00 9.466552682512030970e+00
3.522778955675091694e+00 8.339531618130834545e+00 5.931856958728941365e+00
5.441477256867386814e+00 8.930898216592051853e+00 6.381914858461895435e+00
6.127573782019543280e+00 9.305792528255999230e+00 6.394434069847592106e-01
6.343590109897020213e+00 9.078175982512970421e+00 5.632754040942561602e+00
8.335392161633063068e+00 9.317514571872722584e+00 3.552920986224455291e+00
3.386188348494512668e-01 9.532886042716141262e+00 2.532712775829067287e+00
4.751944568745684272e+00 9.301605394444369068e+00 1.827233470521981928e+00
6.232698088024022809e+00 8.952693771435898284e+00 2.221725822860332489e+00
6.465965071244728968e+00 9.126965544797329244e+00 2.495047167869191895e+00
1.042418900675373550e+01 6.323207330103249646e+00 4.799360198293919133e+00
7.847165150370706499e+00 9.323445365851661393e+00 3.179754662916265850e+00
8.402946263890202161e+00 9.427316477658497007e+00 8.380982246077788744e+00
2.438486884377348396e+00 1.182541851064971361e+01 9.957859536775245601e+00
2.951831016618676973e+00 9.510392987433922585e+00 4.900208238766210478e+00
4.574589089274464726e+00 8.235560769309833162e+00 7.046236653584350584e+00
5.309872745617093770e+00 9.329746460878434178e+00 3.910079108978401052e+00
6.464599998833207017e+00 8.990123838833765646e+00 7.550779418964345346e+00
7.545662006200004157e+00 9.472134603380364837e+00 1.537711127044876003e+00
6.996190559765019579e+00 8.518351858466120419e+00 1.993164171278917873e+00
8.482652130892434528e+00 9.499335010220168130e+00 2.617122144521988325e+00
-1.406158161340755441e+00 7.544784943760351581e+00 2.906586694596095199e+00
2.206652298471131424e+00 9.655716283611406325e+00 9.300057242557667081e+00
3.945851809019993439e+00 9.295110014807709931e+00 7.194664102276691509e+00
4.476068304046807000e+00 9.228873113488772262e+00 6.725994212808376282e+00
4.567881570539419123e+00 9.385144682836994434e+00 5.137778493627606302e+00
5.012229708288699292e+00 9.344531790493743273e+00 4.783605582023493064e+00
5.219407155899319584e+00 9.265086210315018889e+00 5.183711324160786837e+00
5.260980828235171103e+00 9.138962709860180667e+00 7.317493489514385274e+00
5.795466273389226153e+00 9.120407209589121322e+00 8.070465289316640423e+00
7.746855782478498043e+00 9.420214440972188186e+00 2.087426300895929732e+00
2.006530046639407594e+00 4.558676737058062756e+00 4.743332435494020061e+00
